#Te   kappa_tot   kappa_e_ph  kappa_e_e mu Ce
#[K]  [W/(K*m)]   [W/(K*m)]   [W/(K*m)]   [eV]  [J/(m^3*K)]
   3.0000000000000000E+02   1.1054292170851390E-46   3.0975937472410759E-17   1.1054292170851390E-46   9.8151274966162705E-01   1.1694364265429548E-10
   4.0000000000000000E+02   3.6953092380639283E-34   7.4679125809822785E-13   3.6953092380639283E-34   9.8151274966162705E-01   9.4286200076302964E-07
   5.0000000000000000E+02   1.7297835889893148E-25   1.1043912555571432E-09   1.7297835889893151E-25   1.3238703349875942E+00   6.8374912215514233E-05
   6.0000000000000000E+02   5.8872845449938891E-20   6.4488833774662641E-07   5.8872845449944260E-20   1.2382809386561020E+00   1.1634433042166613E-03
   7.0000000000000000E+02   3.6557494154727310E-16   2.3088607296324736E-05   3.6557494155306147E-16   1.2061849150317929E+00   2.1209050441549828E-02
   8.0000000000000000E+02   2.4086304035592031E-13   2.8593236609149281E-04   2.4086304055881796E-13   1.1994982434433950E+00   2.3453538607917598E-01
   9.0000000000000000E+02   3.6520749322356957E-11   2.0146298960983474E-03   3.6520749984396750E-11   1.1913906541424628E+00   1.5160560609779241E+00
   1.0000000000000000E+03   1.9831071154709663E-09   9.5447954973247352E-03   1.9831075274980915E-09   1.1829278354133965E+00   6.7456298141407878E+00
   1.1000000000000000E+03   5.1364795854929261E-08   3.3909369900290282E-02   5.1364873660746877E-08   1.1741985946132305E+00   2.2846781687852754E+01
   1.2000000000000000E+03   7.5340337705973989E-07   9.7157899248950255E-02   7.5340921931296411E-07   1.1652734552313735E+00   6.3100688470693754E+01
   1.3000000000000000E+03   7.2470449402830676E-06   2.3612656161154924E-01   7.2472673687636132E-06   1.1562105338470590E+00   1.4915524285004804E+02
   1.4000000000000000E+03   5.0541016722591108E-05   5.0460477573205209E-01   5.0546079398108626E-05   1.1470803539496981E+00   3.1218431640941418E+02
   1.5000000000000000E+03   2.6713016800294383E-04   9.7350896215028593E-01   2.6720348845045476E-04   1.1379506637987911E+00   5.9308501399277316E+02
   1.6000000000000000E+03   1.1457411334764307E-03   1.7292810780692209E+00   1.1465007514975907E-03   1.1288850079967745E+00   1.0417410706527362E+03
   1.7000000000000000E+03   4.0832911427710582E-03   2.8710449995766805E+00   4.0891067999901916E-03   1.1199383605831359E+00   1.7156132888589977E+03
   1.8000000000000000E+03   1.2547619769858326E-02   4.5070997490908811E+00   1.2582649458547847E-02   1.1111565332574471E+00   2.6778345827755547E+03
   1.9000000000000000E+03   3.4034421299550074E-02   6.7512156402976489E+00   3.4206865930032741E-02   1.1025756244146050E+00   3.9951033490393052E+03
   2.0000000000000000E+03   8.3062222666634489E-02   9.7190505782719399E+00   8.3778219052237021E-02   1.0942225599065412E+00   5.7355595917761866E+03
   2.1000000000000000E+03   1.8502414003772774E-01   1.3524874406706775E+01   1.8759043064162137E-01   1.0861162459870004E+00   7.9667604942963089E+03
   2.2000000000000000E+03   3.8077606659485286E-01   1.8278693956417666E+01   3.8887703195763912E-01   1.0782687987791981E+00   1.0753897622014130E+04
   2.3000000000000000E+03   7.3190695084982882E-01   2.4083817406574713E+01   7.5484673497232935E-01   1.0706868834262848E+00   1.4158242475622315E+04
   2.4000000000000000E+03   1.3228418964703741E+00   3.1034859400373374E+01   1.3817376171270905E+00   1.0633728899929880E+00   1.8235895063014017E+04
   2.5000000000000000E+03   2.2645392325980920E+00   3.9216171895106854E+01   2.4033189715831837E+00   1.0563259614230125E+00   2.3036802717750961E+04
   2.6000000000000000E+03   3.6916653657636704E+00   4.8700675155416704E+01   3.9944579229976673E+00   1.0495428518707175E+00   2.8604029009590620E+04
   2.7000000000000000E+03   5.7626270732187308E+00   5.9549055325277756E+01   6.3800294898538636E+00   1.0430185860732961E+00   3.4973273931538315E+04
   2.8000000000000000E+03   8.6503175715986149E+00   7.1809294720720274E+01   9.8350738400992110E+00   1.0367469797063826E+00   4.2172601747534565E+04
   2.9000000000000000E+03   1.2528427427331870E+01   8.5516497530006347E+01   1.4678936319827848E+01   1.0307210283753758E+00   5.0222346881419042E+04
   3.0000000000000000E+03   1.7583192798510840E+01   1.0069297434919311E+02   2.1303196187053803E+01   1.0249331984023977E+00   5.9135184351877178E+04
   3.1000000000000000E+03   2.3968189526034646E+01   1.1734854891817284E+02   3.0120169587960632E+01   1.0193756391772959E+00   6.8916333739861235E+04
   3.2000000000000000E+03   3.1817886454134989E+01   1.3548105172595504E+02   4.1583919506990576E+01   1.0140403368410968E+00   7.9563872584002311E+04
   3.3000000000000000E+03   4.1271943640953310E+01   1.5507696771675916E+02   5.6239414064468221E+01   1.0089192309834099E+00   9.1069137087079493E+04
   3.4000000000000000E+03   5.1724801993511605E+01   1.7611220506489997E+02   7.3233854158001989E+01   1.0040042943537573E+00   1.0341719451588533E+05
   3.5000000000000000E+03   6.5286008185620503E+01   1.9855295642816063E+02   9.7268903577325347E+01   9.9928759216681384E-01   1.1658736585828966E+05
   3.6000000000000000E+03   7.9950948564683756E+01   2.2235662636145170E+02   1.2483788197414493E+02   9.9476132929151695E-01   1.3055378299863386E+05
   3.7000000000000000E+03   9.6062427902605307E+01   2.4747279901727396E+02   1.5700931011818713E+02   9.9041788054137381E-01   1.4528596809249470E+05
   3.8000000000000000E+03   1.1420816967527402E+02   2.7384422565338502E+02   1.9591593889230279E+02   9.8624981458786209E-01   1.6074941853090195E+05
   3.9000000000000000E+03   1.3403104347285930E+02   3.0140781283541492E+02   2.4135968103014719E+02   9.8224991181577281E-01   1.7690619622806352E+05
   4.0000000000000000E+03   1.5537781474660653E+02   3.3009559485121417E+02   2.9355645518592667E+02   9.7841117643932907E-01   1.9371549194402780E+05
   4.1000000000000000E+03   1.7838329070985637E+02   3.5983567688937393E+02   3.5374939679674918E+02   9.7472684479216753E-01   2.1113418422006042E+05
   4.2000000000000000E+03   2.0274680269461700E+02   3.9055313817620242E+02   4.2162262441534085E+02   9.7119039154482389E-01   2.2911736203452016E+05
   4.3000000000000000E+03   2.2850983763334321E+02   4.2217088516610886E+02   4.9813941240047495E+02   9.6779553050184242E-01   2.4761882609429461E+05
   4.4000000000000000E+03   2.5580481494304607E+02   4.5461045000525468E+02   5.8495093460695966E+02   9.6453621699311953E-01   2.6659154961724672E+05
   4.5000000000000000E+03   2.8395724276145540E+02   4.8779272757097596E+02   6.7952975945076764E+02   9.6140664532314024E-01   2.8598810619716725E+05
   4.6000000000000000E+03   3.1323760095635203E+02   5.2163864954247458E+02   7.8404998562793526E+02   9.5840124653905956E-01   3.0576105753063632E+05
   4.7000000000000000E+03   3.4399613502636265E+02   5.5606979307554502E+02   9.0197840402477198E+02   9.5551468380744564E-01   3.2586330823069712E+05
   4.8000000000000000E+03   3.7500226078884413E+02   5.9100892471084649E+02   1.0260316922119555E+03   9.5274184810986828E-01   3.4624841542383528E+05
   4.9000000000000000E+03   4.0563476028858696E+02   6.2638047903718484E+02   1.1510152808583637E+03   9.5007785082974361E-01   3.6687087103565538E+05
   5.0000000000000000E+03   4.3949785498465121E+02   6.6211097577941553E+02   1.3071841973103119E+03   9.4751801857109741E-01   3.8768633569480362E+05
   5.1000000000000000E+03   4.7266118314223149E+02   6.9812937559363036E+02   1.4635264205861831E+03   9.4505788470916352E-01   4.0865184958845552E+05
   5.2000000000000000E+03   5.0626424143703468E+02   7.3436737956609079E+02   1.6298940356611047E+03   9.4269318293376569E-01   4.2972600233942567E+05
   5.3000000000000000E+03   5.4012995638150880E+02   7.7075967400833190E+02   1.8051029736608746E+03   9.4041983848107003E-01   4.5086908061284607E+05
   5.4000000000000000E+03   5.7280414454564493E+02   8.0724412580643093E+02   1.9723290303785425E+03   9.3823396095956602E-01   4.7204317749030737E+05
   5.5000000000000000E+03   6.0672504925714850E+02   8.4376193086388139E+02   2.1597124278492611E+03   9.3613183582095127E-01   4.9321228369242873E+05
   5.6000000000000000E+03   6.4254628253828594E+02   8.8025772046303155E+02   2.3793820394044546E+03   9.3410991662813303E-01   5.1434235340673773E+05
   5.7000000000000000E+03   6.7725049303626997E+02   9.1667962926007067E+02   2.5929247403389959E+03   9.3216481764207559E-01   5.3540134110378264E+05
   5.8000000000000000E+03   7.1246141751495099E+02   9.5297932800930096E+02   2.8229124454825223E+03   9.3029330521297182E-01   5.5635923397108924E+05
   5.9000000000000000E+03   7.4740048904799949E+02   9.8911202627539251E+02   3.0584506666142952E+03   9.2849229112434994E-01   5.7718804873083439E+05
   6.0000000000000000E+03   7.8206845753641585E+02   1.0250364473340192E+03   3.2994003611459743E+03   9.2675882498064011E-01   5.9786182853284152E+05
   6.1000000000000000E+03   8.1732890777412638E+02   1.0607147793483332E+03   3.5620508555292936E+03   9.2509008703315287E-01   6.1835661874928139E+05
   6.2000000000000000E+03   8.5010521402813538E+02   1.0961126062563444E+03   3.7877359428130180E+03   9.2348338180317413E-01   6.3865043021351390E+05
   6.3000000000000000E+03   8.8580300245554099E+02   1.1311988207989593E+03   4.0832778594279607E+03   9.2193613134635477E-01   6.5872319874523848E+05
   6.4000000000000000E+03   9.2005273812360485E+02   1.1659455229431285E+03   4.3625979984493233E+03   9.2044586903522929E-01   6.7855673050837021E+05
   6.5000000000000000E+03   9.5210619334360695E+02   1.2003279063001676E+03   4.6041082386356475E+03   9.1901023385985248E-01   6.9813464218151721E+05
   6.6000000000000000E+03   9.8523194344510830E+02   1.2343241345649869E+03   4.8821103562953640E+03   9.1762696460887327E-01   7.1744229665828729E+05
   6.7000000000000000E+03   1.0181120699583636E+03   1.2679152105815381E+03   5.1675882711344384E+03   9.1629389476800915E-01   7.3646673316566891E+05
   6.8000000000000000E+03   1.0509346180612863E+03   1.3010848394796160E+03   5.4661358726410781E+03   9.1500894721924186E-01   7.5519659477843891E+05
   6.9000000000000000E+03   1.0850712351854934E+03   1.3338192881073339E+03   5.8182925472611232E+03   9.1377012961756032E-01   7.7362205191135278E+05
   7.0000000000000000E+03   1.1166956392970933E+03   1.3661072420291596E+03   6.1164997268589741E+03   9.1257552992712465E-01   7.9173472579971107E+05
   7.1000000000000000E+03   1.1479602992998418E+03   1.3979396613899203E+03   6.4196468807453830E+03   9.1142331199728777E-01   8.0952761035761645E+05
   7.2000000000000000E+03   1.1796142418044528E+03   1.4293096370716391E+03   6.7523632225332776E+03   9.1031171157703006E-01   8.2699499549127812E+05
   7.3000000000000000E+03   1.2101599281078750E+03   1.4602122481010813E+03   7.0668824397720118E+03   9.0923903260837791E-01   8.4413238713707437E+05
   7.4000000000000000E+03   1.2403491177307726E+03   1.4906444211161293E+03   7.3869524021195002E+03   9.0820364363940009E-01   8.6093643184761854E+05
   7.5000000000000000E+03   1.2699135291311729E+03   1.5206047926551837E+03   7.7028476042986167E+03   9.0720397435675648E-01   8.7740484106541029E+05
   7.6000000000000000E+03   1.2992996589948352E+03   1.5500935750976143E+03   8.0306415914373010E+03   9.0623851255667565E-01   8.9353631746698706E+05
   7.7000000000000000E+03   1.3254578679164511E+03   1.5791124264658224E+03   8.2515646553080678E+03   9.0530580099634950E-01   9.0933048243756907E+05
   7.8000000000000000E+03   1.3534769949446468E+03   1.6076643249131539E+03   8.5603664023409765E+03   9.0440443480332133E-01   9.2478780698524520E+05
   7.9000000000000000E+03   1.3818331750982561E+03   1.6357534477772977E+03   8.9017641505021493E+03   9.0353305864572819E-01   9.3990954338947602E+05
   8.0000000000000000E+03   1.4094461180340302E+03   1.6633850558769543E+03   9.2323439237655220E+03   9.0269036438081951E-01   9.5469766230630141E+05
   8.1000000000000000E+03   1.4360784013930627E+03   1.6905653829868338E+03   9.5399160202448838E+03   9.0187508874332734E-01   9.6915478752486454E+05
   8.2000000000000000E+03   1.4618459373345781E+03   1.7173015306166099E+03   9.8272667803313325E+03   9.0108601107369291E-01   9.8328413971649483E+05
   8.3000000000000000E+03   1.4880054703108892E+03   1.7436013682111698E+03   1.0150743401022803E+04   9.0032195116586167E-01   9.9708947837495839E+05
   8.4000000000000000E+03   1.5146227668257579E+03   1.7694734390512172E+03   1.0516294631192688E+04   8.9958176767305564E-01   1.0105750465553551E+06
   8.5000000000000000E+03   1.5386423038318903E+03   1.7949268711586112E+03   1.0776108936471668E+04   8.9886435591571168E-01   1.0237455234304878E+06
   8.6000000000000000E+03   1.5632022221329571E+03   1.8199712939319559E+03   1.1079929334790400E+04   8.9816864642674898E-01   1.0366059714922598E+06
   8.7000000000000000E+03   1.5875856905313765E+03   1.8446167598089385E+03   1.1393514335127373E+04   8.9749360317799465E-01   1.0491617946357098E+06
   8.8000000000000000E+03   1.6123898046319255E+03   1.8688736712286004E+03   1.1748703314632179E+04   8.9683822214537523E-01   1.0614186937281713E+06
   8.9000000000000000E+03   1.6359784389956724E+03   1.8927527126092905E+03   1.2059240143499905E+04   8.9620152995382762E-01   1.0733826254472041E+06
   9.0000000000000000E+03   1.6610454391803630E+03   1.9162647870648109E+03   1.2471636305007180E+04   8.9558258238271005E-01   1.0850597670092229E+06
   9.1000000000000000E+03   1.6837317863074347E+03   1.9394209579743726E+03   1.2771228021442701E+04   8.9498046320998781E-01   1.0964564790223134E+06
   9.2000000000000000E+03   1.7055497181681844E+03   1.9622323950228044E+03   1.3038218820692444E+04   8.9439428303649104E-01   1.1075792728234725E+06
   9.3000000000000000E+03   1.7291948117728880E+03   1.9847103245295352E+03   1.3431477247790990E+04   8.9382317809024492E-01   1.1184347815801459E+06
   9.4000000000000000E+03   1.7512970232901757E+03   2.0068659840295284E+03   1.3752133333428081E+04   8.9326630926993278E-01   1.1290297296775163E+06
   9.5000000000000000E+03   1.7726600511057582E+03   2.0287105806957227E+03   1.4044939518046680E+04   8.9272286104886622E-01   1.1393709087943616E+06
   9.6000000000000000E+03   1.7939234488674294E+03   2.0502552536305479E+03   1.4348593921266982E+04   8.9219204061808832E-01   1.1494651520745668E+06
   9.7000000000000000E+03   1.8136927066334445E+03   2.0715110397070916E+03   1.4572603971317223E+04   8.9167307704940379E-01   1.1593193129294149E+06
   9.8000000000000000E+03   1.8341103503827828E+03   2.0924888426436187E+03   1.4853618080868720E+04   8.9116522025913114E-01   1.1689402448582135E+06
   9.9000000000000000E+03   1.8537898082835911E+03   2.1131994055596233E+03   1.5101320699129423E+04   8.9066774052983710E-01   1.1783347815532037E+06
   1.0000000000000000E+04   1.8739075294522559E+03   2.1336532861863166E+03   1.5393009720342392E+04   8.9017992747408670E-01   1.1875097219966170E+06
   1.0100000000000000E+04   1.8930613660380559E+03   2.1538608352049750E+03   1.5634198750379164E+04   8.8970108957610328E-01   1.1964718125245934E+06
   1.0200000000000000E+04   1.9117346247811722E+03   2.1738321769883992E+03   1.5855891084119670E+04   8.8923055335480183E-01   1.2052277351731299E+06
   1.0300000000000000E+04   1.9302759077280894E+03   2.1935771929873199E+03   1.6081232581893726E+04   8.8876766286559061E-01   1.2137840940647135E+06
   1.0400000000000000E+04   1.9497739743455788E+03   2.2131055073012408E+03   1.6386398818949543E+04   8.8831177902282477E-01   1.2221474045664507E+06
   1.0500000000000000E+04   1.9671022877881619E+03   2.2324264745036876E+03   1.6551115372016302E+04   8.8786227914146831E-01   1.2303240828203443E+06
   1.0600000000000000E+04   1.9869879834218261E+03   2.2515491693322592E+03   1.6910270220293012E+04   8.8741855627947419E-01   1.2383204374856688E+06
   1.0700000000000000E+04   2.0050418382698576E+03   2.2704823783818861E+03   1.7150402722164439E+04   8.8698001887908240E-01   1.2461426612617236E+06
   1.0800000000000000E+04   2.0230998744780061E+03   2.2892345933800825E+03   1.7402277454156778E+04   8.8654609020884290E-01   1.2537968244806014E+06
   1.0900000000000000E+04   2.0405547486573887E+03   2.3078140061161380E+03   1.7620421735719196E+04   8.8611620796505652E-01   1.2612888689774368E+06
   1.1000000000000000E+04   2.0578087923769440E+03   2.3262285047525447E+03   1.7833762758300261E+04   8.8568982377358096E-01   1.2686246037135026E+06
   1.1100000000000000E+04   2.0751468268449357E+03   2.3444856715686410E+03   1.8063313544430908E+04   8.8526640289091252E-01   1.2758097000986401E+06
   1.1200000000000000E+04   2.0901732419800005E+03   2.3625927818331443E+03   1.8127290784445351E+04   8.8484542376577291E-01   1.2828496880232345E+06
   1.1300000000000000E+04   2.1075884617904503E+03   2.3805568038120286E+03   1.8380278149450653E+04   8.8442637766048215E-01   1.2897499541846607E+06
   1.1400000000000000E+04   2.1228116639590608E+03   2.3983843998448801E+03   1.8475406728036032E+04   8.8400876839189579E-01   1.2965157385094673E+06
   1.1500000000000000E+04   2.1397385789049799E+03   2.4160819282059219E+03   1.8707827507537982E+04   8.8359211185313657E-01   1.3031521341892721E+06
   1.1600000000000000E+04   2.1560110632308656E+03   2.4336554459957297E+03   1.8898232384202394E+04   8.8317593591395549E-01   1.3096640846997818E+06
   1.1700000000000000E+04   2.1735878697163989E+03   2.4511107125461294E+03   1.9197354919684600E+04   8.8275977992253662E-01   1.3160563856407218E+06
   1.1800000000000000E+04   2.1844746491938827E+03   2.4684531936836233E+03   1.8988312775574363E+04   8.8234319456600119E-01   1.3223336821563307E+06
   1.1900000000000000E+04   2.1997053306974881E+03   2.4856880664450186E+03   1.9119270524907733E+04   8.8192574149177982E-01   1.3285004714520336E+06
   1.2000000000000000E+04   2.2154213289870718E+03   2.5028202244438071E+03   1.9293050166533190E+04   8.8150699316811609E-01   1.3345611011467520E+06
   1.2100000000000000E+04   2.2289678028623052E+03   2.5198542835912585E+03   1.9308817831459019E+04   8.8108653256522329E-01   1.3405197720313959E+06
   1.2200000000000000E+04   2.2505827012295522E+03   2.5367945882575291E+03   1.9947690070423490E+04   8.8066395291614952E-01   1.3463805388518448E+06
   1.2300000000000000E+04   2.2653052790262041E+03   2.5536452177847918E+03   2.0062381983965159E+04   8.8023885749756980E-01   1.3521473127195693E+06
   1.2400000000000000E+04   2.2785266457617363E+03   2.5704099933236171E+03   2.0065371009486775E+04   8.7981085947036608E-01   1.3578238601075481E+06
   1.2500000000000000E+04   2.2949813999805378E+03   2.5870924848685922E+03   2.0325586531843583E+04   8.7937958164049257E-01   1.3634138085051049E+06
   1.2600000000000000E+04   2.3099537551416920E+03   2.6036960184940476E+03   2.0475151673878347E+04   8.7894465621983997E-01   1.3689206460897117E+06
   1.2700000000000000E+04   2.3218315108074366E+03   2.6202236837937576E+03   2.0388329403918997E+04   8.7850572466681498E-01   1.3743477252493245E+06
   1.2800000000000000E+04   2.3346173159292634E+03   2.6366783414656329E+03   2.0378779094690413E+04   8.7806243756677216E-01   1.3796982648274738E+06
   1.2900000000000000E+04   2.3541520685523519E+03   2.6530626308979649E+03   2.0894921984408935E+04   8.7761445435302388E-01   1.3849753527754412E+06
   1.3000000000000000E+04   2.3633843855403597E+03   2.6693789779017957E+03   2.0617255183421606E+04   8.7716144318727496E-01   1.3901819495878334E+06
   1.3100000000000000E+04   2.3820000606318094E+03   2.6856296024621474E+03   2.1068996901078946E+04   8.7670308082012594E-01   1.3953208888371792E+06
   1.3200000000000000E+04   2.3931563397708278E+03   2.7018165264495819E+03   2.0948180647282257E+04   8.7623905237186794E-01   1.4003948841216606E+06
   1.3300000000000000E+04   2.4114142064880202E+03   2.7179415813779124E+03   2.1381721433831175E+04   8.7576905123284354E-01   1.4054065283902485E+06
   1.3400000000000000E+04   2.4248165233592840E+03   2.7340064160773268E+03   2.1441399246255951E+04   8.7529277888409596E-01   1.4103582990347657E+06
   1.3500000000000000E+04   2.4350875578164841E+03   2.7500125043619214E+03   2.1263863998926798E+04   8.7480994481765728E-01   1.4152525591594984E+06
   1.3600000000000000E+04   2.4531416721198639E+03   2.7659611525106666E+03   2.1690767333964595E+04   8.7432026625756054E-01   1.4200915640584351E+06
   1.3700000000000000E+04   2.4664873732465808E+03   2.7818535068296360E+03   2.1756954276797722E+04   8.7382346819969203E-01   1.4248774598199611E+06
   1.3800000000000000E+04   2.4801868704206572E+03   2.7976905609327491E+03   2.1854219664451233E+04   8.7331928313280616E-01   1.4296122915064138E+06
   1.3900000000000000E+04   2.4932181210689146E+03   2.8134731630229203E+03   2.1903175139385450E+04   8.7280745097873702E-01   1.4342980015654936E+06
   1.4000000000000000E+04   2.5052868362784666E+03   2.8292020230317330E+03   2.1882155809115764E+04   8.7228771901269198E-01   1.4389364357213546E+06
   1.4100000000000000E+04   2.5191233657986477E+03   2.8448777195430421E+03   2.2000006611620567E+04   8.7175984164404130E-01   1.4435293457300749E+06
   1.4200000000000000E+04   2.5292710922054403E+03   2.8605007066334656E+03   2.1842798564418190E+04   8.7122358031668112E-01   1.4480783920506905E+06
   1.4300000000000000E+04   2.5462304096594071E+03   2.8760713205789207E+03   2.2202037450091506E+04   8.7067870344925058E-01   1.4525851478360135E+06
   1.4400000000000000E+04   2.5591874405011345E+03   2.8915897863560144E+03   2.2262539228752667E+04   8.7012498629563462E-01   1.4570510996353417E+06
   1.4500000000000000E+04   2.5712039296212806E+03   2.9070562239874580E+03   2.2255719291281701E+04   8.6956221082539831E-01   1.4614776531629751E+06
   1.4600000000000000E+04   2.5837919813142175E+03   2.9224706546948237E+03   2.2295635470204968E+04   8.6899016556436570E-01   1.4658661353892442E+06
   1.4700000000000000E+04   2.5977330388166829E+03   2.9378330069526046E+03   2.2439595941499516E+04   8.6840864557468922E-01   1.4702177959101177E+06
   1.4800000000000000E+04   2.6064999890507902E+03   2.9531431223110380E+03   2.2205452170864792E+04   8.6781745233528373E-01   1.4745338112559211E+06
   1.4900000000000000E+04   2.6201639150317810E+03   2.9684007610076933E+03   2.2334502075875167E+04   8.6721639356247693E-01   1.4788152888385546E+06
   1.5000000000000000E+04   2.6384354474741372E+03   2.9836056074637409E+03   2.2806290080961924E+04   8.6660528315022511E-01   1.4830632676062095E+06
   1.5100000000000000E+04   2.6457594562868826E+03   2.9987572756101194E+03   2.2476032385314764E+04   8.6598394113025678E-01   1.4872787200470604E+06
   1.5200000000000000E+04   2.6590654000051145E+03   3.0138553139465776E+03   2.2588123481038809E+04   8.6535219347279613E-01   1.4914625582358814E+06
   1.5300000000000000E+04   2.6708268543654058E+03   3.0288992104958002E+03   2.2592264418235191E+04   8.6470987202677740E-01   1.4956156348301177E+06
   1.5400000000000000E+04   2.6830840386134687E+03   3.0438883975778367E+03   2.2635559055616552E+04   8.6405681446006322E-01   1.4997387418280193E+06
   1.5500000000000000E+04   2.6924974935655696E+03   3.0588222563524823E+03   2.2482431151623656E+04   8.6339286410002081E-01   1.5038326210215397E+06
   1.5600000000000000E+04   2.7070951527954194E+03   3.0737001212495184E+03   2.2696906521666744E+04   8.6271786989366606E-01   1.5078979576676765E+06
   1.5700000000000000E+04   2.7178813652588533E+03   3.0885212841705934E+03   2.2647950250743233E+04   8.6203168626817028E-01   1.5119353897918498E+06
   1.5800000000000000E+04   2.7291966495436359E+03   3.1032849985616594E+03   2.2640306876398987E+04   8.6133417307107540E-01   1.5159455059224281E+06
   1.5900000000000000E+04   2.7403010968453759E+03   3.1179904832834577E+03   2.2622379786401129E+04   8.6062519545072724E-01   1.5199288506663069E+06
   1.6000000000000000E+04   2.7494169455442147E+03   3.1326369263577608E+03   2.2475146080016519E+04   8.5990462381641919E-01   1.5238859226421949E+06
   1.6100000000000000E+04   2.7595507468591500E+03   3.1472234884961331E+03   2.2402717538352805E+04   8.5917233369889878E-01   1.5278171807652283E+06
   1.6200000000000000E+04   2.7726048634835929E+03   3.1617493064893501E+03   2.2527063309904577E+04   8.5842820565072830E-01   1.5317230457039364E+06
   1.6300000000000000E+04   2.7830648635521143E+03   3.1762134964819088E+03   2.2484138162518608E+04   8.5767212522635461E-01   1.5356038964150932E+06
   1.6400000000000000E+04   2.7922463556556754E+03   3.1906151570073539E+03   2.2363657781997659E+04   8.5690398280276259E-01   1.5394600820602113E+06
   1.6500000000000000E+04   2.8054365616479317E+03   3.2049533719796209E+03   2.2505419385641519E+04   8.5612367359939889E-01   1.5432919137310530E+06
   1.6600000000000000E+04   2.8132266043143522E+03   3.2192272134313621E+03   2.2306409002326884E+04   8.5533109749882508E-01   1.5470996716304440E+06
   1.6700000000000000E+04   2.8192703995027664E+03   3.2334357441943689E+03   2.2010363250187718E+04   8.5452615902678708E-01   1.5508836060461802E+06
   1.6800000000000000E+04   2.8318795163739223E+03   3.2475780203667273E+03   2.2123605414422847E+04   8.5370876719279365E-01   1.5546439399242776E+06
   1.6900000000000000E+04   2.8458407641163781E+03   3.2616530937505681E+03   2.2322919911411973E+04   8.5287883552997168E-01   1.5583808660437462E+06
   1.7000000000000000E+04   2.8543756261038166E+03   3.2756600140106334E+03   2.2193948723926926E+04   8.5203628185593394E-01   1.5620945547031041E+06
   1.7100000000000000E+04   2.8645244939503459E+03   3.2895978308639201E+03   2.2168253671651815E+04   8.5118102833255826E-01   1.5657851512599096E+06
   1.7200000000000000E+04   2.8755683907028460E+03   3.3034655960298610E+03   2.2200054427693805E+04   8.5031300130657050E-01   1.5694527769402380E+06
   1.7300000000000000E+04   2.8834903692750686E+03   3.3172623651138747E+03   2.2051432950777798E+04   8.4943213124975658E-01   1.5730975340268437E+06
   1.7400000000000000E+04   2.8968579126626046E+03   3.3309871993544348E+03   2.2227011448498382E+04   8.4853835265932565E-01   1.5767195043667962E+06
   1.7500000000000000E+04   2.9072574968183530E+03   3.3446391673004309E+03   2.2231675329624759E+04   8.4763160403798099E-01   1.5803187500501175E+06
   1.7600000000000000E+04   2.9167265551412474E+03   3.3582173463076797E+03   2.2186197102849841E+04   8.4671182773449827E-01   1.5838953160876457E+06
   1.7700000000000000E+04   2.9267272138233284E+03   3.3717208240151986E+03   2.2175839982972375E+04   8.4577896994372492E-01   1.5874492316205460E+06
   1.7800000000000000E+04   2.9379474914828807E+03   3.3851486996381254E+03   2.2239182160138160E+04   8.4483298054715772E-01   1.5909805121809372E+06
   1.7900000000000000E+04   2.9422088054225428E+03   3.3985000852683311E+03   2.1913846084205503E+04   8.4387381315279908E-01   1.5944891541211042E+06
   1.8000000000000000E+04   2.9495915702436132E+03   3.4117741069476324E+03   2.1773518785874665E+04   8.4290142487594921E-01   1.5979751478213910E+06
   1.8100000000000000E+04   2.9644349454457656E+03   3.4249699057869270E+03   2.2046318629737692E+04   8.4191577637906345E-01   1.6014384664254810E+06
   1.8200000000000000E+04   2.9728664772834063E+03   3.4380866389273538E+03   2.1970183920544805E+04   8.4091683177211229E-01   1.6048790734592443E+06
   1.8300000000000000E+04   2.9844339127994363E+03   3.4511234804096484E+03   2.2069595437786680E+04   8.3990455849301504E-01   1.6082969226506019E+06
   1.8400000000000000E+04   2.9923272287077898E+03   3.4640796220165817E+03   2.1972670244805773E+04   8.3887892728770996E-01   1.6116919588297103E+06
   1.8500000000000000E+04   3.0008965780371514E+03   3.4769542740196989E+03   2.1917469817103578E+04   8.3783991215037479E-01   1.6150641136725068E+06
   1.8600000000000000E+04   3.0027740781335842E+03   3.4897466657933192E+03   2.1518502463673103E+04   8.3678749014407117E-01   1.6184133190490478E+06
   1.8700000000000000E+04   3.0152469769241297E+03   3.5024560464927386E+03   2.1676053804473977E+04   8.3572164148046046E-01   1.6217394939491444E+06
   1.8800000000000000E+04   3.0277872299807364E+03   3.5150816855446651E+03   2.1840838364381980E+04   8.3464234936037796E-01   1.6250425520418375E+06
   1.8900000000000000E+04   3.0276141403668203E+03   3.5276228731265232E+03   2.1360188718328034E+04   8.3354959991405131E-01   1.6283224017579793E+06
   1.9000000000000000E+04   3.0382450513749259E+03   3.5400789205864753E+03   2.1432645187633756E+04   8.3244338214131541E-01   1.6315789490740898E+06
   1.9100000000000000E+04   3.0525563781642445E+03   3.5524491608270414E+03   2.1692754366693200E+04   8.3132368789168698E-01   1.6348120890578828E+06
   1.9200000000000000E+04   3.0609221472331087E+03   3.5647329485548480E+03   2.1657673877926631E+04   8.3019051168501090E-01   1.6380217196595541E+06
   1.9300000000000000E+04   3.0679816274338286E+03   3.5769296606001008E+03   2.1562033383001723E+04   8.2904385077124609E-01   1.6412077332537083E+06
   1.9400000000000000E+04   3.0742350732767995E+03   3.5890386960775340E+03   2.1432538836464140E+04   8.2788370497104291E-01   1.6443700191877573E+06
   1.9500000000000000E+04   3.0820272138772557E+03   3.6010594766016034E+03   2.1383185791614378E+04   8.2671007671559604E-01   1.6475084611816816E+06
   1.9600000000000000E+04   3.0925451890277927E+03   3.6129914463441446E+03   2.1468766771433369E+04   8.2552297085733317E-01   1.6506229468510833E+06
   1.9700000000000000E+04   3.1005442161450396E+03   3.6248340721606569E+03   2.1436535893207183E+04   8.2432239469980662E-01   1.6537133583287983E+06
   1.9800000000000000E+04   3.1080495275240892E+03   3.6365868436038049E+03   2.1384851508494845E+04   8.2310835787812309E-01   1.6567795819969804E+06
   1.9900000000000000E+04   3.1142730831182498E+03   3.6482492729794444E+03   2.1277436573153238E+04   8.2188087239880336E-01   1.6598214953630378E+06
   2.0000000000000000E+04   3.1211065683386350E+03   3.6598208952459877E+03   2.1203614725954176E+04   8.2063995243053778E-01   1.6628389833958615E+06
   2.0100000000000000E+04   3.1277457394900425E+03   3.6713012680190964E+03   2.1125526826128742E+04   8.1938561437393254E-01   1.6658319267984619E+06
   2.0200000000000000E+04   3.1323370988968863E+03   3.6826899714533365E+03   2.0960054896661946E+04   8.1811787674194725E-01   1.6688002088452098E+06
   2.0300000000000000E+04   3.1362067477809746E+03   3.6939866081349642E+03   2.0770032319368886E+04   8.1683676012003381E-01   1.6717437105980024E+06
   2.0400000000000000E+04   3.1493497202512222E+03   3.7051908029291831E+03   2.0993305429068274E+04   8.1554228708642895E-01   1.6746623198414971E+06
   2.0500000000000000E+04   3.1554496376716593E+03   3.7163022028414707E+03   2.0908533129172738E+04   8.1423448221215178E-01   1.6775559191442982E+06
   2.0600000000000000E+04   3.1624411686907838E+03   3.7273204768080504E+03   2.0867168535610319E+04   8.1291337196136626E-01   1.6804243947532503E+06
   2.0700000000000000E+04   3.1654404967671685E+03   3.7382453154705422E+03   2.0658333732643448E+04   8.1157898460170563E-01   1.6832676379202795E+06
   2.0800000000000000E+04   3.1680414799646742E+03   3.7490764309975953E+03   2.0441506356620801E+04   8.1023135025409088E-01   1.6860855406346105E+06
   2.0900000000000000E+04   3.1740606910378092E+03   3.7598135568168836E+03   2.0373568980240470E+04   8.0887050079309319E-01   1.6888779899394782E+06
   2.1000000000000000E+04   3.1859411690397287E+03   3.7704564473123478E+03   2.0551135048280223E+04   8.0749646970743827E-01   1.6916448890118860E+06
   2.1100000000000000E+04   3.1914900262838287E+03   3.7810048776238100E+03   2.0469440810249700E+04   8.0610929220960792E-01   1.6943861296855297E+06
   2.1200000000000000E+04   3.1954899621536747E+03   3.7914586433008772E+03   2.0329202556864286E+04   8.0470900506645815E-01   1.6971016146294682E+06
   2.1300000000000000E+04   3.2058883102790892E+03   3.8018175600241871E+03   2.0452432027306386E+04   8.0329564659921282E-01   1.6997912458786885E+06
   2.1400000000000000E+04   3.2116927640705021E+03   3.8120814632870292E+03   2.0392180045465473E+04   8.0186925662368513E-01   1.7024549329596441E+06
   2.1500000000000000E+04   3.2176557539675000E+03   3.8222502080850904E+03   2.0342041332645807E+04   8.0042987643034802E-01   1.7050925797132973E+06
   2.1600000000000000E+04   3.2230200387760101E+03   3.8323236685419347E+03   2.0271758406447312E+04   7.9897754864483816E-01   1.7077041039349420E+06
   2.1700000000000000E+04   3.2293640205878546E+03   3.8423017376454141E+03   2.0243803966511463E+04   7.9751231734752548E-01   1.7102894167118508E+06
   2.1800000000000000E+04   3.2337024897159240E+03   3.8521843268121456E+03   2.0140960172641408E+04   7.9603422783437705E-01   1.7128484414207137E+06
   2.1900000000000000E+04   3.2364876614909122E+03   3.8619713656144636E+03   1.9983290677982954E+04   7.9454332674648898E-01   1.7153810989496207E+06
   2.2000000000000000E+04   3.2381868347198388E+03   3.8716628013744207E+03   1.9791070493320498E+04   7.9303966192062714E-01   1.7178873140591227E+06
   2.2100000000000000E+04   3.2449680628905071E+03   3.8812585988124174E+03   1.9793725485351464E+04   7.9152328236930003E-01   1.7203670177341828E+06
   2.2200000000000000E+04   3.2476560691335440E+03   3.8907587396916933E+03   1.9648256511712887E+04   7.8999423826083048E-01   1.7228201405048887E+06
   2.2300000000000000E+04   3.2547566466364319E+03   3.9001632224461905E+03   1.9668349606288237E+04   7.8845258086953529E-01   1.7252466226963720E+06
   2.2400000000000000E+04   3.2609992564572131E+03   3.9094720618061260E+03   1.9659707209819680E+04   7.8689836252590839E-01   1.7276464042357495E+06
   2.2500000000000000E+04   3.2600901971920630E+03   3.9186852884350137E+03   1.9397756929219264E+04   7.8533163659668814E-01   1.7300194244045273E+06
   2.2600000000000000E+04   3.2671942709162959E+03   3.9278029485305365E+03   1.9425865456494685E+04   7.8375245738522437E-01   1.7323656360901282E+06
   2.2700000000000000E+04   3.2722141234616583E+03   3.9368251035034746E+03   1.9382970026273044E+04   7.8216088021118457E-01   1.7346849892836893E+06
   2.2800000000000000E+04   3.2767868972459792E+03   3.9457518295518139E+03   1.9327452412630697E+04   7.8055696125113294E-01   1.7369774405642361E+06
   2.2900000000000000E+04   3.2826352941550663E+03   3.9545832173225549E+03   1.9319137682073877E+04   7.7894075757838721E-01   1.7392429457491250E+06
   2.3000000000000000E+04   3.2860923673036668E+03   3.9633193715351326E+03   1.9231119631397640E+04   7.7731232711319753E-01   1.7414814684961033E+06
   2.3100000000000000E+04   3.2815009423107103E+03   3.9719604105979824E+03   1.8877272930342664E+04   7.7567172855299937E-01   1.7436929766816006E+06
   2.3200000000000000E+04   3.2898754687995738E+03   3.9805064662568611E+03   1.8961457891334241E+04   7.7401902137241452E-01   1.7458774424093978E+06
   2.3300000000000000E+04   3.2936389657021787E+03   3.9889576832365133E+03   1.8895200325735677E+04   7.7235426580332134E-01   1.7480348341230096E+06
   2.3400000000000000E+04   3.2949140257931726E+03   3.9973142188639040E+03   1.8751143315689344E+04   7.7067752276510959E-01   1.7501651334367576E+06
   2.3500000000000000E+04   3.3023517927429957E+03   4.0055762427155291E+03   1.8810241718155623E+04   7.6898885384475091E-01   1.7522683222055419E+06
   2.3600000000000000E+04   3.3056615363916203E+03   4.0137439362718874E+03   1.8738043692799925E+04   7.6728832128683511E-01   1.7543443809277755E+06
   2.3700000000000000E+04   3.3050341835154259E+03   4.0218174925464532E+03   1.8544299407160084E+04   7.6557598791386006E-01   1.7563933021780117E+06
   2.3800000000000000E+04   3.3161953060381456E+03   4.0297971157679162E+03   1.8726962428327075E+04   7.6385191716608591E-01   1.7584150743604833E+06
   2.3900000000000000E+04   3.3181842124174423E+03   4.0376830210127719E+03   1.8620984350518771E+04   7.6211617301186085E-01   1.7604096995036879E+06
   2.4000000000000000E+04   3.3192870960102828E+03   4.0454754338832176E+03   1.8491200842259659E+04   7.6036881995758354E-01   1.7623771696105837E+06
   2.4100000000000000E+04   3.3249885940592185E+03   4.0531745901608224E+03   1.8507303565523347E+04   7.5860992298792285E-01   1.7643174888501307E+06
   2.4200000000000000E+04   3.3245712587217804E+03   4.0607807354811393E+03   1.8337654359704040E+04   7.5683954754588456E-01   1.7662306681775749E+06
   2.4300000000000000E+04   3.3187493588753814E+03   4.0682941250366462E+03   1.8013131608308729E+04   7.5505775957267385E-01   1.7681167107915971E+06
   2.4400000000000000E+04   3.3218722978250216E+03   4.0757150231970695E+03   1.7959986047097074E+04   7.5326462532833860E-01   1.7699756351895959E+06
   2.4500000000000000E+04   3.3347543411179158E+03   4.0830437032736895E+03   1.8196099534596404E+04   7.5146021156115972E-01   1.7718074503036463E+06
   2.4600000000000000E+04   3.3359606361414303E+03   4.0902804471460572E+03   1.8089163725244551E+04   7.4964458531833555E-01   1.7736121804741749E+06
   2.4700000000000000E+04   3.3384567286764909E+03   4.0974255449928023E+03   1.8023240990748687E+04   7.4781781400576541E-01   1.7753898446381260E+06
   2.4800000000000000E+04   3.3421704345920361E+03   4.1044792949804305E+03   1.7995159261417404E+04   7.4597996532826638E-01   1.7771404743422256E+06
   2.4900000000000000E+04   3.3351205648617838E+03   4.1114420029999319E+03   1.7662986105764980E+04   7.4413110733939203E-01   1.7788640907900862E+06
   2.5000000000000000E+04   3.3451975858896722E+03   4.1183139823394931E+03   1.7819534102394264E+04   7.4227130831190269E-01   1.7805607277039988E+06
   2.5100000000000000E+04   3.3430048681167632E+03   4.1250955534244567E+03   1.7632500649358022E+04   7.4040063676765622E-01   1.7822304237971299E+06
   2.5200000000000000E+04   3.3455478398271998E+03   4.1317870435545119E+03   1.7581279530019474E+04   7.3851916148757235E-01   1.7838732115789596E+06
   2.5300000000000000E+04   3.3521657944319581E+03   4.1383887866050109E+03   1.7644568363710037E+04   7.3662695141199441E-01   1.7854891362719992E+06
   2.5400000000000000E+04   3.3596790560418226E+03   4.1449011228014670E+03   1.7734521329878673E+04   7.3472407572039788E-01   1.7870782366177922E+06
   2.5500000000000000E+04   3.3424354955162189E+03   4.1513243984283326E+03   1.7153819236183732E+04   7.3281060372179097E-01   1.7886405592085919E+06
   2.5600000000000000E+04   3.3528306607150785E+03   4.1576589655956786E+03   1.7320373018831862E+04   7.3088660488460344E-01   1.7901761570047226E+06
   2.5700000000000000E+04   3.3576240270473713E+03   4.1639051819925517E+03   1.7339891921888982E+04   7.2895214881676040E-01   1.7916850726380227E+06
   2.5800000000000000E+04   3.3597407459641536E+03   4.1700634106314010E+03   1.7289818691799519E+04   7.2700730520589829E-01   1.7931673682599298E+06
   2.5900000000000000E+04   3.3553586692078734E+03   4.1761340196343881E+03   1.7072183611840475E+04   7.2505214385922045E-01   1.7946230954711365E+06
   2.6000000000000000E+04   3.3625871349362042E+03   4.1821173819816031E+03   1.7159505895168484E+04   7.2308673462378603E-01   1.7960523153617571E+06
   2.6100000000000000E+04   3.3601259821265544E+03   4.1880138753221172E+03   1.6997777539249793E+04   7.2111114746622063E-01   1.7974550883283578E+06
   2.6200000000000000E+04   3.3612426021117544E+03   4.1938238817083029E+03   1.6931031050544985E+04   7.1912545232325853E-01   1.7988314791261049E+06
   2.6300000000000000E+04   3.3480898722465686E+03   4.1995477874244889E+03   1.6513397978282163E+04   7.1712971920138202E-01   1.8001815498196096E+06
   2.6400000000000000E+04   3.3598959014615070E+03   4.2051859827603994E+03   1.6714956747923876E+04   7.1512401810707193E-01   1.8015053737859754E+06
   2.6500000000000000E+04   3.3662081257921809E+03   4.2107388618077566E+03   1.6783549452656956E+04   7.1310841902688249E-01   1.8028030198323699E+06
   2.6600000000000000E+04   3.3688776934832617E+03   4.2162068222723437E+03   1.6763126195087872E+04   7.1108299193740432E-01   1.8040745572924975E+06
   2.6700000000000000E+04   3.3601976988633141E+03   4.2215902652806417E+03   1.6467959497188469E+04   7.0904780678533408E-01   1.8053200632229282E+06
   2.6800000000000000E+04   3.3659980728196874E+03   4.2268895951949471E+03   1.6526707327994780E+04   7.0700293347751542E-01   1.8065396151937838E+06
   2.6900000000000000E+04   3.3669600124511790E+03   4.2321052194233416E+03   1.6470447882563149E+04   7.0494844184107919E-01   1.8077332855785075E+06
   2.7000000000000000E+04   3.3674723143940805E+03   4.2372375482415728E+03   1.6405323618300066E+04   7.0288440160351751E-01   1.8089011637110873E+06
   2.7100000000000000E+04   3.3637722227224749E+03   4.2422869946528472E+03   1.6243423115213203E+04   7.0081088247239443E-01   1.8100433224104326E+06
   2.7200000000000000E+04   3.3612838306288309E+03   4.2472539741789760E+03   1.6113665016719389E+04   6.9872795399585119E-01   1.8111598552833006E+06
   2.7300000000000000E+04   3.3678210212801469E+03   4.2521389047230568E+03   1.6193772688363762E+04   6.9663568562239075E-01   1.8122508428589965E+06
   2.7400000000000000E+04   3.3574987024415991E+03   4.2569422064227820E+03   1.5890578864787023E+04   6.9453414672080360E-01   1.8133163712986794E+06
   2.7500000000000000E+04   3.3648672343805074E+03   4.2616643014565416E+03   1.5990166670208810E+04   6.9242340644067446E-01   1.8143565363866794E+06
   2.7600000000000000E+04   3.3698128418724536E+03   4.2663056139544269E+03   1.6036550313583119E+04   6.9030353388176902E-01   1.8153714221775052E+06
   2.7700000000000000E+04   3.3604201239002359E+03   4.2708665698004243E+03   1.5763591622854783E+04   6.8817459791468227E-01   1.8163611241734931E+06
   2.7800000000000000E+04   3.3685149075355998E+03   4.2753475965259786E+03   1.5881178842183372E+04   6.8603666727051393E-01   1.8173257356934957E+06
   2.7900000000000000E+04   3.3550194176249752E+03   4.2797491231720678E+03   1.5527392842117935E+04   6.8388981052094211E-01   1.8182653476774588E+06
   2.8000000000000000E+04   3.3614876315527563E+03   4.2840715801462256E+03   1.5609260979776534E+04   6.8173409602840218E-01   1.8191800626575593E+06
   2.8100000000000000E+04   3.3665866924620068E+03   4.2883153990995124E+03   1.5662944477833264E+04   6.7956959194608701E-01   1.8200699787719424E+06
   2.8200000000000000E+04   3.3645858193790800E+03   4.2924810128255540E+03   1.5564711238629692E+04   6.7739636627773125E-01   1.8209351936104954E+06
   2.8300000000000000E+04   3.3632162264251947E+03   4.2965688551110734E+03   1.5482133598110804E+04   6.7521448676800688E-01   1.8217758061575466E+06
   2.8400000000000000E+04   3.3673902203626008E+03   4.3005793606365951E+03   1.5518535585025060E+04   6.7302402094238123E-01   1.8225919209169059E+06
   2.8500000000000000E+04   3.3560615936554145E+03   4.3045129648742213E+03   1.5231366709125092E+04   6.7082503612704114E-01   1.8233836396283237E+06
   2.8600000000000000E+04   3.3540204181102663E+03   4.3083701039620046E+03   1.5141579141997368E+04   6.6861759937914922E-01   1.8241510674088155E+06
   2.8700000000000000E+04   3.3609769675581319E+03   4.3121512146179030E+03   1.5236998854583026E+04   6.6640177753666174E-01   1.8248943106619986E+06
   2.8800000000000000E+04   3.3509445727770999E+03   4.3158567340330792E+03   1.4988096616967603E+04   6.6417763718843648E-01   1.8256134706127071E+06
   2.8900000000000000E+04   3.3527925733094021E+03   4.3194870997688577E+03   1.4981303681994326E+04   6.6194524464434223E-01   1.8263086624433650E+06
   2.9000000000000000E+04   3.3490363816926547E+03   4.3230427496716229E+03   1.4864407384013670E+04   6.5970466595518507E-01   1.8269799896552577E+06
   2.9100000000000000E+04   3.3456748664726360E+03   4.3265241217848388E+03   1.4757765207086497E+04   6.5745596691271024E-01   1.8276275610678254E+06
   2.9200000000000000E+04   3.3421361867631435E+03   4.3299316542556107E+03   1.4650017887442104E+04   6.5519921301970829E-01   1.8282514887241970E+06
   2.9300000000000000E+04   3.3560709896639078E+03   4.3332657852558405E+03   1.4882137786653988E+04   6.5293446949998124E-01   1.8288518857130152E+06
   2.9400000000000000E+04   3.3470227294788638E+03   4.3365269529033048E+03   1.4668410639152175E+04   6.5066180129834084E-01   1.8294288572246647E+06
   2.9500000000000000E+04   3.3498570327184948E+03   4.3397155951745181E+03   1.4686367687140497E+04   6.4838127304075321E-01   1.8299825271177462E+06
   2.9600000000000000E+04   3.3479062266810442E+03   4.3428321498427531E+03   1.4613545046334106E+04   6.4609294907419512E-01   1.8305130001185583E+06
   2.9700000000000000E+04   3.3403088502507594E+03   4.3458770544046192E+03   1.4436187945246817E+04   6.4379689345669011E-01   1.8310203883768404E+06
   2.9800000000000000E+04   3.3446118298904216E+03   4.3488507459931507E+03   1.4483821945403057E+04   6.4149316988756011E-01   1.8315048184906708E+06
   2.9900000000000000E+04   3.3396117400226753E+03   4.3517536613398415E+03   1.4358823907011223E+04   6.3918184180706517E-01   1.8319663905467114E+06
   3.0000000000000000E+04   3.3480897429160768E+03   4.3545862366794017E+03   1.4485440936963825E+04   6.3686297227683730E-01   1.8324052396461838E+06
   3.0100000000000000E+04   3.3384542056701880E+03   4.3573489077243212E+03   1.4277049195797865E+04   6.3453662410940925E-01   1.8328214625163609E+06
   3.0200000000000000E+04   3.3397479363443417E+03   4.3600421095668762E+03   1.4271807112069469E+04   6.3220285971875834E-01   1.8332151934822444E+06
   3.0300000000000000E+04   3.3334637455788452E+03   4.3626662766553309E+03   1.4130153617169095E+04   6.2986174123987171E-01   1.8335865396639411E+06
   3.0400000000000000E+04   3.3327553998380563E+03   4.3652218427193520E+03   1.4090740447906826E+04   6.2751333044903557E-01   1.8339356227168904E+06
   3.0500000000000000E+04   3.3263736627338817E+03   4.3677092407240580E+03   1.3951922215953493E+04   6.2515768878376232E-01   1.8342625649330071E+06
   3.0600000000000000E+04   3.3297878426650159E+03   4.3701289028259062E+03   1.3987338045908013E+04   6.2279487736272054E-01   1.8345674820266156E+06
   3.0700000000000000E+04   3.3120600579196143E+03   4.3724812603152504E+03   1.3656762523774069E+04   6.2042495694587596E-01   1.8348504949400595E+06
   3.0800000000000000E+04   3.3237682137142979E+03   4.3747667435737876E+03   1.3835138900383574E+04   6.1804798794445837E-01   1.8351117226859869E+06
   3.0900000000000000E+04   3.3236118429059156E+03   4.3769857820288307E+03   1.3810292091994066E+04   6.1566403041099638E-01   1.8353512871227828E+06
   3.1000000000000000E+04   3.3120725030397480E+03   4.3791388041218033E+03   1.3592431140800183E+04   6.1327314407917277E-01   1.8355693080986117E+06
   3.1100000000000000E+04   3.3227023156854166E+03   4.3812262372536698E+03   1.3752651468184893E+04   6.1087538830404231E-01   1.8357659058159711E+06
   3.1200000000000000E+04   3.3151411060303581E+03   4.3832485077497167E+03   1.3604518873847575E+04   6.0847082207199421E-01   1.8359412032840822E+06
   3.1300000000000000E+04   3.3095394188974901E+03   4.3852060408282650E+03   1.3492109875138001E+04   6.0605950402067987E-01   1.8360953288529101E+06
   3.1400000000000000E+04   3.3009658339425591E+03   4.3870992605683832E+03   1.3333228141444421E+04   6.0364149244897980E-01   1.8362283962891228E+06
   3.1500000000000000E+04   3.3009492484216939E+03   4.3889285898672770E+03   1.3316089725425632E+04   6.0121684527714325E-01   1.8363405295224614E+06
   3.1600000000000000E+04                      NaN   4.3906944504043040E+03                      NaN   5.9878562002686364E-01   1.8364318527651625E+06
   3.1700000000000000E+04   3.3056592579408784E+03   4.3923972626368441E+03   1.3360873193950569E+04   5.9634787393088162E-01   1.8365024828609184E+06
   3.1800000000000000E+04   3.2930886338497739E+03   4.3940374457319294E+03   1.3143167614225966E+04   5.9390366376359660E-01   1.8365525571890983E+06
   3.1900000000000000E+04   3.2988822715994238E+03   4.3956154175809979E+03   1.3221646329334772E+04   5.9145304602041837E-01   1.8365821776197050E+06
   3.2000000000000000E+04   3.2885577423177820E+03   4.3971315947325093E+03   1.3043985403723944E+04   5.8899607673841714E-01   1.8365914870831319E+06
   3.2100000000000000E+04   3.2877493127580342E+03   4.3985863924041423E+03   1.3018515184369529E+04   5.8653281165574522E-01   1.8365805926899628E+06
   3.2200000000000000E+04   3.2886939554455262E+03   4.3999802244321272E+03   1.3021116855304417E+04   5.8406330609207024E-01   1.8365496326587172E+06
   3.2300000000000000E+04   3.2844458968690428E+03   4.4013135032628416E+03   1.2943231582570341E+04   5.8158761500835898E-01   1.8364987193630561E+06
   3.2400000000000000E+04   3.2794721612767648E+03   4.4025866399273773E+03   1.2855466292802002E+04   5.7910579298694997E-01   1.8364279861195546E+06
   3.2500000000000000E+04   3.2736912102530632E+03   4.4038000440261258E+03   1.2756896561641599E+04   5.7661789425147958E-01   1.8363375505930907E+06
   3.2600000000000000E+04   3.2680124261566216E+03   4.4049541237056146E+03   1.2661550582543803E+04   5.7412397264695614E-01   1.8362275303626179E+06
   3.2700000000000000E+04   3.2689732806336006E+03   4.4060492856365890E+03   1.2666925803137427E+04   5.7162408161983147E-01   1.8360980589587661E+06
   3.2800000000000000E+04   3.2663913655052766E+03   4.4070859350060182E+03   1.2619738736412073E+04   5.6911827425785522E-01   1.8359492539699320E+06
   3.2900000000000000E+04   3.2684380004656923E+03   4.4080644755012399E+03   1.2642287412445137E+04   5.6660660329007762E-01   1.8357812328460857E+06
   3.3000000000000000E+04   3.2687290655221050E+03   4.4089853092783724E+03   1.2639069953629412E+04   5.6408912100713449E-01   1.8355941345970214E+06
   3.3100000000000000E+04   3.2624392108609468E+03   4.4098488369737643E+03   1.2538559405721930E+04   5.6156587938081881E-01   1.8353880766538775E+06
   3.3200000000000000E+04   3.2534279962045630E+03   4.4106554576740991E+03   1.2400111840922742E+04   5.5903692998436538E-01   1.8351631817394565E+06
   3.3300000000000000E+04   3.2523863269239650E+03   4.4114055689125307E+03   1.2379082792646941E+04   5.5650232403230759E-01   1.8349195669697283E+06
   3.3400000000000000E+04   3.2536203168304100E+03   4.4120995666490953E+03   1.2391501006319195E+04   5.5396211234062254E-01   1.8346573603033046E+06
   3.3500000000000000E+04   3.2453282063569818E+03   4.4127378452642961E+03   1.2267144384638870E+04   5.5141634534665995E-01   1.8343766896674396E+06
   3.3600000000000000E+04   3.2444628948163463E+03   4.4133207975492469E+03   1.2250296239680611E+04   5.4886507310913835E-01   1.8340776717802575E+06
   3.3700000000000000E+04   3.2417795666645693E+03   4.4138488147043763E+03   1.2208088320536935E+04   5.4630834534800432E-01   1.8337604287056138E+06
   3.3800000000000000E+04   3.2363249494826177E+03   4.4143222863189776E+03   1.2127515830076789E+04   5.4374621138464785E-01   1.8334250823308746E+06
   3.3900000000000000E+04   3.2328334489741810E+03   4.4147416003597391E+03   1.2075493596934306E+04   5.4117872012197399E-01   1.8330717600085847E+06
   3.4000000000000000E+04   3.2351299575121025E+03   4.4151071431868368E+03   1.2104848769920794E+04   5.3860592016397046E-01   1.8327005833101384E+06
   3.4100000000000000E+04   3.2277008233908759E+03   4.4154192995239910E+03   1.1999183977577764E+04   5.3602785969614064E-01   1.8323116678832078E+06
   3.4200000000000000E+04   3.2236488797950674E+03   4.4156784524603509E+03   1.1941479660593990E+04   5.3344458652535909E-01   1.8319051405090480E+06
   3.4300000000000000E+04   3.2132096202894941E+03   4.4158849834525199E+03   1.1798000146609947E+04   5.3085614811972615E-01   1.8314811220734383E+06
   3.4400000000000000E+04   3.2133568511175708E+03   4.4160392723046025E+03   1.1798883728971936E+04   5.2826259152885935E-01   1.8310397447660342E+06
   3.4500000000000000E+04   3.2181234151295480E+03   4.4161416971824747E+03   1.1862664546220181E+04   5.2566396348352906E-01   1.8305811116900875E+06
   3.4600000000000000E+04   3.2086178083293789E+03   4.4161926345949241E+03   1.1734158434053315E+04   5.2306031031595002E-01   1.8301053486919987E+06
   3.4700000000000000E+04   3.1926979136885930E+03   4.4161924593940275E+03   1.1524014145420791E+04   5.2045167797970882E-01   1.8296125814282505E+06
   3.4800000000000000E+04   3.1911088446369668E+03   4.4161415447757754E+03   1.1503683404619262E+04   5.1783811206968977E-01   1.8291029294783836E+06
   3.4900000000000000E+04   3.1925211624963936E+03   4.4160402622809570E+03   1.1522747780766556E+04   5.1521965784200430E-01   1.8285765121144135E+06
   3.5000000000000000E+04   3.1804982354010776E+03   4.4158889817787485E+03   1.1368651704293052E+04   5.1259636013427912E-01   1.8280334542127803E+06
   3.5100000000000000E+04   3.1834133346646267E+03   4.4156880714861818E+03   1.1407326522611507E+04   5.0996826348522495E-01   1.8274738625734500E+06
   3.5200000000000000E+04   3.1890654100276420E+03   4.4154378979421190E+03   1.1481927725236395E+04   5.0733541199513765E-01   1.8268978643684192E+06
   3.5300000000000000E+04   3.1862904575416810E+03   4.4151388260272470E+03   1.1448047676890932E+04   5.0469784944546925E-01   1.8263055865662571E+06
   3.5400000000000000E+04   3.1813399819171218E+03   4.4147912189596527E+03   1.1386710228098527E+04   5.0205561927889886E-01   1.8256971318436877E+06
   3.5500000000000000E+04   3.1670685390699737E+03   4.4143954382808370E+03   1.1208523539769974E+04   4.9940876451962063E-01   1.8250726264458857E+06
   3.5600000000000000E+04   3.1706840724605454E+03   4.4139518438726964E+03   1.1256824257640556E+04   4.9675732787298293E-01   1.8244321933533743E+06
   3.5700000000000000E+04   3.1722008460602378E+03   4.4134607939541347E+03   1.1279171690337784E+04   4.9410135170556141E-01   1.8237759430792572E+06
   3.5800000000000000E+04   3.1548831431549165E+03   4.4129226450683536E+03   1.1066628069943319E+04   4.9144087796544766E-01   1.8231039978760909E+06
   3.5900000000000000E+04   3.1487525688295218E+03   4.4123377521034827E+03   1.0995190522479452E+04   4.8877594830181442E-01   1.8224164735569383E+06
   3.6000000000000000E+04   3.1429318627291000E+03   4.4117064682835589E+03   1.0928412948584444E+04   4.8610660400513472E-01   1.8217134855283068E+06
   3.6100000000000000E+04   3.1331255295838173E+03   4.4110291451634366E+03   1.0814828174800461E+04   4.8343288596732442E-01   1.8209951549638000E+06
   3.6200000000000000E+04   3.1349870601056004E+03   4.4103061326526858E+03   1.0841406636659611E+04   4.8075483482123771E-01   1.8202615903006762E+06
   3.6300000000000000E+04   3.1349656007497470E+03   4.4095377789884888E+03   1.0845795544853019E+04   4.7807249076131564E-01   1.8195129119098152E+06
   3.6400000000000000E+04   3.1303326299795053E+03   4.4087244307598557E+03   1.0795418066488839E+04   4.7538589368308265E-01   1.8187492335695422E+06
   3.6500000000000000E+04   3.1208358919239181E+03   4.4078664329001658E+03   1.0688346028033657E+04   4.7269508312336217E-01   1.8179706748899999E+06
   3.6600000000000000E+04   3.1192310247874407E+03   4.4069641286925580E+03   1.0674835642305612E+04   4.7000009828020367E-01   1.8171773488282212E+06
   3.6700000000000000E+04   3.1161989499963347E+03   4.4060178597753711E+03   1.0644927070149137E+04   4.6730097803281201E-01   1.8163693615694880E+06
   3.6800000000000000E+04   3.1104412631419077E+03   4.4050279661356089E+03   1.0583749021581703E+04   4.6459776088176324E-01   1.8155468441112959E+06
   3.6900000000000000E+04   3.1047960459470187E+03   4.4039947861238143E+03   1.0524568086071115E+04   4.6189048502871483E-01   1.8147098890770080E+06
   3.7000000000000000E+04   3.1038330716842370E+03   4.4029186564449628E+03   1.0519649127140827E+04   4.5917918829669668E-01   1.8138586202756963E+06
   3.7100000000000000E+04   3.0921786719515439E+03   4.4017999121734174E+03   1.0393197199760483E+04   4.5646390820982069E-01   1.8129931548115094E+06
   3.7200000000000000E+04   3.0951086976198253E+03   4.4006388867472060E+03   1.0432892174296827E+04   4.5374468193349754E-01   1.8121136093942702E+06
   3.7300000000000000E+04   3.0912823311218035E+03   4.3994359119829132E+03   1.0396255226135754E+04   4.5102154635414854E-01   1.8112200745292895E+06
   3.7400000000000000E+04   3.0898088478926575E+03   4.3981913180617503E+03   1.0386542741982454E+04   4.4829453795963792E-01   1.8103126788048986E+06
   3.7500000000000000E+04   3.0777414551563943E+03   4.3969054335531500E+03   1.0258419990891263E+04   4.4556369297876858E-01   1.8093915245960189E+06
   3.7600000000000000E+04   3.0775820130384045E+03   4.3955785853984726E+03   1.0263876154924808E+04   4.4282904724178640E-01   1.8084567397548114E+06
   3.7700000000000000E+04   3.0730270745928829E+03   4.3942110989358380E+03   1.0220778808782436E+04   4.4009063632983947E-01   1.8075084159269303E+06
   3.7800000000000000E+04   3.0679500341356588E+03   4.3928032978884221E+03   1.0172372591311372E+04   4.3734849546537474E-01   1.8065466637105413E+06
   3.7900000000000000E+04   3.0638305202320335E+03   4.3913555043739680E+03   1.0134927161605421E+04   4.3460265955199390E-01   1.8055716063959335E+06
   3.8000000000000000E+04   3.0646718716291775E+03   4.3898680389087167E+03   1.0152085729787335E+04   4.3185316317445299E-01   1.8045833405571966E+06
   3.8100000000000000E+04   3.0551302806007525E+03   4.3883412204154265E+03   1.0056138712725608E+04   4.2910004062855545E-01   1.8035819786783063E+06
   3.8200000000000000E+04   3.0489607682891951E+03   4.3867753662206806E+03   9.9977276459568930E+03   4.2634332587133000E-01   1.8025676328019518E+06
   3.8300000000000000E+04   3.0423724462661958E+03   4.3851707920617973E+03   9.9354626342166412E+03   4.2358305254096157E-01   1.8015404145253946E+06
   3.8400000000000000E+04   3.0431177612773922E+03   4.3835278120962357E+03   9.9518735583148264E+03   4.2081925399664394E-01   1.8005004216212900E+06
   3.8500000000000000E+04   3.0339375268107874E+03   4.3818467389030866E+03   9.8628669784484064E+03   4.1805196329865468E-01   1.7994477579499027E+06
   3.8600000000000000E+04   3.0270102461662436E+03   4.3801278834771310E+03   9.7986247590071671E+03   4.1528121312864152E-01   1.7983825402899503E+06
   3.8700000000000000E+04   3.0256918397630116E+03   4.3783715552562862E+03   9.7935992788643944E+03   4.1250703596897464E-01   1.7973048647937900E+06
   3.8800000000000000E+04   3.0214199654890090E+03   4.3765780621003796E+03   9.7578875633899461E+03   4.0972946390346698E-01   1.7962148540680411E+06
   3.8900000000000000E+04   3.0123035937554932E+03   4.3747477103159135E+03   9.6723734128832657E+03   4.0694852877679777E-01   1.7951125964596090E+06
   3.9000000000000000E+04   3.0034672826206370E+03   4.3728808046527956E+03   9.5908242589020174E+03   4.0416426213472845E-01   1.7939982000357131E+06
   3.9100000000000000E+04   3.0037868132790359E+03   4.3709776483063688E+03   9.6032570470365972E+03   4.0137669520417518E-01   1.7928717792240952E+06
   3.9200000000000000E+04   3.0010722463482666E+03   4.3690385429268545E+03   9.5848854954961225E+03   3.9858585893306486E-01   1.7917334206450593E+06
   3.9300000000000000E+04   2.9922012532261260E+03   4.3670637886190007E+03   9.5043201809919137E+03   3.9579178395047854E-01   1.7905832514387928E+06
   3.9400000000000000E+04   2.9904964632893088E+03   4.3650536839562174E+03   9.4966418332193134E+03   3.9299450064636343E-01   1.7894213571443874E+06
   3.9500000000000000E+04   2.9817471577435417E+03   4.3630085259778189E+03   9.4184841267048760E+03   3.9019403911174927E-01   1.7882478294881785E+06
   3.9600000000000000E+04   2.9720461844581400E+03   4.3609286101890002E+03   9.3318779160059312E+03   3.8739042909889254E-01   1.7870628011564568E+06
   3.9700000000000000E+04   2.9634880846272495E+03   4.3588142305794991E+03   9.2575446055377561E+03   3.8458370014084353E-01   1.7858663559876864E+06
   3.9800000000000000E+04   2.9570004270240042E+03   4.3566656796164325E+03   9.2041023745968141E+03   3.8177388145180724E-01   1.7846585980121763E+06
   3.9900000000000000E+04   2.9626079908037473E+03   4.3544832482581314E+03   9.2685223032879385E+03   3.7896100200685484E-01   1.7834396237737020E+06
   4.0000000000000000E+04   2.9521936244568537E+03   4.3522672259495539E+03   9.1771857870057720E+03   3.7614509046221167E-01   1.7822095362556409E+06
   4.0100000000000000E+04   2.9474866089392563E+03   4.3500179006337657E+03   9.1417707303152292E+03   3.7332617521504191E-01   1.7809684379449231E+06
   4.0200000000000000E+04   2.9495901934183435E+03   4.3477355587564625E+03   9.1721780049551508E+03   3.7050428440344696E-01   1.7797164237764431E+06
   4.0300000000000000E+04   2.9344697104883699E+03   4.3454204852639514E+03   9.0375263413218108E+03   3.6767944584668366E-01   1.7784536022518077E+06
   4.0400000000000000E+04   2.9302466168118835E+03   4.3430729636231245E+03   9.0076709617902507E+03   3.6485168718465838E-01   1.7771800530784186E+06
   4.0500000000000000E+04   2.9365269864894176E+03   4.3406932758063404E+03   9.0776733791830484E+03   3.6202103569857602E-01   1.7758958978983785E+06
   4.0600000000000000E+04   2.9196816689642601E+03   4.3382817023113257E+03   8.9288039357761390E+03   3.5918751845043517E-01   1.7746012152923474E+06
   4.0700000000000000E+04   2.9254473285094891E+03   4.3358385221613426E+03   8.9934390391808320E+03   3.5635116224317342E-01   1.7732961117051106E+06
   4.0800000000000000E+04   2.9057229045147997E+03   4.3333640129055848E+03   8.8198322336717538E+03   3.5351199358080981E-01   1.7719806931500514E+06
   4.0900000000000000E+04   2.9070206411797858E+03   4.3308584506363404E+03   8.8422254461925095E+03   3.5067003878801367E-01   1.7706550292615362E+06
   4.1000000000000000E+04   2.9076742621120438E+03   4.3283221099747616E+03   8.8588814013536412E+03   3.4782532383075299E-01   1.7693192393142909E+06
   4.1100000000000000E+04   2.9013983023472015E+03   4.3257552640962076E+03   8.8115123642930212E+03   3.4497787451557294E-01   1.7679733989364917E+06
   4.1200000000000000E+04   2.9012514755291782E+03   4.3231581847162470E+03   8.8209507566954799E+03   3.4212771631024586E-01   1.7666176264917892E+06
   4.1300000000000000E+04   2.8730829251145942E+03   4.3205311421115621E+03   8.5759504941602954E+03   3.3927487450319316E-01   1.7652519964665768E+06
   4.1400000000000000E+04   2.8870608390047187E+03   4.3178744051123022E+03   8.7125020324298548E+03   3.3641937408391920E-01   1.7638766190240220E+06
   4.1500000000000000E+04   2.8758632976115932E+03   4.3151882411146744E+03   8.6220221089917177E+03   3.3356123982272190E-01   1.7624915820536134E+06
   4.1600000000000000E+04   2.8796840675461181E+03   4.3124729160853340E+03   8.6674038263462826E+03   3.3070049627069320E-01   1.7610969655312765E+06
   4.1700000000000000E+04   2.8672012598246192E+03   4.3097286945561700E+03   8.5661175274862835E+03   3.2783716766007881E-01   1.7596928707849819E+06
   4.1800000000000000E+04   2.8535753338235545E+03   4.3069558396443790E+03   8.4563009471049572E+03   3.2497127806370352E-01   1.7582793986982198E+06
   4.1900000000000000E+04   2.8578506602392872E+03   4.3041546130433690E+03   8.5048727681408927E+03   3.2210285125547289E-01   1.7568566275787472E+06
   4.2000000000000000E+04   2.8572083166973912E+03   4.3013252750368565E+03   8.5102403082279106E+03   3.1923191081001479E-01   1.7554246498566261E+06
   4.2100000000000000E+04   2.8374875345386085E+03   4.2984680844975983E+03   8.3483997153256787E+03   3.1635848004289568E-01   1.7539835722676108E+06
   4.2200000000000000E+04   2.8283469086875252E+03   4.2955832988956108E+03   8.2804651149077072E+03   3.1348258205047552E-01   1.7525334640147397E+06
   4.2300000000000000E+04   2.8375655244588775E+03   4.2926711743025489E+03   8.3710318445591547E+03   3.1060423970990736E-01   1.7510744308089942E+06
   4.2400000000000000E+04   2.8187696263324829E+03   4.2897319653924815E+03   8.2203098257994661E+03   3.0772347563928371E-01   1.7496065481128790E+06
   4.2500000000000000E+04   2.8246224359258913E+03   4.2867659254517685E+03   8.2813316868921320E+03   3.0484031225741759E-01   1.7481299206648513E+06
   4.2600000000000000E+04   2.8218950098632713E+03   4.2837733063780388E+03   8.2690594322887700E+03   3.0195477172406104E-01   1.7466446303129953E+06
   4.2700000000000000E+04   2.8183872229141002E+03   4.2807543586934935E+03   8.2502013986695856E+03   2.9906687603954285E-01   1.7451507507890281E+06
   4.2800000000000000E+04   2.8132482389387264E+03   4.2777093315368284E+03   8.2175336063642008E+03   2.9617664690527479E-01   1.7436483853151076E+06
   4.2900000000000000E+04   2.8052861369542088E+03   4.2746384726799797E+03   8.1611358666926835E+03   2.9328410586324521E-01   1.7421376140616951E+06
   4.3000000000000000E+04   2.8021641199147562E+03   4.2715420285236860E+03   8.1460063737916389E+03   2.9038927419638161E-01   1.7406185317533745E+06
   4.3100000000000000E+04   2.7971284849748890E+03   4.2684202441070565E+03   8.1148553823734128E+03   2.8749217298833196E-01   1.7390912174771917E+06
   4.3200000000000000E+04   2.7923139180264989E+03   4.2652733631118444E+03   8.0857502328007477E+03   2.8459282312346718E-01   1.7375557649447685E+06
   4.3300000000000000E+04   2.7803079436074318E+03   4.2621016278650168E+03   7.9970343633583443E+03   2.8169124526695111E-01   1.7360122445327514E+06
   4.3400000000000000E+04   2.7863290637760438E+03   4.2589052793430928E+03   8.0584702063338282E+03   2.7878745986474168E-01   1.7344607488875042E+06
   4.3500000000000000E+04   2.7739205664828824E+03   4.2556845571764525E+03   7.9668091489318867E+03   2.7588148714359062E-01   1.7329013625395994E+06
   4.3600000000000000E+04   2.7675144658191862E+03   4.2524396996568958E+03   7.9254417095524141E+03   2.7297334715089910E-01   1.7313341771751062E+06
   4.3700000000000000E+04   2.7639999581017282E+03   4.2491709437385935E+03   7.9079839453126897E+03   2.7006305971486227E-01   1.7297592609361860E+06
   4.3800000000000000E+04   2.7564857871866216E+03   4.2458785250423853E+03   7.8580373805566705E+03   2.6715064444446912E-01   1.7281767121579980E+06
   4.3900000000000000E+04   2.7538784836504383E+03   4.2425626778663909E+03   7.8482072420121340E+03   2.6423612080921344E-01   1.7265865901370114E+06
   4.4000000000000000E+04   2.7392272739829150E+03   4.2392236351790843E+03   7.7414834478234479E+03   2.6131950799960002E-01   1.7249890076748768E+06
   4.4100000000000000E+04   2.7401249459473174E+03   4.2358616286346241E+03   7.7599153985777057E+03   2.5840082506663820E-01   1.7233840152071081E+06
   4.4200000000000000E+04   2.7246431458200645E+03   4.2324768885707354E+03   7.6480508542333191E+03   2.5548009084213108E-01   1.7217717168453585E+06
   4.4300000000000000E+04   2.7290935946311292E+03   4.2290696440129768E+03   7.6944741094240308E+03   2.5255732393867614E-01   1.7201521929877466E+06
   4.4400000000000000E+04   2.7224494584594413E+03   4.2256401226865673E+03   7.6531154280201890E+03   2.4963254284930331E-01   1.7185255000660378E+06
   4.4500000000000000E+04   2.7170708189589236E+03   4.2221885510098537E+03   7.6219853502484311E+03   2.4670576580798118E-01   1.7168917407797026E+06
   4.4600000000000000E+04   2.7168096479597275E+03   4.2187151541046396E+03   7.6312697341955991E+03   2.4377701086932735E-01   1.7152509939637606E+06
   4.4700000000000000E+04   2.7072507214995403E+03   4.2152201558032584E+03   7.5675657267860588E+03   2.4084629594846482E-01   1.7136033222034853E+06
   4.4800000000000000E+04   2.6972164474938318E+03   4.2117037786452911E+03   7.5008066888860167E+03   2.3791363872138277E-01   1.7119488268385623E+06
   4.4900000000000000E+04   2.6943101652389714E+03   4.2081662438891080E+03   7.4895528365125701E+03   2.3497905672457525E-01   1.7102875536044606E+06
   4.5000000000000000E+04   2.6881069648850998E+03   4.2046077715087158E+03   7.4529702759385191E+03   2.3204256725540223E-01   1.7086196107677568E+06
   4.5100000000000000E+04   2.6874261204283862E+03   4.2010285802065773E+03   7.4589955018755763E+03   2.2910418749165695E-01   1.7069450587577091E+06
   4.5200000000000000E+04   2.6767671662488628E+03   4.1974288874105241E+03   7.3885859505307671E+03   2.2616393439192625E-01   1.7052639811959085E+06
   4.5300000000000000E+04   2.6667299414791082E+03   4.1938089092821810E+03   7.3236263631566526E+03   2.2322182475537455E-01   1.7035764532901160E+06
   4.5400000000000000E+04   2.6688378763793671E+03   4.1901688607210326E+03   7.3507221498922563E+03   2.2027787522174327E-01   1.7018825497326010E+06
   4.5500000000000000E+04   2.6614037074888392E+03   4.1865089553643656E+03   7.3057190451365623E+03   2.1733210221156796E-01   1.7001823447012452E+06
   4.5600000000000000E+04   2.6450853689652849E+03   4.1828294055983069E+03   7.1949170980698218E+03   2.1438452202581679E-01   1.6984759038490739E+06
   4.5700000000000000E+04   2.6558776376397991E+03   4.1791304225550339E+03   7.2865509546150106E+03   2.1143515074625230E-01   1.6967633243598153E+06
   4.5800000000000000E+04   2.6476499700573900E+03   4.1754122161236792E+03   7.2360932189951818E+03   2.0848400433506958E-01   1.6950446548397739E+06
   4.5900000000000000E+04   2.6428474735377927E+03   4.1716749949476662E+03   7.2114745230717426E+03   2.0553109853525758E-01   1.6933199834865339E+06
   4.6000000000000000E+04   2.6298345769847488E+03   4.1679189664341930E+03   7.1263563216597213E+03   2.0257644895031077E-01   1.6915893900393944E+06
   4.6100000000000000E+04   2.6333826369451313E+03   4.1641443367582287E+03   7.1636136411640127E+03   1.9962007104422816E-01   1.6898529376109547E+06
   4.6200000000000000E+04   2.6293397143492598E+03   4.1603513108626630E+03   7.1449340764026265E+03   1.9666198008173111E-01   1.6881106887424968E+06
   4.6300000000000000E+04   2.6287221850291071E+03   4.1565400924663136E+03   7.1516305057304144E+03   1.9370219118804560E-01   1.6863627297690436E+06
   4.6400000000000000E+04   2.6170312778240504E+03   4.1527108840654091E+03   7.0768500325135401E+03   1.9074071930904737E-01   1.6846091222335508E+06
   4.6500000000000000E+04   2.6004103734104610E+03   4.1488638869389615E+03   6.9674346663979122E+03   1.8777757923118940E-01   1.6828499515683018E+06
   4.6600000000000000E+04   2.6017857833685866E+03   4.1449993011553297E+03   6.9882748754595614E+03   1.8481278562135778E-01   1.6810852783210869E+06
   4.6700000000000000E+04   2.6018895498335041E+03   4.1411173255724816E+03   7.0000880076820386E+03   1.8184635296708784E-01   1.6793151624748339E+06
   4.6800000000000000E+04   2.5913031932487725E+03   4.1372181578433474E+03   6.9349135425426557E+03   1.7887829559649249E-01   1.6775396880437974E+06
   4.6900000000000000E+04   2.5903229997139101E+03   4.1333019944198913E+03   6.9389066589006861E+03   1.7590862767826199E-01   1.6757589222364170E+06
   4.7000000000000000E+04   2.5735783184938673E+03   4.1293690305596001E+03   6.8307739104559078E+03   1.7293736326151929E-01   1.6739729399891994E+06
   4.7100000000000000E+04   2.5745356167524060E+03   4.1254194603270771E+03   6.8483783480359480E+03   1.6996451623596498E-01   1.6721817828246651E+06
   4.7200000000000000E+04   2.5672288012016515E+03   4.1214534765969374E+03   6.8077120608327386E+03   1.6699010031194897E-01   1.6703855576582321E+06
   4.7300000000000000E+04   2.5607868390246763E+03   4.1174712710626454E+03   6.7733485502874555E+03   1.6401412910018193E-01   1.6685842967434910E+06
   4.7400000000000000E+04   2.5549681767434922E+03   4.1134730342369576E+03   6.7435097477147165E+03   1.6103661605195219E-01   1.6667780896208843E+06
   4.7500000000000000E+04   2.5486127701684418E+03   4.1094589554548666E+03   6.7100907642820675E+03   1.5805757443919721E-01   1.6649669923012375E+06
   4.7600000000000000E+04   2.5350721590352023E+03   4.1054292228834638E+03   6.6275113879623004E+03   1.5507701745414321E-01   1.6631510768792310E+06
   4.7700000000000000E+04   2.5384763603033707E+03   4.1013840235201706E+03   6.6614724805963606E+03   1.5209495810966603E-01   1.6613303983502854E+06
   4.7800000000000000E+04   2.5325563916898113E+03   4.0973235431991470E+03   6.6314677670355168E+03   1.4911140927914676E-01   1.6595050362051360E+06
   4.7900000000000000E+04   2.5299999552490231E+03   4.0932479665953388E+03   6.6246156061894071E+03   1.4612638369647105E-01   1.6576750528372019E+06
   4.8000000000000000E+04   2.5236882883802641E+03   4.0891574772307595E+03   6.5921187769958760E+03   1.4313989399588622E-01   1.6558405017732503E+06
   4.8100000000000000E+04   2.5159497927373891E+03   4.0850522574740735E+03   6.5501053063720992E+03   1.4015195263228833E-01   1.6540014527800833E+06
   4.8200000000000000E+04   2.5154854210537269E+03   4.0809324885480282E+03   6.5575683728983322E+03   1.3716257194100712E-01   1.6521579836041455E+06
   4.8300000000000000E+04   2.5168894630126201E+03   4.0767983505334732E+03   6.5778526511201499E+03   1.3417176413780474E-01   1.6503101379384140E+06
   4.8400000000000000E+04   2.5017285847033249E+03   4.0726500223712660E+03   6.4857889975606131E+03   1.3117954127902096E-01   1.6484579841847238E+06
   4.8500000000000000E+04   2.5023416429836429E+03   4.0684876818706298E+03   6.5005088270989199E+03   1.2818591534128412E-01   1.6466015903208277E+06
   4.8600000000000000E+04   2.4955327838897251E+03   4.0643115057078671E+03   6.4652984295193428E+03   1.2519089812187234E-01   1.6447410154379276E+06
   4.8700000000000000E+04   2.4822000520629358E+03   4.0601216694346981E+03   6.3869042088661927E+03   1.2219450131842388E-01   1.6428763096695975E+06
   4.8800000000000000E+04   2.4848177292579671E+03   4.0559183474802066E+03   6.4147500811535429E+03   1.1919673648908290E-01   1.6410075565873580E+06
   4.8900000000000000E+04   2.4774222711026855E+03   4.0517017131559755E+03   6.3761082002986195E+03   1.1619761507242624E-01   1.6391348054286975E+06
   4.9000000000000000E+04   2.4635859675338206E+03   4.0474719386601355E+03   6.2954627124952322E+03   1.1319714838746363E-01   1.6372581134211095E+06
   4.9100000000000000E+04   2.4636881828382375E+03   4.0432291950814456E+03   6.3064244050758107E+03   1.1019534763363793E-01   1.6353775458546565E+06
   4.9200000000000000E+04   2.4573831956950944E+03   4.0389736524023624E+03   6.2755221740098350E+03   1.0719222387089725E-01   1.6334931676044804E+06
   4.9300000000000000E+04   2.4456073926240747E+03   4.0347054795061399E+03   6.2093747574144445E+03   1.0418778807947814E-01   1.6316050260040076E+06
   4.9400000000000000E+04   2.4468377232422799E+03   4.0304248441768873E+03   6.2275042648772132E+03   1.0118205108019468E-01   1.6297131850177296E+06
   4.9500000000000000E+04   2.4402375381871930E+03   4.0261319131057048E+03   6.1950646798648131E+03   9.8175023574293793E-02   1.6278177081988964E+06
   4.9600000000000000E+04   2.4322888823696439E+03   4.0218268518976665E+03   6.1541434845944659E+03   9.5166716203238993E-02   1.6259186414793469E+06
   4.9700000000000000E+04   2.4275120739222461E+03   4.0175098250690921E+03   6.1336901894496841E+03   9.2157139409215438E-02   1.6240160647488316E+06
   4.9800000000000000E+04   2.4218669141320684E+03   4.0131809960603673E+03   6.1077761990295257E+03   8.9146303614480366E-02   1.6221100058019408E+06
   4.9900000000000000E+04   2.4168592563867951E+03   4.0088405272323143E+03   6.0860033425356223E+03   8.6134219061940603E-02   1.6202005350406372E+06
   5.0000000000000000E+04   2.4090657018430957E+03   4.0044885798732212E+03   6.0467204175398429E+03   8.3120895874935971E-02   1.6182877225173402E+06


