#Te   kappa_tot   kappa_e_ph  kappa_e_e mu Ce
#[K]  [W/(K*m)]   [W/(K*m)]   [W/(K*m)]   [eV]  [J/(m^3*K)]
   3.0000000000000000E+02   1.0543498653494786E-47   1.6011861407266332E-10   1.0543498653494786E-47   1.6112572143926667E+00   2.1380753155707691E-04
   4.0000000000000000E+02                      NaN   4.3975995067385383E-12                      NaN   9.3655784958724897E-01   2.2647974349420689E-06
   5.0000000000000000E+02   2.7025102355938813E-27   5.9006089875891536E-08   2.7025102355938813E-27   1.1052326907886036E+00   9.1661830474058624E-05
   6.0000000000000000E+02   6.1404861721632892E-22   4.4283386639147903E-06   6.1404861721632901E-22   1.1052326907886036E+00   6.4224717565688526E-03
   7.0000000000000000E+02   3.6292895642948417E-18   9.8942652729774394E-05   3.6292895642949750E-18   1.0986438298041759E+00   1.1885861729881418E-01
   8.0000000000000000E+02   2.3142933508326567E-15   1.0187719876955602E-03   2.3142933508379140E-15   1.0893370636636714E+00   1.0300629487105861E+00
   9.0000000000000000E+02   3.4354965339473059E-13   6.1914272255180402E-03   3.4354965341379346E-13   1.0794228869011651E+00   5.5400450153250373E+00
   1.0000000000000000E+03   1.8446588010373620E-11   2.6001940466419703E-02   1.8446588023460205E-11   1.0691072014224194E+00   2.1186802904687635E+01
   1.1000000000000000E+03   4.6907149533142827E-10   8.3513983554079393E-02   4.6907149796605374E-10   1.0584717245462860E+00   6.3440165199512982E+01
   1.2000000000000000E+03   7.1038079202810130E-09   2.1956111774141299E-01   7.1038081501217481E-09   1.0476206941125563E+00   1.5834907753238323E+02
   1.3000000000000000E+03   6.8485295988911382E-08   4.9533816864955532E-01   6.8485305457667693E-08   1.0366578653784320E+00   3.4395746301755378E+02
   1.4000000000000000E+03   4.8757154115758984E-07   9.9189597387341866E-01   4.8757178082599341E-07   1.0256814439013098E+00   6.7026331852923181E+02
   1.5000000000000000E+03   2.6286825984189003E-06   1.8071168920092631E+00   2.6286864221794355E-06   1.0147795814345946E+00   1.1978904595342281E+03
   1.6000000000000000E+03   1.1600460072102903E-05   3.0512384536557957E+00   1.1600504175894709E-05   1.0040269978495582E+00   1.9958266928913208E+03
   1.7000000000000000E+03   4.2790951373731201E-05   4.8419095270729011E+00   4.2791329547195953E-05   9.9348401597015379E-01   3.1386531944904809E+03
   1.8000000000000000E+03   1.3617588317327083E-04   7.2994418828569474E+00   1.3617842367121712E-04   9.8319688329474730E-01   4.7035808408831717E+03
   1.9000000000000000E+03   3.8289969477986756E-04   1.0542603291749314E+01   3.8291360192379078E-04   9.7319904380231848E-01   6.7676452979679616E+03
   2.0000000000000000E+03   9.6977951082079228E-04   1.4685080596245824E+01   9.6984355775637761E-04   9.6351295266408443E-01   9.4051752406529540E+03
   2.1000000000000000E+03   2.2716816946632421E-03   1.9832622296967301E+01   2.2719419289789124E-03   9.5415209203119944E-01   1.2685671336034224E+04
   2.2000000000000000E+03   4.9393753650002307E-03   2.6080814236363551E+01   4.9403109972321856E-03   9.4512285109609984E-01   1.6672141518045159E+04
   2.3000000000000000E+03   1.0008739858311614E-02   3.3513426906458093E+01   1.0011729847961424E-02   9.3642623775263623E-01   2.1419844499252682E+04
   2.4000000000000000E+03   1.9178602127712746E-02   4.2201267426675116E+01   1.9187321913522858E-02   9.2805928864208176E-01   2.6975436969852133E+04
   2.5000000000000000E+03   3.4731394581491069E-02   5.2201473667516112E+01   3.4754517930142288E-02   9.2001619769263110E-01   3.3376463895033979E+04
   2.6000000000000000E+03   6.0648589970882925E-02   6.3557193167746242E+01   6.0706518343047355E-02   9.1228919959742583E-01   4.0651139884705328E+04
   2.7000000000000000E+03   1.0079437717136086E-01   7.6297591666325701E+01   1.0092770963192096E-01   9.0486922331181274E-01   4.8818362175350267E+04
   2.8000000000000000E+03   1.6220629375712420E-01   9.0438142070584320E+01   1.6249774331683262E-01   8.9774637463593920E-01   5.7887936444056671E+04
   2.9000000000000000E+03   2.5325733623483310E-01   1.0598114748997330E+02   2.5386398106869390E-01   8.9091028369934910E-01   6.7860956312088645E+04
   3.0000000000000000E+03   3.8266244430075635E-01   1.2291645579568203E+02   3.8385746603535914E-01   8.8435035316427213E-01   7.8730294855843793E+04
   3.1000000000000000E+03   5.6723180763959913E-01   1.4122232598041148E+02   5.6951933178147540E-01   8.7805593228210299E-01   9.0481203730823428E+04
   3.2000000000000000E+03   8.1876873335819556E-01   1.6086640954592210E+02   8.2295737516085787E-01   8.7201643628232783E-01   1.0309198099921830E+05
   3.3000000000000000E+03   1.1466565657242942E+00   1.8180681440694471E+02   1.1539344364813551E+00   8.6622143214403280E-01   1.1653467087120612E+05
   3.4000000000000000E+03   1.5946767885099802E+00   2.0399322052590233E+02   1.6072410788099736E+00   8.6066069766201014E-01   1.3077580640198634E+05
   3.5000000000000000E+03   2.1569900769232890E+00   2.2736802034132305E+02   2.1776489504539653E+00   8.5532426291869346E-01   1.4577714682486665E+05
   3.6000000000000000E+03   2.8900142301083744E+00   2.5186745976069227E+02   2.9235601693095337E+00   8.5020243824630526E-01   1.6149641642453551E+05
   3.7000000000000000E+03   3.8032892518507699E+00   2.7742275912685380E+02   3.8561546752793427E+00   8.4528583323482498E-01   1.7788803402539532E+05
   3.8000000000000000E+03   4.9321339609687334E+00   3.0396119717073327E+02   5.0134837306126183E+00   8.4056537102724505E-01   1.9490379412525441E+05
   3.9000000000000000E+03   6.3150575670876279E+00   3.3140714234092144E+02   6.4377303541023441E+00   8.3603229476028840E-01   2.1249353460974118E+05
   4.0000000000000000E+03                      NaN   3.5968302149924085E+02                      NaN   8.3167817243421926E-01   2.3060574652553996E+05
   4.1000000000000000E+03   1.0004417435021878E+01   3.8871021654011270E+02   1.0268707996324837E+01   8.2749489738411497E-01   2.4918814459685938E+05
   4.2000000000000000E+03   1.2350440749181177E+01   4.1840988364012929E+02   1.2726083747686692E+01   8.2347468694459636E-01   2.6818818711384025E+05
   4.3000000000000000E+03   1.5133939537218479E+01   4.4870369093962375E+02   1.5662196236804540E+01   8.1961007765856042E-01   2.8755355043937761E+05
   4.4000000000000000E+03   1.8372694422641402E+01   4.7951447443661596E+02   1.9104694677178149E+01   8.1589392087864210E-01   3.0723253774462681E+05
   4.5000000000000000E+03   2.1954548997782432E+01   5.1076681080735955E+02   2.2940617186644275E+01   8.1231937444140712E-01   3.2717445421765326E+05
   4.6000000000000000E+03   2.6166007290680511E+01   5.4238751074369543E+02   2.7492298297460053E+01   8.0887989551972550E-01   3.4732991784115252E+05
   4.7000000000000000E+03   3.0986415774255722E+01   5.7430603420979696E+02   3.2753622276571548E+01   8.0556923056897012E-01   3.6765113665774494E+05
   4.8000000000000000E+03   3.6190742485388611E+01   6.0645483289420929E+02   3.8487520177816592E+01   8.0238140598011520E-01   3.8809212830720650E+05
   4.9000000000000000E+03   4.2084450014644183E+01   6.3876962362171241E+02   4.5052683534388713E+01   7.9931071739757731E-01   4.0860891024277481E+05
   5.0000000000000000E+03   4.8709751058285669E+01   6.7118959839562717E+02   5.2521344089464321E+01   7.9635171919413161E-01   4.2915963596896682E+05
   5.1000000000000000E+03   5.5931974640625960E+01   7.0365757619330486E+02   6.0761775685544499E+01   7.9349921355311481E-01   4.4970471192166314E+05
   5.2000000000000000E+03   6.4102220315596583E+01   7.3612010221090475E+02   7.0216781787979286E+01   7.9074823962916441E-01   4.7020686847957992E+05
   5.3000000000000000E+03   7.2673636911412629E+01   7.6852749995948648E+02   8.0263531546469025E+01   7.8809406259114512E-01   4.9063121103864623E+05
   5.4000000000000000E+03   8.2172006372370717E+01   8.0083388181196347E+02   9.1567577310554569E+01   7.8553216297925321E-01   5.1094524317098188E+05
   5.5000000000000000E+03   9.1903884912158816E+01   8.3299712330381044E+02   1.0330099883034524E+02   7.8305822653339641E-01   5.3111886026020010E+05
   5.6000000000000000E+03   1.0270343924115623E+02   8.6497880575062334E+02   1.1654095373445824E+02   7.8066813370738852E-01   5.5112433551701054E+05
   5.7000000000000000E+03   1.1448893919344320E+02   8.9674413257580284E+02   1.3124525773057434E+02   7.7835795028278187E-01   5.7093627506763069E+05
   5.8000000000000000E+03   1.2680192035038600E+02   9.2826182297299465E+02   1.4686371876591667E+02   7.7612391766851729E-01   5.9053157420016814E+05
   5.9000000000000000E+03   1.4011453042377352E+02   9.5950398745748259E+02   1.6407393271697009E+02   7.7396244394675595E-01   6.0988934710079071E+05
   6.0000000000000000E+03   1.5364133454587184E+02   9.9044598891910312E+02   1.8185061798815528E+02   7.7187009554707087E-01   6.2899085145768023E+05
   6.1000000000000000E+03   1.6879294480021721E+02   1.0210662919643880E+03   2.0222242879045282E+02   7.6984358860646029E-01   6.4781941444454156E+05
   6.2000000000000000E+03   1.8314189569130784E+02   1.0513463044236880E+03   2.2177444998388196E+02   7.6787978166463067E-01   6.6636033535897406E+05
   6.3000000000000000E+03   1.9962215967387209E+02   1.0812702126842296E+03   2.4482047491632943E+02   7.6597566792728000E-01   6.8460079837297613E+05
   6.4000000000000000E+03   2.1620405547859073E+02   1.1108248139142383E+03   2.6845434496117264E+02   7.6412836843265319E-01   7.0252977448217233E+05
   6.5000000000000000E+03   2.3351197249569586E+02   1.1399993469043025E+03   2.9366486909219248E+02   7.6233512557155170E-01   7.2013792355859629E+05
   6.6000000000000000E+03   2.5108241774904249E+02   1.1687853231146016E+03   3.1977826706379687E+02   7.6059329668588715E-01   7.3741749671909749E+05
   6.7000000000000000E+03                      NaN   1.1971763597193190E+03                      NaN   7.5890034825632613E-01   7.5436223775054258E+05
   6.8000000000000000E+03   2.8792191664664438E+02   1.2251680158023419E+03   3.7637150332420481E+02   7.5725385048266092E-01   7.7096728191186546E+05
   6.9000000000000000E+03   3.0647244266025285E+02   1.2527576325687348E+03   4.0572936764628776E+02   7.5565147194272819E-01   7.8722906377885654E+05
   7.0000000000000000E+03   3.2676686531368728E+02   1.2799441786626235E+03   4.3878860856288378E+02   7.5409097472259490E-01   8.0314522215908754E+05
   7.1000000000000000E+03   3.4673252247357664E+02   1.3067281012598023E+03   4.7196585145712720E+02   7.5257020997874891E-01   8.1871450629958953E+05
   7.2000000000000000E+03   3.6710725430549110E+02   1.3331111830913414E+03   5.0661780094799099E+02   7.5108711330392153E-01   8.3393668956237077E+05
   7.3000000000000000E+03   3.8753682964753790E+02   1.3590964063878437E+03   5.4211797724648602E+02   7.4963970087836773E-01   8.4881248405210464E+05
   7.4000000000000000E+03   4.0983570783852343E+02   1.3846878235186898E+03   5.8213395155963599E+02   7.4822606556223348E-01   8.6334345746569592E+05
   7.5000000000000000E+03   4.3034342253754249E+02   1.4098904347279592E+03   6.1940577382500192E+02   7.4684437330210740E-01   8.7753195512289519E+05
   7.6000000000000000E+03   4.5237228223883625E+02   1.4347100729364402E+03   6.6069235673444166E+02   7.4549285965538814E-01   8.9138102677749505E+05
   7.7000000000000000E+03   4.7337333445881984E+02   1.4591532957899653E+03   7.0068807260187634E+02   7.4416982670738208E-01   9.0489435404426430E+05
   7.8000000000000000E+03   4.9594015833419195E+02   1.4832272846371397E+03   7.4506387735762019E+02   7.4287363994912281E-01   9.1807618590179062E+05
   7.9000000000000000E+03   5.1780764713412611E+02   1.5069397505696857E+03   7.8887837519896220E+02   7.4160272550864970E-01   9.3093127344995807E+05
   8.0000000000000000E+03   5.3918609288583048E+02   1.5302988472049190E+03   8.3251461831805364E+02   7.4035556746083009E-01   9.4346481242900004E+05
   8.1000000000000000E+03   5.6284469977719721E+02   1.5533130900452902E+03   8.8268747232800592E+02   7.3913070525499724E-01   9.5568238610954653E+05
   8.2000000000000000E+03   5.8498786278551984E+02   1.5759912823062464E+03   9.3030533885625982E+02   7.3792673143713838E-01   9.6758991488700605E+05
   8.3000000000000000E+03   6.0681080205021078E+02   1.5983424467412883E+03   9.7817499547395460E+02   7.3674228929353158E-01   9.7919360737866873E+05
   8.4000000000000000E+03   6.2970201820701357E+02   1.6203757634125052E+03   1.0299595537004332E+03   7.3557607074965925E-01   9.9049991562672157E+05
   8.5000000000000000E+03   6.5229044026296503E+02   1.6421005131007294E+03   1.0821535323192043E+03   7.3442681446548363E-01   1.0015154921311243E+06
   8.6000000000000000E+03   6.7368251528980068E+02   1.6635260258707797E+03   1.1321874471863698E+03   7.3329330379326740E-01   1.0122471540585292E+06
   8.7000000000000000E+03   6.9626617893130981E+02   1.6846616348263105E+03   1.1867445487297912E+03   7.3217436510848488E-01   1.0227018446238994E+06
   8.8000000000000000E+03   7.1829349355903719E+02   1.7055166344674769E+03   1.2409165171790823E+03   7.3106886602291632E-01   1.0328866032572374E+06
   8.9000000000000000E+03   7.3998682899511482E+02   1.7261002436015522E+03   1.2952784404623287E+03   7.2997571385301219E-01   1.0428085340568793E+06
   9.0000000000000000E+03   7.6038909510258202E+02   1.7464215723103375E+03   1.3467709733022180E+03   7.2889385399008044E-01   1.0524747782775240E+06
   9.1000000000000000E+03   7.8272682297443248E+02   1.7664895929705781E+03   1.4055002172207396E+03   7.2782226860428367E-01   1.0618924904694769E+06
   9.2000000000000000E+03   8.0507246208817560E+02   1.7863131147224149E+03   1.4656052961821522E+03   7.2675997513264556E-01   1.0710688166148989E+06
   9.3000000000000000E+03   8.2561111034218891E+02   1.8059007614705395E+03   1.5209501917411164E+03   7.2570602510086846E-01   1.0800108694905378E+06
   9.4000000000000000E+03   8.4811938032329249E+02   1.8252609528429791E+03   1.5842527140275788E+03   7.2465950274878987E-01   1.0887257162787823E+06
   9.5000000000000000E+03   8.6935856673551689E+02   1.8444018881868396E+03   1.6444875286276613E+03   7.2361952397002183E-01   1.0972203591868135E+06
   9.6000000000000000E+03   8.8979166943226005E+02   1.8633315331435792E+03   1.7030395337496245E+03   7.2258523519267726E-01   1.1055017184240995E+06
   9.7000000000000000E+03   9.0818804022434244E+02   1.8820576086005951E+03   1.7551243684451151E+03   7.2155581222082921E-01   1.1135766237694768E+06
   9.8000000000000000E+03   9.2870199029575201E+02   1.9005875819841979E+03   1.8161391476682584E+03   7.2053045931160031E-01   1.1214517990587908E+06
   9.9000000000000000E+03   9.4843318385339808E+02   1.9189286604818674E+03   1.8753056174676924E+03   7.1950840813443884E-01   1.1291338555697398E+06
   1.0000000000000000E+04   9.6890760939166364E+02   1.9370877862290213E+03   1.9385431978868535E+03   7.1848891696602823E-01   1.1366292804969274E+06
   1.0100000000000000E+04   9.8820790227758334E+02   1.9550716329976908E+03   1.9982311631527600E+03   7.1747126964956021E-01   1.1439444306804421E+06
   1.0200000000000000E+04   1.0102678929348949E+03   1.9728866046005969E+03   2.0705435795865806E+03   7.1645477492710230E-01   1.1510855261466857E+06
   1.0300000000000000E+04   1.0275866196518982E+03   1.9905388344362414E+03   2.1241459760516286E+03   7.1543876545777751E-01   1.1580586456839363E+06
   1.0400000000000000E+04                      NaN   2.0080341864565628E+03                      NaN   7.1442259720904044E-01   1.1648697193974815E+06
   1.0500000000000000E+04   1.0663125937654934E+03   2.0253782570753096E+03   2.2518649403054928E+03   7.1340564865158662E-01   1.1715245290873779E+06
   1.0600000000000000E+04   1.0831436838584032E+03   2.0425763780759776E+03   2.3059498764690347E+03   7.1238732005244421E-01   1.1780287019129761E+06
   1.0700000000000000E+04   1.1018961322394664E+03   2.0596336203455226E+03   2.3696496673395177E+03   7.1136703276806579E-01   1.1843877125063131E+06
   1.0800000000000000E+04   1.1196076543224551E+03   2.0765547984128802E+03   2.4295246203309571E+03   7.1034422867487623E-01   1.1906068779363676E+06
   1.0900000000000000E+04   1.1398854881060943E+03   2.0933444755631158E+03   2.5026487984193641E+03   7.0931836952127092E-01   1.1966913584761058E+06
   1.1000000000000000E+04   1.1594287200910753E+03   2.1100069694862918E+03   2.5735942112826665E+03   7.0828893627961942E-01   1.2026461579518185E+06
   1.1100000000000000E+04   1.1760928593866281E+03   2.1265463584626864E+03   2.6313922667167362E+03   7.0725542863571800E-01   1.2084761228815033E+06
   1.1200000000000000E+04   1.1949572053567217E+03   2.1429664879012744E+03   2.7011900544710861E+03   7.0621736443897476E-01   1.2141859443197364E+06
   1.1300000000000000E+04   1.2107838749309426E+03   2.1592709771511345E+03   2.7564006665153756E+03   7.0517427909368180E-01   1.2197801590050021E+06
   1.1400000000000000E+04   1.2287943948462869E+03   2.1754632266662265E+03   2.8237932096935556E+03   7.0412572512701588E-01   1.2252631496012753E+06
   1.1500000000000000E+04   1.2447518090348369E+03   2.1915464253231657E+03   2.8812282311014956E+03   7.0307127169813100E-01   1.2306391476630419E+06
   1.1600000000000000E+04   1.2620317363019799E+03   2.2075235578407487E+03   2.9465773528270006E+03   7.0201050404833942E-01   1.2359122363701116E+06
   1.1700000000000000E+04   1.2772746614045543E+03   2.2233974123970484E+03   3.0016075335976489E+03   7.0094302312802292E-01   1.2410863502267003E+06
   1.1800000000000000E+04   1.2938189478687088E+03   2.2391705882237238E+03   3.0645541943167445E+03   6.9986844510572233E-01   1.2461652814959765E+06
   1.1900000000000000E+04   1.3091794166522111E+03   2.2548455032586348E+03   3.1216064130949335E+03   6.9878640095577793E-01   1.2511526781992884E+06
   1.2000000000000000E+04   1.3256976116837211E+03   2.2704244017636879E+03   3.1859964579513917E+03   6.9769653602632564E-01   1.2560520531329312E+06
   1.2100000000000000E+04   1.3409421981603548E+03   2.2859093619251857E+03   3.2437871305104209E+03   6.9659850966621040E-01   1.2608667798873642E+06
   1.2200000000000000E+04   1.3550134039586637E+03   2.3013023033745167E+03   3.2952890703445328E+03   6.9549199485189306E-01   1.2656001007904476E+06
   1.2300000000000000E+04   1.3713543198007969E+03   2.3166049945473014E+03   3.3608928842039854E+03   6.9437667771618106E-01   1.2702551302233851E+06
   1.2400000000000000E+04   1.3883111327894403E+03   2.3318190600835892E+03   3.4311215275623172E+03   6.9325225735186269E-01   1.2748348541046213E+06
   1.2500000000000000E+04   1.4017799302479011E+03   2.3469459878757257E+03   3.4807658999488558E+03   6.9211844526188948E-01   1.2793421377104043E+06
   1.2600000000000000E+04   1.4182995882658913E+03   2.3619871361942523E+03   3.5499094908137454E+03   6.9097496520228896E-01   1.2837797259744667E+06
   1.2700000000000000E+04   1.4310816459958821E+03   2.3769437404687342E+03   3.5962965218998293E+03   6.8982155273052481E-01   1.2881502467226933E+06
   1.2800000000000000E+04   1.4454108610646877E+03   2.3918169199820204E+03   3.6529332428146249E+03   6.8865795491095394E-01   1.2924562173330232E+06
   1.2900000000000000E+04   1.4595202632843370E+03   2.4066076843866163E+03   3.7087312141153839E+03   6.8748393003991737E-01   1.2967000439708482E+06
   1.3000000000000000E+04   1.4751285846587436E+03   2.4213169399664453E+03   3.7748866920914534E+03   6.8629924727264990E-01   1.3008840291693879E+06
   1.3100000000000000E+04   1.4888989369589794E+03   2.4359454957891253E+03   3.8296709125373941E+03   6.8510368640728125E-01   1.3050103717589609E+06
   1.3200000000000000E+04   1.4996334599303184E+03   2.4504940695590753E+03   3.8647545842774630E+03   6.8389703751174313E-01   1.3090811718812156E+06
   1.3300000000000000E+04   1.5124001133942163E+03   2.4649632933765802E+03   3.9136624664458914E+03   6.8267910074704585E-01   1.3130984314562166E+06
   1.3400000000000000E+04   1.5253539364598330E+03   2.4793537191701676E+03   3.9642482356422588E+03   6.8144968599418376E-01   1.3170640639304782E+06
   1.3500000000000000E+04   1.5391976557406274E+03   2.4936658239862782E+03   4.0213437369368121E+03   6.8020861259886722E-01   1.3209798919512271E+06
   1.3600000000000000E+04   1.5534178034607037E+03   2.5079000151353271E+03   4.0816020300424857E+03   6.7895570923406523E-01   1.3248476503349703E+06
   1.3700000000000000E+04   1.5648288716353345E+03   2.5220566349552369E+03   4.1229341537166383E+03   6.7769081346800664E-01   1.3286689930736856E+06
   1.3800000000000000E+04   1.5776662023312520E+03   2.5361359655431379E+03   4.1745458760701840E+03   6.7641377163654515E-01   1.3324454929041872E+06
   1.3900000000000000E+04   1.5878289649397491E+03   2.5501382332113735E+03   4.2077775667337346E+03   6.7512443859770399E-01   1.3361786457321849E+06
   1.4000000000000000E+04   1.6012704696231099E+03   2.5640636127002399E+03   4.2644252036630123E+03   6.7382267741749391E-01   1.3398698735288722E+06
   1.4100000000000000E+04   1.6109799741758873E+03   2.5779122313036119E+03   4.2949906254545622E+03   6.7250835925209707E-01   1.3435205271708486E+06
   1.4200000000000000E+04   1.6271967186179759E+03   2.5916841726905191E+03   4.3724570637898260E+03   6.7118136304350251E-01   1.3471318886252593E+06
   1.4300000000000000E+04   1.6353540955335316E+03   2.6053794806024312E+03   4.3923778383589197E+03   6.6984157533296140E-01   1.3507051730020677E+06
   1.4400000000000000E+04   1.6473151842403954E+03   2.6189981623236395E+03   4.4400442712333024E+03   6.6848889000571432E-01   1.3542415357895312E+06
   1.4500000000000000E+04   1.6586242406219801E+03   2.6325401920471427E+03   4.4833385987276915E+03   6.6712320817317350E-01   1.3577420672851934E+06
   1.4600000000000000E+04   1.6716556853695668E+03   2.6460055139622273E+03   4.5396530395279215E+03   6.6574443787837745E-01   1.3612078044416907E+06
   1.4700000000000000E+04   1.6817704722983365E+03   2.6593940452589495E+03   4.5748593868068647E+03   6.6435249395853813E-01   1.3646397249408015E+06
   1.4800000000000000E+04   1.6933750635391509E+03   2.6727056789208723E+03   4.6214149519873736E+03   6.6294729782903850E-01   1.3680387517102105E+06
   1.4900000000000000E+04   1.7013234250112298E+03   2.6859402863455252E+03   4.6410469968475700E+03   6.6152877724779890E-01   1.3714057641529157E+06
   1.5000000000000000E+04   1.7170953712668327E+03   2.6990977199077256E+03   4.7195489989049302E+03   6.6009686625636732E-01   1.3747415824690675E+06
   1.5100000000000000E+04   1.7243454779916005E+03   2.7121778152076104E+03   4.7343373718081866E+03   6.5865150482646417E-01   1.3780469890313214E+06
   1.5200000000000000E+04   1.7334488450753026E+03   2.7251803933657366E+03   4.7633463043955289E+03   6.5719263885016632E-01   1.3813227168241572E+06
   1.5300000000000000E+04   1.7464909344823227E+03   2.7381052630255331E+03   4.8225160547627620E+03   6.5572021985517825E-01   1.3845694572555043E+06
   1.5400000000000000E+04   1.7547697493395633E+03   2.7509522223149097E+03   4.8457866631388897E+03   6.5423420488701545E-01   1.3877878593091338E+06
   1.5500000000000000E+04   1.7637417228117163E+03   2.7637210606467816E+03   4.8745908644766105E+03   6.5273455633227584E-01   1.3909785355773952E+06
   1.5600000000000000E+04   1.7743764996510467E+03   2.7764115603915775E+03   4.9163942651643019E+03   6.5122124173209706E-01   1.3941420620359364E+06
   1.5700000000000000E+04   1.7841435699339781E+03   2.7890234984751551E+03   4.9518536492445364E+03   6.4969423367415358E-01   1.3972789745291930E+06
   1.5800000000000000E+04   1.7946097487959059E+03   2.8015566478161345E+03   4.9930149016465775E+03   6.4815350959629547E-01   1.4003897806834783E+06
   1.5900000000000000E+04   1.8033327129376885E+03   2.8140107786989306E+03   5.0209833019032203E+03   6.4659905166872977E-01   1.4034749526467326E+06
   1.6000000000000000E+04   1.8119229559004420E+03   2.8263856600022323E+03   5.0481826871301209E+03   6.4503084659765686E-01   1.4065349330470802E+06
   1.6100000000000000E+04   1.8204644778611155E+03   2.8386810603990789E+03   5.0752640676434576E+03   6.4344888555654411E-01   1.4095701357475927E+06
   1.6200000000000000E+04   1.8314707549473244E+03   2.8508967493905729E+03   5.1218372401174802E+03   6.4185316397994319E-01   1.4125809431866996E+06
   1.6300000000000000E+04   1.8419118676230305E+03   2.8630324982891279E+03   5.1643786028974637E+03   6.4024368142603638E-01   1.4155677206930739E+06
   1.6400000000000000E+04   1.8487142603381899E+03   2.8750880811598909E+03   5.1786359195262421E+03   6.3862044151772834E-01   1.4185307957750240E+06
   1.6500000000000000E+04                      NaN   2.8870632755948577E+03                      NaN   6.3698345171682580E-01   1.4214704822884926E+06
   1.6600000000000000E+04   1.8641109793589171E+03   2.8989578634956897E+03   5.2220084583324306E+03   6.3533272325531387E-01   1.4243870676633993E+06
   1.6700000000000000E+04   1.8741501012232654E+03   2.9107716317291693E+03   5.2625020682145323E+03   6.3366827095862521E-01   1.4272808190233801E+06
   1.6800000000000000E+04   1.8823109720748571E+03   2.9225043727980128E+03   5.2884992762211714E+03   6.3199011322600729E-01   1.4301519798823071E+06
   1.6900000000000000E+04   1.8906681340115827E+03   2.9341558853263527E+03   5.3163202209315241E+03   6.3029827177524733E-01   1.4330007809444927E+06
   1.7000000000000000E+04   1.8944208024295567E+03   2.9457259746086934E+03   5.3081110149859624E+03   6.2859277162303739E-01   1.4358274286555911E+06
   1.7100000000000000E+04   1.9026588166221197E+03   2.9572144530319392E+03   5.3354891457969443E+03   6.2687364092788300E-01   1.4386321150761298E+06
   1.7200000000000000E+04   1.9127042904137802E+03   2.9686211404856690E+03   5.3774067452692052E+03   6.2514091091155821E-01   1.4414150152057486E+06
   1.7300000000000000E+04   1.9196025791950922E+03   2.9799458646834205E+03   5.3947734153601223E+03   6.2339461570201549E-01   1.4441762897274711E+06
   1.7400000000000000E+04   1.9303372987584755E+03   2.9911884614881014E+03   5.4428018346792851E+03   6.2163479227447471E-01   1.4469160849443611E+06
   1.7500000000000000E+04   1.9360557907677307E+03   3.0023487751546254E+03   5.4513298100566180E+03   6.1986148031397115E-01   1.4496345325860442E+06
   1.7600000000000000E+04   1.9427705454056118E+03   3.0134266585768637E+03   5.4680456974019744E+03   6.1807472216626269E-01   1.4523317474806006E+06
   1.7700000000000000E+04   1.9485963114990288E+03   3.0244219734286330E+03   5.4780042068054681E+03   6.1627456265128722E-01   1.4550078413019672E+06
   1.7800000000000000E+04   1.9575555407596432E+03   3.0353345903435452E+03   5.5130372479223561E+03   6.1446104902388576E-01   1.4576629093774210E+06
   1.7900000000000000E+04   1.9634711438745387E+03   3.0461643890520381E+03   5.5242386558173621E+03   6.1263423091489788E-01   1.4602970341534517E+06
   1.8000000000000000E+04   1.9689367260544159E+03   3.0569112584354457E+03   5.5321743900112242E+03   6.1079416016425103E-01   1.4629102899410217E+06
   1.8100000000000000E+04   1.9774897481825324E+03   3.0675750966103269E+03   5.5647920725436406E+03   6.0894089077186830E-01   1.4655027447404799E+06
   1.8200000000000000E+04   1.9842218533646737E+03   3.0781558109534758E+03   5.5832840600521695E+03   6.0707447877985277E-01   1.4680744533539109E+06
   1.8300000000000000E+04   1.9885440484686760E+03   3.0886533181598970E+03   5.5830119269277766E+03   6.0519498227248536E-01   1.4706254643017156E+06
   1.8400000000000000E+04   1.9937926169179652E+03   3.0990675441751673E+03   5.5903719848597293E+03   6.0330246116022801E-01   1.4731558193411361E+06
   1.8500000000000000E+04   2.0010244996849042E+03   3.1093984242302199E+03   5.6136131393732730E+03   6.0139697721899310E-01   1.4756655494770601E+06
   1.8600000000000000E+04   2.0065252802461061E+03   3.1196459027729888E+03   5.6235130700572527E+03   5.9947859395269076E-01   1.4781546821169036E+06
   1.8700000000000000E+04   2.0117882645910606E+03   3.1298099334208041E+03   5.6318361888702884E+03   5.9754737653432055E-01   1.4806232370507091E+06
   1.8800000000000000E+04   2.0213392221220029E+03   3.1398904788699328E+03   5.6741108105853282E+03   5.9560339168815080E-01   1.4830712315138942E+06
   1.8900000000000000E+04   2.0266175554483514E+03   3.1498875108551515E+03   5.6830660309744408E+03   5.9364670770935857E-01   1.4854986712219794E+06
   1.9000000000000000E+04   2.0332584287607426E+03   3.1598010100054616E+03   5.7030174835483413E+03   5.9167739428730037E-01   1.4879055624789661E+06
   1.9100000000000000E+04   2.0384345170399695E+03   3.1696309657704951E+03   5.7117268836515532E+03   5.8969552250551216E-01   1.4902919079856006E+06
   1.9200000000000000E+04   2.0431498909331840E+03   3.1793773763090053E+03   5.7171161789776288E+03   5.8770116478279999E-01   1.4926576973064516E+06
   1.9300000000000000E+04   2.0467956132800064E+03   3.1890402483329294E+03   5.7144620255176715E+03   5.8569439473578833E-01   1.4950029242359740E+06
   1.9400000000000000E+04   2.0537160225825328E+03   3.1986195970058220E+03   5.7376502818818672E+03   5.8367528717891604E-01   1.4973275799787454E+06
   1.9500000000000000E+04   2.0588844177117185E+03   3.2081154458070291E+03   5.7474421940551565E+03   5.8164391806553162E-01   1.4996316457782371E+06
   1.9600000000000000E+04   2.0640755112950424E+03   3.2175278263550649E+03   5.7576895954682468E+03   5.7960036435043449E-01   1.5019151109928477E+06
   1.9700000000000000E+04   2.0710329136780256E+03   3.2268567783212147E+03   5.7819593452427453E+03   5.7754470406842384E-01   1.5041779450786309E+06
   1.9800000000000000E+04   2.0770927633701622E+03   3.2361023492169329E+03   5.7995074873973708E+03   5.7547701613793401E-01   1.5064201287455931E+06
   1.9900000000000000E+04   2.0785542610015282E+03   3.2452645942643203E+03   5.7816052178275686E+03   5.7339738036103416E-01   1.5086416428774137E+06
   2.0000000000000000E+04   2.0821241562926903E+03   3.2543435762623703E+03   5.7804428570097270E+03   5.7130587742342864E-01   1.5108424539231064E+06
   2.0100000000000000E+04   2.0870692065186345E+03   3.2633393653829230E+03   5.7901792786163451E+03   5.6920258873736573E-01   1.5130225353791504E+06
   2.0200000000000000E+04   2.0914217211019086E+03   3.2722520390491945E+03   5.7956328588211327E+03   5.6708759648091189E-01   1.5151818601436778E+06
   2.0300000000000000E+04   2.0948014496737014E+03   3.2810816817453860E+03   5.7939216026679296E+03   5.6496098348013168E-01   1.5173203965241478E+06
   2.0400000000000000E+04   2.0966590165604725E+03   3.2898283848958158E+03   5.7809465522498986E+03   5.6282283325817994E-01   1.5194381110705130E+06
   2.0500000000000000E+04   2.1052220959335950E+03   3.2984922466444409E+03   5.8193517677156860E+03   5.6067322984875634E-01   1.5215349729876954E+06
   2.0600000000000000E+04   2.1065154475713648E+03   3.3070733717533099E+03   5.8026364272237342E+03   5.5851225789428682E-01   1.5236109457983624E+06
   2.0700000000000000E+04   2.1110706562814858E+03   3.3155718713947545E+03   5.8110414490827643E+03   5.5634000248883320E-01   1.5256659989139626E+06
   2.0800000000000000E+04   2.1140748621347816E+03   3.3239878630174348E+03   5.8079871677714254E+03   5.5415654919772939E-01   1.5277000992409193E+06
   2.0900000000000000E+04   2.1161014039228467E+03   3.3323214701884344E+03   5.7979064290887454E+03   5.5196198401830809E-01   1.5297132082088257E+06
   2.1000000000000000E+04   2.1227186287587842E+03   3.3405728224207546E+03   5.8226150534125945E+03   5.4975639330135673E-01   1.5317052981908391E+06
   2.1100000000000000E+04   2.1269502772059072E+03   3.3487420550337993E+03   5.8296413280074848E+03   5.4753986375111652E-01   1.5336763303475743E+06
   2.1200000000000000E+04   2.1299909770099202E+03   3.3568293089954441E+03   5.8280019079213998E+03   5.4531248237619268E-01   1.5356262710620665E+06
   2.1300000000000000E+04   2.1307119561946788E+03   3.3648347307584017E+03   5.8093843977399511E+03   5.4307433642082470E-01   1.5375550876311411E+06
   2.1400000000000000E+04   2.1353759591429916E+03   3.3727584721331436E+03   5.8204373197298301E+03   5.4082551338452600E-01   1.5394627468205860E+06
   2.1500000000000000E+04   2.1371290621802609E+03   3.3806006901242918E+03   5.8101687405902439E+03   5.3856610094353641E-01   1.5413492196364186E+06
   2.1600000000000000E+04   2.1405170500830495E+03   3.3883615468035596E+03   5.8122992743408095E+03   5.3629618696064041E-01   1.5432144672297332E+06
   2.1700000000000000E+04   2.1443358422953916E+03   3.3960412091546173E+03   5.8178650339856140E+03   5.3401585941644214E-01   1.5450584646078204E+06
   2.1800000000000000E+04   2.1459987386586390E+03   3.4036398489320090E+03   5.8078626429989035E+03   5.3172520637008924E-01   1.5468811802051221E+06
   2.1900000000000000E+04   2.1509458352815277E+03   3.4111576425445769E+03   5.8222080466418674E+03   5.2942431597891215E-01   1.5486825837940406E+06
   2.2000000000000000E+04   2.1547723458778592E+03   3.4185947709152497E+03   5.8285826617714119E+03   5.2711327644933192E-01   1.5504626449090259E+06
   2.2100000000000000E+04   2.1565304657405363E+03   3.4259514193294385E+03   5.8201092309396381E+03   5.2479217594849714E-01   1.5522213411754796E+06
   2.2200000000000000E+04   2.1570195059455750E+03   3.4332277773547648E+03   5.8027670326342577E+03   5.2246110270246404E-01   1.5539586435444953E+06
   2.2300000000000000E+04   2.1584476547095537E+03   3.4404240386694910E+03   5.7925990606271553E+03   5.2012014483910907E-01   1.5556745244613234E+06
   2.2400000000000000E+04   2.1642237945138386E+03   3.4475404009729909E+03   5.8140360147915035E+03   5.1776939044703518E-01   1.5573689647696894E+06
   2.2500000000000000E+04   2.1657352179620934E+03   3.4545770658627375E+03   5.8049784982461570E+03   5.1540892753629985E-01   1.5590419368065509E+06
   2.2600000000000000E+04   2.1683964626532902E+03   3.4615342387004930E+03   5.8044693594021282E+03   5.1303884395986965E-01   1.5606934283585751E+06
   2.2700000000000000E+04   2.1711457056447584E+03   3.4684121285436822E+03   5.8048431419862191E+03   5.1065922751180293E-01   1.5623234064725856E+06
   2.2800000000000000E+04   2.1730058390019790E+03   3.4752109479825081E+03   5.7991276717088249E+03   5.0827016575052142E-01   1.5639318642754098E+06
   2.2900000000000000E+04   2.1747625537921240E+03   3.4819309130832371E+03   5.7929591936965144E+03   5.0587174611662900E-01   1.5655187756963642E+06
   2.3000000000000000E+04   2.1729394407900686E+03   3.4885722432584603E+03   5.7618327889053362E+03   5.0346405583472964E-01   1.5670841305577164E+06
   2.3100000000000000E+04   2.1767782159635140E+03   3.4951351611611649E+03   5.7709212276521357E+03   5.0104718187415542E-01   1.5686279152618456E+06
   2.3200000000000000E+04   2.1808382157792621E+03   3.5016198926276074E+03   5.7817780279912213E+03   4.9862121104714757E-01   1.5701501144355929E+06
   2.3300000000000000E+04   2.1814194071985908E+03   3.5080266665363124E+03   5.7684573919585055E+03   4.9618622985176547E-01   1.5716507144807407E+06
   2.3400000000000000E+04   2.1820655012125058E+03   3.5143557147492584E+03   5.7559188577885843E+03   4.9374232455043293E-01   1.5731297110114910E+06
   2.3500000000000000E+04   2.1848303114086857E+03   3.5206072719964491E+03   5.7583935861860618E+03   4.9128958107175619E-01   1.5745870942161970E+06
   2.3600000000000000E+04   2.1826907793104774E+03   3.5267815758276083E+03   5.7271976314011508E+03   4.8882808510870496E-01   1.5760228580016207E+06
   2.3700000000000000E+04   2.1845156637456221E+03   3.5328788664890249E+03   5.7237020457534973E+03   4.8635792198115879E-01   1.5774369981739945E+06
   2.3800000000000000E+04   2.1873296838818919E+03   3.5388993868732196E+03   5.7272219553658406E+03   4.8387917671445230E-01   1.5788295067294159E+06
   2.3900000000000000E+04   2.1898797142837038E+03   3.5448433824199892E+03   5.7291429992007452E+03   4.8139193396082980E-01   1.5802003889527426E+06
   2.4000000000000000E+04   2.1897999593382533E+03   3.5507111010513290E+03   5.7133392375028252E+03   4.7889627801908113E-01   1.5815496386693479E+06
   2.4100000000000000E+04   2.1914834403529103E+03   3.5565027931018994E+03   5.7098215940715036E+03   4.7639229283454271E-01   1.5828772631184845E+06
   2.4200000000000000E+04                      NaN   3.5622187112333759E+03                      NaN   4.7388006194018717E-01   1.5841832637272452E+06
   2.4300000000000000E+04   2.1881069699359141E+03   3.5678591103813919E+03   5.6581592869675032E+03   4.7135966849589744E-01   1.5854676437494485E+06
   2.4400000000000000E+04   2.1897853212515697E+03   3.5734242476800223E+03   5.6554002743856572E+03   4.6883119524919264E-01   1.5867304082635415E+06
   2.4500000000000000E+04   2.1942355712940648E+03   3.5789143823886661E+03   5.6713377727252773E+03   4.6629472449595710E-01   1.5879715721902552E+06
   2.4600000000000000E+04                      NaN   3.5843297758502413E+03                      NaN   4.6375033813934818E-01   1.5891911403758370E+06
   2.4700000000000000E+04   2.1950280110455019E+03   3.5896706914213723E+03   5.6497824345770068E+03   4.6119811765052299E-01   1.5903891254690061E+06
   2.4800000000000000E+04   2.1967405216434922E+03   3.5949373944047948E+03   5.6480920540641700E+03   4.5863814402936770E-01   1.5915655419784910E+06
   2.4900000000000000E+04   2.1938731994255913E+03   3.6001301519980411E+03   5.6164906708296394E+03   4.5607049781431364E-01   1.5927204042062194E+06
   2.5000000000000000E+04   2.1967023116611831E+03   3.6052492332490779E+03   5.6225740182406571E+03   4.5349525911179350E-01   1.5938537261723331E+06
   2.5100000000000000E+04   2.1964954213085434E+03   3.6102949089824519E+03   5.6089964003315199E+03   4.5091250751769507E-01   1.5949655298811479E+06
   2.5200000000000000E+04   2.1972728004890846E+03   3.6152674517664882E+03   5.6020866024451243E+03   4.4832232217626966E-01   1.5960558329139417E+06
   2.5300000000000000E+04   2.1963793998383994E+03   3.6201671358455874E+03   5.5845828138971183E+03   4.4572478171140695E-01   1.5971246608933436E+06
   2.5400000000000000E+04   2.1970599587693387E+03   3.6249942371180000E+03   5.5775183843558507E+03   4.4311996431499656E-01   1.5981720242805697E+06
   2.5500000000000000E+04   2.1956287433568200E+03   3.6297490330467654E+03   5.5571219272353474E+03   4.4050794758983775E-01   1.5991979649025623E+06
   2.5600000000000000E+04   2.1936996266099595E+03   3.6344318026588935E+03   5.5338888247064324E+03   4.3788880870673064E-01   1.6002024987362460E+06
   2.5700000000000000E+04   2.1934663434387676E+03   3.6390428264699767E+03   5.5217541623647530E+03   4.3526262428665852E-01   1.6011856518558171E+06
   2.5800000000000000E+04   2.1969730856204274E+03   3.6435823864532267E+03   5.5335275624662900E+03   4.3262947044005873E-01   1.6021474606837078E+06
   2.5900000000000000E+04   2.1952183291407537E+03   3.6480507659987334E+03   5.5121758738232438E+03   4.2998942276682511E-01   1.6030879503091567E+06
   2.6000000000000000E+04   2.1965629337494984E+03   3.6524482498635548E+03   5.5106211693256691E+03   4.2734255631703344E-01   1.6040071561334112E+06
   2.6100000000000000E+04   2.1948220562524275E+03   3.6567751241435944E+03   5.4898962719800902E+03   4.2468894563021475E-01   1.6049051108020968E+06
   2.6200000000000000E+04   2.1942774264519653E+03   3.6610316762258531E+03   5.4769360074507322E+03   4.2202866469608297E-01   1.6057818485182158E+06
   2.6300000000000000E+04   2.1903381788361630E+03   3.6652181947570270E+03   5.4432003004182206E+03   4.1936178697417037E-01   1.6066374095133827E+06
   2.6400000000000000E+04   2.1947295531006625E+03   3.6693349696029054E+03   5.4612561488586998E+03   4.1668838537419278E-01   1.6074718311262743E+06
   2.6500000000000000E+04   2.1957301420585732E+03   3.6733822918137462E+03   5.4584945602901398E+03   4.1400853225604772E-01   1.6082851521945556E+06
   2.6600000000000000E+04   2.1941190005363742E+03   3.6773604536000807E+03   5.4398199473180766E+03   4.1132229946908849E-01   1.6090774084703370E+06
   2.6700000000000000E+04   2.1947702263976917E+03   3.6812697482753847E+03   5.4352800790998917E+03   4.0862975825394188E-01   1.6098486508336077E+06
   2.6800000000000000E+04   2.1887117900142021E+03   3.6851104702433549E+03   5.3900373211310680E+03   4.0593097932105310E-01   1.6105989225722475E+06
   2.6900000000000000E+04   2.1906138073528346E+03   3.6888829149660905E+03   5.3935022795107880E+03   4.0322603285068759E-01   1.6113282683903954E+06
   2.7000000000000000E+04   2.1925493461698638E+03   3.6925873789144325E+03   5.3973165123691060E+03   4.0051498841438266E-01   1.6120367297164788E+06
   2.7100000000000000E+04   2.1899272841789571E+03   3.6962241595613136E+03   5.3737495361995398E+03   3.9779791507313206E-01   1.6127243633288955E+06
   2.7200000000000000E+04   2.1859867864522216E+03   3.6997935553380339E+03   5.3426236365178302E+03   3.9507488131847579E-01   1.6133912086867574E+06
   2.7300000000000000E+04   2.1903347917852211E+03   3.7032958655964553E+03   5.3613129373230076E+03   3.9234595503322661E-01   1.6140373300855882E+06
   2.7400000000000000E+04   2.1868583636278445E+03   3.7067313906078839E+03   5.3334037774059252E+03   3.8961120360928986E-01   1.6146627648252670E+06
   2.7500000000000000E+04   2.1847551799236312E+03   3.7101004315036071E+03   5.3139845732423119E+03   3.8687069381020733E-01   1.6152675751459762E+06
   2.7600000000000000E+04                      NaN   3.7134032902745321E+03                      NaN   3.8412449188897663E-01   1.6158518102981918E+06
   2.7700000000000000E+04   2.1837535836046213E+03   3.7166402697221893E+03   5.2947335125804493E+03   3.8137266348986870E-01   1.6164155351906498E+06
   2.7800000000000000E+04   2.1833461244391501E+03   3.7198116734457567E+03   5.2859215789851596E+03   3.7861527370733705E-01   1.6169587966819266E+06
   2.7900000000000000E+04   2.1819167988447598E+03   3.7229178058181469E+03   5.2713118709682803E+03   3.7585238709583607E-01   1.6174816597389146E+06
   2.8000000000000000E+04   2.1807992188558214E+03   3.7259589719456258E+03   5.2587238305032433E+03   3.7308406760109392E-01   1.6179841857264403E+06
   2.8100000000000000E+04   2.1791036060694582E+03   3.7289354776640030E+03   5.2429795096533935E+03   3.7031037865829347E-01   1.6184664223907841E+06
   2.8200000000000000E+04   2.1739834023155963E+03   3.7318476294846459E+03   5.2077547356057576E+03   3.6753138305461908E-01   1.6189284481245999E+06
   2.8300000000000000E+04   2.1708543120504869E+03   3.7346957346097383E+03   5.1843366102977934E+03   3.6474714311580064E-01   1.6193703153376509E+06
   2.8400000000000000E+04   2.1756538220690381E+03   3.7374801008730187E+03   5.2063811300436628E+03   3.6195772053920588E-01   1.6197920873390865E+06
   2.8500000000000000E+04   2.1739865789899195E+03   3.7402010367288167E+03   5.1915922601757602E+03   3.5916317645274853E-01   1.6201938385552380E+06
   2.8600000000000000E+04   2.1731190810584608E+03   3.7428588512426572E+03   5.1815454649464264E+03   3.5636357148361558E-01   1.6205756244058264E+06
   2.8700000000000000E+04                      NaN   3.7454538540422154E+03                      NaN   3.5355896563063172E-01   1.6209375214448115E+06
   2.8800000000000000E+04   2.1713201023714214E+03   3.7479863553185060E+03   5.1615730986220306E+03   3.5074941838207646E-01   1.6212795920873254E+06
   2.8900000000000000E+04   2.1655380862451425E+03   3.7504566657895321E+03   5.1243999883665520E+03   3.4793498864695727E-01   1.6216019021766039E+06
   2.9000000000000000E+04   2.1651117726744665E+03   3.7528650966820783E+03   5.1175281948561142E+03   3.4511573477464697E-01   1.6219045338955461E+06
   2.9100000000000000E+04   2.1623028519143172E+03   3.7552119597154156E+03   5.0975322385119416E+03   3.4229171458433599E-01   1.6221875498808390E+06
   2.9200000000000000E+04   2.1602645699201762E+03   3.7574975670718745E+03   5.0820317888384443E+03   3.3946298532576258E-01   1.6224510239123965E+06
   2.9300000000000000E+04   2.1585761099962751E+03   3.7597222313773354E+03   5.0686483141669132E+03   3.3662960368902772E-01   1.6226950254652656E+06
   2.9400000000000000E+04   2.1622217284354410E+03   3.7618862656854376E+03   5.0848362479493535E+03   3.3379162583405247E-01   1.6229196352988889E+06
   2.9500000000000000E+04   2.1562256384541620E+03   3.7639899834490657E+03   5.0480107550981020E+03   3.3094910735130395E-01   1.6231249246027723E+06
   2.9600000000000000E+04   2.1523700600160960E+03   3.7660336985103263E+03   5.0232886112803681E+03   3.2810210332070416E-01   1.6233109706102263E+06
   2.9700000000000000E+04   2.1480364260906595E+03   3.7680177250670895E+03   4.9962547917765369E+03   3.2525066824290372E-01   1.6234778513777587E+06
   2.9800000000000000E+04   2.1516557945931222E+03   3.7699423776649783E+03   5.0124733449791238E+03   3.2239485610800817E-01   1.6236256404320234E+06
   2.9900000000000000E+04   2.1484903311732310E+03   3.7718079711697242E+03   4.9920562417579467E+03   3.1953472035630559E-01   1.6237544173445285E+06
   3.0000000000000000E+04   2.1505343820020876E+03   3.7736148207470010E+03   4.9999299004086424E+03   3.1667031387826672E-01   1.6238642624447092E+06
   3.0100000000000000E+04   2.1446159719880516E+03   3.7753632418491920E+03   4.9650270511970921E+03   3.1380168905381817E-01   1.6239552567987232E+06
   3.0200000000000000E+04   2.1429564332691834E+03   3.7770535501901618E+03   4.9532314330456202E+03   3.1092889772288601E-01   1.6240274794770894E+06
   3.0300000000000000E+04   2.1440462334792510E+03   3.7786860617271491E+03   4.9562463107426483E+03   3.0805199119521648E-01   1.6240810101993352E+06
   3.0400000000000000E+04   2.1388358134027999E+03   3.7802610926443340E+03   4.9258153333040918E+03   3.0517102027001086E-01   1.6241159347789770E+06
   3.0500000000000000E+04   2.1379709794415439E+03   3.7817789593249981E+03   4.9186606736589374E+03   3.0228603518683383E-01   1.6241323342369979E+06
   3.0600000000000000E+04   2.1341990270184297E+03   3.7832399783484393E+03   4.8962926446771062E+03   2.9939708572379770E-01   1.6241302874278820E+06
   3.0700000000000000E+04   2.1325502246028964E+03   3.7846444664526171E+03   4.8852808771606351E+03   2.9650422108955987E-01   1.6241098875540115E+06
   3.0800000000000000E+04   2.1398207823367557E+03   3.7859927405248063E+03   4.9213242320494019E+03   2.9360748998223346E-01   1.6240712174334272E+06
   3.0900000000000000E+04   2.1268553987367463E+03   3.7872851175917749E+03   4.8511585329006512E+03   2.9070694064829594E-01   1.6240143576241017E+06
   3.1000000000000000E+04   2.1229660673549502E+03   3.7885219147786956E+03   4.8289605436806005E+03   2.8780262074513469E-01   1.6239394003349873E+06
   3.1100000000000000E+04   2.1212993859140424E+03   3.7897034493122583E+03   4.8184344405445408E+03   2.8489457747850089E-01   1.6238464299667529E+06
   3.1200000000000000E+04   2.1178374879419748E+03   3.7908300384923600E+03   4.7988031765559554E+03   2.8198285754360186E-01   1.6237355313863182E+06
   3.1300000000000000E+04   2.1204252679963483E+03   3.7919019996734764E+03   4.8103839326592897E+03   2.7906750712509942E-01   1.6236067899083402E+06
   3.1400000000000000E+04   2.1156088089118284E+03   3.7929196502491100E+03   4.7840471937593693E+03   2.7614857191674735E-01   1.6234603054731060E+06
   3.1500000000000000E+04   2.1097008032729564E+03   3.7938833076332439E+03   4.7524295264413186E+03   2.7322609712139090E-01   1.6232961558409906E+06
   3.1600000000000000E+04   2.1065530914678116E+03   3.7947932892419276E+03   4.7350688281641451E+03   2.7030012745096671E-01   1.6231144419197487E+06
   3.1700000000000000E+04   2.1055320581574556E+03   3.7956499124778475E+03   4.7285830108446680E+03   2.6737070714614014E-01   1.6229152422321984E+06
   3.1800000000000000E+04   2.1103076514931304E+03   3.7964534947063444E+03   4.7514779878999761E+03   2.6443787993703077E-01   1.6226986499353026E+06
   3.1900000000000000E+04   2.1000222197052922E+03   3.7972043532431167E+03   4.6985019209162501E+03   2.6150168908248700E-01   1.6224647643863300E+06
   3.2000000000000000E+04   2.1020522282398524E+03   3.7979028053416914E+03   4.7076022866650665E+03   2.5856217740935716E-01   1.6222136680171320E+06
   3.2100000000000000E+04   2.0960871982454687E+03   3.7985491681587264E+03   4.6768094817936872E+03   2.5561938719467303E-01   1.6219454551225556E+06
   3.2200000000000000E+04                      NaN   3.7991437587557557E+03                      NaN   2.5267336030310200E-01   1.6216602262057583E+06
   3.2300000000000000E+04   2.0902852631686405E+03   3.7996868940729978E+03   4.6463214821749489E+03   2.4972413812804101E-01   1.6213580587429844E+06
   3.2400000000000000E+04   2.0890119047761405E+03   3.8001788909091147E+03   4.6393011364299564E+03   2.4677176157197736E-01   1.6210390597146028E+06
   3.2500000000000000E+04   2.0871483023977412E+03   3.8006200659117872E+03   4.6294650939321155E+03   2.4381627110539941E-01   1.6207033188631339E+06
   3.2600000000000000E+04   2.0832847340669691E+03   3.8010107355574837E+03   4.6099247682927362E+03   2.4085770674715981E-01   1.6203509261455154E+06
   3.2700000000000000E+04   2.0740401847440212E+03   3.8013512161315443E+03   4.5644096722112363E+03   2.3789610804483899E-01   1.6199819776599174E+06
   3.2800000000000000E+04   2.0714513164707932E+03   3.8016418237136390E+03   4.5514733363270834E+03   2.3493151409438204E-01   1.6195965697656840E+06
   3.2900000000000000E+04   2.0700683703413551E+03   3.8018828741631883E+03   4.5444575433336195E+03   2.3196396355973423E-01   1.6191947990670940E+06
   3.3000000000000000E+04   2.0684705964880654E+03   3.8020746831022393E+03   4.5364912025608046E+03   2.2899349467284161E-01   1.6187767563951022E+06
   3.3100000000000000E+04   2.0654935514742574E+03   3.8022175658960423E+03   4.5219941674354677E+03   2.2602014521401434E-01   1.6183425387363711E+06
   3.3200000000000000E+04   2.0632873101422260E+03   3.8023118376387665E+03   4.5113002374368425E+03   2.2304395253156356E-01   1.6178922432745292E+06
   3.3300000000000000E+04   2.0577056098229427E+03   3.8023578131343702E+03   4.4846376760881840E+03   2.2006495352216457E-01   1.6174259734343502E+06
   3.3400000000000000E+04   2.0534801684522072E+03   3.8023558068896809E+03   4.4646183360545483E+03   2.1708318470940191E-01   1.6169438085672897E+06
   3.3500000000000000E+04   2.0496515297576461E+03   3.8023061330834153E+03   4.4466277425642484E+03   2.1409868212595204E-01   1.6164458645343524E+06
   3.3600000000000000E+04   2.0477826185660906E+03   3.8022091055665596E+03   4.4379731930773341E+03   2.1111148145103750E-01   1.6159322208586917E+06
   3.3700000000000000E+04   2.0436913550414727E+03   3.8020650378295422E+03   4.4189966701487465E+03   2.0812161787297209E-01   1.6154029937729631E+06
   3.3800000000000000E+04   2.0416131660346969E+03   3.8018742430048123E+03   4.4095484537368984E+03   2.0512912624625224E-01   1.6148582629140299E+06
   3.3900000000000000E+04   2.0348148286593012E+03   3.8016370338367697E+03   4.3782715583735908E+03   2.0213404097373830E-01   1.6142981263059166E+06
   3.4000000000000000E+04   2.0335740719687687E+03   3.8013537226683493E+03   4.3729060721686155E+03   1.9913639602629155E-01   1.6137227006285379E+06
   3.4100000000000000E+04   2.0290517102904539E+03   3.8010246214364292E+03   4.3524793525166697E+03   1.9613622504095540E-01   1.6131320593732742E+06
   3.4200000000000000E+04   2.0279806661878956E+03   3.8006500416382692E+03   4.3480442039172640E+03   1.9313356116386488E-01   1.6125263256205348E+06
   3.4300000000000000E+04   2.0220776690217681E+03   3.8002302943381205E+03   4.3215417540178823E+03   1.9012843724660994E-01   1.6119055790487563E+06
   3.4400000000000000E+04   2.0228433476703376E+03   3.7997656901340997E+03   4.3256424691787024E+03   1.8712088568914492E-01   1.6112699242037802E+06
   3.4500000000000000E+04   2.0159644592392883E+03   3.7992565391495864E+03   4.2949588801197897E+03   1.8411093849869739E-01   1.6106194594313710E+06
   3.4600000000000000E+04   2.0183190734251643E+03   3.7987031510222614E+03   4.3063713725952302E+03   1.8109862732904072E-01   1.6099542830751429E+06
   3.4700000000000000E+04   2.0160614116175889E+03   3.7981058348826750E+03   4.2968707799757949E+03   1.7808398342158555E-01   1.6092744934638634E+06
   3.4800000000000000E+04   2.0107414333863021E+03   3.7974648993456458E+03   4.2735880288249282E+03   1.7506703766428811E-01   1.6085801888991222E+06
   3.4900000000000000E+04   2.0067181619114663E+03   3.7967806524902912E+03   4.2563143645799064E+03   1.7204782054255999E-01   1.6078714708212521E+06
   3.5000000000000000E+04   2.0054600961637384E+03   3.7960534018525359E+03   4.2515704689253271E+03   1.6902636220799508E-01   1.6071484406546587E+06
   3.5100000000000000E+04   2.0058277661383906E+03   3.7952834544044608E+03   4.2541902451837523E+03   1.6600269241946042E-01   1.6064111934031416E+06
   3.5200000000000000E+04   1.9975265497584326E+03   3.7944711165439817E+03   4.2180248281930917E+03   1.6297684058236900E-01   1.6056598239595338E+06
   3.5300000000000000E+04   1.9973859096234492E+03   3.7936166940776520E+03   4.2184537737813080E+03   1.5994883571922539E-01   1.6048944367360626E+06
   3.5400000000000000E+04   1.9941465343994380E+03   3.7927204922124342E+03   4.2051317337474384E+03   1.5691870652853440E-01   1.6041151328944785E+06
   3.5500000000000000E+04   1.9898382561641831E+03   3.7917828155368302E+03   4.1871623997399520E+03   1.5388648133571073E-01   1.6033220005965361E+06
   3.5600000000000000E+04   1.9832037899014788E+03   3.7908039680071697E+03   4.1590706214711427E+03   1.5085218809307860E-01   1.6025151601798187E+06
   3.5700000000000000E+04   1.9766473198076089E+03   3.7897842529414847E+03   4.1315505460903614E+03   1.4781585445841713E-01   1.6016946931087137E+06
   3.5800000000000000E+04   1.9734431765609727E+03   3.7887239729992830E+03   4.1188291569317571E+03   1.4477750772623318E-01   1.6008606968191497E+06
   3.5900000000000000E+04   1.9691540436255923E+03   3.7876234301655695E+03   4.1014789957134108E+03   1.4173717479830691E-01   1.6000132881911886E+06
   3.6000000000000000E+04                      NaN   3.7864829257504321E+03                      NaN   1.3869488232114630E-01   1.5991525448534023E+06
   3.6100000000000000E+04   1.9625121242953057E+03   3.7853027603649052E+03   4.0754557404150314E+03   1.3565065656816880E-01   1.5982785768870160E+06
   3.6200000000000000E+04   1.9603844351347345E+03   3.7840832339100075E+03   4.0676990509580373E+03   1.3260452345933782E-01   1.5973914877442000E+06
   3.6300000000000000E+04   1.9543608236345322E+03   3.7828246455692715E+03   4.0432871579362518E+03   1.2955650862007165E-01   1.5964913675522662E+06
   3.6400000000000000E+04   1.9538503072004175E+03   3.7815272937925374E+03   4.0425842853336771E+03   1.2650663734197104E-01   1.5955783260193113E+06
   3.6500000000000000E+04   1.9497706234055297E+03   3.7801914762852252E+03   4.0266730351729343E+03   1.2345493460245528E-01   1.5946524462424568E+06
   3.6600000000000000E+04   1.9457629190803536E+03   3.7788174899959972E+03   4.0111642428265027E+03   1.2040142506476230E-01   1.5937138375649070E+06
   3.6700000000000000E+04   1.9412500123315372E+03   3.7774056311029162E+03   3.9936096118401911E+03   1.1734613305831224E-01   1.5927625959004466E+06
   3.6800000000000000E+04   1.9372487466672142E+03   3.7759561950031889E+03   3.9783198859939657E+03   1.1428908259834399E-01   1.5917988236074192E+06
   3.6900000000000000E+04   1.9379645654798244E+03   3.7744694763029511E+03   3.9829940314626215E+03   1.1123029740555136E-01   1.5908226161632298E+06
   3.7000000000000000E+04   1.9293695350711528E+03   3.7729457688071357E+03   3.9485248782256613E+03   1.0816980092571939E-01   1.5898340620732009E+06
   3.7100000000000000E+04   1.9302009951761963E+03   3.7713853655014550E+03   3.9537223447089495E+03   1.0510761625117916E-01   1.5888332764426693E+06
   3.7200000000000000E+04   1.9279131233291521E+03   3.7697885585475547E+03   3.9458829273859810E+03   1.0204376619935299E-01   1.5878203473060492E+06
   3.7300000000000000E+04                      NaN   3.7681556392685975E+03                      NaN   9.8978273273481895E-02   1.5867953826461902E+06
   3.7400000000000000E+04   1.9217888927503889E+03   3.7664868981444520E+03   3.9238903410629609E+03   9.5911159741170759E-02   1.5857584631632685E+06
   3.7500000000000000E+04   1.9155535445516621E+03   3.7647826247899184E+03   3.8998103471602781E+03   9.2842447496934141E-02   1.5847097031171059E+06
   3.7600000000000000E+04   1.9098547827224629E+03   3.7630431079564091E+03   3.8781087596232742E+03   8.9772158219286913E-02   1.5836491894045174E+06
   3.7700000000000000E+04   1.9050361827431764E+03   3.7612686355151441E+03   3.8601592343529869E+03   8.6700313292198850E-02   1.5825770153758714E+06
   3.7800000000000000E+04   1.9082425009833646E+03   3.7594594944438586E+03   3.8752671422991134E+03   8.3626933765822198E-02   1.5814932877525748E+06
   3.7900000000000000E+04   1.8998517042152175E+03   3.7576159708240848E+03   3.8427443321362362E+03   8.0552040454672860E-02   1.5803981130564497E+06
   3.8000000000000000E+04   1.8949562850773548E+03   3.7557383498309064E+03   3.8247144176234970E+03   7.7475653937630992E-02   1.5792915632226691E+06
   3.8100000000000000E+04   1.8905272267078456E+03   3.7538269157143745E+03   3.8086798545490956E+03   7.4397794440122567E-02   1.5781737510081951E+06
   3.8200000000000000E+04   1.8909422621004348E+03   3.7518819517999509E+03   3.8123708061790821E+03   7.1318481971573866E-02   1.5770447682896883E+06
   3.8300000000000000E+04   1.8834148648238486E+03   3.7499037404745577E+03   3.7839092097487642E+03   6.8237736266502522E-02   1.5759047135134230E+06
   3.8400000000000000E+04   1.8785401922739741E+03   3.7478925631772122E+03   3.7663133638369304E+03   6.5155576784517444E-02   1.5747536778905510E+06
   3.8500000000000000E+04   1.8766196956607894E+03   3.7458487003925611E+03   3.7606593040914026E+03   6.2072022749591463E-02   1.5735917661727034E+06
   3.8600000000000000E+04   1.8695557485124468E+03   3.7437724316390163E+03   3.7344621535526444E+03   5.8987093110788757E-02   1.5724190619572550E+06
   3.8700000000000000E+04   1.8669713529513585E+03   3.7416640354612618E+03   3.7262531783193481E+03   5.5900806561901148E-02   1.5712356623701146E+06
   3.8800000000000000E+04   1.8602425065073403E+03   3.7395237894215061E+03   3.7016391161998376E+03   5.2813181541448061E-02   1.5700416712135514E+06
   3.8900000000000000E+04   1.8622106200545504E+03   3.7373519700922270E+03   3.7115796787520590E+03   4.9724236252312856E-02   1.5688371850074471E+06
   3.9000000000000000E+04   1.8549344718761595E+03   3.7351488530490128E+03   3.6849289285764494E+03   4.6633988681379253E-02   1.5676222753349070E+06
   3.9100000000000000E+04   1.8495620733512071E+03   3.7329147128545424E+03   3.6659398410757622E+03   4.3542456481713315E-02   1.5663970625374520E+06
   3.9200000000000000E+04   1.8497839506000209E+03   3.7306498230634647E+03   3.6689996182307418E+03   4.0449657168926581E-02   1.5651616244656090E+06
   3.9300000000000000E+04   1.8409293151954421E+03   3.7283544562028751E+03   3.6365082072605524E+03   3.7355607944449393E-02   1.5639160667652260E+06
   3.9400000000000000E+04   1.8403136507088575E+03   3.7260288837722424E+03   3.6363188341020609E+03   3.4260325813348633E-02   1.5626604770925534E+06
   3.9500000000000000E+04   1.8372667437735081E+03   3.7236733762332560E+03   3.6266736668050603E+03   3.1163827545055166E-02   1.5613949426826702E+06
   3.9600000000000000E+04   1.8370936138236671E+03   3.7212882030024057E+03   3.6282636794498076E+03   2.8066129673363881E-02   1.5601195645804887E+06
   3.9700000000000000E+04   1.8361480106666459E+03   3.7188736324449451E+03   3.6268707150672167E+03   2.4967248516069875E-02   1.5588344292524827E+06
   3.9800000000000000E+04   1.8296619863895323E+03   3.7164299318653943E+03   3.6039464141412327E+03   2.1867200135695975E-02   1.5575396298773037E+06
   3.9900000000000000E+04   1.8232353240529658E+03   3.7139573675042166E+03   3.5813927742124183E+03   1.8766000398401591E-02   1.5562352664130460E+06
   4.0000000000000000E+04   1.8199947943990505E+03   3.7114562045303919E+03   3.5712232539897932E+03   1.5663664964164617E-02   1.5549214205494358E+06
   4.0100000000000000E+04   1.8185151512679690E+03   3.7089267070318992E+03   3.5678682724483888E+03   1.2560209237690583E-02   1.5535981878800376E+06
   4.0200000000000000E+04   1.8119936809570963E+03   3.7063691380127907E+03   3.5451881686704783E+03   9.4556484273216768E-03   1.5522656636317219E+06
   4.0300000000000000E+04   1.8088929675475335E+03   3.7037837593868558E+03   3.5356910406263437E+03   6.3499975450366968E-03   1.5509239282226460E+06
   4.0400000000000000E+04   1.8023118204661935E+03   3.7011708319697750E+03   3.5129853768035996E+03   3.2432713769965987E-03   1.5495730796646869E+06
   4.0500000000000000E+04   1.7982761779207178E+03   3.6985306154737582E+03   3.5000468188256850E+03   1.3548449336263553E-04   1.5482132011249815E+06
   4.0600000000000000E+04                      NaN   3.6958633685039313E+03                      NaN  -2.9733487124309617E-03   1.5468443898244798E+06
   4.0700000000000000E+04   1.7874651753974947E+03   3.6931693485493870E+03   3.4640274657420941E+03  -6.0832140825859884E-03   1.5454667389881662E+06
   4.0800000000000000E+04   1.7840401512998171E+03   3.6904488119809703E+03   3.4535663799063682E+03  -9.1940976360312780E-03   1.5440803268711769E+06
   4.0900000000000000E+04   1.7781857942053878E+03   3.6877020140448271E+03   3.4340736499156237E+03  -1.2305985588059004E-02   1.5426852531312306E+06
   4.1000000000000000E+04   1.7791072228850726E+03   3.6849292088561851E+03   3.4399247251603419E+03  -1.5418864369961044E-02   1.5412815951331416E+06
   4.1100000000000000E+04   1.7727958447692022E+03   3.6821306493974680E+03   3.4188168043268061E+03  -1.8532720570119968E-02   1.5398694407243868E+06
   4.1200000000000000E+04   1.7702672881767623E+03   3.6793065875092516E+03   3.4118501894216361E+03  -2.1647541012554377E-02   1.5384488846650936E+06
   4.1300000000000000E+04   1.7669392948486266E+03   3.6764572738897023E+03   3.4019458807766678E+03  -2.4763312678373537E-02   1.5370200139756673E+06
   4.1400000000000000E+04   1.7573427367131706E+03   3.6735829580884260E+03   3.3689640041459893E+03  -2.7880022735231932E-02   1.5355829115515235E+06
   4.1500000000000000E+04   1.7567033705846275E+03   3.6706838885005809E+03   3.3690534981520718E+03  -3.0997658566783722E-02   1.5341376672046832E+06
   4.1600000000000000E+04   1.7514439776477179E+03   3.6677603123675708E+03   3.3522005705235529E+03  -3.4116207674501117E-02   1.5326843629292184E+06
   4.1700000000000000E+04   1.7492411359589319E+03   3.6648124757650344E+03   3.3465946190407035E+03  -3.7235657834765012E-02   1.5312230950709509E+06
   4.1800000000000000E+04   1.7488264692202245E+03   3.6618406236091678E+03   3.3475569398905741E+03  -4.0355996892683439E-02   1.5297539336138491E+06
   4.1900000000000000E+04   1.7454588332627909E+03   3.6588449996426884E+03   3.3377283877036921E+03  -4.3477212968273143E-02   1.5282769851786019E+06
   4.2000000000000000E+04   1.7387734950568940E+03   3.6558258464407709E+03   3.3158474153021539E+03  -4.6599294260096284E-02   1.5267923039224732E+06
   4.2100000000000000E+04   1.7312889152078430E+03   3.6527834053980282E+03   3.2912003920421471E+03  -4.9722229241623672E-02   1.5253000105239714E+06
   4.2200000000000000E+04   1.7264538149564275E+03   3.6497179167354575E+03   3.2762372130973749E+03  -5.2846006445235107E-02   1.5238001581551938E+06
   4.2300000000000000E+04   1.7287964009594934E+03   3.6466296194878532E+03   3.2871889489120681E+03  -5.5970614658582774E-02   1.5222928442675648E+06
   4.2400000000000000E+04   1.7224140625781904E+03   3.6435187515063203E+03   3.2666871155071108E+03  -5.9096042806773233E-02   1.5207781584475108E+06
   4.2500000000000000E+04   1.7190586668512187E+03   3.6403855494561280E+03   3.2571429599672956E+03  -6.2222279932731044E-02   1.5192561673116502E+06
   4.2600000000000000E+04   1.7175831294741861E+03   3.6372302488085024E+03   3.2543717282440230E+03  -6.5349315315016754E-02   1.5177269594982353E+06
   4.2700000000000000E+04   1.7082600447566217E+03   3.6340530838442237E+03   3.2235591040441409E+03  -6.8477138330372667E-02   1.5161906232254268E+06
   4.2800000000000000E+04   1.7093737360174955E+03   3.6308542876457586E+03   3.2300545292268475E+03  -7.1605738571540720E-02   1.5146472462918921E+06
   4.2900000000000000E+04   1.7053828424192757E+03   3.6276340921009596E+03   3.2183643736835438E+03  -7.4735105709808222E-02   1.5130968857926880E+06
   4.3000000000000000E+04   1.7019529071819554E+03   3.6243927278947126E+03   3.2087068076453570E+03  -7.7865229632462216E-02   1.5115396436892976E+06
   4.3100000000000000E+04                      NaN   3.6211304245102688E+03                      NaN  -8.0996100364243956E-02   1.5099755988330352E+06
   4.3200000000000000E+04   1.6857381549839488E+03   3.6178474102272144E+03   3.1565209895762387E+03  -8.4127708067349261E-02   1.5084048219878383E+06
   4.3300000000000000E+04   1.6875493299446493E+03   3.6145439121195554E+03   3.1654064901772608E+03  -8.7260043041428093E-02   1.5068273986270500E+06
   4.3400000000000000E+04   1.6829985204258737E+03   3.6112201560523354E+03   3.1519603697391303E+03  -9.0393095762857589E-02   1.5052434137935156E+06
   4.3500000000000000E+04   1.6763757596098274E+03   3.6078763666824802E+03   3.1313251793082077E+03  -9.3526856825832824E-02   1.5036529368049747E+06
   4.3600000000000000E+04   1.6787221922985386E+03   3.6045127674556643E+03   3.1420735220170782E+03  -9.6661316981639600E-02   1.5020560441030469E+06
   4.3700000000000000E+04   1.6731033815872229E+03   3.6011295806065477E+03   3.1249897340146067E+03  -9.9796467099381655E-02   1.5004528193139960E+06
   4.3800000000000000E+04   1.6728445135505724E+03   3.5977270271551438E+03   3.1266520819282905E+03  -1.0293229822488981E-01   1.4988433456283133E+06
   4.3900000000000000E+04   1.6676201053105337E+03   3.5943053269088664E+03   3.1110093961303901E+03  -1.0606880150217665E-01   1.4972276904063558E+06
   4.4000000000000000E+04   1.6657991532251044E+03   3.5908646984583952E+03   3.1072497187689382E+03  -1.0920596825198160E-01   1.4956059435947617E+06
   4.4100000000000000E+04   1.6603322372791954E+03   3.5874053591806605E+03   3.0908452296603400E+03  -1.1234378987358960E-01   1.4939781638674799E+06
   4.4200000000000000E+04   1.6540919383048754E+03   3.5839275252342309E+03   3.0718397293063776E+03  -1.1548225794301249E-01   1.4923444479725889E+06
   4.4300000000000000E+04   1.6489868133457369E+03   3.5804314115609845E+03   3.0568229548021204E+03  -1.1862136415408019E-01   1.4907048535910393E+06
   4.4400000000000000E+04   1.6478783418291882E+03   3.5769172318862934E+03   3.0555757415375624E+03  -1.2176110029880428E-01   1.4890594610836061E+06
   4.4500000000000000E+04   1.6383633687251070E+03   3.5733851987149187E+03   3.0255490254339065E+03  -1.2490145836555970E-01   1.4874083581378390E+06
   4.4600000000000000E+04   1.6405101999895160E+03   3.5698355233366046E+03   3.0354401704315605E+03  -1.2804243038199414E-01   1.4857516087004642E+06
   4.4700000000000000E+04   1.6335247097314884E+03   3.5662684158207394E+03   3.0141542101129121E+03  -1.3118400855248205E-01   1.4840892761776426E+06
   4.4800000000000000E+04   1.6313702370178896E+03   3.5626840850185054E+03   3.0093797474778157E+03  -1.3432618519921632E-01   1.4824214468481450E+06
   4.4900000000000000E+04   1.6265759221853473E+03   3.5590827385628945E+03   2.9956521956613328E+03  -1.3746895276220744E-01   1.4807481987753741E+06
   4.5000000000000000E+04   1.6204166189801424E+03   3.5554645828695470E+03   2.9773597377384672E+03  -1.4061230377964787E-01   1.4790695939182162E+06
   4.5100000000000000E+04   1.6171492671077428E+03   3.5518298231355898E+03   2.9688823705180553E+03  -1.4375623092718426E-01   1.4773857093742630E+06
   4.5200000000000000E+04   1.6128698455334404E+03   3.5481786633407082E+03   2.9570218044845851E+03  -1.4690072699828133E-01   1.4756966217936708E+06
   4.5300000000000000E+04   1.6103132392953817E+03   3.5445113062482783E+03   2.9509767281877703E+03  -1.5004578488458550E-01   1.4740023995139285E+06
   4.5400000000000000E+04   1.6070258871590950E+03   3.5408279534052331E+03   2.9424946236325450E+03  -1.5319139759556119E-01   1.4723031025019011E+06
   4.5500000000000000E+04   1.6045834079528358E+03   3.5371288051420793E+03   2.9368615095810023E+03  -1.5633755827812701E-01   1.4705988296190854E+06
   4.5600000000000000E+04   1.6023185290182280E+03   3.5334140605769653E+03   2.9318357002183338E+03  -1.5948426011847466E-01   1.4688896162253860E+06
   4.5700000000000000E+04   1.5985355757343245E+03   3.5296839176112467E+03   2.9217461916545421E+03  -1.6263149649915870E-01   1.4671755523749718E+06
   4.5800000000000000E+04   1.5938220496200424E+03   3.5259385729357255E+03   2.9085816384960322E+03  -1.6577926084200667E-01   1.4654567039980467E+06
   4.5900000000000000E+04   1.5882122393283737E+03   3.5221782220277660E+03   2.8924844652708930E+03  -1.6892754672593679E-01   1.4637331523982126E+06
   4.6000000000000000E+04   1.5822479052421374E+03   3.5184030591556862E+03   2.8752788013367981E+03  -1.7207634778877623E-01   1.4620049466949946E+06
   4.6100000000000000E+04   1.5779008352219621E+03   3.5146132773780500E+03   2.8634665142560539E+03  -1.7522565778617005E-01   1.4602721592909696E+06
   4.6200000000000000E+04   1.5734194267499024E+03   3.5108090685450197E+03   2.8512463744464644E+03  -1.7837547059158149E-01   1.4585348701085495E+06
   4.6300000000000000E+04   1.5688303179993902E+03   3.5069906233010297E+03   2.8387090581333346E+03  -1.8152578015701917E-01   1.4567931267503400E+06
   4.6400000000000000E+04   1.5646861076839436E+03   3.5031581310850524E+03   2.8276615780668553E+03  -1.8467658055230943E-01   1.4550470241771434E+06
   4.6500000000000000E+04   1.5608147546117884E+03   3.4993117801340231E+03   2.8175320289432034E+03  -1.8782786590618822E-01   1.4532966010252761E+06
   4.6600000000000000E+04   1.5589170585657639E+03   3.4954517574814899E+03   2.8138506246144520E+03  -1.9097963050448130E-01   1.4515419353687502E+06
   4.6700000000000000E+04   1.5562266858481958E+03   3.4915782489630164E+03   2.8075970021788698E+03  -1.9413186867228793E-01   1.4497830968540295E+06
   4.6800000000000000E+04   1.5525088366984501E+03   3.4876914392156068E+03   2.7980159453773094E+03  -1.9728457485252493E-01   1.4480201466459793E+06
   4.6900000000000000E+04   1.5422588231386158E+03   3.4837915116802560E+03   2.7673539717222529E+03  -2.0043774358629082E-01   1.4462531534649308E+06
   4.7000000000000000E+04   1.5429124529440594E+03   3.4798786486051235E+03   2.7719369154166166E+03  -2.0359136947359335E-01   1.4444821694696301E+06
   4.7100000000000000E+04   1.5344950659812316E+03   3.4759530310452978E+03   2.7473336387921772E+03  -2.0674544725189464E-01   1.4427072785597329E+06
   4.7200000000000000E+04   1.5357000877890187E+03   3.4720148388672928E+03   2.7536708532969988E+03  -2.0989997171756530E-01   1.4409285319599176E+06
   4.7300000000000000E+04   1.5328452490377711E+03   3.4680642507512607E+03   2.7469789235300427E+03  -2.1305493772588566E-01   1.4391459884521619E+06
   4.7400000000000000E+04   1.5284524064182351E+03   3.4641014441904958E+03   2.7353689047594776E+03  -2.1621034028922620E-01   1.4373597144344454E+06
   4.7500000000000000E+04   1.5273151413180979E+03   3.4601265954972250E+03   2.7342055164013859E+03  -2.1936617445923032E-01   1.4355697839723171E+06
   4.7600000000000000E+04   1.5176698538844880E+03   3.4561398798039309E+03   2.7058862072930301E+03  -2.2252243536608657E-01   1.4337762544867562E+06
   4.7700000000000000E+04                      NaN   3.4521414710658787E+03                      NaN  -2.2567911821852937E-01   1.4319791747799935E+06
   4.7800000000000000E+04   1.5144871327900762E+03   3.4481315420621236E+03   2.7006779672518251E+03  -2.2883621836274673E-01   1.4301786175621115E+06
   4.7900000000000000E+04   1.5125136498766815E+03   3.4441102644019684E+03   2.6968693915777039E+03  -2.3199373114492711E-01   1.4283746388336977E+06
   4.8000000000000000E+04   1.5071144437973578E+03   3.4400778085234069E+03   2.6821982493947467E+03  -2.3515165206834968E-01   1.4265673104473641E+06
   4.8100000000000000E+04   1.5046725991705437E+03   3.4360343437001961E+03   2.6769230266770719E+03  -2.3830997663629355E-01   1.4247566711520550E+06
   4.8200000000000000E+04   1.4948116859004915E+03   3.4319800380410329E+03   2.6482798260523905E+03  -2.4146870048949204E-01   1.4229428000687344E+06
   4.8300000000000000E+04   1.4940841679059570E+03   3.4279150584951162E+03   2.6484185575625147E+03  -2.4462781930795116E-01   1.4211257431754905E+06
   4.8400000000000000E+04   1.4926480258270890E+03   3.4238395708530861E+03   2.6463389348122528E+03  -2.4778732888949528E-01   1.4193055705562583E+06
   4.8500000000000000E+04   1.4883822571368421E+03   3.4197537397526521E+03   2.6353815596011350E+03  -2.5094722505158457E-01   1.4174823354636303E+06
   4.8600000000000000E+04   1.4837321579479999E+03   3.4156577286791576E+03   2.6232486848170256E+03  -2.5410750372949770E-01   1.4156560906763123E+06
   4.8700000000000000E+04   1.4813242168902107E+03   3.4115516999707988E+03   2.6181443351300163E+03  -2.5726816089778581E-01   1.4138269049771652E+06
   4.8800000000000000E+04   1.4769018238745330E+03   3.4074358148208462E+03   2.6067648605231225E+03  -2.6042919260954539E-01   1.4119948220096796E+06
   4.8900000000000000E+04   1.4716610541638292E+03   3.4033102332804633E+03   2.5928720285774293E+03  -2.6359059501605436E-01   1.4101599096862979E+06
   4.9000000000000000E+04   1.4693867217510917E+03   3.3991751142635326E+03   2.5882126751228170E+03  -2.6675236430786364E-01   1.4083222189897050E+06
   4.9100000000000000E+04   1.4661831878013409E+03   3.3950306155495687E+03   2.5806793938081032E+03  -2.6991449673443330E-01   1.4064818087142305E+06
   4.9200000000000000E+04   1.4631088299439734E+03   3.3908768937861978E+03   2.5735574821503137E+03  -2.7307698864340452E-01   1.4046387372285679E+06
   4.9300000000000000E+04   1.4569111551817423E+03   3.3867141044941268E+03   2.5568110775283776E+03  -2.7623983642169192E-01   1.4027930458723351E+06
   4.9400000000000000E+04   1.4536695996950768E+03   3.3825424020697387E+03   2.5492085603129617E+03  -2.7940303653475440E-01   1.4009448087264297E+06
   4.9500000000000000E+04   1.4492370413398621E+03   3.3783619397887173E+03   2.5379628173019519E+03  -2.8256658552659752E-01   1.3990940662439540E+06
   4.9600000000000000E+04   1.4466525052701220E+03   3.3741728698111046E+03   2.5324015896917008E+03  -2.8573047996086209E-01   1.3972408750369672E+06
   4.9700000000000000E+04   1.4387385295848273E+03   3.3699753431835911E+03   2.5105742267589239E+03  -2.8889471647973480E-01   1.3953852912987010E+06
   4.9800000000000000E+04   1.4337911893024814E+03   3.3657695098423615E+03   2.4978596380348436E+03  -2.9205929184322027E-01   1.3935273708050880E+06
   4.9900000000000000E+04   1.4292584541002113E+03   3.3615555186201282E+03   2.4864353065240171E+03  -2.9522420279168665E-01   1.3916671605496944E+06
   5.0000000000000000E+04   1.4262388903988674E+03   3.3573335172476386E+03   2.4796090071215276E+03  -2.9838944614404728E-01   1.3898047070702612E+06


