#Te   kappa_tot   kappa_e_ph  kappa_e_e mu Ce
#[K]  [W/(K*m)]   [W/(K*m)]   [W/(K*m)]   [eV]  [J/(m^3*K)]
   3.0000000000000000E+02   1.9869458410423986E-22   1.9869542226699204E-22   4.7102670918562276E-17  -3.9097033417800957E+00   4.7208319076619100E-11
   4.0000000000000000E+02   3.1896553829871034E-15   3.1899032664953204E-15   4.1046264829690871E-11  -3.9097033417800957E+00   3.0814529566371696E-07
   5.0000000000000000E+02   8.5949357605094061E-12   8.5952813992959672E-12   2.1373727238706217E-07  -3.9097033417800957E+00   6.6172288295890879E-05
   6.0000000000000000E+02   4.5227643091278474E-10   4.5227650337413278E-10   2.8229395169766017E-03  -4.0359735093272029E+00   1.1187816611720294E-03
   7.0000000000000000E+02   2.2186149215250612E-08   2.2186256089039183E-08   4.6056904568966559E-03  -4.0254509953649427E+00   2.0838657795547711E-02
   8.0000000000000000E+02   3.5991455501765116E-07   3.5992061812712443E-07   2.1365385151876869E-02  -4.0224915383130586E+00   1.9888360824394710E-01
   9.0000000000000000E+02   3.1424998554350094E-06   3.1426212477438240E-06   8.1353480407352824E-02  -4.0191210455595217E+00   1.1797902828996869E+00
   1.0000000000000000E+03   1.7679361330657667E-05   1.7680618555742495E-05   2.4862854533218118E-01  -4.0162746233255895E+00   4.9906010469802915E+00
   1.1000000000000000E+03   7.2175071426511806E-05   7.2183298611832374E-05   6.3324630844100460E-01  -4.0140036510739705E+00   1.6470860359179536E+01
   1.2000000000000000E+03   2.3186306609441465E-04   2.3190125411543571E-04   1.4080157696761710E+00  -4.0122824390733083E+00   4.4993623234828313E+01
   1.3000000000000000E+03   6.1984990239851866E-04   6.1998853995784919E-04   2.7719749095179300E+00  -4.0110538276713434E+00   1.0607798936671898E+02
   1.4000000000000000E+03   1.4351806754290307E-03   1.4355914046711722E-03   5.0162803871796182E+00  -4.0102375364575948E+00   2.2245713012168127E+02
   1.5000000000000000E+03   2.9632935297663572E-03   2.9643445520126698E-03   8.3577898201450296E+00  -4.0097513582917372E+00   4.2438024848913273E+02
   1.6000000000000000E+03   5.5767628003214756E-03   5.5791141102802012E-03   1.3232366882766978E+01  -4.0095183845405273E+00   7.4909887166069234E+02
   1.7000000000000000E+03   9.7266241482758305E-03   9.7313306038958325E-03   2.0111311545025771E+01  -4.0094689318076746E+00   1.2396690383464061E+03
   1.8000000000000000E+03   1.5925559168936242E-02   1.5934528556903554E-02   2.8292485316380041E+01  -4.0095437130100331E+00   1.9432611264861416E+03
   1.9000000000000000E+03   2.4727840915103893E-02   2.4743345036716175E-02   3.9463667473472405E+01  -4.0096931750642435E+00   2.9092140834467195E+03
   2.0000000000000000E+03   2.4727840915103893E-02   3.6730614938742738E-02   3.9463667473472405E+01  -4.0098768365733148E+00   4.1870363863213915E+03
   2.1000000000000000E+03   5.2423827984609810E-02   5.2464734058015036E-02   6.7237013102413925E+01  -4.0100621839710087E+00   5.8245234601360180E+03
   2.2000000000000000E+03   7.2426906601219532E-02   7.2489413414351223E-02   8.3993787427251874E+01  -4.0102234372105050E+00   7.8661104371195397E+03
   2.3000000000000000E+03   9.7214620334016594E-02   9.7306757732695315E-02   1.0266883637449250E+02  -4.0103405412417663E+00   1.0351529554688294E+04
   2.4000000000000000E+03   1.2723397464424913E-01   1.2736447409207879E-01   1.2417744700623071E+02  -4.0103981524713355E+00   1.3314807198313792E+04
   2.5000000000000000E+03   1.6286386117767529E-01   1.6304701314211451E-01   1.4498597487129356E+02  -4.0103848158881448E+00   1.6783598336519110E+04
   2.6000000000000000E+03   2.0442591343142824E-01   2.0467104189711152E-01   1.7068627495443977E+02  -4.0102922751537289E+00   2.0778837429894567E+04
   2.7000000000000000E+03   2.5216071306718590E-01   2.5248402163679090E-01   1.9692194058385959E+02  -4.0101148629728591E+00   2.5314668018437525E+04
   2.8000000000000000E+03   3.0624757686014270E-01   3.0666615270586667E-01   2.2436976985320325E+02  -4.0098490118847945E+00   3.0398606768901089E+04
   2.9000000000000000E+03   3.6680615203135392E-01   3.6733443783094333E-01   2.5505234430700833E+02  -4.0094928403174199E+00   3.6031893018859198E+04
   3.0000000000000000E+03   4.3389217070263103E-01   4.3454857473590203E-01   2.8724263534507492E+02  -4.0090458189217708E+00   4.2209977668500636E+04
   3.1000000000000000E+03   5.0750766423109883E-01   5.0831782171839035E-01   3.1842597820061712E+02  -4.0085084808099518E+00   4.8923108657185956E+04
   3.2000000000000000E+03   5.8762602835725397E-01   5.8860863437298683E-01   3.5200451507049354E+02  -4.0078821995296137E+00   5.6156972358828338E+04
   3.3000000000000000E+03   6.7415838063530076E-01   6.7535226023472650E-01   3.8135703662013987E+02  -4.0071689908716852E+00   6.3893363290052162E+04
   3.4000000000000000E+03   7.6704009678587204E-01   7.6845228210384320E-01   4.1739119175029356E+02  -4.0063713704980906E+00   7.2110847836406290E+04
   3.5000000000000000E+03   8.6612177275090696E-01   8.6779150507538549E-01   4.5013988513924090E+02  -4.0054922178413657E+00   8.0785412225786480E+04
   3.6000000000000000E+03   9.7127673316098151E-01   9.7323835151580884E-01   4.8188974390507565E+02  -4.0045346820260512E+00   8.9891070061798251E+04
   3.7000000000000000E+03   1.0823916887195912E+00   1.0846523801815784E+00   5.1931842146494432E+02  -4.0035020978251357E+00   9.9400423901530332E+04
   3.8000000000000000E+03   1.0823916887195912E+00   1.2018889270196902E+00   5.1931842146494432E+02  -4.0023979216866019E+00   1.0928517213798313E+05
   3.9000000000000000E+03   1.3218325781560831E+00   1.3248030969890496E+00   5.8951583602430799E+02  -4.0012256796766081E+00   1.1951656237705289E+05
   4.0000000000000000E+03   1.4498204622519768E+00   1.4532527139428391E+00   6.1386975993248814E+02  -3.9999889260848844E+00   1.3006578247226792E+05
   4.1000000000000000E+03   1.5832605065506300E+00   1.5871006904854301E+00   6.5434205387757697E+02  -3.9986912120652183E+00   1.4090430019944959E+05
   4.2000000000000000E+03   1.7218752100364201E+00   1.7262166097594402E+00   6.8464775812674839E+02  -3.9973360630565713E+00   1.5200414295079323E+05
   4.3000000000000000E+03   1.8655719066800818E+00   1.8704778094637780E+00   7.1128821895957140E+02  -3.9959269555770320E+00   1.6333813485408673E+05
   4.4000000000000000E+03   2.0142783748793867E+00   2.0197698487647169E+00   7.4085369675857271E+02  -3.9944673081295443E+00   1.7488008102669669E+05
   4.5000000000000000E+03   2.1678987968049048E+00   2.1739866122967322E+00   7.7416652449392552E+02  -3.9929604677173223E+00   1.8660491403116976E+05
   4.6000000000000000E+03   2.3262360639206379E+00   2.3330300288472148E+00   7.9882346317158340E+02  -3.9914097035719194E+00   1.9848880414257932E+05
   4.7000000000000000E+03   2.4892656376060511E+00   2.4968095975288054E+00   8.2386735857741428E+02  -3.9898182018221302E+00   2.1050923624871805E+05
   4.8000000000000000E+03   2.6569138825114025E+00   2.6652415727864973E+00   8.5033389824313997E+02  -3.9881890636124027E+00   2.2264505384338449E+05
   4.9000000000000000E+03   2.8290614494548625E+00   2.8382481621283095E+00   8.7404262491760505E+02  -3.9865253019668940E+00   2.3487649177034717E+05
   5.0000000000000000E+03   3.0057547150893171E+00   3.0157564761675086E+00   9.0630281776743493E+02  -3.9848298425734519E+00   2.4718517325986491E+05
   5.1000000000000000E+03   3.1866042262014918E+00   3.1976975848251019E+00   9.1854928553653826E+02  -3.9831055228428380E+00   2.5955410446513968E+05
   5.2000000000000000E+03   3.3719422672988886E+00   3.3840054333440488E+00   9.4591012929314491E+02  -3.9813550939470832E+00   2.7196764425604756E+05
   5.3000000000000000E+03   3.5615870907876377E+00   3.5746158257061298E+00   9.7717128017474283E+02  -3.9795812212898993E+00   2.8441147044514900E+05
   5.4000000000000000E+03   3.7553219926955959E+00   3.7694655250998590E+00   1.0008501682966237E+03  -3.9777864867018264E+00   2.9687253287316090E+05
   5.5000000000000000E+03   3.9530231070341761E+00   3.9684912477414631E+00   1.0141837923024694E+03  -3.9759733901650245E+00   3.0933900122923055E+05
   5.6000000000000000E+03   4.1553472070149136E+00   4.1716288654806171E+00   1.0646683439154328E+03  -3.9741443515380381E+00   3.2180021131520724E+05
   5.7000000000000000E+03   4.3607053017344724E+00   4.3788126850754336E+00   1.0545262853035272E+03  -3.9723017125941693E+00   3.3424660234797752E+05
   5.8000000000000000E+03   4.5704775623629992E+00   4.5899747423609245E+00   1.0759697850666671E+03  -3.9704477392166426E+00   3.4666965555070085E+05
   5.9000000000000000E+03   4.7839863526451927E+00   4.8050441907683306E+00   1.0916251562991542E+03  -3.9685846231233839E+00   3.5906183110047533E+05
   6.0000000000000000E+03   5.0017760785228011E+00   5.0239468696737744E+00   1.1334127456882063E+03  -3.9667144840621869E+00   3.7141650605875126E+05
   6.1000000000000000E+03   5.2223844009756268E+00   5.2466049337559131E+00   1.1312628013876435E+03  -3.9648393708298912E+00   3.8372791045100638E+05
   6.2000000000000000E+03   5.4467949489826202E+00   5.4729364439223875E+00   1.1403312108793075E+03  -3.9629612640163510E+00   3.9599106701578636E+05
   6.3000000000000000E+03   5.6748479223282926E+00   5.7028552559972727E+00   1.1555129339812383E+03  -3.9610820769452184E+00   4.0820172980852576E+05
   6.4000000000000000E+03   5.9059942287553531E+00   5.9362707692115286E+00   1.1579784339640564E+03  -3.9592036572419151E+00   4.2035633019848436E+05
   6.5000000000000000E+03   6.1408630506778952E+00   6.1730879223630639E+00   1.1763611629358884E+03  -3.9573277884800140E+00   4.3245191663546889E+05
   6.6000000000000000E+03   6.3790877843426026E+00   6.4132072087006859E+00   1.1990358141487200E+03  -3.9554561915924182E+00   4.4448610331007326E+05
   6.7000000000000000E+03   6.6200877288204580E+00   6.6565246454445077E+00   1.2093991809617833E+03  -3.9535905257337380E+00   4.5645702273772151E+05
   6.8000000000000000E+03   6.8641955863536799E+00   6.9029319528497899E+00   1.2232194015515195E+03  -3.9517323896130918E+00   4.6836327552963624E+05
   6.9000000000000000E+03   7.1110417449858518E+00   7.1523166516989640E+00   1.2322359112063352E+03  -3.9498833229836636E+00   4.8020388214852201E+05
   7.0000000000000000E+03   7.3606916377098450E+00   7.4045623822795612E+00   1.2423472850235007E+03  -3.9480448071131002E+00   4.9197824847363186E+05
   7.1000000000000000E+03   7.6131861940920809E+00   7.6595489974606901E+00   1.2577663222134208E+03  -3.9462182661163068E+00   5.0368611929854099E+05
   7.2000000000000000E+03   7.8681079203898481E+00   7.9171529381385044E+00   1.2701190987174198E+03  -3.9444050679746110E+00   5.1532754370319936E+05
   7.3000000000000000E+03   8.1255448536888384E+00   8.1772474704517144E+00   1.2851301396523991E+03  -3.9426065251629647E+00   5.2690284261488926E+05
   7.4000000000000000E+03   8.3843999417624993E+00   8.4397030852874266E+00   1.2795266515886422E+03  -3.9408238955907313E+00   5.3841257538269530E+05
   7.5000000000000000E+03   8.6462123084470512E+00   8.7043876862925185E+00   1.2936741751919731E+03  -3.9390583838560604E+00   5.4985750744444493E+05
   7.6000000000000000E+03   8.9097353798341761E+00   8.9711670501785683E+00   1.3011322013104821E+03  -3.9373111414810928E+00   5.6123858891900047E+05
   7.7000000000000000E+03   9.1750509480198286E+00   9.2399051520908841E+00   1.3071874327903802E+03  -3.9355832682447311E+00   5.7255692703631707E+05
   7.8000000000000000E+03   9.4421594155266622E+00   9.5104645622502257E+00   1.3146787148544959E+03  -3.9338758126530395E+00   5.8381376229355054E+05
   7.9000000000000000E+03   9.7117606890568080E+00   9.7827066935577900E+00   1.3391494978093217E+03  -3.9321897728800259E+00   5.9501044862323022E+05
   8.0000000000000000E+03   9.9819353442799326E+00   1.0056492183977708E+01   1.3463990048081153E+03  -3.9305260977084369E+00   6.0614843666819681E+05
   8.1000000000000000E+03   1.0252399808154676E+01   1.0331681235519607E+01   1.3360572612976280E+03  -3.9288856871569324E+00   6.1722925006968563E+05
   8.2000000000000000E+03   1.0525567925608540E+01   1.0608134191698444E+01   1.3523275580503346E+03  -3.9272693934208860E+00   6.2825447978747007E+05
   8.3000000000000000E+03   1.0798959363429818E+01   1.0885711509543261E+01   1.3550599207062442E+03  -3.9256780216171716E+00   6.3922575954620610E+05
   8.4000000000000000E+03   1.1073066089669403E+01   1.1164274108984142E+01   1.3553933741875460E+03  -3.9241123307641397E+00   6.5014476163831877E+05
   8.5000000000000000E+03   1.1348430660929697E+01   1.1443684102209884E+01   1.3633927949910737E+03  -3.9225730344088201E+00   6.6101318231622432E+05
   8.6000000000000000E+03   1.1624352733251547E+01   1.1723804500117774E+01   1.3703289863956272E+03  -3.9210608018812905E+00   6.7183272930560727E+05
   8.7000000000000000E+03   1.1900666197014710E+01   1.2004499762503434E+01   1.3758705469014137E+03  -3.9195762586474876E+00   6.8260511938723538E+05
   8.8000000000000000E+03   1.2177628148741459E+01   1.2285636173215710E+01   1.3851740147678827E+03  -3.9181199876811728E+00   6.9333206150278391E+05
   8.9000000000000000E+03   1.2454407929231445E+01   1.2567081931896482E+01   1.3891009563688863E+03  -3.9166925300911264E+00   7.0401525940884103E+05
   9.0000000000000000E+03   1.2733316327481953E+01   1.2848707241925087E+01   1.4178469292854784E+03  -3.9152943862187386E+00   7.1465639830004680E+05
   9.1000000000000000E+03   1.3009725028850287E+01   1.3130384967426798E+01   1.4157366559643253E+03  -3.9139260164219838E+00   7.2525714311264153E+05
   9.2000000000000000E+03   1.3286041721708518E+01   1.3411990094120355E+01   1.4148039911064134E+03  -3.9125878421338212E+00   7.3581913080314628E+05
   9.3000000000000000E+03   1.3562919608795593E+01   1.3693400642194749E+01   1.4233677281890489E+03  -3.9112802466853678E+00   7.4634397195065196E+05
   9.4000000000000000E+03   1.3839393456560554E+01   1.3974497316427684E+01   1.4314806912984648E+03  -3.9100035764034957E+00   7.5683324238199531E+05
   9.5000000000000000E+03   1.4116689092004815E+01   1.4255163977225003E+01   1.4532289916835755E+03  -3.9087581414732062E+00   7.6728848275858012E+05
   9.6000000000000000E+03   1.4389967343971106E+01   1.4535287358607851E+01   1.4393221122943360E+03  -3.9075442171528207E+00   7.7771119115899049E+05
   9.7000000000000000E+03   1.4662458494623653E+01   1.4814757504438980E+01   1.4262782619542299E+03  -3.9063620444011691E+00   7.8810282917978044E+05
   9.8000000000000000E+03   1.4934317217398251E+01   1.5093467783846812E+01   1.4163357430927065E+03  -3.9052118310927733E+00   7.9846481714249263E+05
   9.9000000000000000E+03   1.5209519004544251E+01   1.5371314994193698E+01   1.4449697303101711E+03  -3.9040937529194282E+00   8.0879852844724315E+05
   1.0000000000000000E+04   1.5483093193014149E+01   1.5648199190533523E+01   1.4674362531345957E+03  -3.9030079545661907E+00   8.1910529288942751E+05
   1.0100000000000000E+04   1.5751358966068231E+01   1.5924023922367814E+01   1.4526689280845051E+03  -3.9019545504169661E+00   8.2938639706598618E+05
   1.0200000000000000E+04   1.6020068310537816E+01   1.6198696207254450E+01   1.4527642353284327E+03  -3.9009336258088871E+00   8.3964307834416837E+05
   1.0300000000000000E+04   1.6287375863667954E+01   1.6472126778937383E+01   1.4521590852813374E+03  -3.8999452377771138E+00   8.4987653114354296E+05
   1.0400000000000000E+04   1.6554375300386294E+01   1.6744229496496526E+01   1.4600165015044497E+03  -3.8989894162307981E+00   8.6008790130773338E+05
   1.0500000000000000E+04   1.6818078776483382E+01   1.7014922066219128E+01   1.4537366250561856E+03  -3.8980661648154884E+00   8.7027828960568632E+05
   1.0600000000000000E+04   1.7083486637959766E+01   1.7284125515651571E+01   1.4716645681651451E+03  -3.8971754620107051E+00   8.8044874661538238E+05
   1.0700000000000000E+04   1.7346071401724497E+01   1.7551764499564804E+01   1.4801379503364496E+03  -3.8963172618747253E+00   8.9060028259260033E+05
   1.0800000000000000E+04   1.7604867989767104E+01   1.7817766796228959E+01   1.4733733717585333E+03  -3.8954914951421777E+00   9.0073385743799957E+05
   1.0900000000000000E+04   1.7862925967952968E+01   1.8082063932294911E+01   1.4739507612946800E+03  -3.8946980702040190E+00   9.1085038564305822E+05
   1.1000000000000000E+04   1.8118398719372731E+01   1.8344590770681602E+01   1.4694354112075662E+03  -3.8939368739307265E+00   9.2095073665310268E+05
   1.1100000000000000E+04   1.8373502039310438E+01   1.8605285042806809E+01   1.4748460306379477E+03  -3.8932077725738798E+00   9.3103573627593997E+05
   1.1200000000000000E+04   1.8628765927259646E+01   1.8864088294451008E+01   1.4933331219752661E+03  -3.8925106127461540E+00   9.4110616403385275E+05
   1.1300000000000000E+04   1.8880378793375950E+01   1.9120944916601708E+01   1.5006713250889904E+03  -3.8918452222444997E+00   9.5116275580009667E+05
   1.1400000000000000E+04   1.9125762193069576E+01   1.9375802492351770E+01   1.4820690577976550E+03  -3.8912114109909313E+00   9.6120620428223908E+05
   1.1500000000000000E+04   1.9373412402673651E+01   1.9628611773402287E+01   1.4901023842353329E+03  -3.8906089717381223E+00   9.7123715863738756E+05
   1.1600000000000000E+04   1.9620012855274069E+01   1.9879326281959628E+01   1.5040973473355214E+03  -3.8900376811277821E+00   9.8125622555589012E+05
   1.1700000000000000E+04   1.9860168989873571E+01   2.0127902662182503E+01   1.4930641515327179E+03  -3.8894973002002500E+00   9.9126397152353101E+05
   1.1800000000000000E+04   2.0101364433599880E+01   2.0374300240412005E+01   1.5005405080250907E+03  -3.8889875755312806E+00   1.0012609191238460E+06
   1.1900000000000000E+04   2.0338698991285916E+01   2.0618481186014598E+01   1.4988555040341657E+03  -3.8885082398200379E+00   1.0112475511849007E+06
   1.2000000000000000E+04   2.0574502036508623E+01   2.0860410298968592E+01   1.5011547777099640E+03  -3.8880590125946735E+00   1.0212243115770873E+06
   1.2100000000000000E+04   2.0807178591358898E+01   2.1100055011979325E+01   1.4990370750629349E+03  -3.8876396011139258E+00   1.0311916035010793E+06
   1.2200000000000000E+04   2.1040380226009802E+01   2.1337385177890031E+01   1.5115798384151956E+03  -3.8872497010727085E+00   1.0411497910135678E+06
   1.2300000000000000E+04   2.1267742361643680E+01   2.1572373158975644E+01   1.5060712130637553E+03  -3.8868889971508866E+00   1.0510992009341447E+06
   1.2400000000000000E+04   2.1493874720828348E+01   2.1804993637529115E+01   1.5064137099200507E+03  -3.8865571638756879E+00   1.0610401211893610E+06
   1.2500000000000000E+04   2.1716308048558922E+01   2.2035223568350741E+01   1.5004716711232500E+03  -3.8862538662488748E+00   1.0709728036164464E+06
   1.2600000000000000E+04   2.1939008868541094E+01   2.2263042027745755E+01   1.5073428833217770E+03  -3.8859787602563407E+00   1.0808974628385478E+06
   1.2700000000000000E+04   2.2155302211550051E+01   2.2488430305668881E+01   1.4956347977896687E+03  -3.8857314936913094E+00   1.0908142784386266E+06
   1.2800000000000000E+04   2.2374249384070588E+01   2.2711371574205796E+01   1.5073166535011217E+03  -3.8855117067031109E+00   1.1007233934998752E+06
   1.2900000000000000E+04   2.2587821929032401E+01   2.2931851255178131E+01   1.5056291231277421E+03  -3.8853190322283848E+00   1.1106249178784618E+06
   1.3000000000000000E+04   2.2800302675792718E+01   2.3149856141684999E+01   1.5099942596310389E+03  -3.8851530968926609E+00   1.1205189263406231E+06
   1.3100000000000000E+04   2.3008390334162147E+01   2.3365375269120367E+01   1.5059449905330478E+03  -3.8850135212455652E+00   1.1304054608130495E+06
   1.3200000000000000E+04   2.3214214930437443E+01   2.3578399095534628E+01   1.5029594276107775E+03  -3.8848999203879977E+00   1.1402845304215013E+06
   1.3300000000000000E+04   2.3420753437567228E+01   2.3788919896601438E+01   1.5133220687889043E+03  -3.8848119045601353E+00   1.1501561122424088E+06
   1.3400000000000000E+04   2.3623199151653225E+01   2.3996931555178456E+01   1.5168186858014774E+03  -3.8847490796510167E+00   1.1600201517649761E+06
   1.3500000000000000E+04   2.3824190956040926E+01   2.4202429233322185E+01   1.5244445903236103E+03  -3.8847110475513418E+00   1.1698765637268818E+06
   1.3600000000000000E+04   2.4022434969593998E+01   2.4405409739936058E+01   1.5308511520491772E+03  -3.8846974067022595E+00   1.1797252327916427E+06
   1.3700000000000000E+04   2.4212400096347867E+01   2.4605871102594339E+01   1.5141323919607653E+03  -3.8847077525265643E+00   1.1895660141325467E+06
   1.3800000000000000E+04   2.4409769793273128E+01   2.4803812806283485E+01   1.5365209903643329E+03  -3.8847416778990906E+00   1.1993987341614300E+06
   1.3900000000000000E+04   2.4593917728842680E+01   2.4999235492271193E+01   1.5169064779696494E+03  -3.8847987734211005E+00   1.2092231909658392E+06
   1.4000000000000000E+04   2.4783448714841992E+01   2.5192140919630642E+01   1.5276732102624972E+03  -3.8848786279690901E+00   1.2190391553846896E+06
   1.4100000000000000E+04   2.4966551438846043E+01   2.5382532062596287E+01   1.5234226216494442E+03  -3.8849808290867673E+00   1.2288463715643915E+06
   1.4200000000000000E+04   2.5152150128683644E+01   2.5570413015317893E+01   1.5376713726363273E+03  -3.8851049631418628E+00   1.2386445572206881E+06
   1.4300000000000000E+04   2.5337939892797710E+01   2.5755788730550240E+01   1.5618055329683043E+03  -3.8852506159141145E+00   1.2484334051717694E+06
   1.4400000000000000E+04   2.5512076971467579E+01   2.5938665179949261E+01   1.5512599960587204E+03  -3.8854173727912635E+00   1.2582125835220250E+06
   1.4500000000000000E+04   2.5684971316419318E+01   2.6119049286652363E+01   1.5454989143531852E+03  -3.8856048191218573E+00   1.2679817357488051E+06
   1.4600000000000000E+04   2.5859802624718665E+01   2.6296948913127061E+01   1.5556209135429497E+03  -3.8858125405288315E+00   1.2777404830544752E+06
   1.4700000000000000E+04   2.6028153072084987E+01   2.6472372501435927E+01   1.5510959632165934E+03  -3.8860401232231205E+00   1.2874884237126401E+06
   1.4800000000000000E+04   2.6196389538456192E+01   2.6645329365384324E+01   1.5547995200430657E+03  -3.8862871542388424E+00   1.2972251341104049E+06
   1.4900000000000000E+04   2.6362069632907058E+01   2.6815829594961233E+01   1.5579178996892908E+03  -3.8865532216685001E+00   1.3069501694300361E+06
   1.5000000000000000E+04   2.6523020016853277E+01   2.6983883976716999E+01   1.5529400369222697E+03  -3.8868379150941750E+00   1.3166630650443113E+06
   1.5100000000000000E+04   2.6682515506600179E+01   2.7149503787523070E+01   1.5512531800058218E+03  -3.8871408256267244E+00   1.3263633370806151E+06
   1.5200000000000000E+04   2.6838920953566266E+01   2.7312701035424187E+01   1.5472229673385962E+03  -3.8874615461409823E+00   1.3360504815602594E+06
   1.5300000000000000E+04   2.6992132395866946E+01   2.7473488293383980E+01   1.5405815888338202E+03  -3.8877996717069490E+00   1.3457239768781255E+06
   1.5400000000000000E+04   2.7144189750866040E+01   2.7631878532211733E+01   1.5379581871488076E+03  -3.8881547995505903E+00   1.3553832852224286E+06
   1.5500000000000000E+04   2.7298258365919047E+01   2.7787885379995640E+01   1.5492627096490310E+03  -3.8885265294458389E+00   1.3650278511448519E+06
   1.5600000000000000E+04   2.7445602089488418E+01   2.7941522818739795E+01   1.5463598753275271E+03  -3.8889144636753850E+00   1.3746571024957732E+06
   1.5700000000000000E+04   2.7592904067921562E+01   2.8092805283464315E+01   1.5506305187592413E+03  -3.8893182074618822E+00   1.3842704542299574E+06
   1.5800000000000000E+04   2.7734936527341688E+01   2.8241747610954249E+01   1.5455129193855753E+03  -3.8897373689679311E+00   1.3938673057029133E+06
   1.5900000000000000E+04   2.7876338496059002E+01   2.8388364963897089E+01   1.5455522727655302E+03  -3.8901715594920949E+00   1.4034470416569712E+06
   1.6000000000000000E+04   2.8016852290214771E+01   2.8532672989228821E+01   1.5497549557670009E+03  -3.8906203936256825E+00   1.4130090358702387E+06
   1.6100000000000000E+04   2.8155639949730130E+01   2.8674687377169786E+01   1.5554535689448667E+03  -3.8910834893311579E+00   1.4225526484017272E+06
   1.6200000000000000E+04   2.8289600316411875E+01   2.8814424454598804E+01   1.5531841846758007E+03  -3.8915604682557219E+00   1.4320772290076595E+06
   1.6300000000000000E+04   2.8425100862403347E+01   2.8951900574124203E+01   1.5621889603725206E+03  -3.8920509556137306E+00   1.4415821163422831E+06
   1.6400000000000000E+04   2.8549523497324532E+01   2.9087132281176203E+01   1.5446618274755508E+03  -3.8925545804218813E+00   1.4510666385691443E+06
   1.6500000000000000E+04   2.8678897686804483E+01   2.9220136634886078E+01   1.5483019319223288E+03  -3.8930709756168125E+00   1.4605301154811378E+06
   1.6600000000000000E+04   2.8804154183509727E+01   2.9350930671400040E+01   1.5462053530328694E+03  -3.8935997781335026E+00   1.4699718581877202E+06
   1.6700000000000000E+04   2.8935142513040269E+01   2.9479531617851997E+01   1.5668837620753316E+03  -3.8941406289836711E+00   1.4793911693700403E+06
   1.6800000000000000E+04   2.9058264567883924E+01   2.9605956944537926E+01   1.5707681288820227E+03  -3.8946931733145780E+00   1.4887873442827680E+06
   1.6900000000000000E+04   2.9175894388698062E+01   2.9730224194934497E+01   1.5647830434247930E+03  -3.8952570605854144E+00   1.4981596735226957E+06
   1.7000000000000000E+04   2.9289937200519109E+01   2.9852351099699927E+01   1.5546797301269071E+03  -3.8958319445281124E+00   1.5075074404566586E+06
   1.7100000000000000E+04   2.9418659454822809E+01   2.9972355443602748E+01   1.5924740935854843E+03  -3.8964174832257377E+00   1.5168299221065370E+06
   1.7200000000000000E+04   2.9525766919483999E+01   3.0090255193438480E+01   1.5738818720987174E+03  -3.8970133392888893E+00   1.5261263942618619E+06
   1.7300000000000000E+04   2.9632452392218994E+01   3.0206068397928195E+01   1.5604165065984714E+03  -3.8976191797577022E+00   1.5353961273382423E+06
   1.7400000000000000E+04   2.9740538276440315E+01   3.0319813150716794E+01   1.5566488442463185E+03  -3.8982346762586420E+00   1.5446383887230854E+06
   1.7500000000000000E+04   2.9850604139405320E+01   3.0431507383744783E+01   1.5637696795969564E+03  -3.8988595048869046E+00   1.5538524409239495E+06
   1.7600000000000000E+04   2.9960115226495553E+01   3.0541169419532292E+01   1.5747532087824723E+03  -3.8994933465592223E+00   1.5630375495288461E+06
   1.7700000000000000E+04   3.0059180049987329E+01   3.0648817530819755E+01   1.5624487153996683E+03  -3.9001358866218543E+00   1.5721929739864033E+06
   1.7800000000000000E+04   3.0159966518095295E+01   3.0754469810081378E+01   1.5602163894755076E+03  -3.9007868153209904E+00   1.5813179771888969E+06
   1.7900000000000000E+04   3.0262646535790950E+01   3.0858144688838706E+01   1.5681813968509866E+03  -3.9014458273911563E+00   1.5904118183715814E+06
   1.8000000000000000E+04   3.0354651819417153E+01   3.0959860217344545E+01   1.5528135110049520E+03  -3.9021126224667997E+00   1.5994737593687123E+06
   1.8100000000000000E+04   3.0458978409841887E+01   3.1059634805634250E+01   1.5750181844220551E+03  -3.9027869047883024E+00   1.6085030614442672E+06
   1.8200000000000000E+04   3.0551600622171804E+01   3.1157486614644419E+01   1.5711059494155713E+03  -3.9034683834567789E+00   1.6174989896879049E+06
   1.8300000000000000E+04   3.0641202482628724E+01   3.1253433850997258E+01   1.5641844642128783E+03  -3.9041567722184674E+00   1.6264608084856309E+06
   1.8400000000000000E+04   3.0736809244188315E+01   3.1347494762139618E+01   1.5777711088015558E+03  -3.9048517896803361E+00   1.6353877883204836E+06
   1.8500000000000000E+04   3.0820518379242721E+01   3.1439687355432323E+01   1.5649806421809858E+03  -3.9055531591336874E+00   1.6442791999117404E+06
   1.8600000000000000E+04   3.0906882583217129E+01   3.1530029907847375E+01   1.5638275150830580E+03  -3.9062606086521505E+00   1.6531343193701659E+06
   1.8700000000000000E+04   3.0993995856355415E+01   3.1618540249669461E+01   1.5691196910472954E+03  -3.9069738710524851E+00   1.6619524256832986E+06
   1.8800000000000000E+04   3.1079014683691735E+01   3.1705236581494059E+01   1.5735117483502993E+03  -3.9076926838945774E+00   1.6707328029776760E+06
   1.8900000000000000E+04   3.1160658548195620E+01   3.1790136680054815E+01   1.5736870657632962E+03  -3.9084167894030477E+00   1.6794747390691331E+06
   1.9000000000000000E+04   3.1236114369450483E+01   3.1873258478681556E+01   1.5625927207718855E+03  -3.9091459346240427E+00   1.6881775303758490E+06
   1.9100000000000000E+04   3.1312197715578510E+01   3.1954619818662007E+01   1.5574952494404429E+03  -3.9098798711900455E+00   1.6968404759189046E+06
   1.9200000000000000E+04   3.1388772262545896E+01   3.2034238287408002E+01   1.5578130706761788E+03  -3.9106183554766640E+00   1.7054628828712192E+06
   1.9300000000000000E+04   3.1465764417869291E+01   3.2112131624315012E+01   1.5632488136310744E+03  -3.9113611484850415E+00   1.7140440663958951E+06
   1.9400000000000000E+04   3.1540865026415936E+01   3.2188317257828729E+01   1.5680652885252648E+03  -3.9121080157634469E+00   1.7225833431756308E+06
   1.9500000000000000E+04   3.1605879285273772E+01   3.2262812803076827E+01   1.5522035932456843E+03  -3.9128587276032909E+00   1.7310800447266046E+06
   1.9600000000000000E+04   3.1674321219262261E+01   3.2335635517853881E+01   1.5487481646816275E+03  -3.9136130587255042E+00   1.7395335033171587E+06
   1.9700000000000000E+04   3.1747145638989814E+01   3.2406802604929034E+01   1.5596340751557798E+03  -3.9143707884373620E+00   1.7479430647838102E+06
   1.9800000000000000E+04   3.1815602887569767E+01   3.2476331474974451E+01   1.5638101410315137E+03  -3.9151317005540647E+00   1.7563080811866727E+06
   1.9900000000000000E+04   3.1876756996785890E+01   3.2544238896269583E+01   1.5542066320362806E+03  -3.9158955833595508E+00   1.7646279131815636E+06
   2.0000000000000000E+04   3.1941971484470436E+01   3.2610542101465406E+01   1.5580179257353798E+03  -3.9166622295672933E+00   1.7729019303001899E+06
   2.0100000000000000E+04   3.1998188545395720E+01   3.2675257690849783E+01   1.5442278877736087E+03  -3.9174314362418952E+00   1.7811295112176484E+06
   2.0200000000000000E+04   3.2058253859734933E+01   3.2738402672909693E+01   1.5430976332244159E+03  -3.9182030048579000E+00   1.7893100470373039E+06
   2.0300000000000000E+04   3.2118410767369888E+01   3.2799993395936625E+01   1.5456433554843100E+03  -3.9189767411625875E+00   1.7974429340263710E+06
   2.0400000000000000E+04   3.2185035782260790E+01   3.2860046704894295E+01   1.5667920970487746E+03  -3.9197524551759697E+00   1.8055275813462930E+06
   2.0500000000000000E+04   3.2235485297293998E+01   3.2918578840982192E+01   1.5534422394140856E+03  -3.9205299611516007E+00   1.8135634082940307E+06
   2.0600000000000000E+04   3.2290111868131859E+01   3.2975606060818187E+01   1.5533114940778189E+03  -3.9213090775569701E+00   1.8215498437137723E+06
   2.0700000000000000E+04   3.2341334136843329E+01   3.3031144605938444E+01   1.5486446386126715E+03  -3.9220896269755068E+00   1.8294863301213344E+06
   2.0800000000000000E+04   3.2390258787233883E+01   3.3085210589181102E+01   1.5420328863253874E+03  -3.9228714360281778E+00   1.8373723152056518E+06
   2.0900000000000000E+04   3.2446598524450117E+01   3.3137819858094772E+01   1.5555213425514769E+03  -3.9236543354518938E+00   1.8452072622529797E+06
   2.1000000000000000E+04   3.2494620201272653E+01   3.3188988366262286E+01   1.5531581460711832E+03  -3.9244381599819023E+00   1.8529906472428199E+06
   2.1100000000000000E+04   3.2543802874373029E+01   3.3238731680877436E+01   1.5565835255237660E+03  -3.9252227482341948E+00   1.8607219500260749E+06
   2.1200000000000000E+04   3.2587840281934540E+01   3.3287065493963802E+01   1.5513650753860259E+03  -3.9260079428231025E+00   1.8684006706971454E+06
   2.1300000000000000E+04   3.2629683003810314E+01   3.3334005237904456E+01   1.5442903425575912E+03  -3.9267935901065028E+00   1.8760263150695153E+06
   2.1400000000000000E+04   3.2671193841051171E+01   3.3379566213488424E+01   1.5395155436947573E+03  -3.9275795403230154E+00   1.8835984037869540E+06
   2.1500000000000000E+04   3.2714351467506170E+01   3.3423763645918022E+01   1.5413278550239640E+03  -3.9283656474548025E+00   1.8911164691617377E+06
   2.1600000000000000E+04   3.2749455140903187E+01   3.3466612682122985E+01   1.5282741486438065E+03  -3.9291517691295743E+00   1.8985800527096011E+06
   2.1700000000000000E+04   3.2788566891495840E+01   3.3508128281186735E+01   1.5268794592056697E+03  -3.9299377666793842E+00   1.9059887111229228E+06
   2.1800000000000000E+04   3.2829656885016348E+01   3.3548325283765863E+01   1.5325287852497117E+03  -3.9307235049642371E+00   1.9133420095649865E+06
   2.1900000000000000E+04   3.2864107860352064E+01   3.3587218321726574E+01   1.5264804267334873E+03  -3.9315088524896784E+00   1.9206395319979580E+06
   2.2000000000000000E+04   3.2900476516998381E+01   3.3624822177553398E+01   1.5272717608236721E+03  -3.9322936811716094E+00   1.9278808675126417E+06
   2.2100000000000000E+04   3.2935841989467789E+01   3.3661151251045652E+01   1.5285319208198152E+03  -3.9330778663754726E+00   1.9350656197854977E+06
   2.2200000000000000E+04   3.2971577550712610E+01   3.3696219821270660E+01   1.5331944742159287E+03  -3.9338612869162679E+00   1.9421934080583875E+06
   2.2300000000000000E+04   3.3001309784365411E+01   3.3730042161310131E+01   1.5274956974905169E+03  -3.9346438248429401E+00   1.9492638592938564E+06
   2.2400000000000000E+04   3.3029714689307774E+01   3.3762632457569602E+01   1.5215487542049939E+03  -3.9354253655755884E+00   1.9562766133988593E+06
   2.2500000000000000E+04   3.3059429330778073E+01   3.3794004628826265E+01   1.5208931076217343E+03  -3.9362057977094613E+00   1.9632313259266831E+06
   2.2600000000000000E+04   3.3086315076359917E+01   3.3824172591021487E+01   1.5167118438266700E+03  -3.9369850130541648E+00   1.9701276627751766E+06
   2.2700000000000000E+04   3.3120888695360009E+01   3.3853150043249322E+01   1.5312107047595732E+03  -3.9377629065552533E+00   1.9769653019298229E+06
   2.2800000000000000E+04   3.3146669970981350E+01   3.3880950640830257E+01   1.5294433522617444E+03  -3.9385393761374416E+00   1.9837439325373089E+06
   2.2900000000000000E+04   3.3169206524851560E+01   3.3907587821878202E+01   1.5231802156316480E+03  -3.9393143228613923E+00   1.9904632575806675E+06
   2.3000000000000000E+04   3.3191274698817253E+01   3.3933074984165991E+01   1.5183089511020187E+03  -3.9400876507277300E+00   1.9971229947918549E+06
   2.3100000000000000E+04   3.3220038781006927E+01   3.3957425533744491E+01   1.5298172755967887E+03  -3.9408592665790358E+00   2.0037228675124883E+06
   2.3200000000000000E+04   3.3231491506591688E+01   3.3980652370998875E+01   1.5073234792488190E+03  -3.9416290802370453E+00   2.0102626173761878E+06
   2.3300000000000000E+04   3.3252751508350656E+01   3.4002768672490198E+01   1.5075463220357472E+03  -3.9423970042282539E+00   2.0167419942370034E+06
   2.3400000000000000E+04   3.3270245306350404E+01   3.4023787370768474E+01   1.5022117616629084E+03  -3.9431629539603144E+00   2.0231607634364106E+06
   2.3500000000000000E+04   3.3289395272567752E+01   3.4043721126798687E+01   1.5023943336722841E+03  -3.9439268474476425E+00   2.0295187002335801E+06
   2.3600000000000000E+04   3.3309356034702645E+01   3.4062582724074382E+01   1.5063230119528448E+03  -3.9446886054486119E+00   2.0358155924917518E+06
   2.3700000000000000E+04   3.3321934191687681E+01   3.4080384607698527E+01   1.4972954185958242E+03  -3.9454481512499622E+00   2.0420512368842638E+06
   2.3800000000000000E+04   3.3345764450530197E+01   3.4097139315344045E+01   1.5132196048746771E+03  -3.9462054107843856E+00   2.0482254471851105E+06
   2.3900000000000000E+04   3.3354028734502101E+01   3.4112859143199401E+01   1.4994144555060468E+03  -3.9469603124541446E+00   2.0543380458223098E+06
   2.4000000000000000E+04   3.3364999593907569E+01   3.4127556215552524E+01   1.4932214434341790E+03  -3.9477127871310675E+00   2.0603888656257957E+06
   2.4100000000000000E+04   3.3379338470062855E+01   3.4141242777374771E+01   1.4957417716606274E+03  -3.9484627680977384E+00   2.0663777516026946E+06
   2.4200000000000000E+04   3.3390059911984721E+01   3.4153930689118610E+01   1.4929250156922230E+03  -3.9492101910671118E+00   2.0723045646227275E+06
   2.4300000000000000E+04   3.3399758036051828E+01   3.4165631931197332E+01   1.4899630956007493E+03  -3.9499549939473080E+00   2.0781691700150811E+06
   2.4400000000000000E+04   3.3410533314424754E+01   3.4176358120625423E+01   1.4910072673405550E+03  -3.9506971170768104E+00   2.0839714497076434E+06
   2.4500000000000000E+04   3.3420964662805467E+01   3.4186120970660120E+01   1.4932022766985465E+03  -3.9514365028716698E+00   2.0897112917283694E+06
   2.4600000000000000E+04   3.3428507352744298E+01   3.4194932070164974E+01   1.4914518179698553E+03  -3.9521730960215100E+00   2.0953885986037338E+06
   2.4700000000000000E+04   3.3435016499182581E+01   3.4202802731970770E+01   1.4894396706084369E+03  -3.9529068433719150E+00   2.1010032844147757E+06
   2.4800000000000000E+04   3.3436528552032961E+01   3.4209744443487693E+01   1.4793476304404116E+03  -3.9536376937480471E+00   2.1065552689609542E+06
   2.4900000000000000E+04   3.3438839760147864E+01   3.4215768263153002E+01   1.4726394871554319E+03  -3.9543655981310288E+00   2.1120444881025986E+06
   2.5000000000000000E+04   3.3449282061156239E+01   3.4220885382211200E+01   1.4834877148624239E+03  -3.9550905094619599E+00   2.1174708860256253E+06
   2.5100000000000000E+04   3.3451750838925420E+01   3.4225106713051431E+01   1.4804177229461027E+03  -3.9558123826419060E+00   2.1228344170125201E+06
   2.5200000000000000E+04   3.3454971918785056E+01   3.4228443339865649E+01   1.4804834148353330E+03  -3.9565311744731089E+00   2.1281350462669297E+06
   2.5300000000000000E+04   3.3456240993499399E+01   3.4230905831901737E+01   1.4783650659810705E+03  -3.9572468436393815E+00   2.1333727449931884E+06
   2.5400000000000000E+04   3.3453862674130164E+01   3.4232505013372226E+01   1.4707773569358976E+03  -3.9579593507061062E+00   2.1385475017532795E+06
   2.5500000000000000E+04   3.3450680176717434E+01   3.4233251401941800E+01   1.4632860334562058E+03  -3.9586686579634423E+00   2.1436593089212761E+06
   2.5600000000000000E+04   3.3451367790506595E+01   3.4233155543637032E+01   1.4647784800086977E+03  -3.9593747294655244E+00   2.1487081721266531E+06
   2.5700000000000000E+04   3.3451191539501536E+01   3.4232227817780014E+01   1.4661403591653971E+03  -3.9600775309520579E+00   2.1536941005168925E+06
   2.5800000000000000E+04   3.3451259723696197E+01   3.4230478459341597E+01   1.4694880564716132E+03  -3.9607770299267235E+00   2.1586171210198575E+06
   2.5900000000000000E+04   3.3444385394151240E+01   3.4227917682553432E+01   1.4609885095469142E+03  -3.9614731954415836E+00   2.1634772647563084E+06
   2.6000000000000000E+04   3.3439262872858784E+01   3.4224555576627182E+01   1.4573469295483578E+03  -3.9621659981558697E+00   2.1682745716946684E+06
   2.6100000000000000E+04   3.3443698446417834E+01   3.4220402092306273E+01   1.4734793821923763E+03  -3.9628554102575961E+00   2.1730090914684320E+06
   2.6200000000000000E+04   3.3434901769502858E+01   3.4215467160424097E+01   1.4655925010411563E+03  -3.9635414055027480E+00   2.1776808832311844E+06
   2.6300000000000000E+04   3.3424571008144660E+01   3.4209760554065781E+01   1.4562682052390255E+03  -3.9642239591368944E+00   2.1822900135867829E+06
   2.6400000000000000E+04   3.3412846654086266E+01   3.4203291984864933E+01   1.4458044163907357E+03  -3.9649030477775837E+00   2.1868365593242506E+06
   2.6500000000000000E+04   3.3408670447795046E+01   3.4196071034676670E+01   1.4509073105106240E+03  -3.9655786495123388E+00   2.1913206024652869E+06
   2.6600000000000000E+04   3.3400488657227093E+01   3.4188107235996561E+01   1.4498127884845067E+03  -3.9662507437614636E+00   2.1957422368430840E+06
   2.6700000000000000E+04   3.3384868909505698E+01   3.4179410027848121E+01   1.4361435762625711E+03  -3.9669193113368437E+00   2.2001015612276024E+06
   2.6800000000000000E+04   3.3376207033363734E+01   3.4169988768407059E+01   1.4367483769323871E+03  -3.9675843342851449E+00   2.2043986830194653E+06
   2.6900000000000000E+04   3.3372092546794640E+01   3.4159852556033890E+01   1.4471231688769235E+03  -3.9682457959858133E+00   2.2086337190616410E+06
   2.7000000000000000E+04   3.3358859275360459E+01   3.4149010703329161E+01   1.4417135780842475E+03  -3.9689036810334772E+00   2.2128067935663196E+06
   2.7100000000000000E+04   3.3354070747845476E+01   3.4137472168391774E+01   1.4534357891043078E+03  -3.9695579751987475E+00   2.2169180322189038E+06
   2.7200000000000000E+04   3.3325611348165474E+01   3.4125245918347730E+01   1.4222054986644937E+03  -3.9702086655262163E+00   2.2209675783252600E+06
   2.7300000000000000E+04   3.3318175884362979E+01   3.4112340797486560E+01   1.4311397440711705E+03  -3.9708557400600610E+00   2.2249555725357323E+06
   2.7400000000000000E+04   3.3300534904539759E+01   3.4098765695412304E+01   1.4225298625734281E+03  -3.9714991880596395E+00   2.2288821680296911E+06
   2.7500000000000000E+04   3.3288544152536751E+01   3.4084529283480450E+01   1.4254341115975262E+03  -3.9721389998622958E+00   2.2327475227061077E+06
   2.7600000000000000E+04   3.3276819698390419E+01   3.4069640148065162E+01   1.4299949917554666E+03  -3.9727751668245594E+00   2.2365518028590526E+06
   2.7700000000000000E+04   3.3259417131266865E+01   3.4054106908875553E+01   1.4252350774200634E+03  -3.9734076813417403E+00   2.2402951782629271E+06
   2.7800000000000000E+04   3.3234358258250431E+01   3.4037937870098702E+01   1.4077373353774449E+03  -3.9740365368087378E+00   2.2439778277494544E+06
   2.7900000000000000E+04   3.3215965123491877E+01   3.4021141478395066E+01   1.4034752038187096E+03  -3.9746617275808358E+00   2.2475999361979850E+06
   2.8000000000000000E+04   3.3198885369653901E+01   3.4003726020717743E+01   1.4026202588186425E+03  -3.9752832489737031E+00   2.2511616924958518E+06
   2.8100000000000000E+04   3.3183679347280034E+01   3.3985699695868448E+01   1.4061620295364953E+03  -3.9759010972045954E+00   2.2546632931968728E+06
   2.8200000000000000E+04   3.3166288681704842E+01   3.3967070614490964E+01   1.4068270318643051E+03  -3.9765152693727552E+00   2.2581049395307647E+06
   2.8300000000000000E+04   3.3148542009871939E+01   3.3947846824157402E+01   1.4078754518715855E+03  -3.9771257634594166E+00   2.2614868391588326E+06
   2.8400000000000000E+04   3.3124414276439559E+01   3.3928036259338434E+01   1.3984763390697451E+03  -3.9777325782689918E+00   2.2648092050848966E+06
   2.8500000000000000E+04   3.3103500723882071E+01   3.3907646855945487E+01   1.3958430781240247E+03  -3.9783357134094910E+00   2.2680722545766546E+06
   2.8600000000000000E+04   3.3076791768847244E+01   3.3886686303756996E+01   1.3839615138661429E+03  -3.9789351693317037E+00   2.2712762127957023E+06
   2.8700000000000000E+04   3.3056462385337980E+01   3.3865162510822948E+01   1.3842738926756660E+03  -3.9795309471724147E+00   2.2744213060720856E+06
   2.8800000000000000E+04   3.3041335635137813E+01   3.3843082955514554E+01   1.3947295294177113E+03  -3.9801230488523971E+00   2.2775077683570767E+06
   2.8900000000000000E+04   3.3010259792915370E+01   3.3820455254371034E+01   1.3779662653942794E+03  -3.9807114770372078E+00   2.2805358391963430E+06
   2.9000000000000000E+04   3.2989717583485834E+01   3.3797286928143109E+01   1.3806405087363273E+03  -3.9812962350392018E+00   2.2835057589273937E+06
   2.9100000000000000E+04   3.2974444441387696E+01   3.3773585360655595E+01   1.3935780126008815E+03  -3.9818773268567176E+00   2.2864177750987029E+06
   2.9200000000000000E+04   3.2946087502220941E+01   3.3749357912268394E+01   1.3842278826823394E+03  -3.9824547571740849E+00   2.2892721404582844E+06
   2.9300000000000000E+04   3.2929132026514644E+01   3.3724611843564460E+01   1.3960406941036856E+03  -3.9830285313028271E+00   2.2920691109620244E+06
   2.9400000000000000E+04   3.2907565130931495E+01   3.3699354376118535E+01   1.4005793912248641E+03  -3.9835986551032572E+00   2.2948089447327238E+06
   2.9500000000000000E+04   3.2881225458222204E+01   3.3673592631582899E+01   1.3973685792803237E+03  -3.9841651351216769E+00   2.2974919065705128E+06
   2.9600000000000000E+04   3.2844827621432245E+01   3.3647333641521939E+01   1.3771122530060170E+03  -3.9847279784139817E+00   2.3001182659559357E+06
   2.9700000000000000E+04   3.2816433540208877E+01   3.3620584335659920E+01   1.3720158926353354E+03  -3.9852871926044595E+00   2.3026882923294855E+06
   2.9800000000000000E+04   3.2787291897047126E+01   3.3593351777897404E+01   1.3664431845686831E+03  -3.9858427858661893E+00   2.3052022605097299E+06
   2.9900000000000000E+04   3.2767819328406304E+01   3.3565642703715312E+01   1.3785919914055944E+03  -3.9863947668818431E+00   2.3076604505527723E+06
   3.0000000000000000E+04   3.2736325711502161E+01   3.3537463880737548E+01   1.3704169683806217E+03  -3.9869431448044828E+00   2.3100631430565319E+06
   3.0100000000000000E+04   3.2715479023257572E+01   3.3508822012686252E+01   1.3818199420147105E+03  -3.9874879293163663E+00   2.3124106245355029E+06
   3.0200000000000000E+04   3.2680008157886206E+01   3.3479723697803287E+01   1.3681335286812443E+03  -3.9880291305701445E+00   2.3147031836449513E+06
   3.0300000000000000E+04   3.2644443381068193E+01   3.3450175619560845E+01   1.3552422404524441E+03  -3.9885667590712588E+00   2.3169411083658002E+06
   3.0400000000000000E+04   3.2612568186632906E+01   3.3420184245422185E+01   1.3495497342482272E+03  -3.9891008258739471E+00   2.3191246976701370E+06
   3.0500000000000000E+04   3.2585884205332789E+01   3.3389755928845823E+01   1.3534929622686914E+03  -3.9896313424048411E+00   2.3212542469116147E+06
   3.0600000000000000E+04   3.2558073672013826E+01   3.3358897075656628E+01   1.3562308789501856E+03  -3.9901583204433648E+00   2.3233300540806805E+06
   3.0700000000000000E+04   3.2519412641763587E+01   3.3327614040253714E+01   1.3409954936543975E+03  -3.9906817722393373E+00   2.3253524241742976E+06
   3.0800000000000000E+04   3.2491933878515084E+01   3.3295912952101446E+01   1.3456178619657378E+03  -3.9912017103169721E+00   2.3273216601079535E+06
   3.0900000000000000E+04   3.2455766468696346E+01   3.3263800148965458E+01   1.3360855566523603E+03  -3.9917181476512784E+00   2.3292380697946334E+06
   3.1000000000000000E+04   3.2422346281466432E+01   3.3231281590779858E+01   1.3319187661960877E+03  -3.9922310975112589E+00   2.3311019642289281E+06
   3.1100000000000000E+04   3.2391327525369690E+01   3.3198363406922176E+01   1.3324550828536128E+03  -3.9927405734599124E+00   2.3329136511883088E+06
   3.1200000000000000E+04   3.2355833972119129E+01   3.3165051532423952E+01   1.3260746598920432E+03  -3.9932465894522324E+00   2.3346734493171559E+06
   3.1300000000000000E+04   3.2324138108365752E+01   3.3131351947514574E+01   1.3267146128188319E+03  -3.9937491596784089E+00   2.3363816703239055E+06
   3.1400000000000000E+04   3.2293123929888822E+01   3.3097270500293362E+01   1.3291286655234273E+03  -3.9942482986422267E+00   2.3380386330363932E+06
   3.1500000000000000E+04   3.2256697459927132E+01   3.3062812972758358E+01   1.3230078546568111E+03  -3.9947440211414658E+00   2.3396446571166390E+06
   3.1600000000000000E+04   3.2220427219827776E+01   3.3027985071405382E+01   1.3177703456561742E+03  -3.9952363422091053E+00   2.3412000638529267E+06
   3.1700000000000000E+04   3.2185830952341007E+01   3.2992792565866097E+01   1.3159243591920938E+03  -3.9957252771525162E+00   2.3427051752035194E+06
   3.1800000000000000E+04   3.2149747492461557E+01   3.2957241015468391E+01   1.3121677716373958E+03  -3.9962108414946704E+00   2.3441603154520309E+06
   3.1900000000000000E+04   3.2120473366609914E+01   3.2921336059271646E+01   1.3203872621042374E+03  -3.9966930509937333E+00   2.3455658102455419E+06
   3.2000000000000000E+04   3.2082678141307078E+01   3.2885083134787571E+01   1.3148491677341040E+03  -3.9971719216626687E+00   2.3469219856522419E+06
   3.2100000000000000E+04   3.2047348171568650E+01   3.2848487661604558E+01   1.3140120217438466E+03  -3.9976474696712345E+00   2.3482291715152930E+06
   3.2200000000000000E+04   3.2006071441365748E+01   3.2811555161070530E+01   1.3037743071609584E+03  -3.9981197114243905E+00   2.3494876953570740E+06
   3.2300000000000000E+04   3.1971462081760365E+01   3.2774290864514249E+01   1.3051873825911798E+03  -3.9985886634838890E+00   2.3506978891590545E+06
   3.2400000000000000E+04   3.1928537582508053E+01   3.2736700081397714E+01   1.2933475140361688E+03  -3.9990543426270841E+00   2.3518600832945108E+06
   3.2500000000000000E+04   3.1892598968280620E+01   3.2698788062089605E+01   1.2935542572101706E+03  -3.9995167657489223E+00   2.3529746090263654E+06
   3.2600000000000000E+04   3.1855049496088029E+01   3.2660559951888359E+01   1.2916080062593867E+03  -3.9999759499599530E+00   2.3540418018029658E+06
   3.2700000000000000E+04   3.1820146070596177E+01   3.2622020880827847E+01   1.2945131288587088E+03  -4.0004319124687191E+00   2.3550619935721885E+06
   3.2800000000000000E+04   3.1771369300115673E+01   3.2583175883691716E+01   1.2751955144429123E+03  -4.0008846706405654E+00   2.3560355186365610E+06
   3.2900000000000000E+04   3.1741762710551736E+01   3.2544029995677981E+01   1.2876068822940160E+03  -4.0013342420172293E+00   2.3569627143860501E+06
   3.3000000000000000E+04   3.1695155787309950E+01   3.2504588155420556E+01   1.2727906937959601E+03  -4.0017806441992541E+00   2.3578439145421931E+06
   3.3100000000000000E+04   3.1657472570045844E+01   3.2464855343041123E+01   1.2729467383853171E+03  -4.0022238949047724E+00   2.3586794549545548E+06
   3.3200000000000000E+04   3.1624010591127966E+01   3.2424836263334171E+01   1.2804326846595420E+03  -4.0026640120479184E+00   2.3594696751549565E+06
   3.3300000000000000E+04   3.1581640209600039E+01   3.2384535885053246E+01   1.2738351842526988E+03  -4.0031010135232341E+00   2.3602149091970385E+06
   3.3400000000000000E+04   3.1542833745083293E+01   3.2343958827076960E+01   1.2734841772790369E+03  -4.0035349173820451E+00   2.3609154938808498E+06
   3.3500000000000000E+04   3.1507085755355927E+01   3.2303109844597529E+01   1.2785754423689411E+03  -4.0039657418128822E+00   2.3615717702753418E+06
   3.3600000000000000E+04   3.1458239138811571E+01   3.2261993580226950E+01   1.2627059420715302E+03  -4.0043935049454831E+00   2.3621840722118006E+06
   3.3700000000000000E+04   3.1415188410405698E+01   3.2220614632789975E+01   1.2567466159615963E+03  -4.0048182251055735E+00   2.3627527393070520E+06
   3.3800000000000000E+04   3.1376039621943903E+01   3.2178977632218860E+01   1.2574431204675489E+03  -4.0052399206384752E+00   2.3632781095437636E+06
   3.3900000000000000E+04   3.1332447635077894E+01   3.2137086873457662E+01   1.2514100028655491E+03  -4.0056586099287212E+00   2.3637605192442592E+06
   3.4000000000000000E+04   3.1288229351796719E+01   3.2094947021576438E+01   1.2447899693570066E+03  -4.0060743114588382E+00   2.3642003070456139E+06
   3.4100000000000000E+04   3.1247647913831493E+01   3.2052562375921973E+01   1.2443150558603706E+03  -4.0064870436917523E+00   2.3645978098137826E+06
   3.4200000000000000E+04   3.1200939516207868E+01   3.2009937301214180E+01   1.2345399902979968E+03  -4.0068968252275861E+00   2.3649533673853413E+06
   3.4300000000000000E+04   3.1164758730323840E+01   3.1967076168767839E+01   1.2417107847557716E+03  -4.0073036745880639E+00   2.3652673121768539E+06
   3.4400000000000000E+04   3.1117837215967356E+01   3.1923983147321110E+01   1.2322896788617486E+03  -4.0077076104125142E+00   2.3655399842326553E+06
   3.4500000000000000E+04   3.1078050979324200E+01   3.1880662546051042E+01   1.2344562387773362E+03  -4.0081086513206605E+00   2.3657717192582227E+06
   3.4600000000000000E+04   3.1033384455284587E+01   3.1837118488638389E+01   1.2292792105413275E+03  -4.0085068159714226E+00   2.3659628525553574E+06
   3.4700000000000000E+04   3.0989195456635457E+01   3.1793355065109374E+01   1.2251927154170689E+03  -4.0089021230433239E+00   2.3661137213081308E+06
   3.4800000000000000E+04   3.0942511252946193E+01   3.1749376489599332E+01   1.2175582670762387E+03  -4.0092945911756912E+00   2.3662246590674273E+06
   3.4900000000000000E+04   3.0904378424946717E+01   3.1705186690875387E+01   1.2235501670204701E+03  -4.0096842390862486E+00   2.3662960004004911E+06
   3.5000000000000000E+04   3.0858397621063688E+01   3.1660789656859844E+01   1.2176108344081917E+03  -4.0100710854143138E+00   2.3663280808119960E+06
   3.5100000000000000E+04   3.0820602084668998E+01   3.1616189333294386E+01   1.2247933744019122E+03  -4.0104551488580169E+00   2.3663212320841532E+06
   3.5200000000000000E+04   3.0770164863866437E+01   3.1571389719040418E+01   1.2124647161941898E+03  -4.0108364480958727E+00   2.3662757876292649E+06
   3.5300000000000000E+04   3.0725197775745556E+01   3.1526394613174777E+01   1.2090096520526631E+03  -4.0112150017476118E+00   2.3661920793674639E+06
   3.5400000000000000E+04   3.0676235177833696E+01   3.1481207818971598E+01   1.1996990771908609E+03  -4.0115908284721584E+00   2.3660704384613456E+06
   3.5500000000000000E+04   3.0630359237383320E+01   3.1435833152478441E+01   1.1954339480666486E+03  -4.0119639468500328E+00   2.3659111952749006E+06
   3.5600000000000000E+04   3.0579708958909713E+01   3.1390274342460899E+01   1.1842418551447745E+03  -4.0123343755205605E+00   2.3657146800902691E+06
   3.5700000000000000E+04   3.0533748675650688E+01   3.1344535055066807E+01   1.1804171604557050E+03  -4.0127021330054697E+00   2.3654812200662824E+06
   3.5800000000000000E+04   3.0483013476083691E+01   3.1298619035115276E+01   1.1697765117774061E+03  -4.0130672378460810E+00   2.3652111444565775E+06
   3.5900000000000000E+04   3.0442220881047042E+01   3.1252529741683045E+01   1.1741157720292783E+03  -4.0134297085445239E+00   2.3649047800717074E+06
   3.6000000000000000E+04   3.0400236594549657E+01   3.1206270950905743E+01   1.1769697068868502E+03  -4.0137895635637229E+00   2.3645624527511974E+06
   3.6100000000000000E+04   3.0352929237932042E+01   3.1159846042052603E+01   1.1721067118066492E+03  -4.0141468213078042E+00   2.3641844873316321E+06
   3.6200000000000000E+04   3.0305341168026892E+01   3.1113258526762355E+01   1.1670722312222201E+03  -4.0145015001221003E+00   2.3637712076156507E+06
   3.6300000000000000E+04   3.0259305996199519E+01   3.1066511903831110E+01   1.1645740957109590E+03  -4.0148536183911361E+00   2.3633229370720820E+06
   3.6400000000000000E+04   3.0215325760529154E+01   3.1019609572965511E+01   1.1653443644133429E+03  -4.0152031943426394E+00   2.3628399966131258E+06
   3.6500000000000000E+04   3.0169022087572266E+01   3.0972554927480328E+01   1.1628792842152063E+03  -4.0155502462435457E+00   2.3623227089304668E+06
   3.6600000000000000E+04   3.0121373015413575E+01   3.0925351274886300E+01   1.1586308838680091E+03  -4.0158947922039800E+00   2.3617713912184052E+06
   3.6700000000000000E+04   3.0075314353774747E+01   3.0878001959300278E+01   1.1569452538567748E+03  -4.0162368503732750E+00   2.3611863638271950E+06
   3.6800000000000000E+04   3.0021347623780674E+01   3.0830510246094661E+01   1.1438658188012243E+03  -4.0165764387831668E+00   2.3605679423090708E+06
   3.6900000000000000E+04   2.9974583663456013E+01   3.0782879302361525E+01   1.1415427062060053E+03  -4.0169135754457841E+00   2.3599164445610256E+06
   3.7000000000000000E+04   2.9928312650460459E+01   3.0735112408849432E+01   1.1401218752914085E+03  -4.0172482782556669E+00   2.3592321829592208E+06
   3.7100000000000000E+04   2.9880440880065727E+01   3.0687212672590810E+01   1.1365635890261256E+03  -4.0175805650877452E+00   2.3585154728618194E+06
   3.7200000000000000E+04   2.9827540488396497E+01   3.0639183178673861E+01   1.1259775856306771E+03  -4.0179104537189589E+00   2.3577666254973062E+06
   3.7300000000000000E+04   2.9780807010148440E+01   3.0591027092951073E+01   1.1244172952934871E+03  -4.0182379618674453E+00   2.3569859514877964E+06
   3.7400000000000000E+04   2.9737836394162493E+01   3.0542747393743134E+01   1.1284169622437523E+03  -4.0185631072121382E+00   2.3561737621999807E+06
   3.7500000000000000E+04   2.9691720529901531E+01   3.0494347125403181E+01   1.1280832676910873E+03  -4.0188859072555836E+00   2.3553303627731432E+06
   3.7600000000000000E+04   2.9642055682121040E+01   3.0445829311699562E+01   1.1227999209416564E+03  -4.0192063795591215E+00   2.3544560632081670E+06
   3.7700000000000000E+04   2.9594088412412336E+01   3.0397196817192238E+01   1.1201194318767289E+03  -4.0195245415272893E+00   2.3535511679435843E+06
   3.7800000000000000E+04   2.9544850934257290E+01   3.0348452536145960E+01   1.1157774003417640E+03  -4.0198404104470322E+00   2.3526159793367791E+06
   3.7900000000000000E+04   2.9501669513747355E+01   3.0299599451260345E+01   1.1202597212934550E+03  -4.0201540036444996E+00   2.3516508017331627E+06
   3.8000000000000000E+04   2.9449888278995829E+01   3.0250640336654307E+01   1.1125515941696351E+03  -4.0204653382694291E+00   2.3506559359687767E+06
   3.8100000000000000E+04   2.9403046959571970E+01   3.0201578025573760E+01   1.1120649587064722E+03  -4.0207744314127716E+00   2.3496316807470154E+06
   3.8200000000000000E+04   2.9359371808663298E+01   3.0152415338697271E+01   1.1162766472858455E+03  -4.0210813000870731E+00   2.3485783359825467E+06
   3.8300000000000000E+04   2.9316831780023335E+01   3.0103154971839359E+01   1.1223491047226689E+03  -4.0213859612068825E+00   2.3474961960671367E+06
   3.8400000000000000E+04   2.9264317910275146E+01   3.0053799594490112E+01   1.1140270424631860E+03  -4.0216884316279558E+00   2.3463855585642112E+06
   3.8500000000000000E+04   2.9217082012414540E+01   3.0004351979528302E+01   1.1135184233295615E+03  -4.0219887280688402E+00   2.3452467148510148E+06
   3.8600000000000000E+04   2.9160365876196941E+01   2.9954814705772204E+01   1.0994960582181195E+03  -4.0222868672480878E+00   2.3440799594092714E+06
   3.8700000000000000E+04   2.9115886229422181E+01   2.9905190431296969E+01   1.1031439085192815E+03  -4.0225828656686549E+00   2.3428855812039492E+06
   3.8800000000000000E+04   2.9067950090689223E+01   2.9855481740840524E+01   1.1019717785431251E+03  -4.0228767398334968E+00   2.3416638689732272E+06
   3.8900000000000000E+04   2.9003673931248386E+01   2.9805691175974601E+01   1.0778752624684059E+03  -4.0231685061475710E+00   2.3404151118325782E+06
   3.9000000000000000E+04   2.8957018543718576E+01   2.9755821321829988E+01   1.0786640875698579E+03  -4.0234581808982384E+00   2.3391395953508662E+06
   3.9100000000000000E+04   2.8905652982736715E+01   2.9705874613415215E+01   1.0730373564083882E+03  -4.0237457802552541E+00   2.3378376015846394E+06
   3.9200000000000000E+04   2.8855682060211901E+01   2.9655853548382417E+01   1.0694456049325831E+03  -4.0240313203883815E+00   2.3365094161442476E+06
   3.9300000000000000E+04   2.8803440508056983E+01   2.9605760533290383E+01   1.0628523972941400E+03  -4.0243148172517866E+00   2.3351553185222954E+06
   3.9400000000000000E+04   2.8756876771169807E+01   2.9555598004366544E+01   1.0641092966918170E+03  -4.0245962867996319E+00   2.3337755885235071E+06
   3.9500000000000000E+04   2.8704175967194089E+01   2.9505368336785637E+01   1.0570835630246268E+03  -4.0248757448488774E+00   2.3323705043196608E+06
   3.9600000000000000E+04   2.8656126710971844E+01   2.9455073892772248E+01   1.0564757583226360E+03  -4.0251532071184952E+00   2.3309403418159769E+06
   3.9700000000000000E+04   2.8604168828347401E+01   2.9404717029382802E+01   1.0506519022469879E+03  -4.0254286892490549E+00   2.3294853759077345E+06
   3.9800000000000000E+04   2.8554355646515820E+01   2.9354299935688214E+01   1.0478143684047220E+03  -4.0257022067243247E+00   2.3280058779719980E+06
   3.9900000000000000E+04   2.8508442818633196E+01   2.9303825012089561E+01   1.0503207471795351E+03  -4.0259737750476745E+00   2.3265021214754991E+06
   4.0000000000000000E+04   2.8458220598664280E+01   2.9253294406910115E+01   1.0470684568345371E+03  -4.0262434095264794E+00   2.3249743751059012E+06
   4.0100000000000000E+04   2.8410696574717679E+01   2.9202710407929224E+01   1.0475440071479479E+03  -4.0265111253897112E+00   2.3234229065179978E+06
   4.0200000000000000E+04   2.8362907067951639E+01   2.9152075100953784E+01   1.0477332612939879E+03  -4.0267769377879477E+00   2.3218479829242001E+06
   4.0300000000000000E+04   2.8311906099832107E+01   2.9101390708126939E+01   1.0436122914195271E+03  -4.0270408617541653E+00   2.3202498680260079E+06
   4.0400000000000000E+04   2.8252452249814141E+01   2.9050659372834691E+01   1.0282448541059928E+03  -4.0273029122233410E+00   2.3186288250740906E+06
   4.0500000000000000E+04   2.8207343546408975E+01   2.8999883200848579E+01   1.0321372106364513E+03  -4.0275631040520574E+00   2.3169851150329434E+06
   4.0600000000000000E+04   2.8153606614008961E+01   2.8949064250288686E+01   1.0245933027408803E+03  -4.0278214519988955E+00   2.3153189989851275E+06
   4.0700000000000000E+04   2.8102844229190900E+01   2.8898204600612132E+01   1.0210739327420945E+03  -4.0280779706656373E+00   2.3136307321286988E+06
   4.0800000000000000E+04   2.8047562402767593E+01   2.8847306259907221E+01   1.0116947010638075E+03  -4.0283326746148678E+00   2.3119205727684884E+06
   4.0900000000000000E+04   2.8005496669405087E+01   2.8796371258277606E+01   1.0197023532066432E+03  -4.0285855782915752E+00   2.3101887757098032E+06
   4.1000000000000000E+04   2.7955597151374917E+01   2.8745401555677162E+01   1.0174606034958173E+03  -4.0288366960427426E+00   2.3084355922986278E+06
   4.1100000000000000E+04   2.7909458076686978E+01   2.8694399117012850E+01   1.0202615076152983E+03  -4.0290860420977612E+00   2.3066612739693597E+06
   4.1200000000000000E+04   2.7860480784374417E+01   2.8643365868189971E+01   1.0193296064362422E+03  -4.0293336306272218E+00   2.3048660710395523E+06
   4.1300000000000000E+04   2.7811025431655302E+01   2.8592303717906873E+01   1.0177951951838469E+03  -4.0295794756449155E+00   2.3030502309561791E+06
   4.1400000000000000E+04   2.7749571725479129E+01   2.8541214562770545E+01   1.0004593527956608E+03  -4.0298235911058384E+00   2.3012139989016973E+06
   4.1500000000000000E+04   2.7695755552656745E+01   2.8490100269681939E+01   9.9334059360876302E+02  -4.0300659908473806E+00   2.2993576195266559E+06
   4.1600000000000000E+04   2.7649286344943558E+01   2.8438962658410922E+01   9.9574598919264406E+02  -4.0303066886481425E+00   2.2974813369237743E+06
   4.1700000000000000E+04   2.7600280738936419E+01   2.8387803522139549E+01   9.9490625983670202E+02  -4.0305456981103198E+00   2.2955853906223150E+06
   4.1800000000000000E+04   2.7548625895872199E+01   2.8336624672918003E+01   9.9065518247699242E+02  -4.0307830328165144E+00   2.2936700201832503E+06
   4.1900000000000000E+04   2.7548625895872199E+01   2.8285427873727258E+01   9.9065518247699242E+02  -4.0310187061729215E+00   2.2917354634681055E+06
   4.2000000000000000E+04   2.7453009389343933E+01   2.8234214876036425E+01   9.9220266536311772E+02  -4.0312527315465481E+00   2.2897819555235985E+06
   4.2100000000000000E+04   2.7397060275750029E+01   2.8182987459339213E+01   9.8244598519680585E+02  -4.0314851222063970E+00   2.2878097319522528E+06
   4.2200000000000000E+04   2.7345207229843066E+01   2.8131747187095392E+01   9.7804116558301348E+02  -4.0317158912842714E+00   2.2858190244231159E+06
   4.2300000000000000E+04   2.7291642388972651E+01   2.8080495841769526E+01   9.7148950530859099E+02  -4.0319450518335813E+00   2.2838100640404085E+06
   4.2400000000000000E+04   2.7248783259118625E+01   2.8029235077446266E+01   9.7861589096020941E+02  -4.0321726168097349E+00   2.2817830791211594E+06
   4.2500000000000000E+04   2.7197197583784018E+01   2.7977966511118407E+01   9.7458064294801466E+02  -4.0323985990701372E+00   2.2797382985049360E+06
   4.2600000000000000E+04   2.7153173043260022E+01   2.7926691691905106E+01   9.8032321956856606E+02  -4.0326230113741994E+00   2.2776759466066132E+06
   4.2700000000000000E+04   2.7101938259236142E+01   2.7875412352633880E+01   9.7673304249034106E+02  -4.0328458663833411E+00   2.2755962483591819E+06
   4.2800000000000000E+04   2.7045269920390187E+01   2.7824129991353239E+01   9.6616983457079698E+02  -4.0330671766609685E+00   2.2734994259302146E+06
   4.2900000000000000E+04   2.6992555955922793E+01   2.7772846089759298E+01   9.6074533000585188E+02  -4.0332869546725014E+00   2.2713857003614716E+06
   4.3000000000000000E+04   2.6936763957030497E+01   2.7721562323704745E+01   9.5149176214288980E+02  -4.0335052128049522E+00   2.2692552904916536E+06
   4.3100000000000000E+04   2.6891179401901283E+01   2.7670280093865824E+01   9.5505815073626547E+02  -4.0337219633277419E+00   2.2671084140349491E+06
   4.3200000000000000E+04   2.6837862868417393E+01   2.7619000936887236E+01   9.4891670195879828E+02  -4.0339372184122881E+00   2.2649452865156778E+06
   4.3300000000000000E+04   2.6793060924849456E+01   2.7567726309873283E+01   9.5347460317629714E+02  -4.0341509901516162E+00   2.2627661218111645E+06
   4.3400000000000000E+04   2.6735046537845449E+01   2.7516457703652218E+01   9.4144262259712059E+02  -4.0343632905407452E+00   2.2605711332036206E+06
   4.3500000000000000E+04   2.6685679619548409E+01   2.7465196506028043E+01   9.4023291523261889E+02  -4.0345741314766954E+00   2.2583605307531459E+06
   4.3600000000000000E+04   2.6636487200146185E+01   2.7413944178277877E+01   9.3923032881509721E+02  -4.0347835247584989E+00   2.2561345244527073E+06
   4.3700000000000000E+04   2.6587637909935143E+01   2.7362702030798868E+01   9.3864442211774667E+02  -4.0349914820675785E+00   2.2538933205812769E+06
   4.3800000000000000E+04   2.6540183647337408E+01   2.7311471536699731E+01   9.3979366234094914E+02  -4.0351980150853626E+00   2.2516371263849372E+06
   4.3900000000000000E+04   2.6488776113832536E+01   2.7260253976925554E+01   9.3598377729981030E+02  -4.0354031352776802E+00   2.2493661449026642E+06
   4.4000000000000000E+04   2.6439241830587402E+01   2.7209050769218951E+01   9.3450028593708748E+02  -4.0356068541103625E+00   2.2470805801265645E+06
   4.4100000000000000E+04   2.6388811434610865E+01   2.7157863159207530E+01   9.3187975132771521E+02  -4.0358091829120397E+00   2.2447806328913532E+06
   4.4200000000000000E+04   2.6330561287402023E+01   2.7106692552716005E+01   9.1960530577171755E+02  -4.0360101329329447E+00   2.2424665024302830E+06
   4.4300000000000000E+04   2.6293730833407409E+01   2.7055540072522007E+01   9.3381787945518852E+02  -4.0362097153253194E+00   2.2401383858787436E+06
   4.4400000000000000E+04   2.6241812055056801E+01   2.7004407147922866E+01   9.2925404800432148E+02  -4.0364079411629916E+00   2.2377964807885466E+06
   4.4500000000000000E+04   2.6187753382320405E+01   2.6953294945575632E+01   9.2202210141836053E+02  -4.0366048214217995E+00   2.2354409811107735E+06
   4.4600000000000000E+04   2.6133588542823940E+01   2.6902204734944700E+01   9.1469729189284567E+02  -4.0368003669795858E+00   2.2330720797224101E+06
   4.4700000000000000E+04   2.6081757521897750E+01   2.6851137700379233E+01   9.1024552266292801E+02  -4.0369945886553866E+00   2.2306899684209526E+06
   4.4800000000000000E+04   2.6027671549625822E+01   2.6800095049250061E+01   9.0305910136080468E+02  -4.0371874971702466E+00   2.2282948379184664E+06
   4.4900000000000000E+04   2.5981987990766690E+01   2.6749077980004841E+01   9.0601393916091740E+02  -4.0373791031080080E+00   2.2258868753984733E+06
   4.5000000000000000E+04   2.5935245890691313E+01   2.6698087671521304E+01   9.0768687029539217E+02  -4.0375694170525085E+00   2.2234662684524716E+06
   4.5100000000000000E+04   2.5887501861634338E+01   2.6647125276634856E+01   9.0811774832614901E+02  -4.0377584493916014E+00   2.2210332011745237E+06
   4.5200000000000000E+04   2.5838610899022548E+01   2.6596191866532980E+01   9.0710918371326602E+02  -4.0379462105719286E+00   2.2185878595033898E+06
   4.5300000000000000E+04   2.5786546354178750E+01   2.6545288610435438E+01   9.0216580082825169E+02  -4.0381327107853391E+00   2.2161304234932414E+06
   4.5400000000000000E+04   2.5732471176136134E+01   2.6494416626157783E+01   8.9477115736011842E+02  -4.0383179603020833E+00   2.2136610755190537E+06
   4.5500000000000000E+04   2.5686853128404195E+01   2.6443576959933534E+01   8.9762242083310502E+02  -4.0385019691572088E+00   2.2111799926097207E+06
   4.5600000000000000E+04   2.5637780987997207E+01   2.6392770735533666E+01   8.9624008536799158E+02  -4.0386847474249690E+00   2.2086873545629252E+06
   4.5700000000000000E+04   2.5578897892496510E+01   2.6341998915603970E+01   8.8297522889260404E+02  -4.0388663050424141E+00   2.2061833368115816E+06
   4.5800000000000000E+04   2.5526380067030853E+01   2.6291262667820170E+01   8.7741669454679345E+02  -4.0390466518486017E+00   2.2036681137672598E+06
   4.5900000000000000E+04   2.5486089167736321E+01   2.6240562883964987E+01   8.8640506764801603E+02  -4.0392257976041837E+00   2.2011418574229693E+06
   4.6000000000000000E+04   2.5419981178557734E+01   2.6189900697677640E+01   8.6469659005953838E+02  -4.0394037520502186E+00   2.1986047415444311E+06
   4.6100000000000000E+04   2.5373020866079141E+01   2.6139277003720927E+01   8.6554924425242723E+02  -4.0395805247513632E+00   2.1960569346956243E+06
   4.6200000000000000E+04   2.5325666819385706E+01   2.6088692817220956E+01   8.6591222830771358E+02  -4.0397561252526764E+00   2.1934986062902766E+06
   4.6300000000000000E+04   2.5281857728640741E+01   2.6038149191147500E+01   8.7042207403184875E+02  -4.0399305630208167E+00   2.1909299238090510E+06
   4.6400000000000000E+04   2.5229775453116758E+01   2.5987646944485540E+01   8.6513677375575037E+02  -4.0401038473852475E+00   2.1883510514565851E+06
   4.6500000000000000E+04   2.5187561997551612E+01   2.5937187095852497E+01   8.7149497728884739E+02  -4.0402759876754324E+00   2.1857621556314393E+06
   4.6600000000000000E+04   2.5138076060633633E+01   2.5886770547610212E+01   8.6917109489862014E+02  -4.0404469931032301E+00   2.1831633981068716E+06
   4.6700000000000000E+04   2.5086060588762461E+01   2.5836398213638219E+01   8.6378908573329102E+02  -4.0406168727629099E+00   2.1805549396908046E+06
   4.6800000000000000E+04   2.5034646585421655E+01   2.5786070983678954E+01   8.5909530672698645E+02  -4.0407856357487368E+00   2.1779369420045004E+06
   4.6900000000000000E+04   2.4991192089493275E+01   2.5735789785415328E+01   8.6377928594807838E+02  -4.0409532910373747E+00   2.1753095625640224E+06
   4.7000000000000000E+04   2.4935831309942394E+01   2.5685555452879662E+01   8.5430179074381147E+02  -4.0411198475270922E+00   2.1726729588192767E+06
   4.7100000000000000E+04   2.4891071361274371E+01   2.5635368842734291E+01   8.5730747601817325E+02  -4.0412853140181619E+00   2.1700272863750928E+06
   4.7200000000000000E+04   2.4849122178229067E+01   2.5585230798516069E+01   8.6369118435623716E+02  -4.0414496992716522E+00   2.1673726990108099E+06
   4.7300000000000000E+04   2.4794049850484001E+01   2.5535142146566155E+01   8.5430598950791159E+02  -4.0416130120094351E+00   2.1647093513053097E+06
   4.7400000000000000E+04   2.4742400430818911E+01   2.5485103724306768E+01   8.4901015909937234E+02  -4.0417752607573822E+00   2.1620373929696283E+06
   4.7500000000000000E+04   2.4687810842466423E+01   2.5435116337383334E+01   8.4026859853782389E+02  -4.0419364541197664E+00   2.1593569762577335E+06
   4.7600000000000000E+04   2.4646980350677627E+01   2.5385180788429967E+01   8.4755849508279437E+02  -4.0420966005048626E+00   2.1566682485969258E+06
   4.7700000000000000E+04   2.4592293772309304E+01   2.5335297840864850E+01   8.3855945570090796E+02  -4.0422557083013508E+00   2.1539713577954331E+06
   4.7800000000000000E+04   2.4548967007120858E+01   2.5285468244669385E+01   8.4281206066146285E+02  -4.0424137858195026E+00   2.1512664503120994E+06
   4.7900000000000000E+04   2.4507862855610860E+01   2.5235692789536873E+01   8.4974919156755664E+02  -4.0425708413108001E+00   2.1485536712648887E+06
   4.8000000000000000E+04   2.4452662941816147E+01   2.5185972256401584E+01   8.3984217600711861E+02  -4.0427268829483189E+00   2.1458331640182254E+06
   4.8100000000000000E+04   2.4400588627540486E+01   2.5136307316913680E+01   8.3366197340724227E+02  -4.0428819188071410E+00   2.1431050702015390E+06
   4.8200000000000000E+04   2.4338751556341101E+01   2.5086698686127477E+01   8.1633968816062952E+02  -4.0430359569231449E+00   2.1403695309762838E+06
   4.8300000000000000E+04   2.4295037834681217E+01   2.5037147115309249E+01   8.1966154085034600E+02  -4.0431890052538151E+00   2.1376266861958075E+06
   4.8400000000000000E+04   2.4241050076840573E+01   2.4987653303022729E+01   8.1131039055209772E+02  -4.0433410716782356E+00   2.1348766740007806E+06
   4.8500000000000000E+04   2.4202825423999862E+01   2.4938217897835376E+01   8.2075266696566473E+02  -4.0434921640362864E+00   2.1321196308381655E+06
   4.8600000000000000E+04   2.4154357478831230E+01   2.4888841633712630E+01   8.1849822635287023E+02  -4.0436422900894575E+00   2.1293556935204417E+06
   4.8700000000000000E+04   2.4104568838880329E+01   2.4839525135985507E+01   8.1466890742181533E+02  -4.0437914574816309E+00   2.1265849955362016E+06
   4.8800000000000000E+04   2.4050624324204112E+01   2.4790269082690415E+01   8.0609162947885557E+02  -4.0439396738958973E+00   2.1238076711546867E+06
   4.8900000000000000E+04   2.4001968043856756E+01   2.4741074084477521E+01   8.0344962280050038E+02  -4.0440869468193403E+00   2.1210238513560207E+06
   4.9000000000000000E+04   2.3953898798031855E+01   2.4691940825417859E+01   8.0140185749842942E+02  -4.0442332837782553E+00   2.1182336666957326E+06
   4.9100000000000000E+04   2.3918859529570170E+01   2.4642869875140420E+01   8.1411729342722515E+02  -4.0443786921813256E+00   2.1154372468930180E+06
   4.9200000000000000E+04   2.3871571021813889E+01   2.4593861839894195E+01   8.1282234927488742E+02  -4.0445231793980483E+00   2.1126347208306552E+06
   4.9300000000000000E+04   2.3826795470336318E+01   2.4544917408149914E+01   8.1438359716576804E+02  -4.0446667527195110E+00   2.1098262149725873E+06
   4.9400000000000000E+04   2.3761576338587151E+01   2.4496037077102550E+01   7.9250588149475800E+02  -4.0448094193584083E+00   2.1070118545804545E+06
   4.9500000000000000E+04   2.3718967111722399E+01   2.4447221472572576E+01   7.9623669043876373E+02  -4.0449511864882330E+00   2.1041917652875492E+06
   4.9600000000000000E+04   2.3668735123639994E+01   2.4398471175913350E+01   7.9135592915468715E+02  -4.0450920612432792E+00   2.1013660695640757E+06
   4.9700000000000000E+04   2.3629946175635943E+01   2.4349786731437369E+01   7.9932166257495453E+02  -4.0452320506402453E+00   2.0985348898721398E+06
   4.9800000000000000E+04   2.3580761664195382E+01   2.4301168677530946E+01   7.9543932268652816E+02  -4.0453711616566261E+00   2.0956983474899947E+06
   4.9900000000000000E+04   2.3535560525938269E+01   2.4252617598797407E+01   7.9603001073955363E+02  -4.0455094012307180E+00   2.0928565621356831E+06
   5.0000000000000000E+04   2.3467073076115440E+01   2.4204133992528774E+01   7.7062854439596140E+02  -4.0456467762224229E+00   2.0900096527490059E+06