#Te   kappa_tot   kappa_e_ph  kappa_e_e mu Ce
#[K]  [W/(K*m)]   [W/(K*m)]   [W/(K*m)]   [eV]  [J/(m^3*K)]
   3.0000000000000000E+02   6.7562331471024548E-32   1.4058581432112871E-04   6.7562331471024548E-32  -3.4638632320338583E+00   3.2856353884061706E-01
   4.0000000000000000E+02   4.4621362047799668E-22   7.0887704701861117E-03   4.4621362047799668E-22  -3.4579400308571127E+00   1.2710871796908103E+01
   5.0000000000000000E+02   3.0988378443634101E-16   8.0094221158892989E-02   3.0988378443634220E-16  -3.4498233143836119E+00   1.1509446191902528E+02
   6.0000000000000000E+02   2.2361475476560619E-12   4.2175606313151953E-01   2.2361475476679179E-12  -3.4398656541119683E+00   4.9885294334827728E+02
   7.0000000000000000E+02   1.1976439419886900E-09   1.4208842535450639E+00   1.1976439429981676E-09  -3.4284160130070047E+00   1.4120895098290412E+03
   8.0000000000000000E+02   1.2705024786303754E-07   3.5976708817065468E+00   1.2705025234976426E-07  -3.4157315804414830E+00   3.0559464221083549E+03
   9.0000000000000000E+02   4.6001056673601962E-06   7.5021503475066709E+00   4.6001084880161611E-06  -3.4019795690684727E+00   5.5265039691342399E+03
   1.0000000000000000E+03   7.8723799843191067E-05   1.3629692239061017E+01   7.8724254546962000E-05  -3.3872595038028761E+00   8.8190848793724672E+03
   1.1000000000000000E+03   7.8286065735424886E-04   2.2377219909700020E+01   7.8288804646930283E-04  -3.3716267290528643E+00   1.2868095761781449E+04
   1.2000000000000000E+03   5.1891030878327121E-03   3.4031362649919508E+01   5.1898944430763183E-03  -3.3551126087448466E+00   1.7594187371384549E+04
   1.3000000000000000E+03   2.5201640151358378E-02   4.8770929299496743E+01   2.5214669450474746E-02  -3.3377411399982875E+00   2.2943063551893261E+04
   1.4000000000000000E+03   9.5922865034292884E-02   6.6673116483359991E+01   9.6061068457061582E-02  -3.3195426043643219E+00   2.8911236585883718E+04
   1.5000000000000000E+03   3.0053182519879262E-01   8.7724173718311917E+01   3.0156494823052066E-01  -3.3005648712990685E+00   3.5559922265837427E+04
   1.6000000000000000E+03   8.0393127185359248E-01   1.1184164980808011E+02   8.0975186595786786E-01  -3.2808825220973068E+00   4.3019606801236798E+04
   1.7000000000000000E+03   1.8878730191981876E+00   1.3891186921919501E+02   1.9138835329436377E+00  -3.2606033459927599E+00   5.1486509493192003E+04
   1.8000000000000000E+03   3.9763675348478040E+00   1.6883468170506771E+02   4.0722771579188359E+00  -3.2398711260497062E+00   6.1210652104839966E+04
   1.9000000000000000E+03   7.6404435555176402E+00   2.0155690623607293E+02   7.9414823477795249E+00  -3.2188632923219704E+00   7.2474675638994522E+04
   2.0000000000000000E+03   1.3576226382253882E+01   2.3707679085961090E+02   1.4400895094895452E+01  -3.1977823885578478E+00   8.5564077858878940E+04
   2.1000000000000000E+03   2.2557665241186381E+01   2.7541614326271434E+02   2.4570048868244779E+01  -3.1768415447088931E+00   1.0073328316506070E+05
   2.2000000000000000E+03   3.5371381828720615E+01   3.1657467336430318E+02   3.9820599494847514E+01  -3.1562461181445260E+00   1.1817502560890827E+05
   2.3000000000000000E+03   5.2743619567631299E+01   3.6048945788885362E+02   6.1783187479484944E+01  -3.1361753625961262E+00   1.3800131464930522E+05
   2.4000000000000000E+03   7.5269165099359725E+01   4.0701659650094456E+02   9.2346756901107753E+01  -3.1167684058051104E+00   1.6023992960333015E+05
   2.5000000000000000E+03   1.0335168263475374E+02   4.5593827378455416E+02   1.3364656783898624E+02  -3.0981173841579821E+00   1.8484494982922499E+05
   2.6000000000000000E+03   1.3716461140321599E+02   5.0698680603095141E+02   1.8803806057609117E+02  -3.0802681453983749E+00   2.1171486948723800E+05
   2.7000000000000000E+03   1.7663965061700497E+02   5.5987347809986113E+02   2.5805617476633358E+02  -3.0632267100654471E+00   2.4071173142043804E+05
   2.8000000000000000E+03   2.2148468632604363E+02   6.1431296735079491E+02   3.4636232026058991E+02  -3.0469687126993859E+00   2.7167664697484800E+05
   2.9000000000000000E+03   2.7122630642715694E+02   6.7003943643729610E+02   4.5568289464492148E+02  -3.0314492659219869E+00   3.0444047221796273E+05
   3.0000000000000000E+03   3.2526688360325898E+02   7.2681452400565786E+02   5.8874382861270578E+02  -3.0166115907850073E+00   3.3883006598360266E+05
   3.1000000000000000E+03   3.8261873996868371E+02   7.8442939235331642E+02   7.4696224183056256E+02  -3.0023936894150163E+00   3.7467176444454142E+05
   3.2000000000000000E+03   4.4323468409503505E+02   8.4270325552591180E+02   9.3503053296776659E+02  -2.9887330183604419E+00   4.1179310920531739E+05
   3.3000000000000000E+03   5.0631582274567006E+02   9.0148027019588949E+02   1.1550475444801239E+03  -2.9755694602709100E+00   4.5002392220274266E+05
   3.4000000000000000E+03   5.7100584143318815E+02   9.6062598628422984E+02   1.4078405771614364E+03  -2.9628470096204746E+00   4.8919710808638937E+05
   3.5000000000000000E+03   6.3692411616682409E+02   1.0200239924401056E+03   1.6958446611202419E+03  -2.9505145650784277E+00   5.2914934919170977E+05
   3.6000000000000000E+03   7.0363482534854188E+02   1.0795730166316471E+03   2.0206118681795801E+03  -2.9385261393292579E+00   5.6972196761544875E+05
   3.7000000000000000E+03   7.7077614975795575E+02   1.1391845451419988E+03   2.3833774923967153E+03  -2.9268407228514315E+00   6.1076164395040972E+05
   3.8000000000000000E+03   8.3805373196076232E+02   1.1987809135511832E+03   2.7850488393347609E+03  -2.9154219548605238E+00   6.5212120400069305E+05
   3.9000000000000000E+03   9.0523219091635906E+02   1.2582937954267854E+03   3.2262019848635559E+03  -2.9042377070199121E+00   6.9366027322905057E+05
   4.0000000000000000E+03   9.7212614267859783E+02   1.3176630032950288E+03   3.7070854046029426E+03  -2.8932596399996768E+00   7.3524593093039375E+05
   4.1000000000000000E+03   1.0385697484219816E+03   1.3768355327438744E+03   4.2272668390827384E+03  -2.8824627720516096E+00   7.7675311289171048E+05
   4.2000000000000000E+03   1.1044747973107990E+03   1.4357647872443019E+03   4.7866403168291627E+03  -2.8718250760069819E+00   8.1806506307077396E+05
   4.3000000000000000E+03   1.1697584211431563E+03   1.4944099418775527E+03   5.3845385051545009E+03  -2.8613271160199352E+00   8.5907348743785778E+05
   4.4000000000000000E+03   1.2343593952081665E+03   1.5527354081953006E+03   6.0200312247006777E+03  -2.8509517235943527E+00   8.9967875722898357E+05
   4.5000000000000000E+03   1.2982336529826955E+03   1.6107103786713562E+03   6.6919493417987278E+03  -2.8406837141651451E+00   9.3978991655056726E+05
   4.6000000000000000E+03   1.3613506738381718E+03   1.6683084302568623E+03   7.3989099744468704E+03  -2.8305096396123579E+00   9.7932463573581399E+05
   4.7000000000000000E+03   1.4236903635802382E+03   1.7255071756115431E+03   8.1393343255905465E+03  -2.8204175741662270E+00   1.0182090248400656E+06
   4.8000000000000000E+03   1.4852415843635304E+03   1.7822879499754551E+03   8.9114982880211519E+03  -2.8103969282728363E+00   1.0563775142282369E+06
   4.9000000000000000E+03   1.5459987587944288E+03   1.8386355293402171E+03   9.7135033336166034E+03  -2.8004382884561916E+00   1.0937725140929017E+06
   5.0000000000000000E+03   1.6059626135678232E+03   1.8945378726230556E+03   1.0543374381372771E+04  -2.7905332784973380E+00   1.1303441233215022E+06
   5.1000000000000000E+03   1.6650711679731105E+03   1.9499858839588469E+03   1.1395919870621856E+04  -2.7806744390420830E+00   1.1660498254909990E+06
   5.2000000000000000E+03   1.7231684425431738E+03   2.0049731926218276E+03   1.2259930085304382E+04  -2.7708551233842296E+00   1.2008540567315959E+06
   5.3000000000000000E+03   1.7812583772529886E+03   2.0594959477706202E+03   1.3184755757679159E+04  -2.7610694069402824E+00   1.2347278800789935E+06
   5.4000000000000000E+03   1.8380758110575384E+03   2.1135526255873865E+03   1.4102348188973980E+04  -2.7513120082203453E+00   1.2676485040425018E+06
   5.5000000000000000E+03   1.8941509375887906E+03   2.1671438475625528E+03   1.5036645278241545E+04  -2.7415782198509495E+00   1.2995989793456187E+06
   5.6000000000000000E+03   1.9494995077765980E+03   2.2202722086581780E+03   1.5985435621156550E+04  -2.7318638482633735E+00   1.3305676561299628E+06
   5.7000000000000000E+03   2.0041384170418910E+03   2.2729421139274941E+03   1.6946532592418644E+04  -2.7221651606609485E+00   1.3605479000218068E+06
   5.8000000000000000E+03   2.0580854958634818E+03   2.3251596225429776E+03   1.7917786923874646E+04  -2.7124788381677343E+00   1.3895376370712742E+06
   5.9000000000000000E+03   2.1113593381981068E+03   2.3769322995742195E+03   1.8897097735274663E+04  -2.7028019348697327E+00   1.4175389421164172E+06
   6.0000000000000000E+03   2.1639791557836479E+03   2.4282690733060058E+03   1.9882421957408740E+04  -2.6931318411310357E+00   1.4445577201560468E+06
   6.1000000000000000E+03   2.2158905974968216E+03   2.4791800992172111E+03   2.0865214281087392E+04  -2.6834662514160534E+00   1.4706032609075957E+06
   6.2000000000000000E+03   2.2671879565922886E+03   2.5296766287790510E+03   2.1849523406328852E+04  -2.6738031352890599E+00   1.4956879812017607E+06
   6.3000000000000000E+03   2.3178915061134057E+03   2.5797708839730017E+03   2.2833523848088618E+04  -2.6641407117643894E+00   1.5198270340809624E+06
   6.4000000000000000E+03   2.3680217221175726E+03   2.6294759370904062E+03   2.3815474298100398E+04  -2.6544774264873738E+00   1.5430379849852237E+06
   6.5000000000000000E+03   2.4175992069984040E+03   2.6788055946640220E+03   2.4793720931714761E+04  -2.6448119308794218E+00   1.5653405628213503E+06
   6.6000000000000000E+03   2.4666446166206365E+03   2.7277742870738580E+03   2.5766699543904357E+04  -2.6351430638250011E+00   1.5867563641865212E+06
   6.7000000000000000E+03   2.5151785918495561E+03   2.7763969626025905E+03   2.6732936824785167E+04  -2.6254698350339218E+00   1.6073085225048170E+06
   6.8000000000000000E+03   2.5632216934617386E+03   2.8246889857729402E+03   2.7691050844700421E+04  -2.6157914097901158E+00   1.6270215717423535E+06
   6.9000000000000000E+03   2.6107943421497034E+03   2.8726660412928932E+03   2.8639750962138751E+04  -2.6061070956067911E+00   1.6459211389017247E+06
   7.0000000000000000E+03   2.6579167597733963E+03   2.9203440417402203E+03   2.9577837009442454E+04  -2.5964163296326315E+00   1.6640337697304240E+06
   7.1000000000000000E+03   2.7045257207999921E+03   2.9677390410037215E+03   3.0493618494703980E+04  -2.5867186677332898E+00   1.6813866939373247E+06
   7.2000000000000000E+03   2.7507234667978382E+03   3.0148671513966656E+03   3.1396040511890322E+04  -2.5770137740061720E+00   1.6980077390620033E+06
   7.3000000000000000E+03   2.7965292019271715E+03   3.0617444666537181E+03   3.2284181751997865E+04  -2.5673014117972248E+00   1.7139250166106133E+06
   7.4000000000000000E+03   2.8419617296138968E+03   3.1083869884690671E+03   3.3157204763610738E+04  -2.5575814348621591E+00   1.7291669077152975E+06
   7.5000000000000000E+03   2.8870394131391822E+03   3.1548105590802179E+03   3.4014353537023315E+04  -2.5478537799430265E+00   1.7437618613714532E+06
   7.6000000000000000E+03   2.9317801352117535E+03   3.2010307973603476E+03   3.4854950509733084E+04  -2.5381184593159136E+00   1.7577382673855147E+06
   7.7000000000000000E+03   2.9762012615629769E+03   3.2470630405294078E+03   3.5678393439171225E+04  -2.5283755544073752E+00   1.7711243962447722E+06
   7.8000000000000000E+03   3.0203196072416008E+03   3.2929222902751685E+03   3.6484152128525871E+04  -2.5186252097863751E+00   1.7839481992847165E+06
   7.9000000000000000E+03   3.0641514066055984E+03   3.3386231632352578E+03   3.7271765180402937E+04  -2.5088676274739621E+00   1.7962373593262653E+06
   8.0000000000000000E+03   3.1077122858840962E+03   3.3841798465206489E+03   3.8040836554055670E+04  -2.4991030619461760E+00   1.8080190473834474E+06
   8.1000000000000000E+03   3.1506111104422089E+03   3.4296060572005254E+03   3.8729572251414931E+04  -2.4893318152236152E+00   1.8193200353270259E+06
   8.2000000000000000E+03   3.1934786971122276E+03   3.4749150067794967E+03   3.9430118528577652E+04  -2.4795542326542410E+00   1.8301664436535030E+06
   8.3000000000000000E+03   3.2366768278217232E+03   3.5201193694118965E+03   4.0196819892391512E+04  -2.4697706986961792E+00   1.8405838458828595E+06
   8.4000000000000000E+03   3.2826592047525482E+03   3.5652312546353487E+03   4.1417540057321079E+04  -2.4599816331915676E+00   1.8505971198949015E+06
   8.5000000000000000E+03   3.3250052457127358E+03   3.6102621839910248E+03   4.2081853547967228E+04  -2.4501874878137144E+00   1.8602304822556861E+06
   8.6000000000000000E+03   3.3671595468206106E+03   3.6552230715800461E+03   4.2725712224440664E+04  -2.4403887427742172E+00   1.8695074237622742E+06
   8.7000000000000000E+03   3.4091370098388934E+03   3.7001242085744275E+03   4.3349777705913686E+04  -2.4305859038766999E+00   1.8784506474424594E+06
   8.8000000000000000E+03   3.4509404331512092E+03   3.7449752509491695E+03   4.3952912146381554E+04  -2.4207794995416694E+00   1.8870821021831697E+06
   8.9000000000000000E+03   3.4925802940752797E+03   3.7897852109105925E+03   4.4535363974946100E+04  -2.4109700781779928E+00   1.8954229878995942E+06
   9.0000000000000000E+03   3.5340348062324942E+03   3.8345624515864552E+03   4.5092281459224250E+04  -2.4011582057276728E+00   1.9034936290600509E+06
   9.1000000000000000E+03   3.5752943501079662E+03   3.8793146847799685E+03   4.5620934829073900E+04  -2.3913444633550589E+00   1.9113136227926305E+06
   9.2000000000000000E+03   3.6164145804071186E+03   3.9240489715874864E+03   4.6129393598130846E+04  -2.3815294452515974E+00   1.9189017063782357E+06
   9.3000000000000000E+03   3.6569719462869953E+03   3.9687717257619206E+03   4.6548098548272283E+04  -2.3717137565849939E+00   1.9262758486190983E+06
   9.4000000000000000E+03   3.6982931849896631E+03   4.0134887198164065E+03   4.7091587095892217E+04  -2.3618980117083561E+00   1.9334531461451640E+06
   9.5000000000000000E+03   3.7390386812898391E+03   4.0582050931525810E+03   4.7541925641068010E+04  -2.3520828322537985E+00   1.9404499538945709E+06
   9.6000000000000000E+03   3.7796624093116120E+03   4.1029253625958218E+03   4.7972316665623111E+04  -2.3422688454859784E+00   1.9472818773950071E+06
   9.7000000000000000E+03   3.8201729110042165E+03   4.1476534351413211E+03   4.8383803399944583E+04  -2.3324566829156415E+00   1.9539636095462048E+06
   9.8000000000000000E+03   3.8605715690931092E+03   4.1923926219519390E+03   4.8776386016920864E+04  -2.3226469785954049E+00   1.9605092442772889E+06
   9.9000000000000000E+03   3.9008629286831501E+03   4.2371456545956480E+03   4.9150679276175040E+04  -2.3128403679354776E+00   1.9669319935250471E+06
   1.0000000000000000E+04   3.9410487633742518E+03   4.2819147025500706E+03   4.9506954799184983E+04  -2.3030374864616054E+00   1.9732443840189748E+06
   1.0100000000000000E+04   3.9810564325479190E+03   4.3267013918010225E+03   4.9833917568953584E+04  -2.2932389684863703E+00   1.9794582240266432E+06
   1.0200000000000000E+04   4.0209543339980755E+03   4.3715068248295556E+03   5.0142645604108984E+04  -2.2834454460404445E+00   1.9855846506442579E+06
   1.0300000000000000E+04   4.0607481525390381E+03   4.4163316017344114E+03   5.0434322613506294E+04  -2.2736575480060486E+00   1.9916340618103517E+06
   1.0400000000000000E+04   4.1004379240800990E+03   4.4611758417098272E+03   5.0709320294167643E+04  -2.2638758989326608E+00   1.9976162140895820E+06
   1.0500000000000000E+04   4.1400232387150063E+03   4.5060392056990804E+03   5.0968014264161378E+04  -2.2541011183149071E+00   2.0035402580641746E+06
   1.0600000000000000E+04   4.1795032655221185E+03   4.5509209192401213E+03   5.1210782935854513E+04  -2.2443338196393507E+00   2.0094147224349973E+06
   1.0700000000000000E+04   4.2188767779609389E+03   4.5958197960282087E+03   5.1438006499158400E+04  -2.2345746097490240E+00   2.0152474779934785E+06
   1.0800000000000000E+04   4.2581421790619988E+03   4.6407342615305897E+03   5.1650065974545701E+04  -2.2248240880635377E+00   2.0210458963572527E+06
   1.0900000000000000E+04   4.2972374299264129E+03   4.6856623768754553E+03   5.1838595610463497E+04  -2.2150828459436163E+00   2.0268167269462962E+06
   1.1000000000000000E+04   4.3363405586090948E+03   4.7306018627415879E+03   5.2030215770666786E+04  -2.2053514660556246E+00   2.0325662591146606E+06
   1.1100000000000000E+04   4.3751917115334400E+03   4.7755501233011464E+03   5.2188106215194464E+04  -2.1956305218805285E+00   2.0383002143032877E+06
   1.1200000000000000E+04   4.4139231716272698E+03   4.8205042699334763E+03   5.2332328247987258E+04  -2.1859205771939618E+00   2.0440238368184813E+06
   1.1300000000000000E+04   4.4522474201414943E+03   4.8654611447460202E+03   5.2423807680217818E+04  -2.1762221856329593E+00   2.0497419320731855E+06
   1.1400000000000000E+04   4.4909859395305302E+03   4.9104173436500305E+03   5.2577406057263535E+04  -2.1665358901760201E+00   2.0554588479963571E+06
   1.1500000000000000E+04   4.5288274034997912E+03   4.9553692393123411E+03   5.2613858996284107E+04  -2.1568622229409233E+00   2.0611784732172498E+06
   1.1600000000000000E+04   4.5668636649892705E+03   5.0003130033761954E+03   5.2683775810282677E+04  -2.1472017047514442E+00   2.0669043513671497E+06
   1.1700000000000000E+04   4.6057293699460306E+03   5.0452446282382571E+03   5.2869680686692860E+04  -2.1375548448196287E+00   2.0726395829540568E+06
   1.1800000000000000E+04   4.6429250218543511E+03   5.0901599483163372E+03   5.2842990542438172E+04  -2.1279221405435917E+00   2.0783869397682776E+06
   1.1900000000000000E+04   4.6807242240167234E+03   5.1350546606509897E+03   5.2903729980801982E+04  -2.1183040773053285E+00   2.0841488432968692E+06
   1.2000000000000000E+04   4.7186151291896067E+03   5.1799243447321642E+03   5.2984134193729013E+04  -2.1087011281818646E+00   2.0899273811136591E+06
   1.2100000000000000E+04   4.7560281428959988E+03   5.2247644817427445E+03   5.3013015752756466E+04  -2.0991137538297155E+00   2.0957243637514256E+06
   1.2200000000000000E+04   4.7930195967609397E+03   5.2695704730552679E+03   5.2999912077104993E+04  -2.0895424023982265E+00   2.1015412591815442E+06
   1.2300000000000000E+04   4.8301006638182989E+03   5.3143376578677999E+03   5.3008725406051592E+04  -2.0799875093562719E+00   2.1073793100948306E+06
   1.2400000000000000E+04   4.8678298951205707E+03   5.3590613301498433E+03   5.3105312674327230E+04  -2.0704494974633705E+00   2.1132394458099543E+06
   1.2500000000000000E+04   4.9045838575100524E+03   5.4037367546756914E+03   5.3096115854900767E+04  -2.0609287766252460E+00   2.1191224425218771E+06
   1.2600000000000000E+04   4.9411558577045225E+03   5.4483591824045188E+03   5.3077711793273076E+04  -2.0514257439805026E+00   2.1250287701094872E+06
   1.2700000000000000E+04   4.9775480229957329E+03   5.4929238648687005E+03   5.3051171790823821E+04  -2.0419407837850727E+00   2.1309587098315717E+06
   1.2800000000000000E+04   5.0137549108885651E+03   5.5374260678562114E+03   5.3016662789223883E+04  -2.0324742674699898E+00   2.1369123897644426E+06
   1.2900000000000000E+04   5.0491700062408254E+03   5.5818610842340941E+03   5.2908274100798502E+04  -2.0230265536702698E+00   2.1428897334675486E+06
   1.3000000000000000E+04   5.0846838047332376E+03   5.6262242459433237E+03   5.2826287989168704E+04  -2.0135979882538035E+00   2.1488904492052714E+06
   1.3100000000000000E+04   5.1202186963257973E+03   5.6705109351944029E+03   5.2761522073791813E+04  -2.0041889043791206E+00   2.1549141723256200E+06
   1.3200000000000000E+04   5.1558676703535712E+03   5.7147165948739903E+03   5.2723233854353231E+04  -1.9947996225820455E+00   2.1609603457859522E+06
   1.3300000000000000E+04   5.1909939939593869E+03   5.7588367381935204E+03   5.2645009949848427E+04  -1.9854304509201233E+00   2.1670282737871259E+06
   1.3400000000000000E+04   5.2259028163993289E+03   5.8028669574506293E+03   5.2559971440990339E+04  -1.9760816849437315E+00   2.1731171992051704E+06
   1.3500000000000000E+04   5.2605907200065840E+03   5.8468029322340344E+03   5.2468434818419788E+04  -1.9667536079849346E+00   2.1792261565876701E+06
   1.3600000000000000E+04   5.2950609617949603E+03   5.8906404366907755E+03   5.2371348461510403E+04  -1.9574464911285963E+00   2.1853542061260901E+06
   1.3700000000000000E+04   5.3293060144157262E+03   5.9343753462731547E+03   5.2268559253546700E+04  -1.9481605935012225E+00   2.1915002170792259E+06
   1.3800000000000000E+04   5.3633038201189383E+03   5.9780036436359887E+03   5.2158547232295634E+04  -1.9388961622998619E+00   2.1976630113874162E+06
   1.3900000000000000E+04   5.3970605386279831E+03   6.0215214239870475E+03   5.2042516067626675E+04  -1.9296534330231658E+00   2.2038413725967053E+06
   1.4000000000000000E+04   5.4309539917850534E+03   6.0649248997591876E+03   5.1955582945404822E+04  -1.9204326296447136E+00   2.2100339611227899E+06
   1.4100000000000000E+04   5.4641037303912026E+03   6.1082104046510558E+03   5.1817341120429519E+04  -1.9112339647574275E+00   2.2162394134545308E+06
   1.4200000000000000E+04   5.4967898972265111E+03   6.1513743970959149E+03   5.1655382378838229E+04  -1.9020576397468858E+00   2.2224563498081602E+06
   1.4300000000000000E+04   5.5298371518264403E+03   6.1944134631987126E+03   5.1542760577546658E+04  -1.8929038450224041E+00   2.2286832866653944E+06
   1.4400000000000000E+04   5.5631310301646099E+03   6.2373243191216206E+03   5.1467513891432944E+04  -1.8837727602192251E+00   2.2349187601454202E+06
   1.4500000000000000E+04   5.5953990141142685E+03   6.2801038129193585E+03   5.1320929464300782E+04  -1.8746645543140612E+00   2.2411612374839052E+06
   1.4600000000000000E+04   5.6335549569879522E+03   6.3227489260118045E+03   5.1682915340037340E+04  -1.8655793859717122E+00   2.2474091934394543E+06
   1.4700000000000000E+04   5.6652593273702723E+03   6.3652567740726172E+03   5.1515659778907138E+04  -1.8565174036317200E+00   2.2536610437029069E+06
   1.4800000000000000E+04   5.6975849153051413E+03   6.4076246075666704E+03   5.1416823178897590E+04  -1.8474787457394497E+00   2.2599152699012076E+06
   1.4900000000000000E+04   5.7288883096595082E+03   6.4498498119277483E+03   5.1251653618620956E+04  -1.8384635410638199E+00   2.2661702553352951E+06
   1.5000000000000000E+04   5.7599250465760497E+03   6.4919299072408639E+03   5.1083034666425723E+04  -1.8294719087550795E+00   2.2724244094382259E+06
   1.5100000000000000E+04   5.7906390242029629E+03   6.5338625477141923E+03   5.0906945556332816E+04  -1.8205039586914151E+00   2.2786761723437971E+06
   1.5200000000000000E+04   5.8210845036899609E+03   6.5756455207344898E+03   5.0728022489726631E+04  -1.8115597916233892E+00   2.2849239698321596E+06
   1.5300000000000000E+04   5.8512595598126090E+03   6.6172767456785068E+03   5.0546390515127991E+04  -1.8026394994338941E+00   2.2911662163027534E+06
   1.5400000000000000E+04   5.8802800874852937E+03   6.6587542724243604E+03   5.0297544752443369E+04  -1.7937431653403462E+00   2.2974013921931465E+06
   1.5500000000000000E+04   5.9094553540921888E+03   6.7000762796250601E+03   5.0079374786052496E+04  -1.7848708641257764E+00   2.3036279231064771E+06
   1.5600000000000000E+04   5.9386640138290941E+03   6.7412410727649931E+03   4.9881771876778192E+04  -1.7760226623987807E+00   2.3098442814608663E+06
   1.5700000000000000E+04   5.9677317482645767E+03   6.7822470819485352E+03   4.9691674989661587E+04  -1.7671986187090700E+00   2.3160489392779185E+06
   1.5800000000000000E+04   5.9974813301497552E+03   6.8230928595753903E+03   4.9564923188088105E+04  -1.7583987838363098E+00   2.3222404459369043E+06
   1.5900000000000000E+04   6.0260258579537858E+03   6.8637770778347549E+03   4.9371814892898015E+04  -1.7496232010500949E+00   2.3284173045218298E+06
   1.6000000000000000E+04   6.0544700241729715E+03   6.9042985259812167E+03   4.9188593197980415E+04  -1.7408719061965940E+00   2.3345780998071926E+06
   1.6100000000000000E+04   6.0823420294365060E+03   6.9446561075851087E+03   4.8984209806520892E+04  -1.7321449280451771E+00   2.3407214244113620E+06
   1.6200000000000000E+04   6.1099617072360843E+03   6.9848488375984607E+03   4.8780188263693199E+04  -1.7234422884617184E+00   2.3468458544549840E+06
   1.6300000000000000E+04   6.1371780518928190E+03   7.0248758393243070E+03   4.8567107442183122E+04  -1.7147640025819104E+00   2.3529500531906704E+06
   1.6400000000000000E+04   6.1644109794143315E+03   7.0647363413262583E+03   4.8371333421793832E+04  -1.7061100790423418E+00   2.3590326959164422E+06
   1.6500000000000000E+04   6.1912156374347605E+03   7.1044296742476763E+03   4.8165111705645737E+04  -1.6974805201538028E+00   2.3650924838285483E+06
   1.6600000000000000E+04   6.2177947101169284E+03   7.1439552676302892E+03   4.7961065618736146E+04  -1.6888753222190263E+00   2.3711281320036575E+06
   1.6700000000000000E+04   6.2440139471702696E+03   7.1833126465930109E+03   4.7751268451426789E+04  -1.6802944755904539E+00   2.3771384483223385E+06
   1.6800000000000000E+04   6.2700052936076236E+03   7.2225014285570660E+03   4.7543628292565299E+04  -1.6717379649301980E+00   2.3831221783912145E+06
   1.6900000000000000E+04   6.2956605854522613E+03   7.2615213199298714E+03   4.7331951628647053E+04  -1.6632057694122415E+00   2.3890782277362780E+06
   1.7000000000000000E+04   6.3200931469769612E+03   7.3003721127696444E+03   4.7067246539343752E+04  -1.6546978628957407E+00   2.3950054145186031E+06
   1.7100000000000000E+04   6.3460326717847347E+03   7.3390536814613361E+03   4.6901197445664802E+04  -1.6462142141272251E+00   2.4009026793230399E+06
   1.7200000000000000E+04   6.3710801317889300E+03   7.3775659793917021E+03   4.6700173821833014E+04  -1.6377547869139069E+00   2.4067689282162278E+06
   1.7300000000000000E+04   6.3956263262950833E+03   7.4159090356423094E+03   4.6486510677132552E+04  -1.6293195402969862E+00   2.4126031648314381E+06
   1.7400000000000000E+04   6.4199139267338169E+03   7.4540829517178527E+03   4.6273452208164228E+04  -1.6209084287538464E+00   2.4184043585614301E+06
   1.7500000000000000E+04   6.4438755328366078E+03   7.4920878982862605E+03   4.6057538995848568E+04  -1.6125214023424816E+00   2.4241715772927785E+06
   1.7600000000000000E+04   6.4675568951737196E+03   7.5299241119772314E+03   4.5841223110295286E+04  -1.6041584069036898E+00   2.4299039082295420E+06
   1.7700000000000000E+04   6.4909650408294010E+03   7.5675918921849825E+03   4.5624883267204830E+04  -1.5958193841477262E+00   2.4356004578607380E+06
   1.7800000000000000E+04   6.5141062730970079E+03   7.6050915980088785E+03   4.5408837089599605E+04  -1.5875042720009238E+00   2.4412603518108460E+06
   1.7900000000000000E+04   6.5369743674044767E+03   7.6424236450900480E+03   4.5192781325430849E+04  -1.5792130044901529E+00   2.4468827887119926E+06
   1.8000000000000000E+04   6.5595562573778325E+03   7.6795885026826654E+03   4.4976109418304040E+04  -1.5709455121472080E+00   2.4524670136171710E+06
   1.8100000000000000E+04   6.5818089384559380E+03   7.7165866906683559E+03   4.4756869048578163E+04  -1.5627017220665831E+00   2.4580122097401214E+06
   1.8200000000000000E+04   6.6037747955589148E+03   7.7534187766551186E+03   4.4537119611470123E+04  -1.5544815580210047E+00   2.4635176873902390E+06
   1.8300000000000000E+04   6.6254796240604401E+03   7.7900853731531906E+03   4.4318046643445850E+04  -1.5462849406058616E+00   2.4689827761023683E+06
   1.8400000000000000E+04   6.6469103943708851E+03   7.8265871348486880E+03   4.4099049844794426E+04  -1.5381117874702783E+00   2.4744067697109822E+06
   1.8500000000000000E+04   6.6680734980107227E+03   7.8629247558817851E+03   4.3880407570534255E+04  -1.5299620133460088E+00   2.4797891169424816E+06
   1.8600000000000000E+04   6.6889669066584247E+03   7.8990989672552114E+03   4.3662021117210119E+04  -1.5218355302496227E+00   2.4851291758375224E+06
   1.8700000000000000E+04   6.7095917786134069E+03   7.9351105342976907E+03   4.3443931115998654E+04  -1.5137322476269328E+00   2.4904263770370861E+06
   1.8800000000000000E+04   6.7299504299253576E+03   7.9709602541558952E+03   4.3226222985491157E+04  -1.5056520723529945E+00   2.4956802240736587E+06
   1.8900000000000000E+04   6.7500486873059053E+03   8.0066489534563134E+03   4.3009118901084235E+04  -1.4975949090209593E+00   2.5008902107206406E+06
   1.9000000000000000E+04   6.7698777829499941E+03   8.0421774859681791E+03   4.2792243493920272E+04  -1.4895606599998352E+00   2.5060557926443121E+06
   1.9100000000000000E+04   6.7893961373522015E+03   8.0775467303341629E+03   4.2573954372259213E+04  -1.4815492254633809E+00   2.5111765805029646E+06
   1.9200000000000000E+04   6.8086528739618125E+03   8.1127575879428350E+03   4.2356223142757815E+04  -1.4735605036211801E+00   2.5162521464896584E+06
   1.9300000000000000E+04   6.8276473348372465E+03   8.1478109808215877E+03   4.2139003067672696E+04  -1.4655943907764135E+00   2.5212821346962363E+06
   1.9400000000000000E+04   6.8463817520852645E+03   8.1827078496334498E+03   4.1922358477591064E+04  -1.4576507814702813E+00   2.5262660938645098E+06
   1.9500000000000000E+04   6.8648592603808183E+03   8.2174491517124716E+03   4.1706382893563874E+04  -1.4497295685108895E+00   2.5312037274183850E+06
   1.9600000000000000E+04   6.8830797554544852E+03   8.2520358592199627E+03   4.1491046212254543E+04  -1.4418306431465600E+00   2.5360947263684683E+06
   1.9700000000000000E+04   6.9010471839735137E+03   8.2864689573377600E+03   4.1276464945585103E+04  -1.4339538951235975E+00   2.5409387966653863E+06
   1.9800000000000000E+04   6.9187601912368100E+03   8.3207494425527966E+03   4.1062561606911309E+04  -1.4260992128018339E+00   2.5457356306372681E+06
   1.9900000000000000E+04   6.9362200778715460E+03   8.3548783209861740E+03   4.0849355395819264E+04  -1.4182664831835079E+00   2.5504850189890712E+06
   2.0000000000000000E+04   6.9534299419753370E+03   8.3888566068475138E+03   4.0636925686611401E+04  -1.4104555921154618E+00   2.5551867100177789E+06
   2.0100000000000000E+04   6.9703406113162409E+03   8.4226853208949015E+03   4.0423588946458149E+04  -1.4026664242891449E+00   2.5598405500486051E+06
   2.0200000000000000E+04   6.9870019993438818E+03   8.4563654889902755E+03   4.0211045799822139E+04  -1.3948988633272617E+00   2.5644462855142523E+06
   2.0300000000000000E+04   7.0034166913376603E+03   8.4898981407304673E+03   3.9999351738183948E+04  -1.3871527918993145E+00   2.5690038168592304E+06
   2.0400000000000000E+04   7.0195858865153450E+03   8.5232843081252413E+03   3.9788514356501291E+04  -1.3794280917793760E+00   2.5735129435769129E+06
   2.0500000000000000E+04   7.0355104510130050E+03   8.5565250243390510E+03   3.9578530205303476E+04  -1.3717246439038548E+00   2.5779735905852052E+06
   2.0600000000000000E+04   7.0511937092592498E+03   8.5896213225039046E+03   3.9369472643836823E+04  -1.3640423284581511E+00   2.5823856376635907E+06
   2.0700000000000000E+04   7.0666348616928817E+03   8.6225742345927029E+03   3.9161284009509269E+04  -1.3563810249633159E+00   2.5867489756935942E+06
   2.0800000000000000E+04   7.0818368814720689E+03   8.6553847903424521E+03   3.8954024142539594E+04  -1.3487406123338126E+00   2.5910635634990777E+06
   2.0900000000000000E+04   7.0968018153627027E+03   8.6880540162258603E+03   3.8747721750754215E+04  -1.3411209689064088E+00   2.5953293419483006E+06
   2.1000000000000000E+04   7.1115284670956362E+03   8.7205829344965150E+03   3.8542308569899782E+04  -1.3335219725268279E+00   2.5995462907417775E+06
   2.1100000000000000E+04   7.1259736686930019E+03   8.7529725622968344E+03   3.8336505480689768E+04  -1.3259435006652909E+00   2.6037143419707878E+06
   2.1200000000000000E+04   7.1401841788640004E+03   8.7852239107649239E+03   3.8131672785152768E+04  -1.3183854303587434E+00   2.6078334945418453E+06
   2.1300000000000000E+04   7.1541616232529250E+03   8.8173379842545146E+03   3.7927824436018229E+04  -1.3108476383552836E+00   2.6119038142384724E+06
   2.1400000000000000E+04   7.1679085971995937E+03   8.8493157795683364E+03   3.7725000416818184E+04  -1.3033300011430426E+00   2.6159252893506559E+06
   2.1500000000000000E+04   7.1814225103914878E+03   8.8811582852478114E+03   3.7523096808043403E+04  -1.2958323950079615E+00   2.6198979453999400E+06
   2.1600000000000000E+04   7.1947085365395551E+03   8.9128664808996818E+03   3.7322224517052600E+04  -1.2883546960626691E+00   2.6238218450261950E+06
   2.1700000000000000E+04   7.2275112552935416E+03   8.9444413365670298E+03   3.7652115911675057E+04  -1.2808967802753695E+00   2.6276970588527545E+06
   2.1800000000000000E+04   7.2404670773518610E+03   8.9758838121781209E+03   3.7448982672578422E+04  -1.2734585236142679E+00   2.6315236360566476E+06
   2.1900000000000000E+04   7.2531984437461979E+03   9.0071948569746255E+03   3.7246924353099508E+04  -1.2660398019897985E+00   2.6353016620865986E+06
   2.2000000000000000E+04   7.2657048506789606E+03   9.0383754090060120E+03   3.7045895382528535E+04  -1.2586404912835132E+00   2.6390312294159401E+06
   2.2100000000000000E+04   7.2779476375028080E+03   9.0694263946971259E+03   3.6844874736983526E+04  -1.2512604674924985E+00   2.6427124955936098E+06
   2.2200000000000000E+04   7.2899661247671984E+03   9.1003487283995764E+03   3.6644869333417795E+04  -1.2438996067005019E+00   2.6463455372037333E+06
   2.2300000000000000E+04   7.3017663974293982E+03   9.1311433119960238E+03   3.6446002392808972E+04  -1.2365577851068057E+00   2.6499304660648424E+06
   2.2400000000000000E+04   7.3133505649745375E+03   9.1618110345382338E+03   3.6248292570435871E+04  -1.2292348790551204E+00   2.6534674877868686E+06
   2.2500000000000000E+04   7.3247134565989363E+03   9.1923527719523227E+03   3.6051580994793723E+04  -1.2219307651780011E+00   2.6569566378662516E+06
   2.2600000000000000E+04   7.3358622860355517E+03   9.2227693866879308E+03   3.5856013310467439E+04  -1.2146453202524314E+00   2.6603981624073060E+06
   2.2700000000000000E+04   7.3468001714546053E+03   9.2530617274843480E+03   3.5661630625100530E+04  -1.2073784213442431E+00   2.6637921954435967E+06
   2.2800000000000000E+04   7.3575243669726478E+03   9.2832306291214900E+03   3.5468335384531791E+04  -1.2001299458081149E+00   2.6671389052694566E+06
   2.2900000000000000E+04   7.3680411929271086E+03   9.3132769122240643E+03   3.5276243002161536E+04  -1.1928997713742324E+00   2.6704384648599643E+06
   2.3000000000000000E+04   7.3783356271863022E+03   9.3432013830313608E+03   3.5084979943959450E+04  -1.1856877760327438E+00   2.6736911107749385E+06
   2.3100000000000000E+04   7.3883951369584966E+03   9.3730048332868046E+03   3.4894248202588977E+04  -1.1784938382359549E+00   2.6768969361459557E+06
   2.3200000000000000E+04   7.3982514010495497E+03   9.4026880400563659E+03   3.4704738784084002E+04  -1.1713178367827926E+00   2.6800561857944205E+06
   2.3300000000000000E+04   7.4078895944653204E+03   9.4322517656299096E+03   3.4516096330129440E+04  -1.1641596509054557E+00   2.6831691086265566E+06
   2.3400000000000000E+04   7.4173244442334144E+03   9.4616967574183291E+03   3.4328617243592642E+04  -1.1570191602694175E+00   2.6862358386348677E+06
   2.3500000000000000E+04   7.4280855048985004E+03   9.4910237478881554E+03   3.4174622613115695E+04  -1.1498962450311938E+00   2.6892566615537205E+06
   2.3600000000000000E+04   7.4371355539744291E+03   9.5202334544902242E+03   3.3989409085859297E+04  -1.1427907858094615E+00   2.6922317476548078E+06
   2.3700000000000000E+04   7.4459830797360164E+03   9.5493265796323576E+03   3.3805283891252242E+04  -1.1357026637428220E+00   2.6951613594671357E+06
   2.3800000000000000E+04   7.4546280296416444E+03   9.5783038106442291E+03   3.3622218938496684E+04  -1.1286317604609224E+00   2.6980457327739936E+06
   2.3900000000000000E+04   7.4630754544273514E+03   9.6071658198011592E+03   3.3440289912347609E+04  -1.1215779581999925E+00   2.7008850463411580E+06
   2.4000000000000000E+04   7.4713286049917060E+03   9.6359132642962722E+03   3.3259532768695477E+04  -1.1145411396873051E+00   2.7036795710051600E+06
   2.4100000000000000E+04   7.4793476823600840E+03   9.6645467862950518E+03   3.3079139322806390E+04  -1.1075211882567189E+00   2.7064295801499733E+06
   2.4200000000000000E+04   7.4871709742403636E+03   9.6930670129453792E+03   3.2899850544768262E+04  -1.1005179877620159E+00   2.7091352896161168E+06
   2.4300000000000000E+04   7.4948008496147058E+03   9.7214745564844234E+03   3.2721685059045030E+04  -1.0935314227791046E+00   2.7117969471802418E+06
   2.4400000000000000E+04   7.5030996903527284E+03   9.7497700142248996E+03   3.2560850427160116E+04  -1.0865613783460508E+00   2.7144148326708265E+06
   2.4500000000000000E+04   7.5103522401740165E+03   9.7779539687113465E+03   3.2384822065115441E+04  -1.0796077402519269E+00   2.7169891676441156E+06
   2.4600000000000000E+04   7.5174151010288433E+03   9.8060269877464743E+03   3.2209906706596059E+04  -1.0726703948346226E+00   2.7195202354453527E+06
   2.4700000000000000E+04   7.5242909460545088E+03   9.8339896245275213E+03   3.2036126523804920E+04  -1.0657492291252599E+00   2.7220082909163800E+06
   2.4800000000000000E+04   7.5309809098379619E+03   9.8618424177347424E+03   3.1863474827728602E+04  -1.0588441307904326E+00   2.7244535902970708E+06
   2.4900000000000000E+04   7.5374850859823919E+03   9.8895858916458201E+03   3.1691926632284343E+04  -1.0519549881322001E+00   2.7268564213210116E+06
   2.5000000000000000E+04   7.5438038964568623E+03   9.9172205562833969E+03   3.1521463694444883E+04  -1.0450816901747455E+00   2.7292170427326127E+06
   2.5100000000000000E+04   7.5499013035515436E+03   9.9447469075219560E+03   3.1351439740462625E+04  -1.0382241265777221E+00   2.7315357445995999E+06
   2.5200000000000000E+04   7.5558163866574359E+03   9.9721654272591131E+03   3.1182519445527345E+04  -1.0313821877517864E+00   2.7338127573891967E+06
   2.5300000000000000E+04   7.5615503659936849E+03   9.9994765835133749E+03   3.1014698179314433E+04  -1.0245557646852959E+00   2.7360484033126906E+06
   2.5400000000000000E+04   7.5671044554726577E+03   1.0026680830649246E+04   3.0847971200634423E+04  -1.0177447492042708E+00   2.7382429143675095E+06
   2.5500000000000000E+04   7.5724798626844104E+03   1.0053778609471870E+04   3.0682333662031331E+04  -1.0109490337413127E+00   2.7403965838710694E+06
   2.5600000000000000E+04   7.5767593270979296E+03   1.0080770347431750E+04   3.0502889218136614E+04  -1.0041685114800332E+00   2.7425096753152958E+06
   2.5700000000000000E+04   7.5817719192371142E+03   1.0107656458770833E+04   3.0339449293494268E+04  -9.9740307626839253E-01   2.7445825135586187E+06
   2.5800000000000000E+04   7.5866162100691872E+03   1.0134437344736745E+04   3.0177191637725587E+04  -9.9065262276313237E-01   2.7466153324993476E+06
   2.5900000000000000E+04   7.5912793302033651E+03   1.0161113393714790E+04   3.0015887474135641E+04  -9.8391704625646093E-01   2.7486084272337323E+06
   2.6000000000000000E+04   7.5957738769726111E+03   1.0187684981450604E+04   2.9855711993839221E+04  -9.7719624282047879E-01   2.7505620931162857E+06
   2.6100000000000000E+04   7.6000680803890909E+03   1.0214152471213813E+04   2.9696154583673706E+04  -9.7049010922052459E-01   2.7524765645252597E+06
   2.6200000000000000E+04   7.6041833845764495E+03   1.0240516214004132E+04   2.9537531215632156E+04  -9.6379854297294543E-01   2.7543521981862229E+06
   2.6300000000000000E+04   7.6081327331405328E+03   1.0266776548737173E+04   2.9380016332408777E+04  -9.5712144231620866E-01   2.7561891978700939E+06
   2.6400000000000000E+04   7.6250386731366079E+03   1.0292933802448504E+04   2.9417954791928980E+04  -9.5045870623979156E-01   2.7579878896681443E+06
   2.6500000000000000E+04   7.6286859302003486E+03   1.0318988290477198E+04   2.9260770814387095E+04  -9.4381023442640832E-01   2.7597485382967936E+06
   2.6600000000000000E+04   7.6321692709602639E+03   1.0344940316697281E+04   2.9104680883072579E+04  -9.3717592736755129E-01   2.7614714389082100E+06
   2.6700000000000000E+04   7.6354854237231993E+03   1.0370790173682659E+04   2.8949614190089556E+04  -9.3055568621906393E-01   2.7631568556947792E+06
   2.6800000000000000E+04   7.6386382978086258E+03   1.0396538142934600E+04   2.8795604946858009E+04  -9.2394941288779897E-01   2.7648050832395260E+06
   2.6900000000000000E+04   7.6416290961534078E+03   1.0422184495095031E+04   2.8642647549303212E+04  -9.1735701006050152E-01   2.7664164157776451E+06
   2.7000000000000000E+04   7.6444584364222055E+03   1.0447729490131345E+04   2.8490728264259560E+04  -9.1077838111715370E-01   2.7679911163177071E+06
   2.7100000000000000E+04   7.6470923201070145E+03   1.0473173377566834E+04   2.8339358310807846E+04  -9.0421343021763068E-01   2.7695294164252821E+06
   2.7200000000000000E+04   7.6495616057928191E+03   1.0498516396660112E+04   2.8188951331596778E+04  -8.9766206218615985E-01   2.7710317014939548E+06
   2.7300000000000000E+04   7.6518718705916508E+03   1.0523758776651452E+04   2.8039562973749784E+04  -8.9112418265574767E-01   2.7724981401688131E+06
   2.7400000000000000E+04   7.6540289222657302E+03   1.0548900736943166E+04   2.7891249253007074E+04  -8.8459969795263660E-01   2.7739290858381563E+06
   2.7500000000000000E+04   7.6560270892981835E+03   1.0573942487324381E+04   2.7743912718784606E+04  -8.7808851515407738E-01   2.7753247675350583E+06
   2.7600000000000000E+04   7.6578244222831827E+03   1.0598884228166677E+04   2.7596988789224932E+04  -8.7159054203055830E-01   2.7766854754465143E+06
   2.7700000000000000E+04   7.6594369214342760E+03   1.0623726150648527E+04   2.7450681775426303E+04  -8.6510568710357627E-01   2.7780115300928359E+06
   2.7800000000000000E+04   7.6610503039315417E+03   1.0648468436964831E+04   2.7307343238418318E+04  -8.5863385964563477E-01   2.7793031270854189E+06
   2.7900000000000000E+04   7.6624705386470632E+03   1.0673111260521977E+04   2.7164450409254037E+04  -8.5217496962247474E-01   2.7805606164208758E+06
   2.8000000000000000E+04   7.6637030839095141E+03   1.0697654786153764E+04   2.7022068253295427E+04  -8.4572892772196162E-01   2.7817841918998766E+06
   2.8100000000000000E+04   7.6647552172923524E+03   1.0722099170329413E+04   2.6880281322116636E+04  -8.3929564535408185E-01   2.7829741707554599E+06
   2.8200000000000000E+04   7.6656542465746088E+03   1.0746444561367722E+04   2.6739414231428829E+04  -8.3287503467982948E-01   2.7841308071064944E+06
   2.8300000000000000E+04   7.6664055678285613E+03   1.0770691099615713E+04   2.6599513920331319E+04  -8.2646700849566745E-01   2.7852543540960578E+06
   2.8400000000000000E+04   7.6670223448302841E+03   1.0794838917681762E+04   2.6460717648560014E+04  -8.2007148034906596E-01   2.7863451262823138E+06
   2.8500000000000000E+04   7.6674693364402810E+03   1.0818888140632720E+04   2.6322586183189280E+04  -8.1368836450961823E-01   2.7874033748812024E+06
   2.8600000000000000E+04   7.6677837832158402E+03   1.0842838886190064E+04   2.6185543708412679E+04  -8.0731757594015452E-01   2.7884293187660975E+06
   2.8700000000000000E+04   7.6694992829980856E+03   1.0866691264931693E+04   2.6067274450798312E+04  -8.0095903029674342E-01   2.7894232695255219E+06
   2.8800000000000000E+04   7.6695319971440240E+03   1.0890445380492240E+04   2.5931966919895469E+04  -7.9461264392869091E-01   2.7903854125384879E+06
   2.8900000000000000E+04   7.6694282109672922E+03   1.0914101329755389E+04   2.5797642342180166E+04  -7.8827833384965640E-01   2.7913161199773145E+06
   2.9000000000000000E+04   7.6692017502659428E+03   1.0937659203070993E+04   2.5664435384347569E+04  -7.8195601782430635E-01   2.7922155749935233E+06
   2.9100000000000000E+04   7.6687871053496738E+03   1.0961119084424352E+04   2.5531595607336250E+04  -7.7564561425277578E-01   2.7930840221985094E+06
   2.9200000000000000E+04   7.6682308567459086E+03   1.0984481051643523E+04   2.5399632595620300E+04  -7.6934704222843731E-01   2.7939217678840272E+06
   2.9300000000000000E+04   7.6675453370224941E+03   1.1007745176585142E+04   2.5268663329709201E+04  -7.6306022150901576E-01   2.7947290544551937E+06
   2.9400000000000000E+04   7.6667182965635538E+03   1.1030911525331414E+04   2.5138535591787728E+04  -7.5678507254547456E-01   2.7955060916382931E+06
   2.9500000000000000E+04   7.6657574512281208E+03   1.1053980158372326E+04   2.5009315528787043E+04  -7.5052151645313037E-01   2.7962531508574402E+06
   2.9600000000000000E+04   7.6646583100659473E+03   1.1076951130786270E+04   2.4880937831370840E+04  -7.4426947498276697E-01   2.7969705024250355E+06
   2.9700000000000000E+04   7.6634262934723474E+03   1.1099824492431337E+04   2.4753442978172690E+04  -7.3802887054952049E-01   2.7976583839767938E+06
   2.9800000000000000E+04   7.6620661030519432E+03   1.1122600288140606E+04   2.4626862237852572E+04  -7.3179962629065187E-01   2.7983169687482002E+06
   2.9900000000000000E+04   7.6605752215120874E+03   1.1145278557859589E+04   2.4501151609272874E+04  -7.2558166586334816E-01   2.7989466181616383E+06
   3.0000000000000000E+04   7.6589439418436459E+03   1.1167859336874844E+04   2.4376195770533552E+04  -7.1937491367580531E-01   2.7995475030228454E+06
   3.0100000000000000E+04   7.6570999059830501E+03   1.1190342655959748E+04   2.4251255224236324E+04  -7.1317929474280173E-01   2.8001198559953705E+06
   3.0200000000000000E+04   7.6552002354287861E+03   1.1212728541549475E+04   2.4127898581548681E+04  -7.0699473468569896E-01   2.8006639718314554E+06
   3.0300000000000000E+04   7.6530497065430254E+03   1.1235017015931666E+04   2.4004167612422152E+04  -7.0082115981909765E-01   2.8011800174310193E+06
   3.0400000000000000E+04   7.6525903368104391E+03   1.1257208097392750E+04   2.3899011664320093E+04  -6.9465849703529448E-01   2.8016682534040138E+06
   3.0500000000000000E+04   7.6501995404589643E+03   1.1279301800392410E+04   2.3776929738993476E+04  -6.8850667383317066E-01   2.8021289391940981E+06
   3.0600000000000000E+04   7.6478722509728623E+03   1.1301298135741414E+04   2.3657489473823985E+04  -6.8236561837595933E-01   2.8025622695401600E+06
   3.0700000000000000E+04   7.6436602201562064E+03   1.1323197110747755E+04   2.3522164308698055E+04  -6.7623525940459295E-01   2.8029685014016363E+06
   3.0800000000000000E+04   7.6423473234679095E+03   1.1344998729384239E+04   2.3416306632516877E+04  -6.7011552626658577E-01   2.8033478269527266E+06
   3.0900000000000000E+04   7.6361747538770114E+03   1.1366702992447850E+04   2.3266981208806192E+04  -6.6400634891603627E-01   2.8037005006698775E+06
   3.1000000000000000E+04   7.6333633592108627E+03   1.1388309897722465E+04   2.3151090596105027E+04  -6.5790765794250994E-01   2.8040267121475036E+06
   3.1100000000000000E+04   7.6349356802543671E+03   1.1409819440110996E+04   2.3077064908581957E+04  -6.5181938445550103E-01   2.8043267133929748E+06
   3.1200000000000000E+04   7.6317774565245481E+03   1.1431231611805169E+04   2.2961355013070824E+04  -6.4574146017108769E-01   2.8046007233500169E+06
   3.1300000000000000E+04   7.6285015052937924E+03   1.1452546402435608E+04   2.2846428276960436E+04  -6.3967381741192941E-01   2.8048489596989797E+06
   3.1400000000000000E+04   7.6251088270038972E+03   1.1473763799214192E+04   2.2732278745709671E+04  -6.3361638907838513E-01   2.8050716388701717E+06
   3.1500000000000000E+04   7.6208731893184031E+03   1.1494883787074295E+04   2.2612496650884277E+04  -6.2756910861962667E-01   2.8052689440929238E+06
   3.1600000000000000E+04   7.6172518995311093E+03   1.1515906348814351E+04   2.2499957524180041E+04  -6.2153191003363906E-01   2.8054411212393111E+06
   3.1700000000000000E+04   7.6135153626390975E+03   1.1536831465249712E+04   2.2388163813364397E+04  -6.1550472792499011E-01   2.8055883510076664E+06
   3.1800000000000000E+04   7.6096631491771541E+03   1.1557659115340544E+04   2.2277097903478083E+04  -6.0948749744706199E-01   2.8057108768371334E+06
   3.1900000000000000E+04   7.6056941964459784E+03   1.1578389276317836E+04   2.2166737278493427E+04  -6.0348015424427903E-01   2.8058088769462253E+06
   3.2000000000000000E+04   7.6016178902542451E+03   1.1599021923844048E+04   2.2057148045293616E+04  -5.9748263459653395E-01   2.8058825923647163E+06
   3.2100000000000000E+04   7.5974094362002079E+03   1.1619557032113384E+04   2.1948108599978474E+04  -5.9149487524587840E-01   2.8059321988342772E+06
   3.2200000000000000E+04   7.5930886972488006E+03   1.1639994574007511E+04   2.1839774367750520E+04  -5.8551681354094676E-01   2.8059578707850249E+06
   3.2300000000000000E+04   7.5886558302659341E+03   1.1660334521191920E+04   2.1732133663761801E+04  -5.7954838726364688E-01   2.8059598777954695E+06
   3.2400000000000000E+04   7.5841229214064897E+03   1.1680576844281879E+04   2.1625272064036057E+04  -5.7358953486023989E-01   2.8059383276079325E+06
   3.2500000000000000E+04   7.5794815860823737E+03   1.1700721512914255E+04   2.1519107071057279E+04  -5.6764019515249020E-01   2.8058935196277150E+06
   3.2600000000000000E+04   7.5759258438113829E+03   1.1720768495908618E+04   2.1423171012910454E+04  -5.6170030756874556E-01   2.8058255913256845E+06
   3.2700000000000000E+04   7.5710871678941467E+03   1.1740717761365138E+04   2.1318434713167808E+04  -5.5576981202839770E-01   2.8057347110630190E+06
   3.2800000000000000E+04   7.5661483309475716E+03   1.1760569276780663E+04   2.1214420954316913E+04  -5.4984864894188046E-01   2.8056211426822422E+06
   3.2900000000000000E+04   7.5611050735445006E+03   1.1780323009172160E+04   2.1111083009129761E+04  -5.4393675926844276E-01   2.8054849877323671E+06
   3.3000000000000000E+04   7.5559634439965739E+03   1.1799978925163909E+04   2.1008455269334831E+04  -5.3803408437172073E-01   2.8053265078010564E+06
   3.3100000000000000E+04   7.5506982844788599E+03   1.1819536991125804E+04   2.0906331631425852E+04  -5.3214056619304906E-01   2.8051458665858726E+06
   3.3200000000000000E+04   7.5453321771346136E+03   1.1838997173256264E+04   2.0804875647509714E+04  -5.2625614710703628E-01   2.8049432589175734E+06
   3.3300000000000000E+04   7.5398635991343363E+03   1.1858359437706033E+04   2.0704063639756223E+04  -5.2038077003710403E-01   2.8047188138160561E+06
   3.3400000000000000E+04   7.5342982827079768E+03   1.1877623750657196E+04   2.0603926849967826E+04  -5.1451437831106261E-01   2.8044727237814963E+06
   3.3500000000000000E+04   7.5286332670913062E+03   1.1896790078433292E+04   2.0504430913179141E+04  -5.0865691571888139E-01   2.8042052773699071E+06
   3.3600000000000000E+04   7.5228858923780663E+03   1.1915858387615765E+04   2.0405691830974934E+04  -5.0280832662822694E-01   2.8039165030583516E+06
   3.3700000000000000E+04   7.5170491256510304E+03   1.1934828645103331E+04   2.0307643882280339E+04  -4.9696855575338550E-01   2.8036066548329177E+06
   3.3800000000000000E+04   7.5173937185378618E+03   1.1953700818228994E+04   2.0255738258176916E+04  -4.9113754829968637E-01   2.8032759208909045E+06
   3.3900000000000000E+04   7.5066774546094557E+03   1.1972474874851703E+04   2.0124850897077242E+04  -4.8531524996350223E-01   2.8029244234473836E+06
   3.4000000000000000E+04   7.5105603417591183E+03   1.1991150783432620E+04   2.0100087856381997E+04  -4.7950160684559490E-01   2.8025523809757070E+06
   3.4100000000000000E+04   7.5041862020551816E+03   1.2009728513131768E+04   2.0002750562814588E+04  -4.7369656550888445E-01   2.8021599134952240E+06
   3.4200000000000000E+04   7.4983999398910901E+03   1.2028208033893428E+04   1.9910846668706014E+04  -4.6790007297844877E-01   2.8017472048868882E+06
   3.4300000000000000E+04   7.4936717879446333E+03   1.2046589316516700E+04   1.9827547047716638E+04  -4.6211207665487131E-01   2.8013144705800484E+06
   3.4400000000000000E+04   7.4872147491524784E+03   1.2064872332754199E+04   1.9733299930521465E+04  -4.5633252442977745E-01   2.8008618273974787E+06
   3.4500000000000000E+04   7.4806735521049413E+03   1.2083057055374342E+04   1.9639694362389364E+04  -4.5056136457029705E-01   2.8003894236144060E+06
   3.4600000000000000E+04   7.4740816516672412E+03   1.2101143458251494E+04   1.9546947515766591E+04  -4.4479854580571787E-01   2.7998975042379778E+06
   3.4700000000000000E+04   7.4640831247721435E+03   1.2119131516432881E+04   1.9432280274626526E+04  -4.3904401726971726E-01   2.7993861177750789E+06
   3.4800000000000000E+04   7.4579222594086823E+03   1.2137021206216166E+04   1.9344955438164827E+04  -4.3329772852924542E-01   2.7988554746478945E+06
   3.4900000000000000E+04   7.4510268263991702E+03   1.2154812505204532E+04   1.9253818143587781E+04  -4.2755962946898757E-01   2.7983057844391544E+06
   3.5000000000000000E+04   7.4481122455769091E+03   1.2172505392408957E+04   1.9190229020915802E+04  -4.2182967052244014E-01   2.7977371251543933E+06
   3.5100000000000000E+04   7.4410812544200726E+03   1.2190099848278998E+04   1.9100267071565897E+04  -4.1610780241195128E-01   2.7971496717579798E+06
   3.5200000000000000E+04   7.4339371361019976E+03   1.2207595854784951E+04   1.9010680384886960E+04  -4.1039397626425578E-01   2.7965435983095565E+06
   3.5300000000000000E+04   7.4267124861626407E+03   1.2224993395489462E+04   1.8921674826719365E+04  -4.0468814366824807E-01   2.7959190452289348E+06
   3.5400000000000000E+04   7.4087623414892505E+03   1.2242292455585668E+04   1.8764801951667701E+04  -3.9899025650167103E-01   2.7952761847520932E+06
   3.5500000000000000E+04   7.3996584016186534E+03   1.2259493021984834E+04   1.8666491275145498E+04  -3.9330026713331151E-01   2.7946151226858390E+06
   3.5600000000000000E+04   7.3965013912761560E+03   1.2276595083351058E+04   1.8606989607925429E+04  -3.8761812824969011E-01   2.7939359966303795E+06
   3.5700000000000000E+04   7.3889209916772861E+03   1.2293598630161803E+04   1.8520366816548820E+04  -3.8194379288394631E-01   2.7932390088770813E+06
   3.5800000000000000E+04   7.3812645297239442E+03   1.2310503654770266E+04   1.8434302265491908E+04  -3.7627721447360812E-01   2.7925242953053955E+06
   3.5900000000000000E+04   7.3735328692190305E+03   1.2327310151457967E+04   1.8348791520508355E+04  -3.7061834686059253E-01   2.7917919908852014E+06
   3.6000000000000000E+04   7.3657268795983973E+03   1.2344018116474690E+04   1.8263830241442058E+04  -3.6496714420455062E-01   2.7910421639982229E+06
   3.6100000000000000E+04   7.3578278607018774E+03   1.2360627548087974E+04   1.8179294681414631E+04  -3.5932356098286705E-01   2.7902751121435040E+06
   3.6200000000000000E+04   7.3498561677548360E+03   1.2377138446652974E+04   1.8095301259118158E+04  -3.5368755216397024E-01   2.7894908033503601E+06
   3.6300000000000000E+04   7.3418126569473652E+03   1.2393550814617887E+04   1.8011845704457519E+04  -3.4805907288959798E-01   2.7886895335920407E+06
   3.6400000000000000E+04   7.3336981852194294E+03   1.2409864656612264E+04   1.7928923809711872E+04  -3.4243807882141647E-01   2.7878713019555258E+06
   3.6500000000000000E+04   7.3255135946445407E+03   1.2426079979449649E+04   1.7846531335965916E+04  -3.3682452582328609E-01   2.7870363370754919E+06
   3.6600000000000000E+04   7.3172597292852188E+03   1.2442196792197541E+04   1.7764664114655952E+04  -3.3121837019234063E-01   2.7861847350993059E+06
   3.6700000000000000E+04   7.3089374345543447E+03   1.2458215106198862E+04   1.7683318042615243E+04  -3.2561956851456403E-01   2.7853166242902819E+06
   3.6800000000000000E+04   7.3005475464996962E+03   1.2474134935120434E+04   1.7602489018664881E+04  -3.2002807775144282E-01   2.7844321651043720E+06
   3.6900000000000000E+04   7.2920908882411904E+03   1.2489956294975249E+04   1.7522172924124654E+04  -3.1444385512442791E-01   2.7835314512658482E+06
   3.7000000000000000E+04   7.2835682995137249E+03   1.2505679204171209E+04   1.7442365793907578E+04  -3.0886685823047472E-01   2.7826146747438665E+06
   3.7100000000000000E+04   7.2749622228534199E+03   1.2521303683540680E+04   1.7362958923131344E+04  -3.0329704501315691E-01   2.7816818946713568E+06
   3.7200000000000000E+04   7.2662918115397179E+03   1.2536829756358604E+04   1.7284054181005686E+04  -2.9773437364712763E-01   2.7807332685167803E+06
   3.7300000000000000E+04   7.2575578740621986E+03   1.2552257448393124E+04   1.7205647573187052E+04  -2.9217880271142871E-01   2.7797689530549273E+06
   3.7400000000000000E+04   7.2487612208566725E+03   1.2567586787920720E+04   1.7127735173747496E+04  -2.8663029107395094E-01   2.7787890050908145E+06
   3.7500000000000000E+04   7.2399026527789356E+03   1.2582817805750241E+04   1.7050313060019962E+04  -2.8108879786254937E-01   2.7777935799458590E+06
   3.7600000000000000E+04   7.2309494162779711E+03   1.2597950535258842E+04   1.6973192486780503E+04  -2.7555428255169856E-01   2.7767828322874545E+06
   3.7700000000000000E+04   7.2219643653965677E+03   1.2612985012409785E+04   1.6896712935308686E+04  -2.7002670490472097E-01   2.7757568498456120E+06
   3.7800000000000000E+04   7.2129475835303110E+03   1.2627921275778823E+04   1.6820863669481274E+04  -2.6450602500267378E-01   2.7747157527572140E+06
   3.7900000000000000E+04   7.2038483554433060E+03   1.2642759366569428E+04   1.6745359702487451E+04  -2.5899220318657845E-01   2.7736596936758719E+06
   3.8000000000000000E+04   7.1946557933453951E+03   1.2657499328639744E+04   1.6670137133839133E+04  -2.5348520011519010E-01   2.7725887582363337E+06
   3.8100000000000000E+04   7.1855658565065314E+03   1.2672141208518373E+04   1.6596237061315500E+04  -2.4798497673611281E-01   2.7715030977878468E+06
   3.8200000000000000E+04   7.1763902591397500E+03   1.2686685055422209E+04   1.6522637430202347E+04  -2.4249149428580014E-01   2.7704027633795422E+06
   3.8300000000000000E+04   7.1671498517211994E+03   1.2701130921266675E+04   1.6449443439553488E+04  -2.3700471423178465E-01   2.7692879715751405E+06
   3.8400000000000000E+04   7.1579080275437345E+03   1.2715478860696699E+04   1.6376980328905236E+04  -2.3152459841710288E-01   2.7681587055795747E+06
   3.8500000000000000E+04   7.1486005684735492E+03   1.2729728931075761E+04   1.6304901367789636E+04  -2.2605110882921584E-01   2.7670152140497379E+06
   3.8600000000000000E+04   7.1391192963289986E+03   1.2743881192526735E+04   1.6232641067841370E+04  -2.2058420785997318E-01   2.7658575454326794E+06
   3.8700000000000000E+04   7.1297191816777731E+03   1.2757935707921775E+04   1.6161513778163804E+04  -2.1512385810341894E-01   2.7646857807780453E+06
   3.8800000000000000E+04   7.1201756515196721E+03   1.2771892542899057E+04   1.6090352729182923E+04  -2.0967002241356128E-01   2.7635001004905165E+06
   3.8900000000000000E+04   7.1106139704128200E+03   1.2785751765875151E+04   1.6019795184771507E+04  -2.0422266393325780E-01   2.7623005510986559E+06
   3.9000000000000000E+04   7.1009512345374824E+03   1.2799513448050115E+04   1.5949412749218040E+04  -1.9878174606532967E-01   2.7610873119044695E+06
   3.9100000000000000E+04   7.0913025626107810E+03   1.2813177663414612E+04   1.5879780316594923E+04  -1.9334723247256252E-01   2.7598603948416184E+06
   3.9200000000000000E+04   7.0815028126494135E+03   1.2826744488752911E+04   1.5810062012194247E+04  -1.8791908704882151E-01   2.7586199781075935E+06
   3.9300000000000000E+04   7.0723701234463142E+03   1.2840214003650897E+04   1.5744314129191824E+04  -1.8249727394793575E-01   2.7573661726406058E+06
   3.9400000000000000E+04   7.0624582930760380E+03   1.2853586290502795E+04   1.5675342892346087E+04  -1.7708175761258318E-01   2.7560990219594054E+06
   3.9500000000000000E+04   7.0524906792308821E+03   1.2866861434502305E+04   1.5606748203236441E+04  -1.7167250265875156E-01   2.7548187361903461E+06
   3.9600000000000000E+04   7.0424950546344880E+03   1.2880039523659152E+04   1.5538659299330649E+04  -1.6626947402016248E-01   2.7535253243111800E+06
   3.9700000000000000E+04   7.0324451711121537E+03   1.2893120648791109E+04   1.5470940916705762E+04  -1.6087263686161674E-01   2.7522189285222832E+06
   3.9800000000000000E+04   7.0222547140442193E+03   1.2906104903518166E+04   1.5403171916377858E+04  -1.5548195652122479E-01   2.7508996235991623E+06
   3.9900000000000000E+04   7.0121370561890235E+03   1.2918992384275976E+04   1.5336374465725154E+04  -1.5009739865483099E-01   2.7495675507608834E+06
   4.0000000000000000E+04   7.0019839219816886E+03   1.2931783190302280E+04   1.5270017395832390E+04  -1.4471892912047365E-01   2.7482227837456069E+06
   4.0100000000000000E+04   6.9917913451114837E+03   1.2944477423634122E+04   1.5204074937547854E+04  -1.3934651397838627E-01   2.7468654628395494E+06
   4.0200000000000000E+04   6.9815101410043389E+03   1.2957075189109792E+04   1.5138309281597723E+04  -1.3398011954876579E-01   2.7454956272243368E+06
   4.0300000000000000E+04   6.9711871417965895E+03   1.2969576594364124E+04   1.5072936878160999E+04  -1.2861971241177361E-01   2.7441134162072116E+06
   4.0400000000000000E+04   6.9608236047987539E+03   1.2981981749814573E+04   1.5007957410316198E+04  -1.2326525932088049E-01   2.7427188679311508E+06
   4.0500000000000000E+04   6.9504202701768590E+03   1.2994290768657746E+04   1.4943368157499652E+04  -1.1791672723175181E-01   2.7413121880006744E+06
   4.0600000000000000E+04   6.9399777939266160E+03   1.3006503766870728E+04   1.4879166053401035E+04  -1.1257408338890154E-01   2.7398933463812340E+06
   4.0700000000000000E+04   6.9294968756243543E+03   1.3018620863191905E+04   1.4815348280083866E+04  -1.0723729521015365E-01   2.7384625478270906E+06
   4.0800000000000000E+04   6.9189781306211144E+03   1.3030642179115168E+04   1.4751911680659621E+04  -1.0190633031552608E-01   2.7370198285776717E+06
   4.0900000000000000E+04   6.9084222319440496E+03   1.3042567838888694E+04   1.4688853410621399E+04  -9.6581156613885888E-02   2.7355652916411450E+06
   4.1000000000000000E+04   6.8977793700916454E+03   1.3054397969485502E+04   1.4625943697689634E+04  -9.1261742100755119E-02   2.7340990396335497E+06
   4.1100000000000000E+04   6.8871228006261454E+03   1.3066132700614609E+04   1.4563508053058427E+04  -8.5948055089389491E-02   2.7326211747300811E+06
   4.1200000000000000E+04   6.8764206725597896E+03   1.3077772164692891E+04   1.4501397474147727E+04  -8.0640064037469483E-02   2.7311317649979927E+06
   4.1300000000000000E+04   6.8657966541397200E+03   1.3089316496843825E+04   1.4440154073640499E+04  -7.5337737662639598E-02   2.7296308780282829E+06
   4.1400000000000000E+04   6.8550496652228640E+03   1.3100765834870859E+04   1.4378879540976011E+04  -7.0041044798084040E-02   2.7281186822096207E+06
   4.1500000000000000E+04   6.8629983749320836E+03   1.3112120319260212E+04   1.4400176735976922E+04  -6.4749954565836126E-02   2.7265951768431365E+06
   4.1600000000000000E+04   6.8521682496350240E+03   1.3123380093153022E+04   1.4339111904685795E+04  -5.9464436232353722E-02   2.7250605295501123E+06
   4.1700000000000000E+04   6.8413057783036775E+03   1.3134545302335993E+04   1.4278407858006905E+04  -5.4184459266288863E-02   2.7235147725358098E+06
   4.1800000000000000E+04   6.8304115693310396E+03   1.3145616095225960E+04   1.4218061805384155E+04  -4.8909993338488222E-02   2.7219580389239085E+06
   4.1900000000000000E+04   6.8194862430997691E+03   1.3156592622851182E+04   1.4158071053419979E+04  -4.3641008293107686E-02   2.7203904277172582E+06
   4.2000000000000000E+04   6.8085304040479541E+03   1.3167475038842889E+04   1.4098432883964784E+04  -3.8377474234267454E-02   2.7188119360391600E+06
   4.2100000000000000E+04   6.7975313132281854E+03   1.3178263499401972E+04   1.4039087706151400E+04  -3.3119361352742405E-02   2.7172227297467799E+06
   4.2200000000000000E+04   6.7865029792282276E+03   1.3188958163294870E+04   1.3980090651921608E+04  -2.7866640070386656E-02   2.7156228728660257E+06
   4.2300000000000000E+04   6.7754451634907182E+03   1.3199559191832701E+04   1.3921435561690105E+04  -2.2619281011248746E-02   2.7140124290140793E+06
   4.2400000000000000E+04   6.7643592611041113E+03   1.3210066748849955E+04   1.3863123252531635E+04  -1.7377254972686596E-02   2.7123914953049002E+06
   4.2500000000000000E+04   6.7532457054819097E+03   1.3220481000682654E+04   1.3805150495841675E+04  -1.2140532896482691E-02   2.7107602024348392E+06
   4.2600000000000000E+04   6.7421052144399400E+03   1.3230802116154191E+04   1.3747515300796294E+04  -6.9090859266138921E-03   2.7091185790570681E+06
   4.2700000000000000E+04   6.7262507266496204E+03   1.3241030266555254E+04   1.3670837041601098E+04  -1.6828854092513846E-03   2.7074667212514635E+06
   4.2800000000000000E+04   6.7234774276379103E+03   1.3251165625618016E+04   1.3648616519597688E+04   3.5380971650090819E-03   2.7058046908338252E+06
   4.2900000000000000E+04   6.7138440455188374E+03   1.3261208369495242E+04   1.3598400889634238E+04   8.7538901611472261E-03   2.7041326171855121E+06
   4.3000000000000000E+04   6.7029621415667380E+03   1.3271158676749741E+04   1.3543454996889788E+04   1.3964521684178601E-02   2.7024505274749314E+06
   4.3100000000000000E+04   6.6916801475841212E+03   1.3281016728316583E+04   1.3487293431098302E+04   1.9170019752464015E-02   2.7007585504514165E+06
   4.3200000000000000E+04   6.6804244670800726E+03   1.3290782707489107E+04   1.3431657824986649E+04   2.4370412211054845E-02   2.6990567806107784E+06
   4.3300000000000000E+04   6.6691199157268102E+03   1.3300456799901875E+04   1.3376238137466333E+04   2.9565726673923213E-02   2.6973452100684233E+06
   4.3400000000000000E+04   6.6578126700684697E+03   1.3310039193497172E+04   1.3321216177692471E+04   3.4755990639501584E-02   2.6956239666355178E+06
   4.3500000000000000E+04   6.6465001940119346E+03   1.3319530078501926E+04   1.3266576170545191E+04   3.9941231490682787E-02   2.6938931779018878E+06
   4.3600000000000000E+04   6.6351095705158123E+03   1.3328929647420418E+04   1.3212023575815560E+04   4.5121476321510597E-02   2.6921528690051581E+06
   4.3700000000000000E+04   6.6237462516893074E+03   1.3338238094986384E+04   1.3157973328093694E+04   5.0296752197143926E-02   2.6904030987975565E+06
   4.3800000000000000E+04   6.6124006157995900E+03   1.3347455618160533E+04   1.3104380545956004E+04   5.5467085922777375E-02   2.6886439939635531E+06
   4.3900000000000000E+04   6.6009421679896677E+03   1.3356582416087394E+04   1.3050728702643193E+04   6.0632504245835821E-02   2.6868756127770925E+06
   4.4000000000000000E+04   6.5763526186101726E+03   1.3365618690089686E+04   1.2946468815113309E+04   6.5793033653780003E-02   2.6850980131637738E+06
   4.4100000000000000E+04   6.5648415718955584E+03   1.3374564643624601E+04   1.2893607721433769E+04   7.0948700576300747E-02   2.6833112868851190E+06
   4.4200000000000000E+04   6.5574078379367211E+03   1.3383420482274967E+04   1.2856780516172157E+04   7.6099531212009741E-02   2.6815155254230918E+06
   4.4300000000000000E+04   6.5458588867277276E+03   1.3392186413713223E+04   1.2804435969997778E+04   8.1245551643978911E-02   2.6797107516814140E+06
   4.4400000000000000E+04   6.5302001769523222E+03   1.3400862647678583E+04   1.2736809005832913E+04   8.6386787810855695E-02   2.6778970565540376E+06
   4.4500000000000000E+04   6.5186184714902611E+03   1.3409449395948644E+04   1.2685129773636878E+04   9.1523265535747883E-02   2.6760745648833211E+06
   4.4600000000000000E+04   6.5153087699123507E+03   1.3417946872321703E+04   1.2665022507980115E+04   9.6655010439569020E-02   2.6742433671002663E+06
   4.4700000000000000E+04   6.5045365891741167E+03   1.3426355292587999E+04   1.2616946932865694E+04   1.0178204796992296E-01   2.6724034165060194E+06
   4.4800000000000000E+04   6.4929573489423410E+03   1.3434674874489785E+04   1.2566165453425047E+04   1.0690440354552895E-01   2.6705548713644804E+06
   4.4900000000000000E+04   6.4866552419093423E+03   1.3442905837716871E+04   1.2535416086256897E+04   1.1202210232514181E-01   2.6686977870440101E+06
   4.5000000000000000E+04   6.4751380140920228E+03   1.3451048403863668E+04   1.2485452074750718E+04   1.1713516938086184E-01   2.6668322186336336E+06
   4.5100000000000000E+04   6.4544139516854711E+03   1.3459102796405217E+04   1.2401781548336914E+04   1.2224362966924950E-01   2.6649582894890402E+06
   4.5200000000000000E+04   6.4386343712165290E+03   1.3467069240675968E+04   1.2336962140653381E+04   1.2734750797355598E-01   2.6630760199183542E+06
   4.5300000000000000E+04   6.4269137556705991E+03   1.3474947963842875E+04   1.2287444394828695E+04   1.3244682890372284E-01   2.6611854641857385E+06
   4.5400000000000000E+04   6.4201706556244380E+03   1.3482739194864529E+04   1.2256374724771231E+04   1.3754161704080703E-01   2.6592867792483317E+06
   4.5500000000000000E+04   6.4084233029469224E+03   1.3490443164486305E+04   1.2207318255611797E+04   1.4263189670590101E-01   2.6573799502751082E+06
   4.5600000000000000E+04   6.3966763339162235E+03   1.3498060105193692E+04   1.2158577033661570E+04   1.4771769216232755E-01   2.6554650650978507E+06
   4.5700000000000000E+04   6.3849143975448042E+03   1.3505590251193389E+04   1.2110091712432144E+04   1.5279902752898503E-01   2.6535422113287691E+06
   4.5800000000000000E+04   6.3731410014988751E+03   1.3513033838383180E+04   1.2061871512293270E+04   1.5787592680923179E-01   2.6516114763690364E+06
   4.5900000000000000E+04   6.3613517027414782E+03   1.3520391104330220E+04   1.2013897137397342E+04   1.6294841383311720E-01   2.6496728786307746E+06
   4.6000000000000000E+04   6.3495615575356842E+03   1.3527662288235115E+04   1.1966218871984731E+04   1.6801651234403556E-01   2.6477265050115818E+06
   4.6100000000000000E+04   6.3377990346427478E+03   1.3534847630913029E+04   1.1918933588094920E+04   1.7308024591207199E-01   2.6457724421927137E+06
   4.6200000000000000E+04   6.3259953681318684E+03   1.3541947374757601E+04   1.1871794087535889E+04   1.7813963802065658E-01   2.6438107422335618E+06
   4.6300000000000000E+04   6.3141623680087805E+03   1.3548961763722062E+04   1.1824839890484522E+04   1.8319471197991022E-01   2.6418414224885684E+06
   4.6400000000000000E+04   6.3023133219621132E+03   1.3555891043277305E+04   1.1778115020682924E+04   1.8824549107106889E-01   2.6398646378289564E+06
   4.6500000000000000E+04   6.2904714496223705E+03   1.3562735460404565E+04   1.1731697318188995E+04   1.9329199834428903E-01   2.6378804051534957E+06
   4.6600000000000000E+04   6.2785836311335561E+03   1.3569495263550547E+04   1.1685398910290904E+04   1.9833425679195754E-01   2.6358888100257204E+06
   4.6700000000000000E+04   6.2667606439517549E+03   1.3576170702608661E+04   1.1639600401665228E+04   2.0337228926203690E-01   2.6338899378096336E+06
   4.6800000000000000E+04   6.2548980059862752E+03   1.3582762028888557E+04   1.1593936632114561E+04   2.0840611848694951E-01   2.6318838046675487E+06
   4.6900000000000000E+04   6.2430181342339947E+03   1.3589269495091698E+04   1.1548482582679440E+04   2.1343576705469341E-01   2.6298704609764935E+06
   4.7000000000000000E+04   6.2311293570934913E+03   1.3595693355274998E+04   1.1503264010878791E+04   2.1846125749549722E-01   2.6278500259462884E+06
   4.7100000000000000E+04   6.2191449145421411E+03   1.3602033864835332E+04   1.1457983495005874E+04   2.2348261216627952E-01   2.6258225495507140E+06
   4.7200000000000000E+04   6.2072878015519373E+03   1.3608291280476262E+04   1.1413395589640098E+04   2.2849985330841951E-01   2.6237880469674151E+06
   4.7300000000000000E+04   6.1954211493326284E+03   1.3614465860174776E+04   1.1369031056482127E+04   2.3351300310552675E-01   2.6217466713793334E+06
   4.7400000000000000E+04   6.1835479699717389E+03   1.3620557863169075E+04   1.1324897254973563E+04   2.3852208353901622E-01   2.6196984029530198E+06
   4.7500000000000000E+04   6.1716922743068126E+03   1.3626567549913339E+04   1.1281071589259793E+04   2.4352711656141798E-01   2.6176433599226028E+06
   4.7600000000000000E+04   6.1598526252422125E+03   1.3632495182065804E+04   1.1237545566684361E+04   2.4852812395195276E-01   2.6155815565510229E+06
   4.7700000000000000E+04   6.1480977325004878E+03   1.3638341022452654E+04   1.1194543390558547E+04   2.5352512740318639E-01   2.6135130760691757E+06
   4.7800000000000000E+04   6.1363421478094042E+03   1.3644105335041075E+04   1.1151776707469044E+04   2.5851814852103044E-01   2.6114380361742266E+06
   4.7900000000000000E+04   6.1245127998412727E+03   1.3649788384921689E+04   1.1109002286151395E+04   2.6350720873808609E-01   2.6093563811774189E+06
   4.8000000000000000E+04   6.1131519756013031E+03   1.3655390438269542E+04   1.1067997577708853E+04   2.6849232942918588E-01   2.6072682629940012E+06
   4.8100000000000000E+04   6.1010472047996063E+03   1.3660911762323605E+04   1.1024783167522233E+04   2.7347353185362216E-01   2.6051737294417326E+06
   4.8200000000000000E+04   6.0892383412358822E+03   1.3666352625363483E+04   1.0982766693322264E+04   2.7845083712626240E-01   2.6030728281075316E+06
   4.8300000000000000E+04   6.0772287034086175E+03   1.3671713296670390E+04   1.0940324843771090E+04   2.8342426633308943E-01   2.6009656410721941E+06
   4.8400000000000000E+04   6.0650529340231597E+03   1.3676994046523088E+04   1.0897574172540988E+04   2.8839384032900722E-01   2.5988521460792511E+06
   4.8500000000000000E+04   6.0527557423176822E+03   1.3682195146139906E+04   1.0854661903051554E+04   2.9335958002668877E-01   2.5967325289465659E+06
   4.8600000000000000E+04   6.0390283594578441E+03   1.3687316867687843E+04   1.0807397581812940E+04   2.9832150607884378E-01   2.5946067670058971E+06
   4.8700000000000000E+04   6.0242298172256451E+03   1.3692359484231143E+04   1.0756980366150930E+04   3.0327963910929645E-01   2.5924748720358657E+06
   4.8800000000000000E+04   6.0128853461869039E+03   1.3697323269711846E+04   1.0717821549224716E+04   3.0823399965521636E-01   2.5903370293827942E+06
   4.8900000000000000E+04   6.0035677749360575E+03   1.3702208498927474E+04   1.0685280731864903E+04   3.1318460813823362E-01   2.5881932157061622E+06
   4.9000000000000000E+04   5.9932160217846358E+03   1.3707015447512160E+04   1.0649629327525781E+04   3.1813148480666870E-01   2.5860434769158149E+06
   4.9100000000000000E+04   5.9780427953558883E+03   1.3711744391885057E+04   1.0598985977226903E+04   3.2307464996661200E-01   2.5838879631586471E+06
   4.9200000000000000E+04   5.9666658796628708E+03   1.3716395609264737E+04   1.0560516628231111E+04   3.2801412363530458E-01   2.5817266503931815E+06
   4.9300000000000000E+04   5.9906434683247926E+03   1.3720969377604499E+04   1.0633113861649574E+04   3.3294992588775779E-01   2.5795595839578966E+06
   4.9400000000000000E+04   5.9786516134961430E+03   1.3725465975597452E+04   1.0592712754605565E+04   3.3788207659678848E-01   2.5773868786479807E+06
   4.9500000000000000E+04   5.9666620327798018E+03   1.3729885682635195E+04   1.0552521904803345E+04   3.4281059557744342E-01   2.5752085445899027E+06
   4.9600000000000000E+04   5.9552963114084141E+03   1.3734228778783186E+04   1.0514476418115724E+04   3.4773550258699976E-01   2.5730247311362610E+06
   4.9700000000000000E+04   5.9426908609422644E+03   1.3738495544773472E+04   1.0472765189506774E+04   3.5265681718054021E-01   2.5708353433879986E+06
   4.9800000000000000E+04   5.9498970168398446E+03   1.3742686261953237E+04   1.0492721594470851E+04   3.5757455894203233E-01   2.5686405303256507E+06
   4.9900000000000000E+04   5.9378840490351658E+03   1.3746801212288241E+04   1.0453038486285994E+04   3.6248874725324981E-01   2.5664403361318088E+06
   5.0000000000000000E+04   5.9258746782488415E+03   1.3750840678314898E+04   1.0413560720848180E+04   3.6739940149596551E-01   2.5642348397237714E+06


