#Te   kappa_tot   kappa_e_ph  kappa_e_e mu Ce
#[K]  [W/(K*m)]   [W/(K*m)]   [W/(K*m)]   [eV]  [J/(m^3*K)]
   3.0000000000000000E+02   1.1951928737612338E-47   6.1201780559052104E-17   1.1951928737612338E-47   1.0402130147019897E+00   7.0457021853619976E-12
   4.0000000000000000E+02   4.2528901112021052E-34   1.2261583914761023E-11   4.2528901112021052E-34   1.0402130147019897E+00   1.1165507290295777E-07
   5.0000000000000000E+02   5.6561414496336682E-26   1.7327146297569236E-08   5.6561414496336682E-26   1.0402130147019897E+00   4.1482880010595929E-05
   6.0000000000000000E+02   4.4798811404443168E-20   2.7843557368962074E-06   4.4798811404443890E-20   1.1257278755478652E+00   3.4688576026490254E-03
   7.0000000000000000E+02   2.2575383457825043E-16   6.7260465182933599E-05   2.2575383457900813E-16   1.1190470270442816E+00   7.1923325410358438E-02
   8.0000000000000000E+02   1.2991441112985682E-13   7.3911329382860187E-04   1.2991441115269196E-13   1.1096938391392641E+00   6.7816901513561711E-01
   9.0000000000000000E+02   1.7694803714594855E-11   4.7507631929279434E-03   1.7694803780501333E-11   1.0996934440354611E+00   3.8828365421387647E+00
   1.0000000000000000E+03   8.6944581163132939E-10   2.0936483123240774E-02   8.6944584773749151E-10   1.0893146414968857E+00   1.5562230556563719E+01
   1.1000000000000000E+03   2.0734357990762497E-08   7.0081777028044911E-02   2.0734364125220652E-08   1.0785861382944506E+00   4.8193670970371073E+01
   1.2000000000000000E+03   2.9264767558207220E-07   1.9082223593987080E-01   2.9264812439136817E-07   1.0675686101030417E+00   1.2317644139617316E+02
   1.3000000000000000E+03   2.6610530249561059E-06   4.4330020758816624E-01   2.6610689988843556E-06   1.0563299092902749E+00   2.7189219012513763E+02
   1.4000000000000000E+03   1.7931746563259755E-05   9.0929252631661828E-01   1.7932100194095510E-05   1.0449380513304156E+00   5.3534530682229536E+02
   1.5000000000000000E+03   9.1657018748859880E-05   1.6889824000905831E+00   9.1661993025094379E-05   1.0334597468445088E+00   9.6269631970229830E+02
   1.6000000000000000E+03   3.7395764347621866E-04   2.8955454308219006E+00   3.7400594607950478E-04   1.0219586074271945E+00   1.6091112965657003E+03
   1.7000000000000000E+03   1.2961502329146629E-03   4.6489702956494510E+00   1.2965117052067643E-03   1.0104926582702463E+00   2.5334530852477415E+03
   1.8000000000000000E+03   3.8360553725443180E-03   7.0702469872160245E+00   3.8381378046252086E-03   9.9911373670679693E-01   3.7959942122655148E+03
   1.9000000000000000E+03   1.0292232323147228E-02   1.0276578727006818E+01   1.0302550566871333E-02   9.8786658493057566E-01   5.4564090908556182E+03
   2.0000000000000000E+03   2.4690076576053436E-02   1.4377838121242634E+01   2.4732548086793402E-02   9.7678881941341067E-01   7.5720941931127081E+03
   2.1000000000000000E+03   5.3623071632129510E-02   1.9474200646810495E+01   5.3771132821356947E-02   9.6591113988563160E-01   1.0196832406038779E+04
   2.2000000000000000E+03   1.0975022218566519E-01   2.5654747627291627E+01   1.1022174743496488E-01   9.5525788236956299E-01   1.3379806333724198E+04
   2.3000000000000000E+03   2.0958636081850074E-01   3.2996793525318481E+01   2.1092610416476246E-01   9.4484769709154859E-01   1.7164894931130795E+04
   2.4000000000000000E+03   3.7973728878473051E-01   4.1565715485777687E+01   3.8323849028112006E-01   9.3469431686720317E-01   2.1590237879487275E+04
   2.5000000000000000E+03   6.4872838259522492E-01   5.1415107907576008E+01   6.5701828859842004E-01   9.2480730764686470E-01   2.6688025419894871E+04
   2.6000000000000000E+03   1.0697800251777798E+00   6.2587135184926218E+01   1.0883833818939050E+00   9.1519278720428965E-01   3.2484408487679844E+04
   2.7000000000000000E+03   1.6843550115060557E+00   7.5112996030738600E+01   1.7229918671717144E+00   9.0585405335211600E-01   3.8999585312094256E+04
   2.8000000000000000E+03   2.5585601282785881E+00   8.9013446071787783E+01   2.6342785779483311E+00   8.9679212550692544E-01   4.6247933792266987E+04
   2.9000000000000000E+03   3.7675628755396344E+00   1.0429934807969308E+02   3.9087573245620919E+00   8.8800620024102384E-01   5.4238243318720197E+04
   3.0000000000000000E+03   5.3778371822712767E+00   1.2097223401997795E+02   5.6280321186194842E+00   8.7949402528090459E-01   6.2973958938731506E+04
   3.1000000000000000E+03   7.4581422050756654E+00   1.3902487140626553E+02   7.8809229908324649E+00   8.7125219450091573E-01   7.2453495539724987E+04
   3.2000000000000000E+03   1.0129102496409006E+01   1.5844183422547951E+02   1.0820875321213965E+01   8.6327639322038097E-01   8.2670529893768704E+04
   3.3000000000000000E+03   1.3409551767167217E+01   1.7920007770651392E+02   1.4494149801810776E+01   8.5556158775136371E-01   9.3614346575759220E+04
   3.4000000000000000E+03   1.7596741258241462E+01   2.0126952007283717E+02   1.9282594245863876E+01   8.4810218308967456E-01   1.0527016443716880E+05
   3.5000000000000000E+03   2.2734013076808949E+01   2.2461363114678019E+02   2.5294129623083499E+01   8.4089214715626537E-01   1.1761948768057056E+05
   3.6000000000000000E+03   2.8452929123573107E+01   2.4919002890483776E+02   3.2120500984004828E+01   8.3392511560599469E-01   1.3064045210794969E+05
   3.7000000000000000E+03   3.5423809352156212E+01   2.7495108198987327E+02   4.0662654412258632E+01   8.2719447720376837E-01   1.4430817944687844E+05
   3.8000000000000000E+03   4.3475458116108143E+01   3.0184451667672533E+02   5.0791022405947530E+01   8.2069344852866100E-01   1.5859511208394208E+05
   3.9000000000000000E+03   5.2651787840811181E+01   3.2981402356640399E+02   6.2653910805277548E+01   8.1441513466105919E-01   1.7347137849309627E+05
   4.0000000000000000E+03   6.3271821898651062E+01   3.5879986092233980E+02   7.6818162406983419E+01   8.0835258365773277E-01   1.8890511730420010E+05
   4.1000000000000000E+03   7.4602739370121142E+01   3.8873944944233261E+02   9.2319766839616364E+01   8.0249883369985486E-01   2.0486280902310085E+05
   4.2000000000000000E+03   8.7096101077776439E+01   4.1956795263755879E+02   1.0991226066350380E+02   7.9684695100255420E-01   2.2130960394614408E+05
   4.3000000000000000E+03   1.0041884430898578E+02   4.5121883969283078E+02   1.2916440994480766E+02   7.9139006581306348E-01   2.3820962361591990E+05
   4.4000000000000000E+03   1.1639715668313654E+02   4.8362442440181951E+02   1.5329065363962457E+02   7.8612140028539079E-01   2.5552625619447450E+05
   4.5000000000000000E+03   1.3347071147124714E+02   5.1671637734111039E+02   1.7995377026907335E+02   7.8103429332860130E-01   2.7322243161803408E+05
   4.6000000000000000E+03   1.5110499495929130E+02   5.5042620700755936E+02   2.0828382446481618E+02   7.7612222019872568E-01   2.9126088461038889E+05
   4.7000000000000000E+03   1.6962243220600425E+02   5.8468570766820460E+02   2.3894142814810786E+02   7.7137880906428324E-01   3.0960438642726286E+05
   4.8000000000000000E+03   1.8920129960981214E+02   6.1942737113480803E+02   2.7240669822071919E+02   7.6679785295256775E-01   3.2821598054634640E+05
   4.9000000000000000E+03   2.0931879441699010E+02   6.5458476194961474E+02   3.0771921324749928E+02   7.6237332002345659E-01   3.4705916847381805E+05
   5.0000000000000000E+03   2.3095347211306458E+02   6.9009285412731776E+02   3.4712626924294409E+02   7.5809935946291085E-01   3.6609810319430655E+05
   5.1000000000000000E+03   2.5488823423061254E+02   7.2588833042297938E+02   3.9282453716220522E+02   7.5397030634113515E-01   3.8529774391049496E+05
   5.2000000000000000E+03   2.7691914795548206E+02   7.6190984370813146E+02   4.3503396371578265E+02   7.4998068352398140E-01   4.0462400243009994E+05
   5.3000000000000000E+03   3.0107525040039468E+02   7.9809824180405087E+02   4.8345374791750868E+02   7.4612520215080191E-01   4.2404386492200341E+05
   5.4000000000000000E+03   3.2665643772207636E+02   8.3439675696671327E+02   5.3681195277752931E+02   7.4239876067874488E-01   4.4352549801704695E+05
   5.5000000000000000E+03   3.5295852615167047E+02   8.7075116145676589E+02   5.9355623397683905E+02   7.3879644233421549E-01   4.6303833518489578E+05
   5.6000000000000000E+03   3.7892952287387317E+02   9.0710989140991921E+02   6.5078283636108586E+02   7.3531351200683648E-01   4.8255315191807586E+05
   5.7000000000000000E+03   4.0300244492056953E+02   9.4342414073383100E+02   7.0352881510552311E+02   7.3194541202843155E-01   5.0204212003220536E+05
   5.8000000000000000E+03   4.3191639561459795E+02   9.7964792744608451E+02   7.7250619546950179E+02   7.2868775755379112E-01   5.2147885073783743E+05
   5.9000000000000000E+03   4.5935321519877726E+02   1.0157381346025329E+03   8.3859673700302756E+02   7.2553633146358909E-01   5.4083842019691900E+05
   6.0000000000000000E+03   4.8576151835869894E+02   1.0516545279086642E+03   9.0273831209185118E+02   7.2248707855052463E-01   5.6009739502415014E+05
   6.1000000000000000E+03   5.1621113084771184E+02   1.0873597528332944E+03   9.8276908328517754E+02   7.1953610026295300E-01   5.7923383178964839E+05
   6.2000000000000000E+03   5.4351381974741776E+02   1.1228193126730873E+03   1.0534473105633458E+03   7.1667964849281851E-01   5.9822727485409298E+05
   6.3000000000000000E+03   5.7564468621345725E+02   1.1580015304858662E+03   1.1446545776998296E+03   7.1391412008035882E-01   6.1705874555360992E+05
   6.4000000000000000E+03   6.0457629977526153E+02   1.1928774962964599E+03   1.2258779466380117E+03   7.1123605076132190E-01   6.3571072236697481E+05
   6.5000000000000000E+03   6.3067039880569064E+02   1.2274210018475844E+03   1.2971886225029123E+03   7.0864210927346316E-01   6.5416711562443245E+05
   6.6000000000000000E+03   6.6143943092703500E+02   1.2616084650049127E+03   1.3904042657377393E+03   7.0612909217981867E-01   6.7241323013755702E+05
   6.7000000000000000E+03   6.9082141169333443E+02   1.2954188447784263E+03   1.4801635371118603E+03   7.0369391797520608E-01   6.9043573297479434E+05
   6.8000000000000000E+03   7.1760603678130519E+02   1.3288335491808957E+03   1.5601048012811557E+03   7.0133362175021319E-01   7.0822261101108196E+05
   6.9000000000000000E+03   7.4778193916978159E+02   1.3618363373003262E+03   1.6584143363171775E+03   6.9904535025340142E-01   7.2576312562399858E+05
   7.0000000000000000E+03   7.7620446339180228E+02   1.3944132166606701E+03   1.7507836258568839E+03   6.9682635687386274E-01   7.4304776089265174E+05
   7.1000000000000000E+03   8.0764296932862680E+02   1.4265523371536199E+03   1.8615729949772385E+03   6.9467399670342111E-01   7.6006817973154888E+05
   7.2000000000000000E+03   8.3127922796961411E+02   1.4582438829061391E+03   1.9334548441113534E+03   6.9258572219614933E-01   7.7681716908127954E+05
   7.3000000000000000E+03   8.6259761677500069E+02   1.4894799626316260E+03   2.0495422697611107E+03   6.9055907862877786E-01   7.9328858906733501E+05
   7.4000000000000000E+03   8.9007052270576605E+02   1.5202544997363821E+03   2.1472042554969871E+03   6.8859170011859827E-01   8.0947731551849726E+05
   7.5000000000000000E+03   9.1992761905557245E+02   1.5505631225152636E+03   2.2618546429205489E+03   6.8668130540244443E-01   8.2537919276181154E+05
   7.6000000000000000E+03   9.4625882542654074E+02   1.5804030556691564E+03   2.3582495398339634E+03   6.8482569441208663E-01   8.4099097293231485E+05
   7.7000000000000000E+03   9.7674816195656058E+02   1.6097730130086600E+03   2.4838564062851860E+03   6.8302274433195798E-01   8.5631027014866029E+05
   7.8000000000000000E+03   1.0033603997283077E+03   1.6386730925176332E+03   2.5879849525967793E+03   6.8127040637365777E-01   8.7133550160922832E+05
   7.9000000000000000E+03   1.0301598651955819E+03   1.6671046738318357E+03   2.6962843605532726E+03   6.7956670259027174E-01   8.8606583958031063E+05
   8.0000000000000000E+03   1.0543942161037194E+03   1.6950703184202894E+03   2.7896659999787503E+03   6.7790972261105686E-01   9.0050116069401440E+05
   8.1000000000000000E+03   1.0820168349026135E+03   1.7225736730706169E+03   2.9097397803964927E+03   6.7629762085397072E-01   9.1464199652056722E+05
   8.2000000000000000E+03   1.1060179139806062E+03   1.7496193766288561E+03   3.0066904528722298E+03   6.7472861369838621E-01   9.2848948636026494E+05
   8.3000000000000000E+03   1.1348888156694481E+03   1.7762129703332703E+03   3.1431908803355605E+03   6.7320097689672664E-01   9.4204532758661406E+05
   8.4000000000000000E+03   1.1573101598028968E+03   1.8023608117491015E+03   3.2336847854884254E+03   6.7171304298610568E-01   9.5531173879031430E+05
   8.5000000000000000E+03   1.1830593427214965E+03   1.8280699926249574E+03   3.3529915889721633E+03   6.7026319909817278E-01   9.6829140624662978E+05
   8.6000000000000000E+03   1.2054866637500029E+03   1.8533482603344337E+03   3.4485554058092162E+03   6.6884988445039351E-01   9.8098745294544299E+05
   8.7000000000000000E+03   1.2292919596698816E+03   1.8782039434444605E+03   3.5580495722492324E+03   6.6747158843464327E-01   9.9340339336908737E+05
   8.8000000000000000E+03   1.2525814196622377E+03   1.9026458809476244E+03   3.6661270083269801E+03   6.6612684846687531E-01   1.0055430964674484E+06
   8.9000000000000000E+03   1.2742280742024006E+03   1.9266833554261416E+03   3.7627621267434997E+03   6.6481424811553602E-01   1.0174107516733580E+06
   9.0000000000000000E+03   1.3050594030324391E+03   1.9503260299281551E+03   3.9445575181560112E+03   6.6353241519015793E-01   1.0290108351095237E+06
   9.1000000000000000E+03   1.3272045633776409E+03   1.9735838887077771E+03   4.0523411573594608E+03   6.6228002016843346E-01   1.0403480726311426E+06
   9.2000000000000000E+03   1.3487819237187698E+03   1.9964671814100041E+03   4.1575731632096085E+03   6.6105577434453811E-01   1.0514274161030017E+06
   9.3000000000000000E+03   1.3706398981862274E+03   2.0189863709797785E+03   4.2682475961279406E+03   6.5985842835575692E-01   1.0622540107489794E+06
   9.4000000000000000E+03   1.3896304057271850E+03   2.0411520850308484E+03   4.3535727055220314E+03   6.5868677078874960E-01   1.0728331666030413E+06
   9.5000000000000000E+03   1.4145435549410734E+03   2.0629750703801496E+03   4.5003489502424172E+03   6.5753962652698050E-01   1.0831703361658282E+06
   9.6000000000000000E+03   1.4341917590270366E+03   2.0844661510454016E+03   4.5973272398456829E+03   6.5641585557600213E-01   1.0932710903611823E+06
   9.7000000000000000E+03   1.4551645593069150E+03   2.1056361892445284E+03   4.7105008371795975E+03   6.5531435174936126E-01   1.1031410935141181E+06
   9.8000000000000000E+03   1.4735746595663161E+03   2.1264960493756998E+03   4.7992771272859254E+03   6.5423404139432928E-01   1.1127860844010524E+06
   9.9000000000000000E+03   1.4923035480533460E+03   2.1470565648986776E+03   4.8935400788331181E+03   6.5317388223709383E-01   1.1222118575065865E+06
   1.0000000000000000E+04   1.5159481500234313E+03   2.1673285080033747E+03   5.0439925029208880E+03   6.5213286236732626E-01   1.1314242405695543E+06
   1.0100000000000000E+04   1.5333574160135740E+03   2.1873225617419571E+03   5.1286330673253660E+03   6.5110999900372868E-01   1.1404290844566422E+06
   1.0200000000000000E+04   1.5502442349288376E+03   2.2070492948196252E+03   5.2092556139363405E+03   6.5010433761797437E-01   1.1492322437369409E+06
   1.0300000000000000E+04   1.5730357645945669E+03   2.2265191386445972E+03   5.3595766544691014E+03   6.4911495091927485E-01   1.1578395605189009E+06
   1.0400000000000000E+04   1.5872055306960815E+03   2.2457423666807317E+03   5.4126884179296649E+03   6.4814093799822647E-01   1.1662568558903066E+06
   1.0500000000000000E+04   1.6083745453650688E+03   2.2647290758401241E+03   5.5496418910874663E+03   6.4718142337110895E-01   1.1744899134330573E+06
   1.0600000000000000E+04   1.6250318328476199E+03   2.2834891699196610E+03   5.6355095192389790E+03   6.4623555614364558E-01   1.1825444719767328E+06
   1.0700000000000000E+04   1.6429366359297433E+03   2.3020323449562193E+03   5.7383066295640265E+03   6.4530250927431343E-01   1.1904262137270451E+06
   1.0800000000000000E+04   1.6598240847628174E+03   2.3203680763020716E+03   5.8306530191669563E+03   6.4438147877792706E-01   1.1981407541547331E+06
   1.0900000000000000E+04   1.6764311729723270E+03   2.3385056074117961E+03   5.9213035491315923E+03   6.4347168304867974E-01   1.2056936336223176E+06
   1.1000000000000000E+04   1.6938431709407205E+03   2.3564539400840763E+03   6.0238432574949766E+03   6.4257236202390444E-01   1.2130903143549273E+06
   1.1100000000000000E+04   1.7101823449775836E+03   2.3742218263315299E+03   6.1146247541994690E+03   6.4168277668631124E-01   1.2203361674672414E+06
   1.1200000000000000E+04   1.7258116676754487E+03   2.3918177614549190E+03   6.1978817284502029E+03   6.4080220830739021E-01   1.2274364714545268E+06
   1.1300000000000000E+04   1.7401642658084884E+03   2.4092499784807310E+03   6.2659994684504118E+03   6.3992995788991680E-01   1.2343964060336926E+06
   1.1400000000000000E+04   1.7590583204929437E+03   2.4265264437537880E+03   6.3949144266672001E+03   6.3906534559054784E-01   1.2412210456560899E+06
   1.1500000000000000E+04   1.7738496882622944E+03   2.4436548536224632E+03   6.4715481822060901E+03   6.3820771016232880E-01   1.2479153568278009E+06
   1.1600000000000000E+04   1.7881980379164747E+03   2.4606426320926989E+03   6.5434630077027232E+03   6.3735640833746954E-01   1.2544841975015523E+06
   1.1700000000000000E+04   1.8060912425545198E+03   2.4774969295261567E+03   6.6645034361496655E+03   6.3651081442913271E-01   1.2609323094661366E+06
   1.1800000000000000E+04   1.8206796086763502E+03   2.4942246221358191E+03   6.7422129452888130E+03   6.3567031983367339E-01   1.2672643167814612E+06
   1.1900000000000000E+04   1.8351901985372258E+03   2.5108323121994699E+03   6.8199639370356235E+03   6.3483433241341380E-01   1.2734847281686999E+06
   1.2000000000000000E+04   1.8504869309910700E+03   2.5273263291744388E+03   6.9097401171376596E+03   6.3400227621789551E-01   1.2795979306592306E+06
   1.2100000000000000E+04   1.8645409883722079E+03   2.5437127313482488E+03   6.9832950196962847E+03   6.3317359098612047E-01   1.2856081903625685E+06
   1.2200000000000000E+04   1.8788686563702411E+03   2.5599973080966388E+03   7.0616596297685237E+03   6.3234773166869507E-01   1.2915196527135703E+06
   1.2300000000000000E+04   1.8906411457545598E+03   2.5761855827906547E+03   7.1047800825014274E+03   6.3152416814908741E-01   1.2973363400342779E+06
   1.2400000000000000E+04   1.9052428443501140E+03   2.5922828160737486E+03   7.1887058819380900E+03   6.3070238474586315E-01   1.3030621518687506E+06
   1.2500000000000000E+04   1.9169144365888565E+03   2.6082940096649977E+03   7.2317387390391377E+03   6.2988187987420730E-01   1.3087008677636958E+06
   1.2600000000000000E+04   1.9336553945056958E+03   2.6242239105772646E+03   7.3480684435846279E+03   6.2906216574726803E-01   1.3142561440654686E+06
   1.2700000000000000E+04   1.9458209386864203E+03   2.6400770156207795E+03   7.3994557734715727E+03   6.2824276795803680E-01   1.3197315166569862E+06
   1.2800000000000000E+04   1.9582215329741443E+03   2.6558575762700511E+03   7.4548291252185227E+03   6.2742322516077920E-01   1.3251304035371239E+06
   1.2900000000000000E+04   1.9705025137734531E+03   2.6715696038450565E+03   7.5090311535801193E+03   6.2660308883210980E-01   1.3304560993130270E+06
   1.3000000000000000E+04   1.9885036114808875E+03   2.6872168748098120E+03   7.6476871713199180E+03   6.2578192281305178E-01   1.3357117858297147E+06
   1.3100000000000000E+04   2.0002206867403415E+03   2.7028029364347085E+03   7.6947607884927620E+03   6.2495930314975290E-01   1.3409005275935936E+06
   1.3200000000000000E+04   2.0121569931559750E+03   2.7183311125442015E+03   7.7455528426300871E+03   6.2413481777491697E-01   1.3460252726626082E+06
   1.3300000000000000E+04   2.0189823850845221E+03   2.7338045093963806E+03   7.7215057578826509E+03   6.2330806616932644E-01   1.3510888589858233E+06
   1.3400000000000000E+04   2.0336962128170530E+03   2.7492260217427247E+03   7.8139170148494331E+03   6.2247865914282674E-01   1.3560940134031440E+06
   1.3500000000000000E+04   2.0455960421492689E+03   2.7645983389679427E+03   7.8654149581269976E+03   6.2164621859540115E-01   1.3610433523192038E+06
   1.3600000000000000E+04   2.0569679211647631E+03   2.7799239512654158E+03   7.9094912455940739E+03   6.2081037721851295E-01   1.3659393879982571E+06
   1.3700000000000000E+04   2.0698704742153391E+03   2.7952051559020701E+03   7.9766110288863947E+03   6.1997077827609004E-01   1.3707845257782333E+06
   1.3800000000000000E+04   2.0810774756717783E+03   2.8104440635207447E+03   8.0189467610211059E+03   6.1912707540542111E-01   1.3755810686520082E+06
   1.3900000000000000E+04   2.0914119789526158E+03   2.8256426043870133E+03   8.0486737904150268E+03   6.1827893229858610E-01   1.3803312214930500E+06
   1.4000000000000000E+04   2.1022896745497355E+03   2.8408025347138114E+03   8.0867783870909434E+03   6.1742602254317547E-01   1.3850370908250560E+06
   1.4100000000000000E+04   2.1166696081918876E+03   2.8559254429628486E+03   8.1772105190814145E+03   6.1656802946300293E-01   1.3897006850422479E+06
   1.4200000000000000E+04   2.1284541324348347E+03   2.8710127560019314E+03   8.2294094645757850E+03   6.1570464575971862E-01   1.3943239228046224E+06
   1.4300000000000000E+04   2.1377647357230785E+03   2.8860657453730387E+03   8.2449836307489386E+03   6.1483557345307738E-01   1.3989086307538806E+06
   1.4400000000000000E+04   2.1481158164594403E+03   2.9010855333920645E+03   8.2763855956491225E+03   6.1396052362210263E-01   1.4034565457840036E+06
   1.4500000000000000E+04   2.1608566012745296E+03   2.9160730991982609E+03   8.3435886577228757E+03   6.1307921618607109E-01   1.4079693224701327E+06
   1.4600000000000000E+04   2.1708483699610956E+03   2.9310292847759520E+03   8.3701392933730622E+03   6.1219137978504967E-01   1.4124485283037981E+06
   1.4700000000000000E+04   2.1842843371000840E+03   2.9459548008332090E+03   8.4482768279162447E+03   6.1129675156087970E-01   1.4168956518710910E+06
   1.4800000000000000E+04   2.1927739437391424E+03   2.9608502325941135E+03   8.4529041392817562E+03   6.1039507695807338E-01   1.4213121031149719E+06
   1.4900000000000000E+04   2.2035821756896053E+03   2.9757160455298936E+03   8.4923548803778813E+03   6.0948610960435057E-01   1.4256992149266980E+06
   1.5000000000000000E+04   2.2143048609540001E+03   2.9905525909376288E+03   8.5307755285692529E+03   6.0856961111153229E-01   1.4300582462426641E+06
   1.5100000000000000E+04   2.2263166981853478E+03   3.0053601114254479E+03   8.5885886285833076E+03   6.0764535091625949E-01   1.4343903843838053E+06
   1.5200000000000000E+04   2.2351921349429808E+03   3.0201387462570997E+03   8.6000630804290231E+03   6.0671310608088691E-01   1.4386967498818596E+06
   1.5300000000000000E+04   2.2468159862154475E+03   3.0348885366266372E+03   8.6525486478584953E+03   6.0577266119392970E-01   1.4429783947331524E+06
   1.5400000000000000E+04   2.2552359262699847E+03   3.0496094307853718E+03   8.6578778248585350E+03   6.0482380823069237E-01   1.4472363053720461E+06
   1.5500000000000000E+04   2.2668721227693900E+03   3.0643012889760530E+03   8.7109670201677691E+03   6.0386634629443048E-01   1.4514714092365061E+06
   1.5600000000000000E+04   2.2728707619691086E+03   3.0789638883741218E+03   8.6814870016992863E+03   6.0290008161635200E-01   1.4556845700688823E+06
   1.5700000000000000E+04   2.2854805445782222E+03   3.0935969277367353E+03   8.7491798687150313E+03   6.0192482725695928E-01   1.4598765980016764E+06
   1.5800000000000000E+04   2.2921099771329759E+03   3.1082000320983166E+03   8.7298408565953669E+03   6.0094040314587038E-01   1.4640482408607434E+06
   1.5900000000000000E+04   2.3048662435323163E+03   3.1227727571190544E+03   8.7999953473200403E+03   5.9994663572343032E-01   1.4682002008834553E+06
   1.6000000000000000E+04   2.3151730056874526E+03   3.1373145935209677E+03   8.8347629711926202E+03   5.9894335800044229E-01   1.4723331239354669E+06
   1.6100000000000000E+04   2.3250005944033287E+03   3.1518249712507227E+03   8.8628191630659949E+03   5.9793040935906383E-01   1.4764476069894079E+06
   1.6200000000000000E+04   2.3336321263982722E+03   3.1663032635076047E+03   8.8738358859085092E+03   5.9690763535370051E-01   1.4805442011539894E+06
   1.6300000000000000E+04   2.3447031101424859E+03   3.1807487907216505E+03   8.9204594383175208E+03   5.9587488767118668E-01   1.4846234106758905E+06
   1.6400000000000000E+04   2.3591331838560282E+03   3.1951608243451506E+03   9.0162209518089530E+03   5.9483202399140989E-01   1.4886856946938066E+06
   1.6500000000000000E+04   2.3649895620898897E+03   3.2095385905010980E+03   8.9876668024108949E+03   5.9377890782802922E-01   1.4927314742611728E+06
   1.6600000000000000E+04                      NaN   3.2238812735109723E+03                      NaN   5.9271540838910164E-01   1.4967611279776541E+06
   1.6700000000000000E+04   2.3814965328025519E+03   3.2381880193663737E+03   9.0017627834909872E+03   5.9164140057708003E-01   1.5007749968210363E+06
   1.6800000000000000E+04   2.3941797300114008E+03   3.2524579389251771E+03   9.0727794195595252E+03   5.9055676471006879E-01   1.5047733847696269E+06
   1.6900000000000000E+04   2.4041355953295506E+03   3.2666901111392576E+03   9.1050082413962555E+03   5.8946138654173297E-01   1.5087565604219628E+06
   1.7000000000000000E+04   2.4058670277346250E+03   3.2808835860422550E+03   9.0208231679196615E+03   5.8835515706219443E-01   1.5127247620445283E+06
   1.7100000000000000E+04   2.4176596380538249E+03   3.2950373876782660E+03   9.0796454565641743E+03   5.8723797241838860E-01   1.5166781922921671E+06
   1.7200000000000000E+04   2.4235773210630300E+03   3.3091505169000302E+03   9.0562611678448829E+03   5.8610973381451370E-01   1.5206170253950853E+06
   1.7300000000000000E+04   2.4326873681060633E+03   3.3232219540390633E+03   9.0780978040664377E+03   5.8497034739256637E-01   1.5245414075619630E+06
   1.7400000000000000E+04   2.4455477821312957E+03   3.3372506614606855E+03   9.1526069307852958E+03   5.8381972411287908E-01   1.5284514572145320E+06
   1.7500000000000000E+04   2.4513357019140713E+03   3.3512355860168250E+03   9.1287970835986307E+03   5.8265777965456966E-01   1.5323472675891872E+06
   1.7600000000000000E+04   2.4568840713334539E+03   3.3651756613990806E+03   9.1026346276453387E+03   5.8148443433589603E-01   1.5362289068426967E+06
   1.7700000000000000E+04   2.4646575278049804E+03   3.3790698103737982E+03   9.1077624435666457E+03   5.8029961301470678E-01   1.5400964179815568E+06
   1.7800000000000000E+04   2.4729085614035967E+03   3.3929169468916371E+03   9.1198879254223375E+03   5.7910324494906573E-01   1.5439498239508858E+06
   1.7900000000000000E+04   2.4840859094815005E+03   3.4067159781261462E+03   9.1722299613541436E+03   5.7789526371761146E-01   1.5477891290109425E+06
   1.8000000000000000E+04   2.4923568331564006E+03   3.4204658064127902E+03   9.1853667735585041E+03   5.7667560713991495E-01   1.5516143145551349E+06
   1.8100000000000000E+04   2.4974183186050609E+03   3.4341653310706279E+03   9.1556709472286238E+03   5.7544421715701588E-01   1.5554253455646222E+06
   1.8200000000000000E+04   2.5043508424661932E+03   3.4478134501608974E+03   9.1519626195623150E+03   5.7420103977169201E-01   1.5592221690152031E+06
   1.8300000000000000E+04   2.5129290011593903E+03   3.4614090621234664E+03   9.1707517902323452E+03   5.7294602492899660E-01   1.5630047119642678E+06
   1.8400000000000000E+04   2.5176591157130838E+03   3.4749510673147115E+03   9.1390533646965596E+03   5.7167912637688512E-01   1.5667728969913251E+06
   1.8500000000000000E+04   2.5272825147566596E+03   3.4884383695618490E+03   9.1725699335065747E+03   5.7040030172594414E-01   1.5705266201118461E+06
   1.8600000000000000E+04   2.5373701501430060E+03   3.5018698774704922E+03   9.2125895373753447E+03   5.6910951219055972E-01   1.5742657704581353E+06
   1.8700000000000000E+04   2.5408746273360352E+03   3.5152445057848477E+03   9.1667402402160224E+03   5.6780672258891263E-01   1.5779902255355571E+06
   1.8800000000000000E+04   2.5481102168410948E+03   3.5285611766392167E+03   9.1704360071150641E+03   5.6649190128325022E-01   1.5816998490064419E+06
   1.8900000000000000E+04   2.5531656987353340E+03   3.5418188206938084E+03   9.1466360883149900E+03   5.6516502004051195E-01   1.5853944913271370E+06
   1.9000000000000000E+04   2.5665081123742484E+03   3.5550163782286550E+03   9.2300476278374372E+03   5.6382605395268726E-01   1.5890739984425721E+06
   1.9100000000000000E+04   2.5743089984308644E+03   3.5681528001675529E+03   9.2424260685596710E+03   5.6247498135717333E-01   1.5927382080429588E+06
   1.9200000000000000E+04   2.5782501881348003E+03   3.5812270490746550E+03   9.2058946448455081E+03   5.6111178383677662E-01   1.5963869403502569E+06
   1.9300000000000000E+04   2.5873207590975453E+03   3.5942380999755496E+03   9.2355613233328550E+03   5.5973644600069583E-01   1.6000200184265003E+06
   1.9400000000000000E+04   2.5937286018130148E+03   3.6071849412365195E+03   9.2318320880369338E+03   5.5834895550443309E-01   1.6036372541922529E+06
   1.9500000000000000E+04   2.5986201120063720E+03   3.6200665753332337E+03   9.2096631073778408E+03   5.5694930297015233E-01   1.6072384504862763E+06
   1.9600000000000000E+04   2.6050491970394792E+03   3.6328820195517396E+03   9.2075638962770481E+03   5.5553748188712682E-01   1.6108234067805002E+06
   1.9700000000000000E+04   2.6097753718728168E+03   3.6456303066243022E+03   9.1849503921742144E+03   5.5411348849227515E-01   1.6143919217344373E+06
   1.9800000000000000E+04   2.6172897783840908E+03   3.6583104853813697E+03   9.1975679015662736E+03   5.5267732179007456E-01   1.6179437849656327E+06
   1.9900000000000000E+04   2.6265814339182853E+03   3.6709216212878123E+03   9.2325993890265599E+03   5.5122898344304883E-01   1.6214787800128080E+06
   2.0000000000000000E+04   2.6315165286267134E+03   3.6834627969306052E+03   9.2144375856127663E+03   5.4976847766226566E-01   1.6249966912494353E+06
   2.0100000000000000E+04   2.6356747307493761E+03   3.6959331125039403E+03   9.1876448975071635E+03   5.4829581118742166E-01   1.6284972989823672E+06
   2.0200000000000000E+04   2.6428352136594522E+03   3.7083316862101915E+03   9.1980685217883038E+03   5.4681099318729320E-01   1.6319803836784982E+06
   2.0300000000000000E+04   2.6450254145233894E+03   3.7206576546522906E+03   9.1492553757192545E+03   5.4531403522986965E-01   1.6354457168231024E+06
   2.0400000000000000E+04   2.6534835717180335E+03   3.7329101731461938E+03   9.1763680884251135E+03   5.4380495117284422E-01   1.6388930747012752E+06
   2.0500000000000000E+04   2.6568979021716709E+03   3.7450884160284704E+03   9.1439113181819939E+03   5.4228375712379595E-01   1.6423222312156027E+06
   2.0600000000000000E+04   2.6637599702595285E+03   3.7571915769168290E+03   9.1530704456068215E+03   5.4075047138045618E-01   1.6457329561399044E+06
   2.0700000000000000E+04   2.6684018387029669E+03   3.7692188689160412E+03   9.1366596666320638E+03   5.3920511433115603E-01   1.6491250245147406E+06
   2.0800000000000000E+04   2.6746932659300069E+03   3.7811695248381543E+03   9.1402491323258782E+03   5.3764770845482790E-01   1.6524982038036650E+06
   2.0900000000000000E+04   2.6781632605858968E+03   3.7930427973330070E+03   9.1116461741565363E+03   5.3607827820154130E-01   1.6558522706193924E+06
   2.1000000000000000E+04   2.6857005016343282E+03   3.8048379590362033E+03   9.1308312018649649E+03   5.3449684997259261E-01   1.6591869966219889E+06
   2.1100000000000000E+04   2.6888208072220805E+03   3.8165543026500150E+03   9.0996947970976489E+03   5.3290345202095324E-01   1.6625021549366494E+06
   2.1200000000000000E+04   2.6929727654768167E+03   3.8281911410442613E+03   9.0812611086555917E+03   5.3129811445126907E-01   1.6657975204649994E+06
   2.1300000000000000E+04   2.6983639049808999E+03   3.8397478072838157E+03   9.0776090905954024E+03   5.2968086912030810E-01   1.6690728701705991E+06
   2.1400000000000000E+04   2.7049387410887352E+03   3.8512236546506178E+03   9.0879012196817366E+03   5.2805174957722978E-01   1.6723279811013103E+06
   2.1500000000000000E+04   2.7067244769739323E+03   3.8626180566610760E+03   9.0449873785057243E+03   5.2641079104367272E-01   1.6755626350709836E+06
   2.1600000000000000E+04   2.7096963544866298E+03   3.8739304070426456E+03   9.0163786898797152E+03   5.2475803035402546E-01   1.6787766098121402E+06
   2.1700000000000000E+04   2.7173565972413812E+03   3.8851601196621918E+03   9.0403610537311724E+03   5.2309350583596259E-01   1.6819696951291380E+06
   2.1800000000000000E+04   2.7202319830785609E+03   3.8963066285272826E+03   9.0120622426623340E+03   5.2141725739008504E-01   1.6851416724131543E+06
   2.1900000000000000E+04   2.7248501376268250E+03   3.9073693876398861E+03   9.0036555544882576E+03   5.1972932629081936E-01   1.6882923356555332E+06
   2.2000000000000000E+04   2.7281125074195033E+03   3.9183478709527158E+03   8.9811596619296724E+03   5.1802975524614470E-01   1.6914214776904802E+06
   2.2100000000000000E+04   2.7289086711698237E+03   3.9292415722448327E+03   8.9329730010873227E+03   5.1631858831795341E-01   1.6945288900890893E+06
   2.2200000000000000E+04   2.7352065428879214E+03   3.9400500049915122E+03   8.9446064089874217E+03   5.1459587086231906E-01   1.6976143729468139E+06
   2.2300000000000000E+04   2.7380105286009643E+03   3.9507727022201120E+03   8.9195206530121923E+03   5.1286164946976598E-01   1.7006777278056180E+06
   2.2400000000000000E+04   2.7439734468777328E+03   3.9614092163708128E+03   8.9286038527226174E+03   5.1111597194535552E-01   1.7037187652577055E+06
   2.2500000000000000E+04   2.7448452958727594E+03   3.9719591191358750E+03   8.8845982311302996E+03   5.0935888726886958E-01   1.7067372899960831E+06
   2.2600000000000000E+04   2.7492281074049370E+03   3.9824220012874184E+03   8.8782360631202955E+03   5.0759044555498611E-01   1.7097331107291908E+06
   2.2700000000000000E+04   2.7499800474880144E+03   3.9927974724681753E+03   8.8348563210105713E+03   5.0581069795372902E-01   1.7127060507629751E+06
   2.2800000000000000E+04   2.7569500903860835E+03   4.0030851610345194E+03   8.8564283732055519E+03   5.0401969669028734E-01   1.7156559248620849E+06
   2.2900000000000000E+04   2.7560622991266978E+03   4.0132847138109337E+03   8.7978567405464510E+03   5.0221749492564272E-01   1.7185825627033203E+06
   2.3000000000000000E+04   2.7617820421563965E+03   4.0233957959329286E+03   8.8075627143672664E+03   5.0040414683621182E-01   1.7214857879133287E+06
   2.3100000000000000E+04   2.7664838964097139E+03   4.0334180905858052E+03   8.8073920858610454E+03   4.9857970747447167E-01   1.7243654366970479E+06
   2.3200000000000000E+04   2.7651492833223929E+03   4.0433512988064990E+03   8.7470288817225537E+03   4.9674423278887186E-01   1.7272213390153260E+06
   2.3300000000000000E+04   2.7692932754695080E+03   4.0531951392356159E+03   8.7424797486668976E+03   4.9489777954419073E-01   1.7300533403940583E+06
   2.3400000000000000E+04   2.7722762716775296E+03   4.0629493478898057E+03   8.7269334719817816E+03   4.9304040530162613E-01   1.7328612828261554E+06
   2.3500000000000000E+04   2.7757235397462659E+03   4.0726136779372455E+03   8.7165823235509451E+03   4.9117216841879568E-01   1.7356450129384606E+06
   2.3600000000000000E+04   2.7768341193472793E+03   4.0821878994090453E+03   8.6838976634589180E+03   4.8929312791036195E-01   1.7384043935344887E+06
   2.3700000000000000E+04   2.7822169775836874E+03   4.0916717990253233E+03   8.6936323113580875E+03   4.8740334358740728E-01   1.7411392693608906E+06
   2.3800000000000000E+04   2.7813890262737350E+03   4.1010651798568824E+03   8.6435279263902867E+03   4.8550287581850776E-01   1.7438495099838099E+06
   2.3900000000000000E+04   2.7838507186627216E+03   4.1103678611441173E+03   8.6260856778748239E+03   4.8359178566910482E-01   1.7465349782477182E+06
   2.4000000000000000E+04   2.7903404142600557E+03   4.1195796779953880E+03   8.6478258496310573E+03   4.8167013476213516E-01   1.7491955416802808E+06
   2.4100000000000000E+04   2.7895390442205039E+03   4.1287004811419692E+03   8.6002858777906422E+03   4.7973798527802813E-01   1.7518310815754912E+06
   2.4200000000000000E+04   2.7924083805443006E+03   4.1377301366825504E+03   8.5884527306460313E+03   4.7779539993479564E-01   1.7544414751436254E+06
   2.4300000000000000E+04   2.7904165452915986E+03   4.1466685258341768E+03   8.5315506471729350E+03   4.7584244198803288E-01   1.7570266012468275E+06
   2.4400000000000000E+04   2.7943351578455490E+03   4.1555155446250365E+03   8.5307599919161730E+03   4.7387917509154498E-01   1.7595863526800054E+06
   2.4500000000000000E+04   2.7970653691979524E+03   4.1642711036923702E+03   8.5193751007758274E+03   4.7190566341680940E-01   1.7621206177999035E+06
   2.4600000000000000E+04   2.7979203083584507E+03   4.1729351279739458E+03   8.4912102571269625E+03   4.6992197151360232E-01   1.7646292895752680E+06
   2.4700000000000000E+04   2.8025547510615656E+03   4.1815075564484614E+03   8.4984082291608793E+03   4.6792816429008888E-01   1.7671122751628691E+06
   2.4800000000000000E+04   2.7995726110225783E+03   4.1899883418996369E+03   8.4364527399922845E+03   4.6592430705264404E-01   1.7695694802222571E+06
   2.4900000000000000E+04   2.8043634711286531E+03   4.1983774506403524E+03   8.4459528624743125E+03   4.6391046544612019E-01   1.7720008053598665E+06
   2.5000000000000000E+04   2.8018409376245750E+03   4.2066748622378045E+03   8.3899125966359843E+03   4.6188670539411747E-01   1.7744061719210679E+06
   2.5100000000000000E+04   2.8062176516672134E+03   4.2148805692709684E+03   8.3965241828595008E+03   4.5985309311889228E-01   1.7767854929127095E+06
   2.5200000000000000E+04   2.8080826519063557E+03   4.2229945770806862E+03   8.3810996288930219E+03   4.5780969514135883E-01   1.7791386890972110E+06
   2.5300000000000000E+04   2.8071542840645488E+03   4.2310169034591445E+03   8.3414769548096046E+03   4.5575657812180392E-01   1.7814656924687545E+06
   2.5400000000000000E+04   2.8071773787222655E+03   4.2389475784723945E+03   8.3110248795190146E+03   4.5369380903908346E-01   1.7837664227615488E+06
   2.5500000000000000E+04   2.8109996018145152E+03   4.2467866441373708E+03   8.3144054193079974E+03   4.5162145499151490E-01   1.7860408243558386E+06
   2.5600000000000000E+04   2.8120879264236255E+03   4.2545341542086717E+03   8.2943293809840779E+03   4.4953958327652094E-01   1.7882888291341474E+06
   2.5700000000000000E+04   2.8134104008346294E+03   4.2621901739132818E+03   8.2768205274852317E+03   4.4744826133089755E-01   1.7905103800994847E+06
   2.5800000000000000E+04   2.8132024208518014E+03   4.2697547797101297E+03   8.2466547870198501E+03   4.4534755673081433E-01   1.7927054210985694E+06
   2.5900000000000000E+04   2.8146819066285611E+03   4.2772280590366572E+03   8.2315600150272803E+03   4.4323753715199304E-01   1.7948739072579485E+06
   2.6000000000000000E+04                      NaN   4.2846101100578326E+03                      NaN   4.4111827032988737E-01   1.7970157909605177E+06
   2.6100000000000000E+04   2.8119816833020432E+03   4.2919010414617178E+03   8.1550032091905168E+03   4.3898982413932330E-01   1.7991310251238840E+06
   2.6200000000000000E+04   2.8162170348129412E+03   4.2991009721687396E+03   8.1646318280252044E+03   4.3685226643521735E-01   1.8012195738806371E+06
   2.6300000000000000E+04   2.8148359068831132E+03   4.3062100311321647E+03   8.1275881223395008E+03   4.3470566513221709E-01   1.8032814018700270E+06
   2.6400000000000000E+04   2.8152328716645179E+03   4.3132283570967102E+03   8.1059938911570580E+03   4.3255008816488039E-01   1.8053164814140147E+06
   2.6500000000000000E+04   2.8135448843324316E+03   4.3201560983672334E+03   8.0677436732512715E+03   4.3038560346776572E-01   1.8073247777745929E+06
   2.6600000000000000E+04   2.8148595019884992E+03   4.3269934125730551E+03   8.0547618416377218E+03   4.2821227893560987E-01   1.8093062748509059E+06
   2.6700000000000000E+04   2.8134060562850373E+03   4.3337404664636024E+03   8.0196643535050998E+03   4.2603018246314978E-01   1.8112609493369025E+06
   2.6800000000000000E+04   2.8136235827574801E+03   4.3403974356640429E+03   7.9987252599824460E+03   4.2383938186548142E-01   1.8131887778350043E+06
   2.6900000000000000E+04   2.8154122233526582E+03   4.3469645044694562E+03   7.9909103667288464E+03   4.2163994489796769E-01   1.8150897596112033E+06
   2.7000000000000000E+04   2.8119370000938447E+03   4.3534418656414600E+03   7.9413335198303130E+03   4.1943193927615180E-01   1.8169638710354131E+06
   2.7100000000000000E+04   2.8132385606723383E+03   4.3598297201591113E+03   7.9304999330185283E+03   4.1721543255629262E-01   1.8188111149761260E+06
   2.7200000000000000E+04   2.8163825743634347E+03   4.3661282770493945E+03   7.9346486172571495E+03   4.1499049223491774E-01   1.8206314864328944E+06
   2.7300000000000000E+04   2.8142728150111748E+03   4.3723377531648148E+03   7.8975856368095683E+03   4.1275718568909181E-01   1.8224249838692879E+06
   2.7400000000000000E+04   2.8143662453798552E+03   4.3784583729713631E+03   7.8784268741679161E+03   4.1051558013659545E-01   1.8241916051975242E+06
   2.7500000000000000E+04   2.8120228841966541E+03   4.3844903683599541E+03   7.8407263587573289E+03   4.0826574265583609E-01   1.8259313675508273E+06
   2.7600000000000000E+04   2.8125641227735523E+03   4.3904339784604535E+03   7.8259794663788352E+03   4.0600774020575869E-01   1.8276442716144472E+06
   2.7700000000000000E+04   2.8139537746425963E+03   4.3962894494185985E+03   7.8181611448304984E+03   4.0374163952629205E-01   1.8293303332537308E+06
   2.7800000000000000E+04   2.8102683257189829E+03   4.4020570342362544E+03   7.7717359000780734E+03   4.0146750721799224E-01   1.8309895635093309E+06
   2.7900000000000000E+04   2.8079351392136241E+03   4.4077369925547355E+03   7.7363578245382014E+03   3.9918540964248933E-01   1.8326219928828815E+06
   2.8000000000000000E+04   2.8089209904490576E+03   4.4133295905071636E+03   7.7266440257778168E+03   3.9689541302204046E-01   1.8342276264049930E+06
   2.8100000000000000E+04   2.8105741427065673E+03   4.4188351005015093E+03   7.7222938318305169E+03   3.9459758332006561E-01   1.8358064966725230E+06
   2.8200000000000000E+04   2.8111150780469770E+03   4.4242538010656644E+03   7.7098679684588205E+03   3.9229198630088102E-01   1.8373586311401876E+06
   2.8300000000000000E+04   2.8053611746691859E+03   4.4295859766628000E+03   7.6507811625190052E+03   3.8997868748987646E-01   1.8388840602193053E+06
   2.8400000000000000E+04   2.8037952854725308E+03   4.4348319175290371E+03   7.6235938407790691E+03   3.8765775219342657E-01   1.8403828087454569E+06
   2.8500000000000000E+04   2.8040131924819375E+03   4.4399919194823060E+03   7.6099986578485532E+03   3.8532924541924901E-01   1.8418549212619602E+06
   2.8600000000000000E+04   2.8034303245410001E+03   4.4450662837911359E+03   7.5908629707812679E+03   3.8299323197595647E-01   1.8433004324507196E+06
   2.8700000000000000E+04   2.8021279766964294E+03   4.4500553169892746E+03   7.5668533415838756E+03   3.8064977639341480E-01   1.8447193753132713E+06
   2.8800000000000000E+04   2.7991286592440351E+03   4.4549593307125215E+03   7.5309659092767770E+03   3.7829894290283284E-01   1.8461118027374994E+06
   2.8900000000000000E+04   2.7954284189277309E+03   4.4597786415568962E+03   7.4906061159657975E+03   3.7594079547658332E-01   1.8474777529717402E+06
   2.9000000000000000E+04   2.8009598003399956E+03   4.4645135709208571E+03   7.5169935960983976E+03   3.7357539780829180E-01   1.8488172754603489E+06
   2.9100000000000000E+04   2.7964541571909203E+03   4.4691644448444431E+03   7.4715948022816456E+03   3.7120281327301635E-01   1.8501304221993347E+06
   2.9200000000000000E+04   2.7945657404309040E+03   4.4737315938815100E+03   7.4454450216774703E+03   3.6882310498697907E-01   1.8514172387728465E+06
   2.9300000000000000E+04   2.7942320356425471E+03   4.4782153529204352E+03   7.4306987921137898E+03   3.6643633568810280E-01   1.8526777864572487E+06
   2.9400000000000000E+04   2.7881785826181072E+03   4.4826160610855959E+03   7.3760963472802487E+03   3.6404256787538414E-01   1.8539121245336998E+06
   2.9500000000000000E+04   2.7901911318093967E+03   4.4869340615635992E+03   7.3784917019821542E+03   3.6164186368943202E-01   1.8551203010193580E+06
   2.9600000000000000E+04   2.7901331407864709E+03   4.4911697014859064E+03   7.3666620192216251E+03   3.5923428497219723E-01   1.8563023841852520E+06
   2.9700000000000000E+04   2.7886690009034000E+03   4.4953233317785944E+03   7.3453473252197182E+03   3.5681989320724217E-01   1.8574584354831192E+06
   2.9800000000000000E+04   2.7848348091522762E+03   4.4993953070498019E+03   7.3080376496330373E+03   3.5439874957947282E-01   1.8585885138543400E+06
   2.9900000000000000E+04   2.7815682659372883E+03   4.5033859854333505E+03   7.2751461461404579E+03   3.5197091487558424E-01   1.8596926987746279E+06
   3.0000000000000000E+04   2.7811261988948281E+03   4.5072957284982231E+03   7.2619508233199349E+03   3.4953644960352553E-01   1.8607710486938672E+06
   3.0100000000000000E+04   2.7782294823710045E+03   4.5111249010916654E+03   7.2323696303170464E+03   3.4709541387303650E-01   1.8618236473084914E+06
   3.0200000000000000E+04   2.7758960368758248E+03   4.5148738712473942E+03   7.2070041598425278E+03   3.4464786749519899E-01   1.8628505474825914E+06
   3.0300000000000000E+04   2.7744643113140037E+03   4.5185430100396525E+03   7.1880565536707009E+03   3.4219386988288553E-01   1.8638518415433071E+06
   3.0400000000000000E+04   2.7740089030194190E+03   4.5221326914847195E+03   7.1759428191448023E+03   3.3973348011049076E-01   1.8648275906309150E+06
   3.0500000000000000E+04   2.7712938077586687E+03   4.5256432924057999E+03   7.1490243774839510E+03   3.3726675683428908E-01   1.8657778861773605E+06
   3.0600000000000000E+04   2.7694616499380863E+03   4.5290751923661173E+03   7.1283266197395387E+03   3.3479375845171833E-01   1.8667027975320006E+06
   3.0700000000000000E+04   2.7669873281005953E+03   4.5324287735001581E+03   7.1037037305732274E+03   3.3231454288236550E-01   1.8676024149525894E+06
   3.0800000000000000E+04   2.7622688458670127E+03   4.5357044204511330E+03   7.0647252114650582E+03   3.2982916772724913E-01   1.8684768208041976E+06
   3.0900000000000000E+04   2.7577795055030965E+03   4.5389025202557041E+03   7.0277528526440101E+03   3.2733769022899967E-01   1.8693260892557800E+06
   3.1000000000000000E+04   2.7603094585725726E+03   4.5420234622207790E+03   7.0367019051066654E+03   3.2484016719221664E-01   1.8701503155716939E+06
   3.1100000000000000E+04   2.7541979738867844E+03   4.5450676378555390E+03   6.9899090543634993E+03   3.2233665510293230E-01   1.8709495818846594E+06
   3.1200000000000000E+04   2.7500469732702827E+03   4.5480354407471141E+03   6.9562799341557766E+03   3.1982721002905862E-01   1.8717239816828503E+06
   3.1300000000000000E+04   2.7469370684130017E+03   4.5509272664754308E+03   6.9296999603210688E+03   3.1731188766020813E-01   1.8724735999918359E+06
   3.1400000000000000E+04   2.7437231988254639E+03   4.5537435125193870E+03   6.9028019311573253E+03   3.1479074330769474E-01   1.8731985332167016E+06
   3.1500000000000000E+04   2.7441294177558034E+03   4.5564845781548102E+03   6.8990800730870442E+03   3.1226383186471196E-01   1.8738988741766065E+06
   3.1600000000000000E+04   2.7421294975580736E+03   4.5591508643850257E+03   6.8803715230268926E+03   3.0973120788597536E-01   1.8745747170274376E+06
   3.1700000000000000E+04   2.7407302023812072E+03   4.5617427738323941E+03   6.8656891181005258E+03   3.0719292550808014E-01   1.8752261572199282E+06
   3.1800000000000000E+04   2.7382903940362280E+03   4.5642607106574260E+03   6.8447286059924454E+03   3.0464903846941238E-01   1.8758532863280152E+06
   3.1900000000000000E+04   2.7355101031827644E+03   4.5667050804794835E+03   6.8219212267331886E+03   3.0209960013005827E-01   1.8764562073668854E+06
   3.2000000000000000E+04   2.7293649883297048E+03   4.5690762902794886E+03   6.7786053401310264E+03   2.9954466341207447E-01   1.8770350246339245E+06
   3.2100000000000000E+04   2.7317966331301031E+03   4.5713747483487523E+03   6.7885489846843402E+03   2.9698428091894885E-01   1.8775898228392818E+06
   3.2200000000000000E+04   2.7249859571998086E+03   4.5736008641755498E+03   6.7418033262018007E+03   2.9441850479622900E-01   1.8781207189102320E+06
   3.2300000000000000E+04   2.7194148407407201E+03   4.5757550483875566E+03   6.7031765701789463E+03   2.9184738681116323E-01   1.8786278101127911E+06
   3.2400000000000000E+04   2.7203875395784753E+03   4.5778377126713231E+03   6.7046173577981544E+03   2.8927097833279009E-01   1.8791111999396430E+06
   3.2500000000000000E+04   2.7184124759283422E+03   4.5798492697030370E+03   6.6883385104823292E+03   2.8668933035184901E-01   1.8795709875837520E+06
   3.2600000000000000E+04   2.7149662394440029E+03   4.5817901330619625E+03   6.6634059966807781E+03   2.8410249342104921E-01   1.8800072891094955E+06
   3.2700000000000000E+04   2.7086349030819788E+03   4.5836607171739570E+03   6.6214893198340378E+03   2.8151051771480029E-01   1.8804202056474923E+06
   3.2800000000000000E+04   2.7053516506085462E+03   4.5854614372420574E+03   6.5981708920612064E+03   2.7891345302921300E-01   1.8808098391391370E+06
   3.2900000000000000E+04   2.7001424774051893E+03   4.5871927091740436E+03   6.5637224052451193E+03   2.7631134876218855E-01   1.8811763031143099E+06
   3.3000000000000000E+04   2.7011917766988913E+03   4.5888549495025936E+03   6.5665196167650220E+03   2.7370425385368685E-01   1.8815197066115339E+06
   3.3100000000000000E+04   2.6981286524611382E+03   4.5904485753480867E+03   6.5452044757317872E+03   2.7109221690519009E-01   1.8818401649365134E+06
   3.3200000000000000E+04   2.6966709764326156E+03   4.5919740043413658E+03   6.5335425732441790E+03   2.6847528611997029E-01   1.8821377778400301E+06
   3.3300000000000000E+04   2.6890245384668615E+03   4.5934316545529437E+03   6.4859295738448509E+03   2.6585350926326917E-01   1.8824126621333358E+06
   3.3400000000000000E+04   2.6848757770786438E+03   4.5948219444548577E+03   6.4590962558926622E+03   2.6322693376185047E-01   1.8826649243962762E+06
   3.3500000000000000E+04   2.6833558609745728E+03   4.5961452928347599E+03   6.4477005173668913E+03   2.6059560658453673E-01   1.8828946884480233E+06
   3.3600000000000000E+04   2.6800439958455013E+03   4.5974021187602848E+03   6.4261547165430102E+03   2.5795957434176181E-01   1.8831020622438088E+06
   3.3700000000000000E+04   2.6770167458218398E+03   4.5985928415135759E+03   6.4064650218895940E+03   2.5531888324574986E-01   1.8832871598731047E+06
   3.3800000000000000E+04   2.6737109264274154E+03   4.5997178805360354E+03   6.3853954054722317E+03   2.5267357911051586E-01   1.8834500960300886E+06
   3.3900000000000000E+04   2.6665792621929854E+03   4.6007776553743433E+03   6.3428541400053582E+03   2.5002370735186469E-01   1.8835909859863112E+06
   3.4000000000000000E+04   2.6649551110935845E+03   4.6017725856361203E+03   6.3317878599158585E+03   2.4736931302721299E-01   1.8837099455643971E+06
   3.4100000000000000E+04   2.6640816200219838E+03   4.6027030909171599E+03   6.3251010530017002E+03   2.4471044073603579E-01   1.8838070967973419E+06
   3.4200000000000000E+04   2.6588624481375768E+03   4.6035695907805921E+03   6.2941396387731056E+03   2.4204713475924114E-01   1.8838825451732392E+06
   3.4300000000000000E+04   2.6585033280234084E+03   4.6043725046823411E+03   6.2906282570213161E+03   2.3937943893970623E-01   1.8839364194059251E+06
   3.4400000000000000E+04   2.6529457223513114E+03   4.6051122519438268E+03   6.2582329245713081E+03   2.3670739678182989E-01   1.8839688258075891E+06
   3.4500000000000000E+04   2.6497536436273435E+03   4.6057892516842785E+03   6.2392559732352474E+03   2.3403105135198063E-01   1.8839798940504296E+06
   3.4600000000000000E+04   2.6445899468621074E+03   4.6064039227872800E+03   6.2095844228270817E+03   2.3135044533822777E-01   1.8839697427778528E+06
   3.4700000000000000E+04   2.6433217832440359E+03   4.6069566838638566E+03   6.2015952930329177E+03   2.2866562109016259E-01   1.8839384910058992E+06
   3.4800000000000000E+04   2.6392566177741451E+03   4.6074479531964025E+03   6.1783817877212005E+03   2.2597662055916642E-01   1.8838862463988480E+06
   3.4900000000000000E+04   2.6369785998139209E+03   4.6078781486881580E+03   6.1651422446067054E+03   2.2328348525859029E-01   1.8838131461226491E+06
   3.5000000000000000E+04   2.6301292959230150E+03   4.6082476878530888E+03   6.1271798978957941E+03   2.2058625642303858E-01   1.8837192925513843E+06
   3.5100000000000000E+04   2.6271158822252605E+03   4.6085569877355811E+03   6.1103068988276264E+03   2.1788497480926411E-01   1.8836048294838434E+06
   3.5200000000000000E+04   2.6235900424281444E+03   4.6088064649059697E+03   6.0908315143362297E+03   2.1517968087536216E-01   1.8834698597610344E+06
   3.5300000000000000E+04   2.6194897111082410E+03   4.6089965354019951E+03   6.0684481478493408E+03   2.1247041468121886E-01   1.8833145100359647E+06
   3.5400000000000000E+04   2.6178067806217805E+03   4.6091276146948121E+03   6.0591971499740030E+03   2.0975721590842109E-01   1.8831389012803601E+06
   3.5500000000000000E+04   2.6140989333385783E+03   4.6092001176482154E+03   6.0392451299443856E+03   2.0704012384034595E-01   1.8829431666693659E+06
   3.5600000000000000E+04   2.6055119672077635E+03   4.6092144585013448E+03   5.9935861153214992E+03   2.0431917746171346E-01   1.8827274095885076E+06
   3.5700000000000000E+04   2.6037032580910936E+03   4.6091710508106871E+03   5.9840969402059673E+03   2.0159441533912359E-01   1.8824917696082669E+06
   3.5800000000000000E+04   2.5965899173203588E+03   4.6090703074270168E+03   5.9468234062401789E+03   1.9886587568078773E-01   1.8822363563352916E+06
   3.5900000000000000E+04   2.5943324312708387E+03   4.6089126404654380E+03   5.9352571227897952E+03   1.9613359635643893E-01   1.8819612975944604E+06
   3.6000000000000000E+04   2.5919624680841080E+03   4.6086984612615697E+03   5.9232212241554544E+03   1.9339761483760065E-01   1.8816667213897037E+06
   3.6100000000000000E+04   2.5845453442938151E+03   4.6084281803542308E+03   5.8850697213439862E+03   1.9065796827722889E-01   1.8813527497495292E+06
   3.6200000000000000E+04   2.5781427367830861E+03   4.6081022074432940E+03   5.8525036623564538E+03   1.8791469344998032E-01   1.8810194924400148E+06
   3.6300000000000000E+04   2.5740797831657173E+03   4.6077209513629869E+03   5.8322193378325874E+03   1.8516782677212304E-01   1.8806670899920978E+06
   3.6400000000000000E+04   2.5719311662131731E+03   4.6072848200522794E+03   5.8218970437704656E+03   1.8241740430153647E-01   1.8802956646096623E+06
   3.6500000000000000E+04   2.5680407299360854E+03   4.6067942205365098E+03   5.8027786327849708E+03   1.7966346179744280E-01   1.8799053260537896E+06
   3.6600000000000000E+04   2.5644349923080281E+03   4.6062495588781194E+03   5.7852597123613332E+03   1.7690603460094428E-01   1.8794962088743118E+06
   3.6700000000000000E+04   2.5580761060745222E+03   4.6056512401668479E+03   5.7539311716666252E+03   1.7414515773457545E-01   1.8790684414947550E+06
   3.6800000000000000E+04   2.5544311305906508E+03   4.6049996684928265E+03   5.7365332063428323E+03   1.7138086590230300E-01   1.8786221335162043E+06
   3.6900000000000000E+04   2.5487385689760899E+03   4.6042952469102156E+03   5.7089862832424569E+03   1.6861319342979461E-01   1.8781574195348723E+06
   3.7000000000000000E+04   2.5486135901258849E+03   4.6035383774221455E+03   5.7095230657085067E+03   1.6584217432415035E-01   1.8776744215787298E+06
   3.7100000000000000E+04   2.5415008767880854E+03   4.6027294609525525E+03   5.6751788959743453E+03   1.6306784225399210E-01   1.8771732615795517E+06
   3.7200000000000000E+04   2.5356746918205895E+03   4.6018688973221197E+03   5.6475051894667495E+03   1.6029023054946331E-01   1.8766540613578144E+06
   3.7300000000000000E+04   2.5321052310863406E+03   4.6009570852216066E+03   5.6311946552417003E+03   1.5750937218231922E-01   1.8761169553888713E+06
   3.7400000000000000E+04   2.5286028338481888E+03   4.5999944222022450E+03   5.6153356019510484E+03   1.5472529984556802E-01   1.8755620525285169E+06
   3.7500000000000000E+04   2.5263742512581271E+03   4.5989813046403006E+03   5.6058614348053916E+03   1.5193804587382953E-01   1.8749894870393991E+06
   3.7600000000000000E+04   2.5215582297826468E+03   4.5979181277188964E+03   5.5837710535345605E+03   1.4914764226324517E-01   1.8743993802746790E+06
   3.7700000000000000E+04   2.5147192721693996E+03   4.5968052854134567E+03   5.5519679629509992E+03   1.4635412071129927E-01   1.8737918534049431E+06
   3.7800000000000000E+04   2.5115982964007485E+03   4.5956431704648303E+03   5.5384649829043401E+03   1.4355751257699792E-01   1.8731670338974451E+06
   3.7900000000000000E+04   2.5060880608157331E+03   4.5944321743658193E+03   5.5134838859638439E+03   1.4075784892069018E-01   1.8725250425780779E+06
   3.8000000000000000E+04   2.5008308737705001E+03   4.5931726873355410E+03   5.4899003549885656E+03   1.3795516046424661E-01   1.8718660000499312E+06
   3.8100000000000000E+04   2.5004101655746458E+03   4.5918650983069892E+03   5.4897411323868964E+03   1.3514947763088103E-01   1.8711900332352219E+06
   3.8200000000000000E+04   2.4917353015160411E+03   4.5905097949056744E+03   5.4500068225281821E+03   1.3234083052523923E-01   1.8704972623153676E+06
   3.8300000000000000E+04   2.4862935702766777E+03   4.5891071634289192E+03   5.4260005123135525E+03   1.2952924891348894E-01   1.8697878203996348E+06
   3.8400000000000000E+04   2.4818075598754122E+03   4.5876575888409479E+03   5.4066923710129067E+03   1.2671476230296169E-01   1.8690618206448061E+06
   3.8500000000000000E+04   2.4773353206556562E+03   4.5861614547499430E+03   5.3875753787360754E+03   1.2389739990233183E-01   1.8683193758449687E+06
   3.8600000000000000E+04   2.4750284571352240E+03   4.5846191433799249E+03   5.3787983228117218E+03   1.2107719054197440E-01   1.8675606316871976E+06
   3.8700000000000000E+04   2.4655475201761410E+03   4.5830310355791353E+03   5.3363725018241303E+03   1.1825416283324940E-01   1.8667856938314848E+06
   3.8800000000000000E+04   2.4646104270867336E+03   4.5813975107838442E+03   5.3341973610241193E+03   1.1542834502912802E-01   1.8659946942342513E+06
   3.8900000000000000E+04   2.4571106231707713E+03   4.5797189470213989E+03   5.3014378344888792E+03   1.1259976514365579E-01   1.8651877445456551E+06
   3.9000000000000000E+04   2.4544663182125569E+03   4.5779957208811893E+03   5.2914437105053385E+03   1.0976845085240002E-01   1.8643649761953910E+06
   3.9100000000000000E+04   2.4541210894761139E+03   4.5762282075096591E+03   5.2922013497187654E+03   1.0693442955218137E-01   1.8635265001680469E+06
   3.9200000000000000E+04   2.4438880689043772E+03   4.5744167805996913E+03   5.2472245649333991E+03   1.0409772838098409E-01   1.8626724405548864E+06
   3.9300000000000000E+04   2.4392279253234410E+03   4.5725618123661889E+03   5.2282113600381199E+03   1.0125837413831448E-01   1.8618029279471743E+06
   3.9400000000000000E+04   2.4360671462460959E+03   4.5706636735450320E+03   5.2161818260581476E+03   9.8416393364842536E-02   1.8609180722868056E+06
   3.9500000000000000E+04   2.4328320913219372E+03   4.5687227333780347E+03   5.2038878130082821E+03   9.5571812322491359E-02   1.8600180035379149E+06
   3.9600000000000000E+04   2.4327033007631953E+03   4.5667393596039901E+03   5.2058735689164041E+03   9.2724657014348080E-02   1.8591028308812273E+06
   3.9700000000000000E+04   2.4249035000378690E+03   4.5647139184390180E+03   5.1728838509745265E+03   8.9874953124931975E-02   1.8581726767500490E+06
   3.9800000000000000E+04   2.4214776133233850E+03   4.5626467745767532E+03   5.1599599051167106E+03   8.7022726099836592E-02   1.8572276632421997E+06
   3.9900000000000000E+04   2.4163531015723311E+03   4.5605382911668230E+03   5.1394212114600077E+03   8.4168001066087780E-02   1.8562679121104705E+06
   4.0000000000000000E+04   2.4100238700392752E+03   4.5583888298183319E+03   5.1135752511586252E+03   8.1310802931696249E-02   1.8552935378319570E+06
   4.0100000000000000E+04   2.4056936725029223E+03   4.5561987505818397E+03   5.0968577645638179E+03   7.8451156325925767E-02   1.8543046613887409E+06
   4.0200000000000000E+04   2.4022181561378820E+03   4.5539684119399963E+03   5.0840591616719275E+03   7.5589085599293462E-02   1.8533014033933913E+06
   4.0300000000000000E+04   2.4007443890275972E+03   4.5516981707985497E+03   5.0802876085486359E+03   7.2724614823569886E-02   1.8522838771021185E+06
   4.0400000000000000E+04   2.3899914424194717E+03   4.5493883824855184E+03   5.0352017735333047E+03   6.9857767851510114E-02   1.8512522023095619E+06
   4.0500000000000000E+04   2.3892173126941339E+03   4.5470394007348677E+03   5.0346436427492090E+03   6.6988568257122558E-02   1.8502064914019706E+06
   4.0600000000000000E+04   2.3843972269818705E+03   4.5446515776811420E+03   5.0161938643539897E+03   6.4117039355579455E-02   1.8491468703607759E+06
   4.0700000000000000E+04   2.3826929023819571E+03   4.5422252638492428E+03   5.0116071841776629E+03   6.1243204183306268E-02   1.8480734507288446E+06
   4.0800000000000000E+04   2.3754197771215145E+03   4.5397608081597955E+03   4.9825038903091390E+03   5.8367085597534112E-02   1.8469863506332298E+06
   4.0900000000000000E+04   2.3651510873940570E+03   4.5372585579016877E+03   4.9405023267569804E+03   5.5488706117015986E-02   1.8458856877801053E+06
   4.1000000000000000E+04   2.3647795753714227E+03   4.5347188587481623E+03   4.9418942821901328E+03   5.2608088101221057E-02   1.8447715652346457E+06
   4.1100000000000000E+04   2.3580745439686270E+03   4.5321420547277148E+03   4.9157299651525636E+03   4.9725253571140222E-02   1.8436441282348793E+06
   4.1200000000000000E+04   2.3546552826845273E+03   4.5295284882429360E+03   4.9039540124238556E+03   4.6840224408391216E-02   1.8425034504358917E+06
   4.1300000000000000E+04   2.3502474987452274E+03   4.5268785000422740E+03   4.8879598174922567E+03   4.3953022176023933E-02   1.8413496762268238E+06
   4.1400000000000000E+04   2.3437473426243359E+03   4.5241924292269287E+03   4.8630273005606559E+03   4.1063668218073036E-02   1.8401829139372816E+06
   4.1500000000000000E+04   2.3377693489902981E+03   4.5214706132455003E+03   4.8404768477390035E+03   3.8172183659557872E-02   1.8390032713679066E+06
   4.1600000000000000E+04   2.3385822235475894E+03   4.5187133878865407E+03   4.8471316657785401E+03   3.5278589386572114E-02   1.8378108629998970E+06
   4.1700000000000000E+04   2.3322033807912803E+03   4.5159210872715003E+03   4.8229889769484389E+03   3.2382906026373066E-02   1.8366058100785890E+06
   4.1800000000000000E+04   2.3279906914983080E+03   4.5130940438621392E+03   4.8082123495905644E+03   2.9485154046934355E-02   1.8353882044469505E+06
   4.1900000000000000E+04   2.3215431681028813E+03   4.5102325884373904E+03   4.7840043246709274E+03   2.6585353597661739E-02   1.8341581808628247E+06
   4.2000000000000000E+04   2.3146993702011632E+03   4.5073370501060299E+03   4.7582554686451722E+03   2.3683524648766819E-02   1.8329158446715146E+06
   4.2100000000000000E+04   2.3137087309157000E+03   4.5044077563005121E+03   4.7573342721171912E+03   2.0779686971356303E-02   1.8316613079621538E+06
   4.2200000000000000E+04   2.3067513777514891E+03   4.5014450327665991E+03   4.7312819752675041E+03   1.7873860077700688E-02   1.8303946676913167E+06
   4.2300000000000000E+04   2.3060812076149432E+03   4.4984492035671410E+03   4.7317736761847809E+03   1.4966063280965650E-02   1.8291160495275576E+06
   4.2400000000000000E+04   2.2973505061731253E+03   4.4954205910745404E+03   4.6984656409758572E+03   1.2056315655391139E-02   1.8278255640675169E+06
   4.2500000000000000E+04   2.2934643338476099E+03   4.4923595159770948E+03   4.6855650093955537E+03   9.1446361159332242E-03   1.8265233066585481E+06
   4.2600000000000000E+04   2.2932837358381485E+03   4.4892662972607495E+03   4.6881799364950393E+03   6.2310432788907988E-03   1.8252094015549300E+06
   4.2700000000000000E+04   2.2861749737699351E+03   4.4861412522248193E+03   4.6619368487941238E+03   3.3155556211893959E-03   1.8238839504167284E+06
   4.2800000000000000E+04   2.2767747664008566E+03   4.4829846964709313E+03   4.6263713602096004E+03   3.9819140073925021E-04   1.8225470617403344E+06
   4.2900000000000000E+04   2.2707430263642386E+03   4.4797969438990704E+03   4.6048978656159243E+03  -2.5210313634751488E-03   1.8211988435005196E+06
   4.3000000000000000E+04   2.2696867783469429E+03   4.4765783067147477E+03   4.6039555929147818E+03  -5.4420948117531592E-03   1.8198394031467105E+06
   4.3100000000000000E+04   2.2647576587862909E+03   4.4733290954188515E+03   4.5871309214105750E+03  -8.3649813233198974E-03   1.8184688475996819E+06
   4.3200000000000000E+04   2.2608048678047430E+03   4.4700496188108600E+03   4.5743731802164402E+03  -1.1289673476505287E-02   1.8170872832481638E+06
   4.3300000000000000E+04   2.2563561510441086E+03   4.4667401839899612E+03   4.5596405597581215E+03  -1.4216154028833566E-02   1.8156948159455613E+06
   4.3400000000000000E+04   2.2523030988327946E+03   4.4634010963541859E+03   4.5465791800822117E+03  -1.7144405917023289E-02   1.8142915510068531E+06
   4.3500000000000000E+04   2.2438007681748900E+03   4.4600326595934994E+03   4.5155133568966194E+03  -2.0074412316718779E-02   1.8128776007458281E+06
   4.3600000000000000E+04   2.2402704574714812E+03   4.4566351756978247E+03   4.5047045018086474E+03  -2.3006156562848216E-02   1.8114530543285194E+06
   4.3700000000000000E+04   2.2385548497682744E+03   4.4532089449525929E+03   4.5012683933042927E+03  -2.5939622189444532E-02   1.8100180229609392E+06
   4.3800000000000000E+04   2.2322520169114500E+03   4.4497542659366873E+03   4.4793519101339371E+03  -2.8874792949555993E-02   1.8085726173657130E+06
   4.3900000000000000E+04   2.2302416671250576E+03   4.4462714355328135E+03   4.4747863770793019E+03  -3.1811652715693736E-02   1.8071169325669843E+06
   4.4000000000000000E+04   2.2245809869963109E+03   4.4427607489175107E+03   4.4555816717285898E+03  -3.4750185579384134E-02   1.8056510705911294E+06
   4.4100000000000000E+04   2.2186058322901195E+03   4.4392224995617526E+03   4.4352026504700989E+03  -3.7690375851168877E-02   1.8041751405462886E+06
   4.4200000000000000E+04   2.2142219874686698E+03   4.4356569792396531E+03   4.4212543912758538E+03  -4.0632207980963057E-02   1.8026892433917266E+06
   4.4300000000000000E+04   2.2042714509088619E+03   4.4320644780271623E+03   4.3852696720842114E+03  -4.3575666577965515E-02   1.8011934641839152E+06
   4.4400000000000000E+04   2.2056692963381274E+03   4.4284452842951396E+03   4.3943635557538983E+03  -4.6520736490300918E-02   1.7996879334081258E+06
   4.4500000000000000E+04   2.1948376297132836E+03   4.4247996847223485E+03   4.3551040835681870E+03  -4.9467402685556786E-02   1.7981727273218690E+06
   4.4600000000000000E+04   2.1930154397552324E+03   4.4211279642888348E+03   4.3514866417478434E+03  -5.2415650330425466E-02   1.7966479522984196E+06
   4.4700000000000000E+04   2.1899805866187148E+03   4.4174304062831916E+03   4.3431222320225497E+03  -5.5365464730972626E-02   1.7951136987368914E+06
   4.4800000000000000E+04   2.1821469840542186E+03   4.4137072922926027E+03   4.3159748005992742E+03  -5.8316831452100239E-02   1.7935700874053326E+06
   4.4900000000000000E+04   2.1789464843133392E+03   4.4099589022256696E+03   4.3070421163153433E+03  -6.1269736098531154E-02   1.7920171998575989E+06
   4.5000000000000000E+04   2.1747773452490242E+03   4.4061855142913109E+03   4.2943610982467326E+03  -6.4224164553735030E-02   1.7904551402947507E+06
   4.5100000000000000E+04   2.1699733632593820E+03   4.4023874050197956E+03   4.2792525154107589E+03  -6.7180102780823342E-02   1.7888839890123105E+06
   4.5200000000000000E+04   2.1675225155599314E+03   4.3985648492497712E+03   4.2733336803750562E+03  -7.0137536981833462E-02   1.7873038724855883E+06
   4.5300000000000000E+04   2.1620817700755006E+03   4.3947181201436797E+03   4.2558385882649300E+03  -7.3096453458354999E-02   1.7857148698884489E+06
   4.5400000000000000E+04   2.1540605046432443E+03   4.3908474891826409E+03   4.2284541280572239E+03  -7.6056838691172066E-02   1.7841170753809502E+06
   4.5500000000000000E+04   2.1468966349475172E+03   4.3869532261708655E+03   4.2045076699579304E+03  -7.9018679320352433E-02   1.7825105904038912E+06
   4.5600000000000000E+04   2.1445363819732870E+03   4.3830355992365094E+03   4.1990540955107672E+03  -8.1981962165158323E-02   1.7808955080046793E+06
   4.5700000000000000E+04   2.1375436572532185E+03   4.3790948748399014E+03   4.1759056856625793E+03  -8.4946674164314784E-02   1.7792719206492491E+06
   4.5800000000000000E+04   2.1370205575480804E+03   4.3751313177745433E+03   4.1775169192746152E+03  -8.7912802395920239E-02   1.7776399123154103E+06
   4.5900000000000000E+04   2.1286291435544385E+03   4.3711451911630165E+03   4.1491551663765431E+03  -9.0880334157088419E-02   1.7759996059450991E+06
   4.6000000000000000E+04   2.1233522189916921E+03   4.3671367564726070E+03   4.1327361730137445E+03  -9.3849256824574873E-02   1.7743510606473275E+06
   4.6100000000000000E+04   2.1192528181883672E+03   4.3631062735078640E+03   4.1208240423482976E+03  -9.6819557974240106E-02   1.7726943903670721E+06
   4.6200000000000000E+04   2.1169893413587597E+03   4.3590540004244958E+03   4.1158807887151825E+03  -9.9791225261586416E-02   1.7710296767786785E+06
   4.6300000000000000E+04   2.1127685137530229E+03   4.3549801937188577E+03   4.1035666317853829E+03  -1.0276424658104186E-01   1.7693570168762917E+06
   4.6400000000000000E+04   2.1057203840411125E+03   4.3508851082488891E+03   4.0806571394414736E+03  -1.0573860986685560E-01   1.7676764991311638E+06
   4.6500000000000000E+04   2.1018559564889870E+03   4.3467689972204744E+03   4.0697711414748296E+03  -1.0871430329220243E-01   1.7659882194421876E+06
   4.6600000000000000E+04   2.0982045703437730E+03   4.3426321122083746E+03   4.0597124991557976E+03  -1.1169131507007804E-01   1.7642922410736424E+06
   4.6700000000000000E+04   2.0964597214686696E+03   4.3384747031430124E+03   4.0568138670320445E+03  -1.1466963365240411E-01   1.7625886908608754E+06
   4.6800000000000000E+04   2.0903266619970186E+03   4.3342970183280486E+03   4.0375295479566284E+03  -1.1764924757074402E-01   1.7608776389538185E+06
   4.6900000000000000E+04   2.0844025995827205E+03   4.3300993044409461E+03   4.0190958231814498E+03  -1.2063014547612423E-01   1.7591591709403042E+06
   4.7000000000000000E+04   2.0777436123547714E+03   4.3258818065304822E+03   3.9980074688495483E+03  -1.2361231621867576E-01   1.7574333799093505E+06
   4.7100000000000000E+04   2.0737912343791741E+03   4.3216447680342262E+03   3.9869986651120057E+03  -1.2659574868835080E-01   1.7557003503212978E+06
   4.7200000000000000E+04   2.0685107128186573E+03   4.3173884307663529E+03   3.9711204167158903E+03  -1.2958043201402708E-01   1.7539601741675753E+06
   4.7300000000000000E+04   2.0669819526178308E+03   4.3131130349384657E+03   3.9691035278349323E+03  -1.3256635536440367E-01   1.7522129266516767E+06
   4.7400000000000000E+04   2.0598973069408494E+03   4.3088188191542067E+03   3.9466580907647754E+03  -1.3555350806746302E-01   1.7504587067676506E+06
   4.7500000000000000E+04   2.0532293302723360E+03   4.3045060204138890E+03   3.9258337512000508E+03  -1.3854187961047179E-01   1.7486975885644022E+06
   4.7600000000000000E+04   2.0506480643942787E+03   4.3001748741271449E+03   3.9200000835877590E+03  -1.4153145954042778E-01   1.7469296617944727E+06
   4.7700000000000000E+04   2.0489731962231835E+03   4.2958256141064303E+03   3.9174942995345646E+03  -1.4452223760343388E-01   1.7451550238731536E+06
   4.7800000000000000E+04   2.0385000778597575E+03   4.2914584725845252E+03   3.8829560505773065E+03  -1.4751420358541373E-01   1.7433737307349187E+06
   4.7900000000000000E+04   2.0308573568528257E+03   4.2870736802082938E+03   3.8588654078492045E+03  -1.5050734745148533E-01   1.7415858786425190E+06
   4.8000000000000000E+04   2.0279730533065376E+03   4.2826714660468369E+03   3.8520195340680179E+03  -1.5350165930614024E-01   1.7397915633911162E+06
   4.8100000000000000E+04   2.0258925158897698E+03   4.2782520576057532E+03   3.8480884885679702E+03  -1.5649712927378021E-01   1.7379908473267162E+06
   4.8200000000000000E+04   2.0211304521223292E+03   4.2738156808166950E+03   3.8345077728693645E+03  -1.5949374769782229E-01   1.7361838168793747E+06
   4.8300000000000000E+04   2.0157489837159139E+03   4.2693625600533524E+03   3.8187395265556956E+03  -1.6249150500132586E-01   1.7343705579550003E+06
   4.8400000000000000E+04   2.0171574910844381E+03   4.2648929181350532E+03   3.8273902679807561E+03  -1.6549039170690208E-01   1.7325511559360535E+06
   4.8500000000000000E+04   2.0129680915033264E+03   4.2604069763304669E+03   3.8159272574973793E+03  -1.6849039845662536E-01   1.7307256790799170E+06
   4.8600000000000000E+04   2.0114651686833015E+03   4.2559049543614501E+03   3.8141386690568747E+03  -1.7149151603194365E-01   1.7288942116409265E+06
   4.8700000000000000E+04   2.0036846139812087E+03   4.2513870704129049E+03   3.7898427510678152E+03  -1.7449373529394638E-01   1.7270568456809041E+06
   4.8800000000000000E+04   1.9993088432495570E+03   4.2468535411366647E+03   3.7777988792669221E+03  -1.7749704720327564E-01   1.7252136394244954E+06
   4.8900000000000000E+04   1.9919670688094982E+03   4.2423045816540243E+03   3.7552282598856136E+03  -1.8050144285994688E-01   1.7233646754813117E+06
   4.9000000000000000E+04   1.9900971885582271E+03   4.2377404055642428E+03   3.7521592409078644E+03  -1.8350691346352779E-01   1.7215100359423356E+06
   4.9100000000000000E+04   1.9818208252251654E+03   4.2331612249515547E+03   3.7263876547341488E+03  -1.8651345029322816E-01   1.7196497939957618E+06
   4.9200000000000000E+04   1.9732800269436011E+03   4.2285672503850037E+03   3.6998157977590076E+03  -1.8952104478754148E-01   1.7177840390552676E+06
   4.9300000000000000E+04   1.9709156941202070E+03   4.2239586909313675E+03   3.6950322239988063E+03  -1.9252968844469281E-01   1.7159128348369321E+06
   4.9400000000000000E+04   1.9729315513352119E+03   4.2193357541593796E+03   3.7056824522462712E+03  -1.9553937284254913E-01   1.7140362612831001E+06
   4.9500000000000000E+04   1.9641059269918555E+03   4.2146986461398119E+03   3.6781930915077933E+03  -1.9855008971826107E-01   1.7121543893841063E+06
   4.9600000000000000E+04   1.9608758543586798E+03   4.2100475714584163E+03   3.6704092292336677E+03  -2.0156183086871102E-01   1.7102672895624477E+06
   4.9700000000000000E+04   1.9492317707090051E+03   4.2053827332161291E+03   3.6332966046149791E+03  -2.0457458823015423E-01   1.7083750570739501E+06
   4.9800000000000000E+04   1.9478531918516096E+03   4.2007043330419792E+03   3.6319999992619501E+03  -2.0758835377866758E-01   1.7064777528524031E+06
   4.9900000000000000E+04   1.9472039073974322E+03   4.1960125710934008E+03   3.6332535559043176E+03  -2.1060311960979022E-01   1.7045754372147215E+06
   5.0000000000000000E+04   1.9418835115775280E+03   4.1913076460608909E+03   3.6182732660614047E+03  -2.1361887795843509E-01   1.7026682038886957E+06


