#Te   kappa_tot   kappa_e_ph  kappa_e_e mu Ce
#[K]  [W/(K*m)]   [W/(K*m)]   [W/(K*m)]   [eV]  [J/(m^3*K)]
   3.0000000000000000E+02   3.5911422444467698E-23   9.6753980008761670E-12   3.5911422444600987E-23   8.8087848044436146E-01   2.5838792181380247E-07
   4.0000000000000000E+02   1.1052866754214728E-14   6.0350269092960176E-08   1.1052868778495442E-14   7.9571361643613081E-01   7.5373569076207651E-05
   5.0000000000000000E+02   2.4968856311743661E-10   7.0521958827226818E-06   2.4969740385116245E-10   7.9438291543600215E-01   7.0699856049625254E-03
   6.0000000000000000E+02   1.7452640331897701E-07   2.0400403621119537E-04   1.7467583931322616E-07   7.9912353774896050E-01   1.5832205337301702E-01
   7.0000000000000000E+02   1.8014987606552213E-05   2.3646878036830223E-03   1.8153285445194605E-05   8.0299608558136604E-01   1.5847944299970940E+00
   8.0000000000000000E+02   5.5831150333118828E-04   1.5004228392708421E-02   5.7988934689341643E-04   8.0572636175448142E-01   9.3927219330684668E+00
   9.0000000000000000E+02   7.5710789040583848E-03   6.2990731217025281E-02   8.6053913434034086E-03   8.0677019532709182E-01   3.8386828233346243E+01
   1.0000000000000000E+03   5.3332896162775659E-02   1.9772768422299394E-01   7.3031652962246729E-02   8.0577078884475661E-01   1.1904735196797971E+02
   1.1000000000000000E+03   2.2882616712964426E-01   5.0302423566688614E-01   4.1978817879725056E-01   8.0265382642520511E-01   2.9962353253061315E+02
   1.2000000000000000E+03   6.8113613754091884E-01   1.0943716712167655E+00   1.8038528452190492E+00   7.9758335124135005E-01   6.4311095874545742E+02
   1.3000000000000000E+03   1.5725980778028947E+00   2.1118215336949349E+00   6.1589429173799406E+00   7.9085443389459986E-01   1.2214321110415885E+03
   1.4000000000000000E+03   3.0607502595175915E+00   3.7085934964780876E+00   1.7521335192209047E+01   7.8279574957247100E-01   2.1094503355738775E+03
   1.5000000000000000E+03   5.2972441694025942E+00   6.0386111946544014E+00   4.3147316852010633E+01   7.7371223197468053E-01   3.3801322336117105E+03
   1.6000000000000000E+03   8.4207802700944825E+00   9.2457819862328119E+00   9.4371559486804529E+01   7.6386262118560100E-01   5.1011289077769861E+03
   1.7000000000000000E+03   1.2554403217914970E+01   1.3456538283083427E+01   1.8726553710845124E+02   7.5345708038827908E-01   7.3326286251711881E+03
   1.8000000000000000E+03   1.7796804399154784E+01   1.8775872105152928E+01   3.4129460223416453E+02   7.4266311220055814E-01   1.0126279160640579E+04
   1.9000000000000000E+03   2.4230301083695529E+01   2.5286295200036566E+01   5.8020640125443629E+02   7.3161361463854291E-01   1.3524890298781636E+04
   2.0000000000000000E+03   3.1915388650236888E+01   3.3048854147439712E+01   9.3056826799183216E+02   7.2041437361948535E-01   1.7562688660316944E+04
   2.1000000000000000E+03   4.0891216760129666E+01   4.2105350261365793E+01   1.4180804685364194E+03   7.0915023945425493E-01   2.2265876757460104E+04
   2.2000000000000000E+03   5.1182412722792591E+01   5.2481081121559342E+01   2.0683558302125443E+03   6.9788987565251925E-01   2.7653395071944109E+04
   2.3000000000000000E+03   6.2800794259327489E+01   6.4187626816499019E+01   2.9066479041412381E+03   6.8668934273509874E-01   3.3737696771537725E+04
   2.4000000000000000E+03   7.5746862713575879E+01   7.7225386848505750E+01   3.9563647541634591E+03   6.7559473279291038E-01   4.0525507500205691E+04
   2.5000000000000000E+03   9.0014778475746198E+01   9.1585719298198597E+01   5.2478540988573750E+03   6.6464410352734382E-01   4.8018504245250464E+04
   2.6000000000000000E+03   1.0557885133636847E+02   1.0725263570122691E+02   6.7652741403707378E+03   6.5386889007435822E-01   5.6213881761608463E+04
   2.7000000000000000E+03   1.2242517333212503E+02   1.2420407186850686E+02   8.5478203034475446E+03   6.4329494118818975E-01   6.5104819511347974E+04
   2.8000000000000000E+03   1.4053070199481800E+02   1.4241279299470270E+02   1.0633582421792709E+04   6.3294328860616567E-01   7.4680856453549975E+04
   2.9000000000000000E+03   1.5984913911060281E+02   1.6184701010172228E+02   1.2949337243186586E+04   6.2283073938029732E-01   8.4928204423256713E+04
   3.0000000000000000E+03   1.8034999030505978E+02   1.8247078829471658E+02   1.5517086049876010E+04   6.1297035399389088E-01   9.5829984866550512E+04
   3.1000000000000000E+03   2.0199799083327079E+02   2.0424432026496493E+02   1.8366381061710359E+04   6.0337184770030561E-01   1.0736646815103562E+05
   3.2000000000000000E+03   2.2473851857235186E+02   2.2712412924075355E+02   2.1396425248132007E+04   5.9404195331415721E-01   1.1951526686979948E+05
   3.3000000000000000E+03   2.4852351003822164E+02   2.5106324953730152E+02   2.4567527511863686E+04   5.8498475608330314E-01   1.3225155994590544E+05
   3.4000000000000000E+03   2.7332999138247999E+02   2.7601142034710011E+02   2.8135072806460554E+04   5.7620201428395312E-01   1.4554829900916456E+05
   3.5000000000000000E+03   2.9907088975418219E+02   3.0191531436237176E+02   3.1744234470759202E+04   5.6769346664933462E-01   1.5937644612312183E+05
   3.6000000000000000E+03   3.2571545760638122E+02   3.2871881209297953E+02   3.5649737246288416E+04   5.5945712631463873E-01   1.7370521285246901E+05
   3.7000000000000000E+03   3.5321746697300853E+02   3.5636332419254785E+02   4.0012544088636896E+04   5.5148955937467459E-01   1.8850231313012727E+05
   3.8000000000000000E+03   3.8146523409586433E+02   3.8478815747780214E+02   4.4172942827224018E+04   5.4378614400911385E-01   2.0373422142818826E+05
   3.9000000000000000E+03   4.1042917449950471E+02   4.1393091651529147E+02   4.8515659805687224E+04   5.3634130771652522E-01   2.1936644015347949E+05
   4.0000000000000000E+03   4.4005045274540424E+02   4.4372793036875817E+02   5.3096904088424308E+04   5.2914874075362561E-01   2.3536375604977930E+05
   4.1000000000000000E+03   4.7022706153880137E+02   4.7411469308624100E+02   5.7346370467938214E+04   5.2220158419342244E-01   2.5169050161589231E+05
   4.2000000000000000E+03   5.0094734427811062E+02   5.0502630715103771E+02   6.2023508239568866E+04   5.1549259347472287E-01   2.6831079385149537E+05
   4.3000000000000000E+03   5.3210641688592989E+02   5.3639791937558334E+02   6.6508355894501175E+04   5.0901427688780299E-01   2.8518877767753322E+05
   4.4000000000000000E+03   5.6367654823640521E+02   5.6816514079580065E+02   7.1350063779271703E+04   5.0275901161365422E-01   3.0228884105494828E+05
   4.5000000000000000E+03   5.9557509432485188E+02   6.0026444332829749E+02   7.6237139140725310E+04   4.9671913914108679E-01   3.1957581511954305E+05
   4.6000000000000000E+03   6.2771596673045121E+02   6.3263352735308536E+02   8.0754300085438168E+04   4.9088704164799896E-01   3.3701516409999045E+05
   4.7000000000000000E+03   6.6005108739849175E+02   6.6521165617825238E+02   8.5082419351258839E+04   4.8525520188492666E-01   3.5457315112924209E+05
   4.8000000000000000E+03   6.9255139295679271E+02   6.9793995494488081E+02   8.9700979420074829E+04   4.7981624957487951E-01   3.7221698671898386E+05
   4.9000000000000000E+03   7.2513583547240080E+02   7.3076167219361616E+02   9.4190695883338587E+04   4.7456299559852189E-01   3.8991495692725753E+05
   5.0000000000000000E+03   7.5774530439572129E+02   7.6362240386278938E+02   9.8455248903090178E+04   4.6948845650280341E-01   4.0763653085242468E+05
   5.1000000000000000E+03   7.9039592240585239E+02   7.9647027994456710E+02   1.0363678093911469E+05   4.6458587052278227E-01   4.2535246467148751E+05
   5.2000000000000000E+03   8.2295288119718214E+02   8.2925611533955589E+02   1.0826802462903100E+05   4.5984870773406933E-01   4.4303486984556407E+05
   5.3000000000000000E+03   8.5539513214067097E+02   8.6193352617452547E+02   1.1276373658439219E+05   4.5527067457383802E-01   4.6065727535841119E+05
   5.4000000000000000E+03   8.8764168852135128E+02   8.9445901401292463E+02   1.1646196305177802E+05   4.5084571479261476E-01   4.7819467306838941E+05
   5.5000000000000000E+03   9.1971465127133638E+02   9.2679201987180738E+02   1.2043801128299721E+05   4.4656800667822105E-01   4.9562355506484496E+05
   5.6000000000000000E+03   9.5155754803630543E+02   9.5889495120353104E+02   1.2435513052728288E+05   4.4243195893134324E-01   5.1292192229427851E+05
   5.7000000000000000E+03   9.8315180095807864E+02   9.9073318371832431E+02   1.2847802896183716E+05   4.3843220400299238E-01   5.3006930240435107E+05
   5.8000000000000000E+03   1.0144710859355803E+03   1.0222750412965044E+03   1.3289010806772314E+05   4.3456359095606711E-01   5.4704673794384999E+05
   5.9000000000000000E+03   1.0454312983344248E+03   1.0534917561867064E+03   1.3663656266661515E+05   4.3082117729581026E-01   5.6383678106397251E+05
   6.0000000000000000E+03   1.0760203282347716E+03   1.0843574121207137E+03   1.3995188659207092E+05   4.2720022040368438E-01   5.8042346570533479E+05
   6.1000000000000000E+03   1.1062240936117087E+03   1.1148488727838881E+03   1.4299179830453001E+05   4.2369616893159129E-01   5.9679228281201841E+05
   6.2000000000000000E+03   1.1360446045043109E+03   1.1449456978008639E+03   1.4612917077734778E+05   4.2030465411677376E-01   6.1293014522622642E+05
   6.3000000000000000E+03   1.1654575894162542E+03   1.1746300483124767E+03   1.4924912938295465E+05   4.1702148109671633E-01   6.2882534484329191E+05
   6.4000000000000000E+03   1.1943767548795631E+03   1.2038865842840721E+03   1.5120083553743796E+05   4.1384262077926254E-01   6.4446751176319434E+05
   6.5000000000000000E+03   1.2229210186190021E+03   1.2327023550737085E+03   1.5411980016242460E+05   4.1076420175238482E-01   6.5984756075645611E+05
   6.6000000000000000E+03   1.2509925630406547E+03   1.2610666849747292E+03   1.5659777147085560E+05   4.0778250251121967E-01   6.7495764242432464E+05
   6.7000000000000000E+03   1.2785586673051334E+03   1.2889710553344978E+03   1.5827542251169909E+05   4.0489394435929166E-01   6.8979108804981248E+05
   6.8000000000000000E+03   1.3056860602893707E+03   1.3164089842144524E+03   1.6029367291397869E+05   4.0209508423041734E-01   7.0434235369181202E+05
   6.9000000000000000E+03   1.3323510146810574E+03   1.3433759051270047E+03   1.6234612571156927E+05   3.9938260830377015E-01   7.1860696208879922E+05
   7.0000000000000000E+03   1.3585749204241151E+03   1.3698690455257738E+03   1.6478210687105762E+05   3.9675332563877574E-01   7.3258144910431514E+05
   7.1000000000000000E+03   1.3842553366349878E+03   1.3958873062450523E+03   1.6611670403083685E+05   3.9420416252384927E-01   7.4626329812918778E+05
   7.2000000000000000E+03   1.4094911716754314E+03   1.4214311423065492E+03   1.6779728427506806E+05   3.9173215674581702E-01   7.5965089076313260E+05
   7.3000000000000000E+03   1.4341844910893765E+03   1.4465024461235223E+03   1.6841686536461979E+05   3.8933445261284039E-01   7.7274344095602154E+05
   7.4000000000000000E+03   1.4584769825851481E+03   1.4711044332723150E+03   1.6991331093354835E+05   3.8700829585836460E-01   7.8554094833748753E+05
   7.5000000000000000E+03   1.4823117399757311E+03   1.4952415316872391E+03   1.7141916327597108E+05   3.8475102929857113E-01   7.9804413332677865E+05
   7.6000000000000000E+03   1.5056517582508577E+03   1.5189192742003124E+03   1.7237314690658276E+05   3.8256008821222187E-01   8.1025439097702492E+05
   7.7000000000000000E+03   1.5285913652536376E+03   1.5421441952392579E+03   1.7393476516121713E+05   3.8043299657315155E-01   8.2217373375309212E+05
   7.8000000000000000E+03   1.5509941668217471E+03   1.5649237313723438E+03   1.7424719703642617E+05   3.7836736290600875E-01   8.3380474184357654E+05
   7.9000000000000000E+03   1.5730318613041597E+03   1.5872661263953205E+03   1.7540913936885743E+05   3.7636087691532755E-01   8.4515051691013679E+05
   8.0000000000000000E+03   1.5946067702134756E+03   1.6091803406147023E+03   1.7607283561910479E+05   3.7441130583699317E-01   8.5621463248625165E+05
   8.1000000000000000E+03   1.6157298202504128E+03   1.6306759647981198E+03   1.7628170094836460E+05   3.7251649138457760E-01   8.6700108901567035E+05
   8.2000000000000000E+03   1.6365166287398458E+03   1.6517631385088389E+03   1.7729551771951039E+05   3.7067434657670190E-01   8.7751427148530085E+05
   8.3000000000000000E+03   1.6569483891447569E+03   1.6724524730223966E+03   1.7873790241113573E+05   3.6888285288166017E-01   8.8775890859904129E+05
   8.4000000000000000E+03   1.6768573324466499E+03   1.6927549786895620E+03   1.7854898484212591E+05   3.6714005744136191E-01   8.9774003456794133E+05
   8.5000000000000000E+03   1.6964726523506968E+03   1.7126819967348754E+03   1.7924957979608921E+05   3.6544407047373456E-01   9.0746295085525233E+05
   8.6000000000000000E+03   1.7156777450406580E+03   1.7322451353863821E+03   1.7938699853863148E+05   3.6379306279409895E-01   9.1693319157637446E+05
   8.7000000000000000E+03   1.7344199231829250E+03   1.7514562102490945E+03   1.7831118563802930E+05   3.6218526347534880E-01   9.2615649251176766E+05
   8.8000000000000000E+03   1.7529455246841251E+03   1.7703271887836579E+03   1.7853797571018364E+05   3.6061895758744622E-01   9.3513875735168136E+05
   8.9000000000000000E+03   1.7711075423794312E+03   1.7888701387836870E+03   1.7836814635826627E+05   3.5909248405588984E-01   9.4388603169947944E+05
   9.0000000000000000E+03   1.7889594614095979E+03   1.8070971807529370E+03   1.7823760187257556E+05   3.5760423371847505E-01   9.5240447420636332E+05
   9.1000000000000000E+03   1.8065102151982835E+03   1.8250204439160213E+03   1.7811330833101098E+05   3.5615264730273605E-01   9.6070033113531978E+05
   9.2000000000000000E+03   1.8237644403475140E+03   1.8426520258129592E+03   1.7792444919760147E+05   3.5473621354219220E-01   9.6877991583707347E+05
   9.3000000000000000E+03   1.8407434461201724E+03   1.8600039553969043E+03   1.7776217863515203E+05   3.5335346759002811E-01   9.7664958257529652E+05
   9.4000000000000000E+03   1.8574555983020739E+03   1.8770881592420035E+03   1.7759312809768895E+05   3.5200298919482803E-01   9.8431570934906241E+05
   9.5000000000000000E+03   1.8737999363187009E+03   1.8939164309197095E+03   1.7641346357990091E+05   3.5068340111425517E-01   9.9178468016353028E+05
   9.6000000000000000E+03   1.8899295100119430E+03   1.9105004033357989E+03   1.7552524502991475E+05   3.4939336764770718E-01   9.9906286462676816E+05
   9.7000000000000000E+03   1.9057379718874422E+03   1.9268515238042191E+03   1.7392024466451991E+05   3.4813159312931274E-01   1.0061566047219714E+06
   9.8000000000000000E+03   1.9214470456538352E+03   1.9429810317686702E+03   1.7336944230131869E+05   3.4689682052007315E-01   1.0130722003197914E+06
   9.9000000000000000E+03   1.9369239498059098E+03   1.9588999390324122E+03   1.7265389821949301E+05   3.4568783011897802E-01   1.0198158944231828E+06
   1.0000000000000000E+04   1.9522351662609087E+03   1.9746190122895187E+03   1.7221887028850146E+05   3.4450343825429236E-01   1.0263938632708646E+06
   1.0100000000000000E+04   1.9672627867388821E+03   1.9901487578342176E+03   1.7107185773558321E+05   3.4334249599467137E-01   1.0328122065484570E+06
   1.0200000000000000E+04   1.9822419815367243E+03   2.0054994084085552E+03   1.7092970530241323E+05   3.4220388809822483E-01   1.0390769335038658E+06
   1.0300000000000000E+04   1.9969109865649175E+03   2.0206809118883264E+03   1.6975736601570118E+05   3.4108653182277704E-01   1.0451939589019202E+06
   1.0400000000000000E+04   2.0115344090997992E+03   2.0357029217945237E+03   1.6943063586980605E+05   3.3998937585510136E-01   1.0511690926837185E+06
   1.0500000000000000E+04   2.0258772835107702E+03   2.0505747894635351E+03   1.6820374057441996E+05   3.3891139925998498E-01   1.0570080346744780E+06
   1.0600000000000000E+04   2.0400012687818139E+03   2.0653055578202629E+03   1.6650244359656385E+05   3.3785161058792218E-01   1.0627163675439176E+06
   1.0700000000000000E+04   2.0541866437645240E+03   2.0799039564917375E+03   1.6613364596283197E+05   3.3680904680435081E-01   1.0682995531539610E+06
   1.0800000000000000E+04   2.0680859113929196E+03   2.0943783983302610E+03   1.6473734375278605E+05   3.3578277243700466E-01   1.0737629265285349E+06
   1.0900000000000000E+04   2.0818003330564729E+03   2.1087369771644198E+03   1.6297387765888180E+05   3.3477187876292530E-01   1.0791116936242825E+06
   1.1000000000000000E+04   2.0957098507158034E+03   2.1229874666013452E+03   1.6310684061875130E+05   3.3377548285667041E-01   1.0843509271465070E+06
   1.1100000000000000E+04   2.1092557232948438E+03   2.1371373199820491E+03   1.6167542964667108E+05   3.3279272693595713E-01   1.0894855634619633E+06
   1.1200000000000000E+04   2.1227884179179950E+03   2.1511936711553858E+03   1.6076353805626676E+05   3.3182277744952843E-01   1.0945204047850296E+06
   1.1300000000000000E+04   2.1360887776584113E+03   2.1651633362262755E+03   1.5907313239219412E+05   3.3086482444262538E-01   1.0994601119208597E+06
   1.1400000000000000E+04   2.1494948919837871E+03   2.1790528160236663E+03   1.5846386542865125E+05   3.2991808080348589E-01   1.1043092068956604E+06
   1.1500000000000000E+04   2.1628046143762531E+03   2.1928682993206899E+03   1.5775663180530473E+05   3.2898178162881697E-01   1.1090720723694204E+06
   1.1600000000000000E+04   2.1759532241802617E+03   2.2066156666494571E+03   1.5659197662405050E+05   3.2805518350995039E-01   1.1137529498434309E+06
   1.1700000000000000E+04   2.1890697896895372E+03   2.2203004947250483E+03   1.5562865876735022E+05   3.2713756391814469E-01   1.1183559424840389E+06
   1.1800000000000000E+04   2.2020445010106637E+03   2.2339280614267150E+03   1.5428669004110456E+05   3.2622822070886054E-01   1.1228850107860286E+06
   1.1900000000000000E+04   2.2148824423774631E+03   2.2475033511109377E+03   1.5260015446632562E+05   3.2532647136825849E-01   1.1273439798018695E+06
   1.2000000000000000E+04   2.2277798089995636E+03   2.2610310604685674E+03   1.5148540645840656E+05   3.2443165259679052E-01   1.1317365364637179E+06
   1.2100000000000000E+04   2.2405774067047714E+03   2.2745156046548846E+03   1.5016201751425574E+05   3.2354311973415922E-01   1.1360662297709102E+06
   1.2200000000000000E+04   2.2535315860924566E+03   2.2879611237256790E+03   1.4975492017912382E+05   3.2266024620410638E-01   1.1403364767073970E+06
   1.2300000000000000E+04   2.2663144305182936E+03   2.3013714893716783E+03   1.4877549877070880E+05   3.2178242305834598E-01   1.1445505607054243E+06
   1.2400000000000000E+04   2.2787790765906448E+03   2.3147503118668242E+03   1.4663951731751702E+05   3.2090905852049761E-01   1.1487116329617368E+06
   1.2500000000000000E+04   2.2914302457143640E+03   2.3281009471752400E+03   1.4547528988844607E+05   3.2003957749036094E-01   1.1528227184407050E+06
   1.2600000000000000E+04   2.3040084080451134E+03   2.3414265042267980E+03   1.4417265716471191E+05   3.1917342110767905E-01   1.1568867135857125E+06
   1.2700000000000000E+04   2.3165741808587254E+03   2.3547298523026993E+03   1.4296449708011185E+05   3.1831004631589987E-01   1.1609063926268895E+06
   1.2800000000000000E+04   2.3291089574337534E+03   2.3680136285284125E+03   1.4176605529221144E+05   3.1744892548542580E-01   1.1648844071727665E+06
   1.2900000000000000E+04   2.3417523612976734E+03   2.3812802454022108E+03   1.4107430144337035E+05   3.1658954599720468E-01   1.1688232898765190E+06
   1.3000000000000000E+04   2.3542386728323636E+03   2.3945318983611269E+03   1.3990688321609565E+05   3.1573140984614989E-01   1.1727254582476893E+06
   1.3100000000000000E+04   2.3668532452473710E+03   2.4077705733794278E+03   1.3927692387493601E+05   3.1487403330404812E-01   1.1765932149642564E+06
   1.3200000000000000E+04   2.3790445852249841E+03   2.4209980545250173E+03   1.3728691353907570E+05   3.1401694652297868E-01   1.1804287523746607E+06
   1.3300000000000000E+04   2.3913720641051473E+03   2.4342159315173803E+03   1.3586812601721974E+05   3.1315969321805059E-01   1.1842341559204687E+06
   1.3400000000000000E+04   2.4040491662104232E+03   2.4474256072249964E+03   1.3564348187151895E+05   3.1230183033030823E-01   1.1880114038598274E+06
   1.3500000000000000E+04   2.4164186807223123E+03   2.4606283051044265E+03   1.3449352456325997E+05   3.1144292770947013E-01   1.1917623737943687E+06
   1.3600000000000000E+04   2.4286525517300097E+03   2.4738250765579010E+03   1.3300256312010420E+05   3.1058256779666243E-01   1.1954888430313601E+06
   1.3700000000000000E+04   2.4409201273514350E+03   2.4870168081785623E+03   1.3169298255790965E+05   3.0972034526749820E-01   1.1991924933370699E+06
   1.3800000000000000E+04   2.4531911318187649E+03   2.5002042289711571E+03   1.3046319459375921E+05   3.0885586685361682E-01   1.2028749118621293E+06
   1.3900000000000000E+04   2.4653795842302889E+03   2.5133879173576711E+03   1.2907041038611757E+05   3.0798875094610362E-01   1.2065375959315680E+06
   1.4000000000000000E+04   2.4776913924655360E+03   2.5265683081572856E+03   1.2807797834621159E+05   3.0711862741702978E-01   1.2101819545754280E+06
   1.4100000000000000E+04   2.4898054876665160E+03   2.5397456993612404E+03   1.2662086452899587E+05   3.0624513728235803E-01   1.2138093099231464E+06
   1.4200000000000000E+04   2.5020630709284483E+03   2.5529202587949080E+03   1.2559812625362274E+05   3.0536793242433807E-01   1.2174209068793864E+06
   1.4300000000000000E+04   2.5140625899376764E+03   2.5660920307066212E+03   1.2399356751470955E+05   3.0448667547253244E-01   1.2210179048494198E+06
   1.4400000000000000E+04   2.5265180322291349E+03   2.5792609420696276E+03   1.2355308608627852E+05   3.0360103938740751E-01   1.2246013901371486E+06
   1.4500000000000000E+04   2.5389723310228692E+03   2.5924268088556551E+03   1.2313467841695686E+05   3.0271070732153016E-01   1.2281723745041252E+06
   1.4600000000000000E+04   2.5512062847509710E+03   2.6055893421135070E+03   1.2223284654200950E+05   3.0181537240144973E-01   1.2317317985239089E+06
   1.4700000000000000E+04   2.5635525825659006E+03   2.6187481538495654E+03   1.2162748635011489E+05   3.0091473743026248E-01   1.2352805326825387E+06
   1.4800000000000000E+04   2.5755659668052194E+03   2.6319027628079934E+03   1.2032347710180587E+05   3.0000851472897994E-01   1.2388193836827499E+06
   1.4900000000000000E+04   2.5876842863286197E+03   2.6450526000581635E+03   1.1930908553371597E+05   2.9909642591840990E-01   1.2423490924543524E+06
   1.5000000000000000E+04   2.5997347909846035E+03   2.6581970144062902E+03   1.1820637080114776E+05   2.9817820168120907E-01   1.2458703400188803E+06
   1.5100000000000000E+04   2.6117002854312495E+03   2.6713352776580286E+03   1.1699049243791403E+05   2.9725358156359233E-01   1.2493837487923405E+06
   1.5200000000000000E+04   2.6238007989871385E+03   2.6844665897319665E+03   1.1610341671172314E+05   2.9632231381670110E-01   1.2528898841354290E+06
   1.5300000000000000E+04   2.6356604621016609E+03   2.6975900835604307E+03   1.1480663628682493E+05   2.9538415513882732E-01   1.2563892591002183E+06
   1.5400000000000000E+04   2.6475556123511656E+03   2.7107048298968803E+03   1.1364735882317981E+05   2.9443887057626672E-01   1.2598823338609512E+06
   1.5500000000000000E+04   2.6593176192169899E+03   2.7238098418849204E+03   1.1231548866314895E+05   2.9348623326554374E-01   1.2633695182437403E+06
   1.5600000000000000E+04   2.6711538592097440E+03   2.7369040794997704E+03   1.1118885780146399E+05   2.9252602425494967E-01   1.2668511773028802E+06
   1.5700000000000000E+04   2.6832020946968933E+03   2.7499864538547527E+03   1.1048648974724527E+05   2.9155803238556904E-01   1.2703276287311497E+06
   1.5800000000000000E+04   2.6948357698726695E+03   2.7630558312924636E+03   1.0914651106077358E+05   2.9058205405333110E-01   1.2737991496850171E+06
   1.5900000000000000E+04   2.7067828763282932E+03   2.7761110373906577E+03   1.0838784274164477E+05   2.8959789312969481E-01   1.2772659734675998E+06
   1.6000000000000000E+04   2.7183671652932971E+03   2.7891508607207047E+03   1.0711416058530539E+05   2.8860536068404280E-01   1.2807282958920060E+06
   1.6100000000000000E+04   2.7298482752731220E+03   2.8021740565439109E+03   1.0576463718561977E+05   2.8760427490436452E-01   1.2841862758719302E+06
   1.6200000000000000E+04   2.7416219580450938E+03   2.8151793503113186E+03   1.0492701392559505E+05   2.8659446091879648E-01   1.2876400358161428E+06
   1.6300000000000000E+04   2.7532639917885995E+03   2.8281654410246279E+03   1.0395908425024856E+05   2.8557575063698920E-01   1.2910896652625662E+06
   1.6400000000000000E+04   2.7648379648553105E+03   2.8411310044703623E+03   1.0296177611905518E+05   2.8454798263113457E-01   1.2945352206551598E+06
   1.6500000000000000E+04   2.7763945484497845E+03   2.8540746962663643E+03   1.0200852663530991E+05   2.8351100191784578E-01   1.2979767299404757E+06
   1.6600000000000000E+04   2.7877010901142480E+03   2.8669951548243007E+03   1.0079349000055401E+05   2.8246465985901298E-01   1.3014141932856194E+06
   1.6700000000000000E+04   2.7991139178102144E+03   2.8798910041674258E+03   9.9794921494117414E+04   2.8140881404282947E-01   1.3048475815480482E+06
   1.6800000000000000E+04   2.8110312106987694E+03   2.8927608565977876E+03   9.9494387422541840E+04   2.8034332812515911E-01   1.3082768397127911E+06
   1.6900000000000000E+04   2.8224286125146114E+03   2.9056033152345290E+03   9.8597983104920961E+04   2.7926807167090500E-01   1.3117018904789397E+06
   1.7000000000000000E+04   2.8342687208255802E+03   2.9184169764357839E+03   9.8297675818193369E+04   2.7818292001520639E-01   1.3151226336021174E+06
   1.7100000000000000E+04   2.8455670717146809E+03   2.9312004321166660E+03   9.7402780774602012E+04   2.7708775416429388E-01   1.3185389494560286E+06
   1.7200000000000000E+04   2.8568297783327530E+03   2.9439522719575657E+03   9.6535006823122603E+04   2.7598246071617255E-01   1.3219506925260497E+06
   1.7300000000000000E+04   2.8680740736677008E+03   2.9566710853972149E+03   9.5713743825581099E+04   2.7486693156318870E-01   1.3253577071903085E+06
   1.7400000000000000E+04   2.8792160187384252E+03   2.9693554636957524E+03   9.4846554917756497E+04   2.7374106399117365E-01   1.3287598120268183E+06
   1.7500000000000000E+04   2.8903330318148246E+03   2.9820040016985677E+03   9.4020873544197631E+04   2.7260476036218012E-01   1.3321568145971994E+06
   1.7600000000000000E+04   2.9014541509086398E+03   2.9946152996495521E+03   9.3265691857307233E+04   2.7145792813431097E-01   1.3355485045186621E+06
   1.7700000000000000E+04   2.9123815002287847E+03   3.0071879647939122E+03   9.2378495881576193E+04   2.7030047964360143E-01   1.3389346604612616E+06
   1.7800000000000000E+04   2.9231707590355468E+03   3.0197206129552974E+03   9.1425917677562436E+04   2.6913233204453058E-01   1.3423150464288264E+06
   1.7900000000000000E+04   2.9339246709819458E+03   3.0322118700088427E+03   9.0513121760939976E+04   2.6795340723070632E-01   1.3456894126151584E+06
   1.8000000000000000E+04   2.9445245501459999E+03   3.0446603731904979E+03   8.9529170911515437E+04   2.6676363159691763E-01   1.3490575013650437E+06
   1.8100000000000000E+04   2.9553541902455936E+03   3.0570647724442897E+03   8.8827622355417683E+04   2.6556293607879189E-01   1.3524190431066642E+06
   1.8200000000000000E+04   2.9659537472661841E+03   3.0694237315851656E+03   8.7984635143823936E+04   2.6435125597433412E-01   1.3557737584054174E+06
   1.8300000000000000E+04   2.9764438660044493E+03   3.0817359293846234E+03   8.7115910821721933E+04   2.6312853077538145E-01   1.3591213607735408E+06
   1.8400000000000000E+04   2.9867144167294414E+03   3.0940000606760154E+03   8.6133561272975407E+04   2.6189470421717420E-01   1.3624615555261634E+06
   1.8500000000000000E+04   2.9968810475740474E+03   3.1062148372450365E+03   8.5142538308109550E+04   2.6064972402057995E-01   1.3657940432694720E+06
   1.8600000000000000E+04   3.0075107034121811E+03   3.1183789887637777E+03   8.4591893491096402E+04   2.5939354189209329E-01   1.3691185165554003E+06
   1.8700000000000000E+04   3.0180657131325793E+03   3.1304912636143408E+03   8.4038088383727838E+04   2.5812611343460562E-01   1.3724346582720990E+06
   1.8800000000000000E+04   3.0281246550502883E+03   3.1425504295832216E+03   8.3163382327126121E+04   2.5684739791937117E-01   1.3757421572584023E+06
   1.8900000000000000E+04   3.0386566005415048E+03   3.1545552746203261E+03   8.2706815096771563E+04   2.5555735834549415E-01   1.3790406890708033E+06
   1.9000000000000000E+04   3.0488015186137836E+03   3.1665046074472621E+03   8.2020311884430441E+04   2.5425596130112649E-01   1.3823299278714189E+06
   1.9100000000000000E+04   3.0591524653885535E+03   3.1783972580893137E+03   8.1539844112674386E+04   2.5294317678500616E-01   1.3856095501900832E+06
   1.9200000000000000E+04   3.0693887568981654E+03   3.1902320784481794E+03   8.1031060284386811E+04   2.5161897824611529E-01   1.3888792235224280E+06
   1.9300000000000000E+04   3.0789490610003072E+03   3.2020079427324486E+03   8.0114650887621450E+04   2.5028334242504863E-01   1.3921386157275180E+06
   1.9400000000000000E+04   3.0887308637290471E+03   3.2137237478720517E+03   7.9415142674799426E+04   2.4893624927469690E-01   1.3953873940904471E+06
   1.9500000000000000E+04   3.0985346290480229E+03   3.2253784138662172E+03   7.8789407943580503E+04   2.4757768184127382E-01   1.3986252274407591E+06
   1.9600000000000000E+04   3.1078186026081571E+03   3.2369708841457750E+03   7.7891913407035448E+04   2.4620762628414444E-01   1.4018517802395117E+06
   1.9700000000000000E+04   3.1177070089005788E+03   3.2485001257949280E+03   7.7434285924894953E+04   2.4482607167753481E-01   1.4050667193098534E+06
   1.9800000000000000E+04   3.1265845261217455E+03   3.2599651298093222E+03   7.6417082010160666E+04   2.4343300999070430E-01   1.4082697127179899E+06
   1.9900000000000000E+04   3.1361371138248182E+03   3.2713649112876410E+03   7.5867899231102856E+04   2.4202843600862825E-01   1.4114604267950198E+06
   2.0000000000000000E+04   3.1456478156692933E+03   3.2826985095807204E+03   7.5345940260886520E+04   2.4061234724276850E-01   1.4146385323267372E+06
   2.0100000000000000E+04   3.1546592534375541E+03   3.2939649884045966E+03   7.4593749737785911E+04   2.3918474384184260E-01   1.4178036972510051E+06
   2.0200000000000000E+04   3.1633030893349205E+03   3.3051634359406885E+03   7.3700889345232237E+04   2.3774562855216544E-01   1.4209555955033985E+06
   2.0300000000000000E+04   3.1729513732435739E+03   3.3162929648607387E+03   7.3408116920008324E+04   2.3629500657884722E-01   1.4240939039965351E+06
   2.0400000000000000E+04   3.1815067410157276E+03   3.3273527123852114E+03   7.2583390441221854E+04   2.3483288559570673E-01   1.4272183002218772E+06
   2.0500000000000000E+04   3.1905881471612865E+03   3.3383418402698044E+03   7.2088038428349595E+04   2.3335927565604225E-01   1.4303284596156720E+06
   2.0600000000000000E+04   3.1992281014179739E+03   3.3492595347311312E+03   7.1418668647180340E+04   2.3187418902408405E-01   1.4334240712910073E+06
   2.0700000000000000E+04   3.2072987568806266E+03   3.3601050064566530E+03   7.0526307923256434E+04   2.3037764026422541E-01   1.4365048191771081E+06
   2.0800000000000000E+04   3.2168015588813851E+03   3.3708774904677966E+03   7.0377273429325855E+04   2.2886964604273247E-01   1.4395703950197969E+06
   2.0900000000000000E+04   3.2251875817295941E+03   3.3815762460531896E+03   6.9737904359075925E+04   2.2735022514757339E-01   1.4426204911292307E+06
   2.1000000000000000E+04   3.2337494258402576E+03   3.3922005566300277E+03   6.9229714850640739E+04   2.2581939838927315E-01   1.4456548042655766E+06
   2.1100000000000000E+04   3.2416534425645054E+03   3.4027497295858257E+03   6.8471692172753028E+04   2.2427718850176911E-01   1.4486730397950092E+06
   2.1200000000000000E+04   3.2497125264689380E+03   3.4132230961513069E+03   6.7836555598472798E+04   2.2272362016223926E-01   1.4516749021072492E+06
   2.1300000000000000E+04   3.2585038500510254E+03   3.4236200111977114E+03   6.7563822403118946E+04   2.2115871987212912E-01   1.4546601025343048E+06
   2.1400000000000000E+04   3.2665787433067189E+03   3.4339398530429844E+03   6.7024142869395349E+04   2.1958251589766381E-01   1.4576283534780079E+06
   2.1500000000000000E+04   3.2746590572490127E+03   3.4441820232592313E+03   6.6530937504952642E+04   2.1799503825001995E-01   1.4605793766225232E+06
   2.1600000000000000E+04   3.2823288273742687E+03   3.4543459464253251E+03   6.5913784292073775E+04   2.1639631856635150E-01   1.4635128991097931E+06
   2.1700000000000000E+04   3.2888013067478910E+03   3.4644310699318285E+03   6.4874114861710579E+04   2.1478639014944684E-01   1.4664286451767278E+06
   2.1800000000000000E+04   3.2966005337879747E+03   3.4744368636886652E+03   6.4406583434581931E+04   2.1316528779918406E-01   1.4693263518902012E+06
   2.1900000000000000E+04   3.3051250914056986E+03   3.4843628199030809E+03   6.4251288387595218E+04   2.1153304784227273E-01   1.4722057577334926E+06
   2.2000000000000000E+04   3.3120990649962878E+03   3.4942084528029022E+03   6.3550620255340182E+04   2.0988970805293922E-01   1.4750666090487053E+06
   2.2100000000000000E+04   3.3200776351942418E+03   3.5039732983668100E+03   6.3261216613404322E+04   2.0823530761326783E-01   1.4779086524691822E+06
   2.2200000000000000E+04   3.3270003975907584E+03   3.5136569140145975E+03   6.2628073071822750E+04   2.0656988699422735E-01   1.4807316470426866E+06
   2.2300000000000000E+04   3.3339106701598203E+03   3.5232588783613983E+03   6.2035075377103560E+04   2.0489348801515800E-01   1.4835353487772020E+06
   2.2400000000000000E+04   3.3424279829955149E+03   3.5327787909014069E+03   6.2033141956926847E+04   2.0320615374462617E-01   1.4863195262790418E+06
   2.2500000000000000E+04   3.3477082872722440E+03   3.5422162716938524E+03   6.0965655488756121E+04   2.0150792842110890E-01   1.4890839484087559E+06
   2.2600000000000000E+04   3.3558251902697998E+03   3.5515709610750123E+03   6.0887401281667444E+04   1.9979885745299356E-01   1.4918283934048468E+06
   2.2700000000000000E+04   3.3632900669070623E+03   3.5608425193418270E+03   6.0622615044869941E+04   1.9807898735909077E-01   1.4945526408104897E+06
   2.2800000000000000E+04   3.3694052058142524E+03   3.5700306264392525E+03   5.9956907455534136E+04   1.9634836572897685E-01   1.4972564784447816E+06
   2.2900000000000000E+04   3.3766951511556540E+03   3.5791349816287461E+03   5.9699949903898763E+04   1.9460704114367772E-01   1.4999397025506385E+06
   2.3000000000000000E+04   3.3837771917629357E+03   3.5881553031845942E+03   5.9407135093687859E+04   1.9285506317566828E-01   1.5026021069388222E+06
   2.3100000000000000E+04   3.3904536946450039E+03   3.5970913280835252E+03   5.9020089324168512E+04   1.9109248237895918E-01   1.5052434973905836E+06
   2.3200000000000000E+04   3.3973785506918630E+03   3.6059428116392642E+03   5.8738504418905803E+04   1.8931935014037801E-01   1.5078636832372700E+06
   2.3300000000000000E+04   3.4039520493853202E+03   3.6147095272229840E+03   5.8381311208329738E+04   1.8753571875888625E-01   1.5104624747281487E+06
   2.3400000000000000E+04   3.4082922683723291E+03   3.6233912658918589E+03   5.7413454173377759E+04   1.8574164128694698E-01   1.5130397005880012E+06
   2.3500000000000000E+04   3.4129389247346080E+03   3.6319878361184442E+03   5.6588971758596672E+04   1.8393717163958431E-01   1.5155951790893013E+06
   2.3600000000000000E+04   3.4192210595087336E+03   3.6404990634147957E+03   5.6253540094450756E+04   1.8212236442583676E-01   1.5181287418757367E+06
   2.3700000000000000E+04   3.4246349221470959E+03   3.6489247900279070E+03   5.5714666838443074E+04   1.8029727496858705E-01   1.5206402264668765E+06
   2.3800000000000000E+04   3.4302683433027623E+03   3.6572648746130117E+03   5.5266923463740641E+04   1.7846195926490305E-01   1.5231294762404195E+06
   2.3900000000000000E+04   3.4345965892668178E+03   3.6655191919222007E+03   5.4518611732676996E+04   1.7661647398603830E-01   1.5255963324020077E+06
   2.4000000000000000E+04   3.4397372756211985E+03   3.6736876324467039E+03   5.4013682474272115E+04   1.7476087634854401E-01   1.5280406537949815E+06
   2.4100000000000000E+04   3.4457780723457454E+03   3.6817701021406374E+03   5.3758437081119388E+04   1.7289522420349887E-01   1.5304622943196185E+06
   2.4200000000000000E+04   3.4522794193489444E+03   3.6897665220626918E+03   5.3637039151862875E+04   1.7101957589770603E-01   1.5328611161222798E+06
   2.4300000000000000E+04   3.4576529816419970E+03   3.6976768280919641E+03   5.3266721198328058E+04   1.6913399033318074E-01   1.5352369896935690E+06
   2.4400000000000000E+04   3.4630207304788742E+03   3.7055009705846528E+03   5.2920710868425289E+04   1.6723852685809024E-01   1.5375897841662918E+06
   2.4500000000000000E+04   3.4678969567052081E+03   3.7132389140831397E+03   5.2486456321174439E+04   1.6533324529649776E-01   1.5399193768410960E+06
   2.4600000000000000E+04   3.4726985847936580E+03   3.7208906369813371E+03   5.2062632688358513E+04   1.6341820584921726E-01   1.5422256561120707E+06
   2.4700000000000000E+04   3.4784110000741625E+03   3.7284561312560131E+03   5.1867047996318855E+04   1.6149346917312954E-01   1.5445085073260821E+06
   2.4800000000000000E+04   3.4830771432061129E+03   3.7359354021374324E+03   5.1461839778046829E+04   1.5955909628203702E-01   1.5467678195972831E+06
   2.4900000000000000E+04   3.4869170973177734E+03   3.7433284677974834E+03   5.0905215360846414E+04   1.5761514848717711E-01   1.5490034959196239E+06
   2.5000000000000000E+04   3.4920178966834192E+03   3.7506353590753902E+03   5.0643470385515284E+04   1.5566168743688014E-01   1.5512154387671505E+06
   2.5100000000000000E+04   3.4974864021027724E+03   3.7578561191922095E+03   5.0478415173830654E+04   1.5369877511656913E-01   1.5534035497949582E+06
   2.5200000000000000E+04   3.5010539860303743E+03   3.7649908034210921E+03   4.9941634479027685E+04   1.5172647370995704E-01   1.5555677460093193E+06
   2.5300000000000000E+04   3.5052696012246124E+03   3.7720394788394096E+03   4.9563374388493969E+04   1.4974484568827709E-01   1.5577079390110879E+06
   2.5400000000000000E+04   3.5081031292046009E+03   3.7790022240229896E+03   4.8937518732773235E+04   1.4775395372105263E-01   1.5598240573462343E+06
   2.5500000000000000E+04   3.5119955349667548E+03   3.7858791287678819E+03   4.8546137472590308E+04   1.4575386065626783E-01   1.5619160223809869E+06
   2.5600000000000000E+04   3.5154935808284026E+03   3.7926702938420576E+03   4.8103276524328729E+04   1.4374462957985457E-01   1.5639837632320656E+06
   2.5700000000000000E+04   3.5228428200657631E+03   3.7993758306710706E+03   4.8401468730670640E+04   1.4172632366697546E-01   1.5660272152653635E+06
   2.5800000000000000E+04   3.5268380505940099E+03   3.8059958611005472E+03   4.8084382804751811E+04   1.3969900625142478E-01   1.5680463185330452E+06
   2.5900000000000000E+04   3.5287308252082398E+03   3.8125305171258133E+03   4.7404540388776601E+04   1.3766274078597093E-01   1.5700410145429252E+06
   2.6000000000000000E+04   3.5323327306925044E+03   3.8189799406319944E+03   4.7061012193351366E+04   1.3561759082252703E-01   1.5720112492701020E+06
   2.6100000000000000E+04   3.5358653860079180E+03   3.8253442831188099E+03   4.6725003360302464E+04   1.3356361993283561E-01   1.5739569795336116E+06
   2.6200000000000000E+04   3.5375358370575800E+03   3.8316237054934363E+03   4.6089987473450608E+04   1.3150089182744165E-01   1.5758781569677407E+06
   2.6300000000000000E+04   3.5401262243423580E+03   3.8378183777773047E+03   4.5638964032693111E+04   1.2942947019706155E-01   1.5777747406593964E+06
   2.6400000000000000E+04   3.5444577739661286E+03   3.8439284788811833E+03   4.5495742842041480E+04   1.2734941875224040E-01   1.5796466972142782E+06
   2.6500000000000000E+04   3.5490594518382504E+03   3.8499541963834708E+03   4.5410285747831149E+04   1.2526080126301051E-01   1.5814939908652736E+06
   2.6600000000000000E+04   3.5522789005337900E+03   3.8558957262560480E+03   4.5113497904650671E+04   1.2316368142008784E-01   1.5833165931873568E+06
   2.6700000000000000E+04   3.5530719979853116E+03   3.8617532726692934E+03   4.4450663326748967E+04   1.2105812293401776E-01   1.5851144797978548E+06
   2.6800000000000000E+04   3.5577867765822143E+03   3.8675270477324302E+03   4.4423789445910712E+04   1.1894418941620052E-01   1.5868876336807562E+06
   2.6900000000000000E+04   3.5593894345309591E+03   3.8732172713118289E+03   4.3929463920615919E+04   1.1682194449786533E-01   1.5886360315865511E+06
   2.7000000000000000E+04   3.5631106425063645E+03   3.8788241707732327E+03   4.3776013524547569E+04   1.1469145169126757E-01   1.5903596573618024E+06
   2.7100000000000000E+04   3.5660035892026985E+03   3.8843479807772333E+03   4.3511364446075902E+04   1.1255277440951743E-01   1.5920585089438418E+06
   2.7200000000000000E+04   3.5686863760098640E+03   3.8897889430782025E+03   4.3230538246561751E+04   1.1040597598640942E-01   1.5937325707437999E+06
   2.7300000000000000E+04   3.5715599667438614E+03   3.8951473063118565E+03   4.2992263548896764E+04   1.0825111964667845E-01   1.5953818463641312E+06
   2.7400000000000000E+04   3.5733238610612279E+03   3.9004233257868123E+03   4.2609289348628117E+04   1.0608826847625653E-01   1.5970063325411717E+06
   2.7500000000000000E+04   3.5758266926821325E+03   3.9056172632947078E+03   4.2347512955110680E+04   1.0391748544210189E-01   1.5986060294107504E+06
   2.7600000000000000E+04   3.5765711005141006E+03   3.9107293869062728E+03   4.1857413916484154E+04   1.0173883335254040E-01   1.6001809422395118E+06
   2.7700000000000000E+04   3.5829049647015945E+03   3.9157599707743188E+03   4.2149871817766114E+04   9.9552374827522980E-02   1.6017310886468366E+06
   2.7800000000000000E+04   3.5849122923692971E+03   3.9207092949691632E+03   4.1856832662350615E+04   9.7358172368026463E-02   1.6032564715829229E+06
   2.7900000000000000E+04   3.5880219758541707E+03   3.9255776452685091E+03   4.1726625073674346E+04   9.5156288256908583E-02   1.6047571079386817E+06
   2.8000000000000000E+04   3.5924322366506954E+03   3.9303653129857421E+03   4.1782151677229522E+04   9.2946784578737618E-02   1.6062330233233087E+06
   2.8100000000000000E+04   3.5936905660839398E+03   3.9350725948014365E+03   4.1424070604770473E+04   9.0729723239620488E-02   1.6076842355016349E+06
   2.8200000000000000E+04   3.5928164076845378E+03   3.9396997925868855E+03   4.0805119738272391E+04   8.8505165947374467E-02   1.6091107595722796E+06
   2.8300000000000000E+04   3.5923040977266087E+03   3.9442472132146399E+03   4.0259163492458167E+04   8.6273174132210820E-02   1.6105126358920394E+06
   2.8400000000000000E+04   3.5961877442308282E+03   3.9487151684226337E+03   4.0281464985866318E+04   8.4033809045880106E-02   1.6118898853889145E+06
   2.8500000000000000E+04   3.5950797430776802E+03   3.9531039746314023E+03   3.9694866349694938E+04   8.1787131682355754E-02   1.6132425430124460E+06
   2.8600000000000000E+04   3.5947156132543832E+03   3.9574139527924763E+03   3.9222064656625662E+04   7.9533202797663530E-02   1.6145706408149772E+06
   2.8700000000000000E+04   3.5990137165573105E+03   3.9616454282290010E+03   3.9318172618177538E+04   7.7272082890052177E-02   1.6158742211924100E+06
   2.8800000000000000E+04   3.5988949315265704E+03   3.9657987304796884E+03   3.8899823308729399E+04   7.5003832180164695E-02   1.6171533235054498E+06
   2.8900000000000000E+04   3.6009861312801395E+03   3.9698741931620002E+03   3.8752845076026206E+04   7.2728510650696104E-02   1.6184079857978495E+06
   2.9000000000000000E+04   3.5975544250515109E+03   3.9738721538116101E+03   3.7989763061754958E+04   7.0446177986906666E-02   1.6196382603043867E+06
   2.9100000000000000E+04   3.5991959098635607E+03   3.9777929537516575E+03   3.7815551813074177E+04   6.8156893616279648E-02   1.6208441821973587E+06
   2.9200000000000000E+04   3.6019916665286155E+03   3.9816369379333951E+03   3.7776904257256785E+04   6.5860716629205673E-02   1.6220258145700935E+06
   2.9300000000000000E+04   3.6047452045393643E+03   3.9854044548321212E+03   3.7740755244111497E+04   6.3557705897956215E-02   1.6231831952732957E+06
   2.9400000000000000E+04   3.6059196849644741E+03   3.9890958562679589E+03   3.7539806362160482E+04   6.1247919898223188E-02   1.6243163922343706E+06
   2.9500000000000000E+04   3.6085351269355160E+03   3.9927114973278763E+03   3.7503190722303363E+04   5.8931416907408468E-02   1.6254254517452554E+06
   2.9600000000000000E+04   3.6080423301590185E+03   3.9962517361849800E+03   3.7141411831640748E+04   5.6608254796419746E-02   1.6265104362780370E+06
   2.9700000000000000E+04   3.6060505845746447E+03   3.9997169340128667E+03   3.6638086055901607E+04   5.4278491178387664E-02   1.6275714044296779E+06
   2.9800000000000000E+04   3.6061553964606214E+03   4.0031074548439265E+03   3.6366677652941224E+04   5.1942183329350168E-02   1.6286084168543669E+06
   2.9900000000000000E+04   3.6057978103779037E+03   4.0064236654557653E+03   3.6059464203924035E+04   4.9599388208081352E-02   1.6296215403443568E+06
   3.0000000000000000E+04   3.6080274966166294E+03   4.0096659352428933E+03   3.6019921290614671E+04   4.7250162406519004E-02   1.6306108458172323E+06
   3.0100000000000000E+04   3.6112424965107193E+03   4.0128346361303606E+03   3.6084667850295067E+04   4.4894562258823927E-02   1.6315763874547370E+06
   3.0200000000000000E+04   3.6117517506537329E+03   4.0159301424235696E+03   3.5886487298067041E+04   4.2532643682748277E-02   1.6325182462103651E+06
   3.0300000000000000E+04   3.6098660866022374E+03   4.0189528307293058E+03   3.5464071460593244E+04   4.0164462298609274E-02   1.6334364924673818E+06
   3.0400000000000000E+04   3.6086870634202955E+03   4.0219030798398644E+03   3.5123976413855773E+04   3.7790073389631314E-02   1.6343311898924096E+06
   3.0500000000000000E+04   3.6052807172450762E+03   4.0247812706152340E+03   3.4589862133684801E+04   3.5409531842459055E-02   1.6352024292852844E+06
   3.0600000000000000E+04   3.6090824727864642E+03   4.0275877859057173E+03   3.4732883980326376E+04   3.3022892246302164E-02   1.6360502756147555E+06
   3.0700000000000000E+04   3.6088095063711530E+03   4.0303230104339250E+03   3.4505817378591848E+04   3.0630208813619671E-02   1.6368748124980314E+06
   3.0800000000000000E+04   3.6042927153374089E+03   4.0329873307075150E+03   3.3907743031872938E+04   2.8231535419777638E-02   1.6376761122782133E+06
   3.0900000000000000E+04   3.6087626014647462E+03   4.0355811349108203E+03   3.4120951021642592E+04   2.5826925543562390E-02   1.6384542617732161E+06
   3.1000000000000000E+04   3.6089867204587126E+03   4.0381048128265134E+03   3.3961436034769285E+04   2.3416432326667420E-02   1.6392093472495275E+06
   3.1100000000000000E+04   3.6092042022648138E+03   4.0405587557452350E+03   3.3807923257254995E+04   2.1000108573693357E-02   1.6399414433250329E+06
   3.1200000000000000E+04   3.6061483964625277E+03   4.0429433563593325E+03   3.3378255337397932E+04   1.8578006672832045E-02   1.6406506435428066E+06
   3.1300000000000000E+04   3.6071252961852010E+03   4.0452590086950518E+03   3.3304344503179324E+04   1.6150178675182508E-02   1.6413370296703929E+06
   3.1400000000000000E+04   3.6054149284537471E+03   4.0475061080193950E+03   3.3008889612315579E+04   1.3716676255092987E-02   1.6420006936546839E+06
   3.1500000000000000E+04   3.6064608632806271E+03   4.0496850507668714E+03   3.2951790666109890E+04   1.1277550749818841E-02   1.6426417198535872E+06
   3.1600000000000000E+04   3.6077717461684583E+03   4.0517962344372745E+03   3.2921508524963858E+04   8.8328530603776524E-03   1.6432602073203754E+06
   3.1700000000000000E+04   3.6069383915192361E+03   4.0538400575438591E+03   3.2718498157999431E+04   6.3826337705232021E-03   1.6438562383795222E+06
   3.1800000000000000E+04   3.6065894369267312E+03   4.0558169195192700E+03   3.2561824525136173E+04   3.9269430674294210E-03   1.6444299145722834E+06
   3.1900000000000000E+04   3.6041910145298057E+03   4.0577272206453399E+03   3.2246210535917791E+04   1.4658307615194582E-03   1.6449813250333071E+06
   3.2000000000000000E+04   3.6047653554193712E+03   4.0595713619886701E+03   3.2175921144787309E+04  -1.0006536738763757E-03   1.6455105599182055E+06
   3.2100000000000000E+04   3.6026970696418603E+03   4.0613497453081936E+03   3.1901727826956117E+04  -3.4724612016655550E-03   1.6460177288342265E+06
   3.2200000000000000E+04   3.6036586610186650E+03   4.0630627730070105E+03   3.1871485191627213E+04  -5.9495431218483880E-03   1.6465029194872845E+06
   3.2300000000000000E+04   3.6017448571587233E+03   4.0647108480518673E+03   3.1622304188186299E+04  -8.4318511310049766E-03   1.6469662343906800E+06
   3.2400000000000000E+04   3.6012560554745778E+03   4.0662943739194284E+03   3.1489377663307958E+04  -1.0919337262808271E-02   1.6474077654046679E+06
   3.2500000000000000E+04   3.5949276956527292E+03   4.0678137545110076E+03   3.0923931997816224E+04  -1.3411953987168979E-02   1.6478276240012737E+06
   3.2600000000000000E+04   3.5908166457510979E+03   4.0692693941101857E+03   3.0540111487560633E+04  -1.5909654111090663E-02   1.6482259038665323E+06
   3.2700000000000000E+04   3.5885045612573376E+03   4.0706616973089376E+03   3.0296322455684603E+04  -1.8412390838156663E-02   1.6486027089124115E+06
   3.2800000000000000E+04   3.5859907319738049E+03   4.0719910689557037E+03   3.0045498167008747E+04  -2.0920117728872180E-02   1.6489581415417097E+06
   3.2900000000000000E+04   3.5850855352531776E+03   4.0732579140927046E+03   2.9913568776429249E+04  -2.3432788720493192E-02   1.6492923049562639E+06
   3.3000000000000000E+04   3.5838696160602381E+03   4.0744626378870207E+03   2.9764677033770982E+04  -2.5950358186513475E-02   1.6496053079317217E+06
   3.3100000000000000E+04   3.5808460278781636E+03   4.0756056456064071E+03   2.9497387750193546E+04  -2.8472780778032634E-02   1.6498972455804786E+06
   3.3200000000000000E+04   3.5806027905403625E+03   4.0766873425294052E+03   2.9424415689412093E+04  -3.1000011602217110E-02   1.6501682378005784E+06
   3.3300000000000000E+04   3.5794618461178866E+03   4.0777081339158735E+03   2.9294750492700823E+04  -3.3532006103326122E-02   1.6504183810651011E+06
   3.3400000000000000E+04   3.5749267065699892E+03   4.0786684249435420E+03   2.8945271252602171E+04  -3.6068720122198743E-02   1.6506477821099749E+06
   3.3500000000000000E+04   3.5769659929791601E+03   4.0795686206652495E+03   2.9033827955349476E+04  -3.8610109856595749E-02   1.6508565581134213E+06
   3.3600000000000000E+04   3.5743807242046892E+03   4.0804091259595948E+03   2.8822365851636667E+04  -4.1156131861199916E-02   1.6510448072803044E+06
   3.3700000000000000E+04   3.5718130222630371E+03   4.0811903454679532E+03   2.8617781275693698E+04  -4.3706743126931673E-02   1.6512126480218808E+06
   3.3800000000000000E+04   3.5668661554086357E+03   4.0819126835739635E+03   2.8268584300988885E+04  -4.6261900942146307E-02   1.6513601845311993E+06
   3.3900000000000000E+04   3.5650103327834395E+03   4.0825765443353971E+03   2.8120899780711250E+04  -4.8821563011607970E-02   1.6514875264196165E+06
   3.4000000000000000E+04   3.5647688476804260E+03   4.0831823314509093E+03   2.8077204066319246E+04  -5.1385687397002569E-02   1.6515947887939364E+06
   3.4100000000000000E+04   3.5641918953913723E+03   4.0837304482165978E+03   2.8015628267327058E+04  -5.3954232516937858E-02   1.6516820772306635E+06
   3.4200000000000000E+04   3.5606564157366352E+03   4.0842212974800727E+03   2.7775943867233789E+04  -5.6527157166772417E-02   1.6517495077629730E+06
   3.4300000000000000E+04   3.5599564094350094E+03   4.0846552815993491E+03   2.7713409579252428E+04  -5.9104420518615627E-02   1.6517971918356989E+06
   3.4400000000000000E+04   3.5613338109208053E+03   4.0850328024063047E+03   2.7779632335482474E+04  -6.1685982101498657E-02   1.6518252412744523E+06
   3.4500000000000000E+04   3.5567700672410660E+03   4.0853542611710186E+03   2.7489784819661869E+04  -6.4271801781545554E-02   1.6518337733756148E+06
   3.4600000000000000E+04   3.5582151540505588E+03   4.0856200585530823E+03   2.7564239698811834E+04  -6.6861839821460115E-02   1.6518228904467949E+06
   3.4700000000000000E+04   3.5563784629163702E+03   4.0858305945716065E+03   2.7444898340916039E+04  -6.9456056840868100E-02   1.6517927207126922E+06
   3.4800000000000000E+04   3.5492531522534514E+03   4.0859862685724552E+03   2.7019386735913271E+04  -7.2054413796487901E-02   1.6517433670581242E+06
   3.4900000000000000E+04   3.5465228511857490E+03   4.0860874791861206E+03   2.6857584550311836E+04  -7.4656872021788820E-02   1.6516749480517814E+06
   3.5000000000000000E+04   3.5427700013486706E+03   4.0861346242969066E+03   2.6641843353519700E+04  -7.7263393207161996E-02   1.6515875825834121E+06
   3.5100000000000000E+04   3.5419982761329052E+03   4.0861281010129096E+03   2.6598539591241217E+04  -7.9873939380091352E-02   1.6514813846106338E+06
   3.5200000000000000E+04   3.5373157163731898E+03   4.0860683056333946E+03   2.6339217196545760E+04  -8.2488472905153709E-02   1.6513564577889498E+06
   3.5300000000000000E+04   3.5365808431177593E+03   4.0859556336038836E+03   2.6303195322897802E+04  -8.5106956563334654E-02   1.6512129321480291E+06
   3.5400000000000000E+04   3.5364066713081893E+03   4.0857904795086556E+03   2.6300405096812647E+04  -8.7729353413225616E-02   1.6510509169516100E+06
   3.5500000000000000E+04   3.5332268548759243E+03   4.0855732370208611E+03   2.6134428585460748E+04  -9.0355626909997752E-02   1.6508705321414596E+06
   3.5600000000000000E+04   3.5314390066930123E+03   4.0853042988897719E+03   2.6047855243084698E+04  -9.2985740806257225E-02   1.6506718872002659E+06
   3.5700000000000000E+04   3.5195820803678489E+03   4.0849840568993282E+03   2.5428699017734594E+04  -9.5619659231360968E-02   1.6504550969804807E+06
   3.5800000000000000E+04   3.5124321913076938E+03   4.0846129018439174E+03   2.5074116588135199E+04  -9.8257346671587684E-02   1.6502202925143484E+06
   3.5900000000000000E+04   3.5087111327887496E+03   4.0841912235110813E+03   2.4901377902377775E+04  -1.0089876791065093E-01   1.6499675781998832E+06
   3.6000000000000000E+04   3.5059153131425055E+03   4.0837194106489073E+03   2.4778596202690791E+04  -1.0354388806935710E-01   1.6496970691359502E+06
   3.6100000000000000E+04   3.5049737777654027E+03   4.0831978509313572E+03   2.4750787905772544E+04  -1.0619267266509237E-01   1.6494088967161791E+06
   3.6200000000000000E+04   3.5034755685974815E+03   4.0826269309555109E+03   2.4697142470776824E+04  -1.0884508747301992E-01   1.6491031599205416E+06
   3.6300000000000000E+04   3.4999842609713041E+03   4.0820070361957773E+03   2.4547081296516582E+04  -1.1150109866488257E-01   1.6487799902576637E+06
   3.6400000000000000E+04   3.4983934119696469E+03   4.0813385510021981E+03   2.4493090246090138E+04  -1.1416067267020011E-01   1.6484394920422260E+06
   3.6500000000000000E+04   3.5009733973154184E+03   4.0806218585563679E+03   2.4646228751690142E+04  -1.1682377631507211E-01   1.6480817968863815E+06
   3.6600000000000000E+04   3.4969397083196077E+03   4.0798573408677707E+03   2.4475181986163279E+04  -1.1949037670320387E-01   1.6477070089882610E+06
   3.6700000000000000E+04   3.4914375173473627E+03   4.0790453787432903E+03   2.4236796349990771E+04  -1.2216044127539374E-01   1.6473152489293052E+06
   3.6800000000000000E+04   3.4880868974274485E+03   4.0781863517636425E+03   2.4106221882302983E+04  -1.2483393782936184E-01   1.6469066372766530E+06
   3.6900000000000000E+04   3.4854894495120207E+03   4.0772806382810008E+03   2.4014076108483245E+04  -1.2751083440077596E-01   1.6464812889982152E+06
   3.7000000000000000E+04   3.4870070024293350E+03   4.0763286153729678E+03   2.4119574293244495E+04  -1.3019109944171300E-01   1.6460393245324220E+06
   3.7100000000000000E+04   3.4818130142340015E+03   4.0753306588529840E+03   2.3907527356512423E+04  -1.3287470162236845E-01   1.6455808530444917E+06
   3.7200000000000000E+04   3.4789985332746082E+03   4.0742871432286138E+03   2.3811036795290125E+04  -1.3556160998968894E-01   1.6451060003580777E+06
   3.7300000000000000E+04   3.4770372011196619E+03   4.0731984416982973E+03   2.3756429545103118E+04  -1.3825179386822664E-01   1.6446148753501396E+06
   3.7400000000000000E+04   3.4677892904828118E+03   4.0720649261255116E+03   2.3368579350298896E+04  -1.4094522291962686E-01   1.6441076036381312E+06
   3.7500000000000000E+04   3.4652671039544043E+03   4.0708869670278173E+03   2.3293011921982161E+04  -1.4364186710296933E-01   1.6435842994367478E+06
   3.7600000000000000E+04   3.4606315178675809E+03   4.0696649335661900E+03   2.3124528758581542E+04  -1.4634169663511118E-01   1.6430450767616641E+06
   3.7700000000000000E+04   3.4543714724920737E+03   4.0683991935153981E+03   2.2887830030487330E+04  -1.4904468208983082E-01   1.6424900494155064E+06
   3.7800000000000000E+04   3.4488269324132284E+03   4.0670901132600611E+03   2.2687247686253235E+04  -1.5175079431851302E-01   1.6419193424440108E+06
   3.7900000000000000E+04   3.4436198898308880E+03   4.0657380577798908E+03   2.2505139962028778E+04  -1.5446000445014810E-01   1.6413330577930063E+06
   3.8000000000000000E+04   3.4411874613643849E+03   4.0643433906246878E+03   2.2444089605467947E+04  -1.5717228397064828E-01   1.6407313316315750E+06
   3.8100000000000000E+04   3.4333358394206716E+03   4.0629064739196351E+03   2.2156882238041409E+04  -1.5988760458404475E-01   1.6401142654322286E+06
   3.8200000000000000E+04   3.4360629852880193E+03   4.0614276683358230E+03   2.2315493114481807E+04  -1.6260593833146150E-01   1.6394819834709878E+06
   3.8300000000000000E+04   3.4333468171798891E+03   4.0599073330882188E+03   2.2246965083486219E+04  -1.6532725751179916E-01   1.6388345924170534E+06
   3.8400000000000000E+04   3.4244100300994469E+03   4.0583458259153713E+03   2.1922472659853105E+04  -1.6805153474122256E-01   1.6381722160931726E+06
   3.8500000000000000E+04   3.4222869581402992E+03   4.0567435030780430E+03   2.1882255757116793E+04  -1.7077874287384412E-01   1.6374949605887050E+06
   3.8600000000000000E+04   3.4158547859638793E+03   4.0551007193346641E+03   2.1668710705227833E+04  -1.7350885510086941E-01   1.6368029551034947E+06
   3.8700000000000000E+04   3.4106423680028702E+03   4.0534178279458793E+03   2.1507912857214793E+04  -1.7624184483162253E-01   1.6360962992665463E+06
   3.8800000000000000E+04   3.4098861633674060E+03   4.0516951806484226E+03   2.1526371494756062E+04  -1.7897768581252069E-01   1.6353751217744746E+06
   3.8900000000000000E+04   3.4040041845406731E+03   4.0499331276602575E+03   2.1342888347879976E+04  -1.8171635200809980E-01   1.6346395274859115E+06
   3.9000000000000000E+04   3.4000845866222580E+03   4.0481320176604881E+03   2.1239172657174695E+04  -1.8445781768033073E-01   1.6338896267797376E+06
   3.9100000000000000E+04   3.3963289682192026E+03   4.0462921977800324E+03   2.1143564405151490E+04  -1.8720205738861928E-01   1.6331255475502112E+06
   3.9200000000000000E+04   3.3874922479980396E+03   4.0444140136049527E+03   2.0855483614740559E+04  -1.8994904589066092E-01   1.6323473876437943E+06
   3.9300000000000000E+04   3.3879103831909342E+03   4.0424978091503517E+03   2.0922522734948121E+04  -1.9269875828124403E-01   1.6315552743562970E+06
   3.9400000000000000E+04   3.3814135606370705E+03   4.0405439268668874E+03   2.0728448766224352E+04  -1.9545116987327613E-01   1.6307493107583849E+06
   3.9500000000000000E+04   3.3793066565791605E+03   4.0385527076253547E+03   2.0701691009246329E+04  -1.9820625625727034E-01   1.6299296235630589E+06
   3.9600000000000000E+04   3.3765245793096369E+03   4.0365244907138995E+03   2.0650645435515078E+04  -2.0096399326168751E-01   1.6290963090627862E+06
   3.9700000000000000E+04   3.3697288388073475E+03   4.0344596138258694E+03   2.0451941478614070E+04  -2.0372435699259481E-01   1.6282494872435196E+06
   3.9800000000000000E+04   3.3663457870243828E+03   4.0323584130576392E+03   2.0381464592371121E+04  -2.0648732379400694E-01   1.6273892595744848E+06
   3.9900000000000000E+04   3.3658887206585096E+03   4.0302212228948947E+03   2.0419407616268687E+04  -2.0925287030737366E-01   1.6265157635893293E+06
   4.0000000000000000E+04   3.3640325765028115E+03   4.0280483762227113E+03   2.0406872792873954E+04  -2.1202097333277639E-01   1.6256290817310147E+06
   4.0100000000000000E+04   3.3567456284280765E+03   4.0258402042984512E+03   2.0197027436591958E+04  -2.1479161000738967E-01   1.6247293447444474E+06
   4.0200000000000000E+04   3.3490280464988559E+03   4.0235970367646937E+03   1.9975924654681028E+04  -2.1756475764684874E-01   1.6238166524764637E+06
   4.0300000000000000E+04   3.3410891202633470E+03   4.0213192016299449E+03   1.9751531432834439E+04  -2.2034039386422385E-01   1.6228911227284353E+06
   4.0400000000000000E+04   3.3366961200949622E+03   4.0190070252750047E+03   1.9654097635052349E+04  -2.2311849647087506E-01   1.6219528544450640E+06
   4.0500000000000000E+04   3.3334693172058110E+03   4.0166608324412464E+03   1.9598334206406380E+04  -2.2589904353593926E-01   1.6210019708020405E+06
   4.0600000000000000E+04   3.3295722912844635E+03   4.0142809462283781E+03   1.9520475623443082E+04  -2.2868201336650126E-01   1.6200385760726116E+06
   4.0700000000000000E+04   3.3254464209503362E+03   4.0118676880945727E+03   1.9435952356495134E+04  -2.3146738446793588E-01   1.6190627678255914E+06
   4.0800000000000000E+04   3.3254322833206270E+03   4.0094213778413887E+03   1.9493087527442887E+04  -2.3425513564305259E-01   1.6180746742760325E+06
   4.0900000000000000E+04   3.3135911741593513E+03   4.0069423336233258E+03   1.9149558734890390E+04  -2.3704524587312198E-01   1.6170743921261001E+06
   4.1000000000000000E+04   3.3111959895440241E+03   4.0044308719398268E+03   1.9126930540120939E+04  -2.3983769435753347E-01   1.6160620300587865E+06
   4.1100000000000000E+04   3.3052417150052570E+03   4.0018873076255977E+03   1.8986992823943387E+04  -2.4263246057328214E-01   1.6150376963174073E+06
   4.1200000000000000E+04   3.2968747719594744E+03   3.9993119538584629E+03   1.8770690142322186E+04  -2.4542952417582425E-01   1.6140014987006581E+06
   4.1300000000000000E+04   3.2906692304930389E+03   3.9967051221480128E+03   1.8627713865902773E+04  -2.4822886507839279E-01   1.6129535445569667E+06
   4.1400000000000000E+04   3.2872240358310769E+03   3.9940671223437321E+03   1.8574693161486997E+04  -2.5103046335285262E-01   1.6118939344451143E+06
   4.1500000000000000E+04   3.2871454406022390E+03   3.9913982626200304E+03   1.8630108663260238E+04  -2.5383429934867463E-01   1.6108227811013863E+06
   4.1600000000000000E+04   3.2863879160346555E+03   3.9886988494847656E+03   1.8664684081241412E+04  -2.5664035359379084E-01   1.6097401904939986E+06
   4.1700000000000000E+04   3.2824804054372757E+03   3.9859691877690898E+03   1.8598542129073379E+04  -2.5944860687390936E-01   1.6086462681214567E+06
   4.1800000000000000E+04   3.2752235381529117E+03   3.9832095806403067E+03   1.8426778203246289E+04  -2.6225904009371304E-01   1.6075410998178325E+06
   4.1900000000000000E+04   3.2721971707663729E+03   3.9804203295778884E+03   1.8390700697733158E+04  -2.6507163449497700E-01   1.6064248220514299E+06
   4.2000000000000000E+04   3.2634160707783190E+03   3.9776017343989142E+03   1.8175343029692827E+04  -2.6788637139879262E-01   1.6052975132676193E+06
   4.2100000000000000E+04   3.2596702686065391E+03   3.9747540932367001E+03   1.8118697831609908E+04  -2.7070323240385724E-01   1.6041592833940843E+06
   4.2200000000000000E+04   3.2557715547452517E+03   3.9718777025482282E+03   1.8058113985695476E+04  -2.7352219930715777E-01   1.6030102419294911E+06
   4.2300000000000000E+04   3.2493018379799028E+03   3.9689728571135834E+03   1.7919841784147189E+04  -2.7634325410397137E-01   1.6018504914658174E+06
   4.2400000000000000E+04   3.2445855718445846E+03   3.9660398500414340E+03   1.7836411902590462E+04  -2.7916637892837792E-01   1.6006801146306968E+06
   4.2500000000000000E+04   3.2396500505699000E+03   3.9630789727531414E+03   1.7747409041575698E+04  -2.8199155621189215E-01   1.5994992388955010E+06
   4.2600000000000000E+04   3.2317786328207226E+03   3.9600905150004496E+03   1.7572328865638690E+04  -2.8481876850500243E-01   1.5983079523550116E+06
   4.2700000000000000E+04   3.2273606843301345E+03   3.9570747648558659E+03   1.7501248587460144E+04  -2.8764799857631695E-01   1.5971063620772397E+06
   4.2800000000000000E+04   3.2220665703677732E+03   3.9540320087150067E+03   1.7405404252708740E+04  -2.9047922939273280E-01   1.5958945615807378E+06
   4.2900000000000000E+04   3.2238606566994818E+03   3.9509625313009542E+03   1.7517975273734959E+04  -2.9331244407977941E-01   1.5946726569379759E+06
   4.3000000000000000E+04   3.2161565596414048E+03   3.9478666156592408E+03   1.7352443099719094E+04  -2.9614762598110556E-01   1.5934407406058437E+06
   4.3100000000000000E+04   3.2090339807159817E+03   3.9447445431625656E+03   1.7206249210499423E+04  -2.9898475861881996E-01   1.5921989176492889E+06
   4.3200000000000000E+04   3.2044384319065780E+03   3.9415965935136601E+03   1.7134184039679072E+04  -3.0182382567366389E-01   1.5909472728441991E+06
   4.3300000000000000E+04   3.2016484327609792E+03   3.9384230447409150E+03   1.7114387173112678E+04  -3.0466481104449755E-01   1.5896859234394659E+06
   4.3400000000000000E+04   3.1945375791325241E+03   3.9352241732053167E+03   1.6972389677650393E+04  -3.0750769878881273E-01   1.5884149664191629E+06
   4.3500000000000000E+04   3.1912718280116856E+03   3.9320002536001043E+03   1.6940191848423907E+04  -3.1035247314256242E-01   1.5871344849315889E+06
   4.3600000000000000E+04   3.1869362348628879E+03   3.9287515589524178E+03   1.6878433613334724E+04  -3.1319911852015997E-01   1.5858445814771436E+06
   4.3700000000000000E+04   3.1800217471106421E+03   3.9254783606269129E+03   1.6745584287895454E+04  -3.1604761949465177E-01   1.5845453580802383E+06
   4.3800000000000000E+04   3.1740801798218145E+03   3.9221809283258913E+03   1.6641230170091843E+04  -3.1889796081754396E-01   1.5832368961977430E+06
   4.3900000000000000E+04   3.1671589020830261E+03   3.9188595300878842E+03   1.6511428066347882E+04  -3.2175012745846221E-01   1.5819193034754123E+06
   4.4000000000000000E+04   3.1611254106831238E+03   3.9155144323022873E+03   1.6407227323220162E+04  -3.2460410446634785E-01   1.5805926736835912E+06
   4.4100000000000000E+04   3.1611901864955094E+03   3.9121458996958004E+03   1.6468397548443103E+04  -3.2745987714791924E-01   1.5792571000505334E+06
   4.4200000000000000E+04   3.1627445396710441E+03   3.9087541953507402E+03   1.6571355201828253E+04  -3.3031743088921095E-01   1.5779126752605375E+06
   4.4300000000000000E+04   3.1571884631409080E+03   3.9053395806936828E+03   1.6480484730337776E+04  -3.3317675131420493E-01   1.5765594914525368E+06
   4.4400000000000000E+04   3.1504254178947608E+03   3.9019023155103596E+03   1.6357990873612034E+04  -3.3603782414602817E-01   1.5751976470007508E+06
   4.4500000000000000E+04   3.1390592881258981E+03   3.8984426579381829E+03   1.6114973175738749E+04  -3.3890063532592712E-01   1.5738272261951321E+06
   4.4600000000000000E+04   3.1378309537107580E+03   3.8949608644795021E+03   1.6142181929712138E+04  -3.4176517089429215E-01   1.5724483263403827E+06
   4.4700000000000000E+04   3.1275594291810821E+03   3.8914571899961757E+03   1.5932450979880630E+04  -3.4463141708980455E-01   1.5710610374224610E+06
   4.4800000000000000E+04   3.1160129962928854E+03   3.8879318877178903E+03   1.5694454981488800E+04  -3.4749936028994804E-01   1.5696654488753995E+06
   4.4900000000000000E+04   3.1195834948705810E+03   3.8843852092421521E+03   1.5844190407481214E+04  -3.5036898705066705E-01   1.5682616564330137E+06
   4.5000000000000000E+04   3.1164295124220580E+03   3.8808174045443434E+03   1.5822194485922515E+04  -3.5324028402705171E-01   1.5668497415973921E+06
   4.5100000000000000E+04   3.1079117353201800E+03   3.8772287219746145E+03   1.5663354448922473E+04  -3.5611323805265244E-01   1.5654297990216378E+06
   4.5200000000000000E+04   3.1052098183131657E+03   3.8736194082616094E+03   1.5653632094505010E+04  -3.5898783613948032E-01   1.5640019297533296E+06
   4.5300000000000000E+04   3.1000158760433983E+03   3.8699897085243292E+03   1.5581087344091125E+04  -3.6186406537886373E-01   1.5625661929442182E+06
   4.5400000000000000E+04   3.0916678162647777E+03   3.8663398662646255E+03   1.5430321167872464E+04  -3.6474191308024784E-01   1.5611227092672538E+06
   4.5500000000000000E+04   3.0882482725988198E+03   3.8626701233824415E+03   1.5403599890788593E+04  -3.6762136663239575E-01   1.5596715436261538E+06
   4.5600000000000000E+04   3.0808440208447300E+03   3.8589807201718054E+03   1.5278700630079282E+04  -3.7050241360253050E-01   1.5582127880000926E+06
   4.5700000000000000E+04   3.0760315017413841E+03   3.8552718953281747E+03   1.5218587095083454E+04  -3.7338504169667797E-01   1.5567465338645366E+06
   4.5800000000000000E+04   3.0735013341874442E+03   3.8515438859542228E+03   1.5214753030256114E+04  -3.7626923873983831E-01   1.5552728652135194E+06
   4.5900000000000000E+04   3.0707943901869717E+03   3.8477969275609898E+03   1.5206891421057613E+04  -3.7915499271564379E-01   1.5537918654821937E+06
   4.6000000000000000E+04   3.0625921082673872E+03   3.8440312540738751E+03   1.5065408286540052E+04  -3.8204229174652932E-01   1.5523036315539174E+06
   4.6100000000000000E+04   3.0557120952321543E+03   3.8402470978401607E+03   1.4957509182561744E+04  -3.8493112405407431E-01   1.5508082317904602E+06
   4.6200000000000000E+04   3.0487705589731941E+03   3.8364446896289396E+03   1.4849338280454103E+04  -3.8782147801849076E-01   1.5493057549788957E+06
   4.6300000000000000E+04   3.0455502275167446E+03   3.8326242586388180E+03   1.4830180162650146E+04  -3.9071334213896486E-01   1.5477962823559544E+06
   4.6400000000000000E+04   3.0412849553190968E+03   3.8287860324981029E+03   1.4786556736512870E+04  -3.9360670509314277E-01   1.5462799087141962E+06
   4.6500000000000000E+04   3.0324812210488190E+03   3.8249302372786415E+03   1.4636940520859182E+04  -3.9650155561815831E-01   1.5447567071800132E+06
   4.6600000000000000E+04   3.0253288091230474E+03   3.8210570974945954E+03   1.4527514337855024E+04  -3.9939788258994785E-01   1.5432267573510625E+06
   4.6700000000000000E+04   3.0210077529815776E+03   3.8171668361044481E+03   1.4484153796328688E+04  -4.0229567506290931E-01   1.5416901453639045E+06
   4.6800000000000000E+04   3.0188217489098115E+03   3.8132596745234387E+03   1.4490183397023173E+04  -4.0519492217075548E-01   1.5401469568481683E+06
   4.6900000000000000E+04   3.0136380963610140E+03   3.8093358326241619E+03   1.4427538327484577E+04  -4.0809561318600318E-01   1.5385972769275869E+06
   4.7000000000000000E+04   3.0061050305492922E+03   3.8053955287460685E+03   1.4311966260078178E+04  -4.1099773746048440E-01   1.5370411616723589E+06
   4.7100000000000000E+04   3.0006051241706623E+03   3.8014389796919413E+03   1.4243425403463907E+04  -4.1390128454432179E-01   1.5354787164873122E+06
   4.7200000000000000E+04   2.9958349462063688E+03   3.7974664007447491E+03   1.4191786619634147E+04  -4.1680624402729499E-01   1.5339100106132308E+06
   4.7300000000000000E+04   2.9921791709246531E+03   3.7934780056628497E+03   1.4165459104422300E+04  -4.1971260567764540E-01   1.5323351198586633E+06
   4.7400000000000000E+04   2.9833085578390956E+03   3.7894740066925442E+03   1.4023387196701622E+04  -4.2262035934293041E-01   1.5307541266637365E+06
   4.7500000000000000E+04   2.9793603741862553E+03   3.7854546145706217E+03   1.3991209602929883E+04  -4.2552949498968040E-01   1.5291670985613312E+06
   4.7600000000000000E+04   2.9729165483471688E+03   3.7814200385284603E+03   1.3904511662988714E+04  -4.2844000272322980E-01   1.5275741313360352E+06
   4.7700000000000000E+04   2.9671313679321474E+03   3.7773704863003777E+03   1.3832897232578774E+04  -4.3135187274805725E-01   1.5259752914626198E+06
   4.7800000000000000E+04   2.9621175550840312E+03   3.7733061641305781E+03   1.3778517480188915E+04  -4.3426509534795776E-01   1.5243706520507801E+06
   4.7900000000000000E+04   2.9545553611502637E+03   3.7692272767732343E+03   1.3669785891009016E+04  -4.3717966096535765E-01   1.5227603001632851E+06
   4.8000000000000000E+04   2.9545153212978626E+03   3.7651340275037242E+03   1.3723031661910154E+04  -4.4009556012200035E-01   1.5211443006160359E+06
   4.8100000000000000E+04   2.9504454783316869E+03   3.7610266181229440E+03   1.3689812696830828E+04  -4.4301278343877282E-01   1.5195227321788808E+06
   4.8200000000000000E+04   2.9444530845116187E+03   3.7569052489603851E+03   1.3615609303010084E+04  -4.4593132167536631E-01   1.5178956658320648E+06
   4.8300000000000000E+04   2.9394990466084582E+03   3.7527701188840201E+03   1.3564068073556842E+04  -4.4885116567078703E-01   1.5162631793094205E+06
   4.8400000000000000E+04   2.9326272546822702E+03   3.7486214253047942E+03   1.3472289086266283E+04  -4.5177230636318649E-01   1.5146253425308473E+06
   4.8500000000000000E+04   2.9254591488439505E+03   3.7444593641798647E+03   1.3375164864787585E+04  -4.5469473482951944E-01   1.5129822321982193E+06
   4.8600000000000000E+04   2.9213154029010698E+03   3.7402841300238806E+03   1.3341839899860624E+04  -4.5761844220622722E-01   1.5113339245167673E+06
   4.8700000000000000E+04   2.9208525876050589E+03   3.7360959159109530E+03   1.3385678906696436E+04  -4.6054341974872498E-01   1.5096804878430075E+06
   4.8800000000000000E+04   2.9149908867653344E+03   3.7318949134820123E+03   1.3316667940650108E+04  -4.6346965881157309E-01   1.5080219826242183E+06
   4.8900000000000000E+04   2.9085841480987224E+03   3.7276813129508573E+03   1.3236860339969518E+04  -4.6639715084847683E-01   1.5063584982278931E+06
   4.9000000000000000E+04   2.9007993979731832E+03   3.7234553031115229E+03   1.3129422440394008E+04  -4.6932588739245751E-01   1.5046900940663773E+06
   4.9100000000000000E+04   2.8962352256872327E+03   3.7192170713418209E+03   1.3088657484819494E+04  -4.7225586009551013E-01   1.5030168437683827E+06
   4.9200000000000000E+04   2.8888049067857273E+03   3.7149668036120611E+03   1.2989965250208741E+04  -4.7518706068894612E-01   1.5013388130577586E+06
   4.9300000000000000E+04   2.8855281119103965E+03   3.7107046844899482E+03   1.2975820009796873E+04  -4.7811948100322110E-01   1.4996560819752831E+06
   4.9400000000000000E+04   2.8812707104607643E+03   3.7064308971480505E+03   1.2942009268736852E+04  -4.8105311294810787E-01   1.4979687003653820E+06
   4.9500000000000000E+04   2.8778748179451591E+03   3.7021456233662739E+03   1.2925741870001653E+04  -4.8398794857218025E-01   1.4962767546988903E+06
   4.9600000000000000E+04   2.8719735785637163E+03   3.6978490435456424E+03   1.2859232657810706E+04  -4.8692397994384334E-01   1.4945803086670307E+06
   4.9700000000000000E+04   2.8657500683912267E+03   3.6935413367070719E+03   1.2786757656684384E+04  -4.8986119927030330E-01   1.4928794179538137E+06
   4.9800000000000000E+04   2.8567917043445732E+03   3.6892226805026662E+03   1.2660918503756237E+04  -4.9279959881825436E-01   1.4911741601277203E+06
   4.9900000000000000E+04   2.8513383532209500E+03   3.6848932512183455E+03   1.2604901584726504E+04  -4.9573917097336412E-01   1.4894646048252154E+06
   5.0000000000000000E+04   2.8434645317268087E+03   3.6805532237851071E+03   1.2502286374496682E+04  -4.9867990816095864E-01   1.4877508061791214E+06


