#Te   kappa_tot   kappa_e_ph  kappa_e_e mu Ce
#[K]  [W/(K*m)]   [W/(K*m)]   [W/(K*m)]   [eV]  [J/(m^3*K)]
   3.0000000000000000E+02   4.0526892294595090E-01   4.0714204296056461E-01   8.8089399477520530E+01   5.3847012635609905E+00   1.7674049595143981E+02
   4.0000000000000000E+02   2.4906531797109550E+00   2.5069182542792325E+00   3.8388166590233664E+02   5.3816837917474851E+00   5.6926981552619668E+02
   5.0000000000000000E+02   7.8396720826949382E+00   7.9125460560688676E+00   8.5121976402337543E+02   5.3785918767554186E+00   1.3011135377668711E+03
   6.0000000000000000E+02   1.7451219659663959E+01   1.7677320763138098E+01   1.3643931979621850E+03   5.3753755725742796E+00   2.3951409506258492E+03
   7.0000000000000000E+02   3.1626970135533643E+01   3.2181753371591945E+01   1.8346108653605406E+03   5.3719949947250916E+00   3.8336555890000254E+03
   8.0000000000000000E+02   5.0276036712606206E+01   5.1437565831294137E+01   2.2264417710530488E+03   5.3684211111422009E+00   5.5867558275244601E+03
   9.0000000000000000E+02   7.3181696527286803E+01   7.5353615486047602E+01   2.5390014661873647E+03   5.3646340131754320E+00   7.6265915858749295E+03
   1.0000000000000000E+03   1.0007779987127209E+02   1.0383640828670650E+02   2.7647783805293479E+03   5.3606228764139052E+00   9.9320980598251481E+03
   1.1000000000000000E+03   1.3076189292351953E+02   1.3680579724955845E+02   2.9598392109207457E+03   5.3563875732454997E+00   1.2489074187743990E+04
   1.2000000000000000E+03   1.6496110257921347E+02   1.7419429625473322E+02   3.1121716042172570E+03   5.3519407241212882E+00   1.5288671513533187E+04
   1.3000000000000000E+03   2.0244461153427102E+02   2.1595169557684557E+02   3.2366909825556004E+03   5.3473090942713135E+00   1.8325815764159077E+04
   1.4000000000000000E+03   2.4294281417489853E+02   2.6205449299411333E+02   3.3311702544497716E+03   5.3425336447358029E+00   2.1598127932572806E+04
   1.5000000000000000E+03   2.8633726952027342E+02   3.1251499995972256E+02   3.4183517925505262E+03   5.3376679606852191E+00   2.5105435856874261E+04
   1.6000000000000000E+03   3.3230048101741772E+02   3.6738643478587807E+02   3.4795317181419996E+03   5.3327751417177804E+00   2.8849744923145216E+04
   1.7000000000000000E+03   3.8096933490407298E+02   4.2676271905595542E+02   3.5503711344276721E+03   5.3279235433071754E+00   3.2835457681335560E+04
   1.8000000000000000E+03   4.3219210290810810E+02   4.9077348819580510E+02   3.6207478685117158E+03   5.3231819654233599E+00   3.7069606708661442E+04
   1.9000000000000000E+03   4.8603695948204523E+02   5.5957575015266696E+02   3.6983814082863191E+03   5.3186149679479149E+00   4.1561906298818620E+04
   2.0000000000000000E+03   5.4234069502269983E+02   6.3334384607930383E+02   3.7744642650598962E+03   5.3142789255311369E+00   4.6324494267231166E+04
   2.1000000000000000E+03   6.0095454151446620E+02   7.1225915696466461E+02   3.8456210767351154E+03   5.3102192500353942E+00   5.1371349221647783E+04
   2.2000000000000000E+03   6.6171730356914168E+02   7.9650060997569608E+02   3.9104118304866265E+03   5.3064689540981167E+00   5.6717450256117903E+04
   2.3000000000000000E+03   7.2467170676666581E+02   8.8623662912376722E+02   3.9750621685489159E+03   5.3030484819588732E+00   6.2377812970764164E+04
   2.4000000000000000E+03   7.8971556932171779E+02   9.8161882426092689E+02   4.0395337166308091E+03   5.2999665586625611E+00   6.8366549425087374E+04
   2.5000000000000000E+03   8.5612473852432504E+02   1.0827774546177664E+03   4.0899248029858231E+03   5.2972217194290714E+00   7.4696062380472664E+04
   2.6000000000000000E+03   9.2486930817685993E+02   1.1898185315480735E+03   4.1533491894297613E+03   5.2948041849997143E+00   8.1376445070823305E+04
   2.7000000000000000E+03   9.9646122238918372E+02   1.3028223317033796E+03   4.2375219756554179E+03   5.2926978075007280E+00   8.8415108816481894E+04
   2.8000000000000000E+03   1.0679014027934400E+03   1.4218430583876441E+03   4.2899392388702581E+03   5.2908818930551487E+00   9.5816612990136360E+04
   2.9000000000000000E+03   1.1411516767289077E+03   1.5469093913806869E+03   4.3505229401163888E+03   5.2893327909728152E+00   1.0358266716649198E+05
   3.0000000000000000E+03   1.2154557275211926E+03   1.6780256909297734E+03   4.4092053058075071E+03   5.2880252038697479E+00   1.1171225648590953E+05
   3.1000000000000000E+03   1.2882550255216956E+03   1.8151736542608930E+03   4.4378893718209938E+03   5.2869332183762614E+00   1.2020185252314678E+05
   3.2000000000000000E+03   1.3632584814073659E+03   1.9583142553125219E+03   4.4864509091231148E+03   5.2860310833460824E+00   1.2904567128490025E+05
   3.3000000000000000E+03   1.4379228481075806E+03   2.1073898316423433E+03   4.5263830230856538E+03   5.2852937724262290E+00   1.3823595462639804E+05
   3.4000000000000000E+03   1.5129452482276970E+03   2.2623262065906679E+03   4.5674708517806830E+03   5.2846973736384921E+00   1.4776325627084656E+05
   3.5000000000000000E+03   1.5889990807790530E+03   2.4230347631778745E+03   4.6163492673497294E+03   5.2842193425937900E+00   1.5761671837712100E+05
   3.6000000000000000E+03   1.6636310117903063E+03   2.5894144053659002E+03   4.6531728015831131E+03   5.2838386530990098E+00   1.6778433309553415E+05
   3.7000000000000000E+03   1.7371920692928879E+03   2.7613533625262435E+03   4.6838336828287456E+03   5.2835358721027186E+00   1.7825318398655838E+05
   3.8000000000000000E+03   1.8097650249755457E+03   2.9387308113602662E+03   4.7108710506178686E+03   5.2832931793173366E+00   1.8900966375850738E+05
   3.9000000000000000E+03   1.8839018035909517E+03   3.1214183012938815E+03   4.7518118574456139E+03   5.2830943485848811E+00   2.0003966990305306E+05
   4.0000000000000000E+03   1.9555811190195132E+03   3.3092809826656448E+03   4.7806515912621799E+03   5.2829247028073576E+00   2.1132877702938602E+05
   4.1000000000000000E+03   2.0256642942289575E+03   3.5021786465077912E+03   4.8047201338021341E+03   5.2827710509241976E+00   2.2286238709739051E+05
   4.2000000000000000E+03   2.0900200141542732E+03   3.6999665896049069E+03   4.8032676002381450E+03   5.2826216139204059E+00   2.3462585884677712E+05
   4.3000000000000000E+03   2.1563973316099969E+03   3.9024963246207785E+03   4.8195049047703715E+03   5.2824659440214399E+00   2.4660461812581692E+05
   4.4000000000000000E+03   2.2182598160854914E+03   4.1096161561008339E+03   4.8199253550181093E+03   5.2822948406517876E+00   2.5878425018674834E+05
   4.5000000000000000E+03   2.2842860856881816E+03   4.3211716443671094E+03   4.8460220158367920E+03   5.2821002655078564E+00   2.7115057556851557E+05
   4.6000000000000000E+03   2.3476471703282400E+03   4.5370059803550112E+03   4.8650267844458540E+03   5.2818752577670942E+00   2.8368971176231833E+05
   4.7000000000000000E+03   2.4078846790658786E+03   4.7569602906007885E+03   4.8760507096568554E+03   5.2816138511366990E+00   2.9638812163358141E+05
   4.8000000000000000E+03   2.4658760146607578E+03   4.9808738905950204E+03   4.8835895952022302E+03   5.2813109935595062E+00   3.0923265061109362E+05
   4.9000000000000000E+03   2.5221069869390249E+03   5.2085845041404664E+03   4.8899003568210319E+03   5.2809624694407553E+00   3.2221055376363074E+05
   5.0000000000000000E+03   2.5765665584442690E+03   5.4399284599738112E+03   4.8950632970322586E+03   5.2805648256902895E+00   3.3530951410576026E+05
   5.1000000000000000E+03   2.6274932905352425E+03   5.6747408787183522E+03   4.8930528789912587E+03   5.2801153009329260E+00   3.4851765380118915E+05
   5.2000000000000000E+03   2.6720014096544946E+03   5.9128558568892877E+03   4.8749980728608134E+03   5.2796117587386027E+00   3.6182353981954843E+05
   5.3000000000000000E+03   2.7239953135822952E+03   6.1541066552987349E+03   4.8872342668418232E+03   5.2790526244976723E+00   3.7521618428126100E+05
   5.4000000000000000E+03   2.7692100035983399E+03   6.3983258952308570E+03   4.8822657100060842E+03   5.2784368262818830E+00   3.8868503918047453E+05
   5.5000000000000000E+03   2.8113231436438246E+03   6.6453457656393057E+03   4.8727449445078664E+03   5.2777637393845662E+00   4.0221999314725085E+05
   5.6000000000000000E+03   2.8496688132378576E+03   6.8949982411887922E+03   4.8570732755374238E+03   5.2770331349146673E+00   4.1581135877218365E+05
   5.7000000000000000E+03   2.8936287472031604E+03   7.1471153121988100E+03   4.8621520277390409E+03   5.2762451319336847E+00   4.2944986206159455E+05
   5.8000000000000000E+03   2.9311986014349113E+03   7.4015292251923747E+03   4.8531873678568854E+03   5.2754001531355010E+00   4.4312663424226374E+05
   5.9000000000000000E+03   2.9652753176253000E+03   7.6580727309283211E+03   4.8389674749709493E+03   5.2744988844097591E+00   4.5683319452429132E+05
   6.0000000000000000E+03   3.0007683691589054E+03   7.9165793400827915E+03   4.8325334347005246E+03   5.2735422373689822E+00   4.7056143948478880E+05
   6.1000000000000000E+03   3.0344741167800921E+03   8.1768835818357111E+03   4.8250808796176225E+03   5.2725313154526887E+00   4.8430363009960938E+05
   6.2000000000000000E+03   3.0663919975374715E+03   8.4388212646904867E+03   4.8165797459458563E+03   5.2714673828249081E+00   4.9805237807668489E+05
   6.3000000000000000E+03   3.0993665559742390E+03   8.7022297353770973E+03   4.8138601533915889E+03   5.2703518364057951E+00   5.1180063424642215E+05
   6.4000000000000000E+03   3.1250843989662612E+03   8.9669481340680977E+03   4.7968372750185945E+03   5.2691861806285578E+00   5.2554167501505674E+05
   6.5000000000000000E+03   3.1515396388632034E+03   9.2328176443545526E+03   4.7847822050404620E+03   5.2679720045128668E+00   5.3926909419748967E+05
   6.6000000000000000E+03   3.1732326189039031E+03   9.4996817338631190E+03   4.7648687912183368E+03   5.2667109614976519E+00   5.5297678824927961E+05
   6.7000000000000000E+03   3.1938117670666061E+03   9.7673863850375601E+03   4.7455449101828326E+03   5.2654047514200624E+00   5.6665894742428872E+05
   6.8000000000000000E+03   3.2195351955402111E+03   1.0035780315284788E+04   4.7402268216815210E+03   5.2640551042317956E+00   5.8031004759543436E+05
   6.9000000000000000E+03   3.2454649880972456E+03   1.0304715182327032E+04   4.7375558899857697E+03   5.2626637661341507E+00   5.9392483896919643E+05
   7.0000000000000000E+03   3.2650224484872656E+03   1.0574045776751955E+04   4.7235444849269497E+03   5.2612324870416378E+00   6.0749833968850679E+05
   7.1000000000000000E+03   3.2825673725629736E+03   1.0843630198609138E+04   4.7076644526053014E+03   5.2597630099192667E+00   6.2102582526667404E+05
   7.2000000000000000E+03   3.2987711182948756E+03   1.1113330018675562E+04   4.6912861699590594E+03   5.2582570614824409E+00   6.3450282314442005E+05
   7.3000000000000000E+03   3.3093943851672975E+03   1.1383010424137781E+04   4.6659230018010658E+03   5.2567163440892122E+00   6.4792510507552535E+05
   7.4000000000000000E+03   3.3292821156790101E+03   1.1652540346925178E+04   4.6609864912767116E+03   5.2551425291654814E+00   6.6128867834415229E+05
   7.5000000000000000E+03   3.3386557009444318E+03   1.1921792576948477E+04   4.6373209850332214E+03   5.2535372513796803E+00   6.7458978170885076E+05
   7.6000000000000000E+03   3.3498175846165623E+03   1.2190643858760523E+04   4.6190742697099331E+03   5.2519021039416334E+00   6.8782487962540507E+05
   7.7000000000000000E+03   3.3590102318606646E+03   1.2458974972512682E+04   4.5988996225679302E+03   5.2502386347530594E+00   7.0099065320294374E+05
   7.8000000000000000E+03   3.3693707801834780E+03   1.2726670799069907E+04   4.5826117184285313E+03   5.2485483434778928E+00   7.1408399598090898E+05
   7.9000000000000000E+03   3.3720210157146776E+03   1.2993620371702666E+04   4.5537918741473786E+03   5.2468326788851103E+00   7.2710201242124999E+05
   8.0000000000000000E+03   3.3792974107897435E+03   1.3259716911551555E+04   4.5350834570896786E+03   5.2450930373838665E+00   7.4004200189241045E+05
   8.1000000000000000E+03   3.3978749911079990E+03   1.3524857851209385E+04   4.5379533949813522E+03   5.2433307615927411E+00   7.5290146676567418E+05
   8.2000000000000000E+03   3.4010090263113616E+03   1.3788944844241594E+04   4.5144990015850071E+03   5.2415471397265270E+00   7.6567809407888260E+05
   8.3000000000000000E+03   3.4034947975964778E+03   1.4051883763715414E+04   4.4913379327527509E+03   5.2397434050511666E+00   7.7836976220763917E+05
   8.4000000000000000E+03   3.4146513916585641E+03   1.4313584687792640E+04   4.4844665570281504E+03   5.2379207361563038E+00   7.9097452498580585E+05
   8.5000000000000000E+03   3.4187987345405959E+03   1.4573961876431622E+04   4.4665812401503699E+03   5.2360802570233966E+00   8.0349061549240851E+05
   8.6000000000000000E+03   3.4216978891825129E+03   1.4832933736519619E+04   4.4477056416704454E+03   5.2342230378773777E+00   8.1591643275465514E+05
   8.7000000000000000E+03   3.4245039522557204E+03   1.5090422779937984E+04   4.4297593026690374E+03   5.2323500956635858E+00   8.2825054580886755E+05
   8.8000000000000000E+03   3.4227399816223979E+03   1.5346355571247361E+04   4.4052564753602655E+03   5.2304623953422791E+00   8.4049167851393390E+05
   8.9000000000000000E+03   3.4244497630636274E+03   1.5600662669471392E+04   4.3875452895532508E+03   5.2285608508424932E+00   8.5263871357264428E+05
   9.0000000000000000E+03   3.4204948868363949E+03   1.5853278562081185E+04   4.3615379851868984E+03   5.2266463264417204E+00   8.6469067763644946E+05
   9.1000000000000000E+03   3.4258897109268651E+03   1.6104141593531622E+04   4.3516261941669536E+03   5.2247196380433918E+00   8.7664674924200738E+05
   9.2000000000000000E+03   3.4254830552110966E+03   1.6353193887681187E+04   4.3331405913053150E+03   5.2227815547439356E+00   8.8850623992005212E+05
   9.3000000000000000E+03   3.4244874065087797E+03   1.6600381266158776E+04   4.3145305506214136E+03   5.2208328002294779E+00   9.0026859862588486E+05
   9.4000000000000000E+03   3.4231147953138061E+03   1.6845653161871636E+04   4.2961027937009740E+03   5.2188740544280634E+00   9.1193340329546377E+05
   9.5000000000000000E+03   3.4211320099317295E+03   1.7088962529437911E+04   4.2774598823527276E+03   5.2169059550256005E+00   9.2350035349217488E+05
   9.6000000000000000E+03   3.4180996773123102E+03   1.7330265752240830E+04   4.2578974011978444E+03   5.2149290991010462E+00   9.3496927021388407E+05
   9.7000000000000000E+03   3.4111948527729191E+03   1.7569522547071163E+04   4.2330610063773829E+03   5.2129440447275082E+00   9.4634008736233879E+05
   9.8000000000000000E+03   3.4023007618975757E+03   1.7806695866907565E+04   4.2059201009965636E+03   5.2109513125052436E+00   9.5761284820269083E+05
   9.9000000000000000E+03   3.3966307748532076E+03   1.8041751801640596E+04   4.1844085337107408E+03   5.2089513872308792E+00   9.6878769742022036E+05
   1.0000000000000000E+04   3.3890895220237676E+03   1.8274659478072830E+04   4.1607044364814928E+03   5.2069447193963523E+00   9.7986488395560277E+05
   1.0100000000000000E+04   3.3851830758218139E+03   1.8505390958741595E+04   4.1430737440959838E+03   5.2049317267900026E+00   9.9084474390836200E+05
   1.0200000000000000E+04   3.3801620130533888E+03   1.8733921140967766E+04   4.1243117121141659E+03   5.2029127958422006E+00   1.0017277091118281E+06
   1.0300000000000000E+04   3.3758444879943181E+03   1.8960227654797458E+04   4.1071102612459244E+03   5.2008882832775605E+00   1.0125142923429641E+06
   1.0400000000000000E+04   3.3705185291587982E+03   1.9184290761982258E+04   4.0889046920645010E+03   5.1988585174435125E+00   1.0232050841930385E+06
   1.0500000000000000E+04   3.3603522666799945E+03   1.9406093255159598E+04   4.0640883773581299E+03   5.1968237996900069E+00   1.0338007561945284E+06
   1.0600000000000000E+04   3.3647284453929019E+03   1.9625620357780615E+04   4.0609631643883204E+03   5.1947844056980701E+00   1.0443020447960627E+06
   1.0700000000000000E+04   3.3594803378694423E+03   1.9842859624635705E+04   4.0441765973065149E+03   5.1927405868935708E+00   1.0547097546131141E+06
   1.0800000000000000E+04   3.3532860357490599E+03   2.0057800844447240E+04   4.0264290372862570E+03   5.1906925714862435E+00   1.0650247535494724E+06
   1.0900000000000000E+04   3.3467802256361251E+03   2.0270435942597756E+04   4.0086311912926126E+03   5.1886405659004531E+00   1.0752479661482454E+06
   1.1000000000000000E+04   3.3427708778362457E+03   2.0480758886314234E+04   3.9947795696489829E+03   5.1865847558142297E+00   1.0853803658735270E+06
   1.1100000000000000E+04   3.3332658651377956E+03   2.0688765591269363E+04   3.9734468742137765E+03   5.1845253072323532E+00   1.0954229831377922E+06
   1.1200000000000000E+04   3.3300530095173699E+03   2.0894453829527745E+04   3.9614012211547506E+03   5.1824623676786672E+00   1.1053768888233770E+06
   1.1300000000000000E+04   3.3256485700492881E+03   2.1097823139847715E+04   3.9479662480596003E+03   5.1803960671669644E+00   1.1152431912498942E+06
   1.1400000000000000E+04   3.3188957473555593E+03   2.1298874739927745E+04   3.9315254387676191E+03   5.1783265191378245E+00   1.1250230431540422E+06
   1.1500000000000000E+04   3.3106104121838484E+03   2.1497611440556939E+04   3.9132463984116748E+03   5.1762538214124456E+00   1.1347176288375719E+06
   1.1600000000000000E+04   3.3033298698602625E+03   2.1694037561670590E+04   3.8966723562927064E+03   5.1741780571976177E+00   1.1443281606887185E+06
   1.1700000000000000E+04   3.2956755830049256E+03   2.1888158851370401E+04   3.8798620734074916E+03   5.1720992957329690E+00   1.1538558819620172E+06
   1.1800000000000000E+04   3.2876415458310130E+03   2.2079982406071606E+04   3.8628007031844281E+03   5.1700175933470200E+00   1.1633020525689463E+06
   1.1900000000000000E+04   3.2793660684080892E+03   2.2269516593981378E+04   3.8456723647243830E+03   5.1679329940363230E+00   1.1726679592942661E+06
   1.2000000000000000E+04   3.2715506856933453E+03   2.2456770980112815E+04   3.8294303307956670E+03   5.1658455303170978E+00   1.1819549038009881E+06
   1.2100000000000000E+04   3.2630220777449294E+03   2.2641756253888962E+04   3.8124549242390044E+03   5.1637552239236060E+00   1.1911641997128134E+06
   1.2200000000000000E+04   3.2565170165094573E+03   2.2824484159168351E+04   3.7984692285865403E+03   5.1616620864213303E+00   1.2002971753008869E+06
   1.2300000000000000E+04   3.2461092605025997E+03   2.3004967426384032E+04   3.7794004680540497E+03   5.1595661198712905E+00   1.2093551667401777E+06
   1.2400000000000000E+04   3.2377765070069818E+03   2.3183219706812055E+04   3.7633700776441478E+03   5.1574673175453922E+00   1.2183395133932771E+06
   1.2500000000000000E+04   3.2227320290931189E+03   2.3359255509852272E+04   3.7385113164793793E+03   5.1553656642841661E+00   1.2272515610120182E+06
   1.2600000000000000E+04   3.2232754808929112E+03   2.3533090141655372E+04   3.7348264230980822E+03   5.1532611372461972E+00   1.2360926551200605E+06
   1.2700000000000000E+04   3.2127390303904663E+03   2.3704739646654216E+04   3.7164327531596496E+03   5.1511537063339654E+00   1.2448641400026202E+06
   1.2800000000000000E+04   3.2030875840260737E+03   2.3874220751074630E+04   3.6994208033048735E+03   5.1490433347048317E+00   1.2535673579083751E+06
   1.2900000000000000E+04   3.1920228246443303E+03   2.4041550808627740E+04   3.6807154089981609E+03   5.1469299792650087E+00   1.2622036412459468E+06
   1.3000000000000000E+04   3.1806460494528069E+03   2.4206747748556885E+04   3.6617865593139768E+03   5.1448135910442758E+00   1.2707743202624547E+06
   1.3100000000000000E+04   3.1723968765393970E+03   2.4369830025518237E+04   3.6471761515367443E+03   5.1426941156899524E+00   1.2792807143119173E+06
   1.3200000000000000E+04   3.1630081340874654E+03   2.4530816571714080E+04   3.6312180810975815E+03   5.1405714938586513E+00   1.2877241301694841E+06
   1.3300000000000000E+04   3.1505779016132897E+03   2.4689726751124905E+04   3.6114197474766215E+03   5.1384456615569443E+00   1.2961058617126509E+06
   1.3400000000000000E+04   3.1457570443069449E+03   2.4846580315665498E+04   3.6017668121422303E+03   5.1363165504990542E+00   1.3044271949280275E+06
   1.3500000000000000E+04   3.1427009981656006E+03   2.5001397363103984E+04   3.5945380793427385E+03   5.1341840885497323E+00   1.3126893875631730E+06
   1.3600000000000000E+04   3.1335393794813381E+03   2.5154198297427920E+04   3.5794419784611473E+03   5.1320481998604865E+00   1.3208936960116266E+06
   1.3700000000000000E+04   3.1243614374822396E+03   2.5305003790340790E+04   3.5644584480527219E+03   5.1299088053806177E+00   1.3290413432834523E+06
   1.3800000000000000E+04   3.1151506241304510E+03   2.5453834745292334E+04   3.5495613243483472E+03   5.1277658229593932E+00   1.3371335466244693E+06
   1.3900000000000000E+04   3.1058469192806183E+03   2.5600712262624984E+04   3.5346685609651277E+03   5.1256191677889120E+00   1.3451714915459277E+06
   1.4000000000000000E+04   3.0966384440805368E+03   2.5745657606984794E+04   3.5200196768123792E+03   5.1234687525233413E+00   1.3531563509345148E+06
   1.4100000000000000E+04   3.0871523518324052E+03   2.5888692176034820E+04   3.5051289322258185E+03   5.1213144875855026E+00   1.3610892708587190E+06
   1.4200000000000000E+04   3.0775556769992490E+03   2.6029837470796392E+04   3.4902095922012631E+03   5.1191562814564540E+00   1.3689713724040692E+06
   1.4300000000000000E+04   3.0679743278650876E+03   2.6169115067898754E+04   3.4754202883205248E+03   5.1169940407436041E+00   1.3768037580713525E+06
   1.4400000000000000E+04   3.0584050896276590E+03   2.6306546592836119E+04   3.4607530231590099E+03   5.1148276705384106E+00   1.3845875043045930E+06
   1.4500000000000000E+04   3.0491545461869046E+03   2.6442153695038891E+04   3.4465958228428963E+03   5.1126570745526498E+00   1.3923236594302922E+06
   1.4600000000000000E+04   3.0396486884372275E+03   2.6575958024304826E+04   3.4322108364473193E+03   5.1104821552717192E+00   1.4000132474899185E+06
   1.4700000000000000E+04   3.0295311222173391E+03   2.6707981208495730E+04   3.4171434358206739E+03   5.1083028141590248E+00   1.4076572724539347E+06
   1.4800000000000000E+04   3.0149639380287213E+03   2.6838244832488021E+04   3.3965237906738607E+03   5.1061189518944508E+00   1.4152567015886223E+06
   1.4900000000000000E+04   3.0070947947811646E+03   2.6966770418738077E+04   3.3845047082842671E+03   5.1039304683743492E+00   1.4228124814701106E+06
   1.5000000000000000E+04   2.9984489182899092E+03   2.7093579408638645E+04   3.3715822333053702E+03   5.1017372629840958E+00   1.4303255335050689E+06
   1.5100000000000000E+04   2.9908926744453752E+03   2.7218693145273792E+04   3.3601147588364774E+03   5.0995392347172874E+00   1.4377967460445198E+06
   1.5200000000000000E+04   2.9805343962378402E+03   2.7342132857359982E+04   3.3451896671690101E+03   5.0973362822439015E+00   1.4452269850726111E+06
   1.5300000000000000E+04   2.9697393457793482E+03   2.7463919644041955E+04   3.3297984159126531E+03   5.0951283041317179E+00   1.4526170864308765E+06
   1.5400000000000000E+04   2.9620451908053087E+03   2.7584074461009819E+04   3.3183810401412552E+03   5.0929151988633414E+00   1.4599678589166128E+06
   1.5500000000000000E+04   2.9525945366375499E+03   2.7702618107342638E+04   3.3048291303896381E+03   5.0906968650406164E+00   1.4672800860105602E+06
   1.5600000000000000E+04   2.9446203393278747E+03   2.7819571213558713E+04   3.2931954575913601E+03   5.0884732014016540E+00   1.4745545194419625E+06
   1.5700000000000000E+04   2.9363124691458561E+03   2.7934954230321244E+04   3.2812084438484449E+03   5.0862441070252196E+00   1.4817918841255729E+06
   1.5800000000000000E+04   2.9271329029269209E+03   2.8048787418373307E+04   3.2681975022402012E+03   5.0840094812626120E+00   1.4889928851667771E+06
   1.5900000000000000E+04   2.9183635649296416E+03   2.8161090838858596E+04   3.2557615728661754E+03   5.0817692240101939E+00   1.4961581895748447E+06
   1.6000000000000000E+04   2.9089491180017458E+03   2.8271884344857706E+04   3.2425849884337699E+03   5.0795232356582849E+00   1.5032884432668975E+06
   1.6100000000000000E+04   2.8997132442277052E+03   2.8381187573440187E+04   3.2296916744439691E+03   5.0772714172274291E+00   1.5103842646381857E+06
   1.6200000000000000E+04   2.8895880028135866E+03   2.8489019938528651E+04   3.2157561321287963E+03   5.0750136704365332E+00   1.5174462448136257E+06
   1.6300000000000000E+04   2.8816668288140345E+03   2.8595400624512204E+04   3.2046072379457637E+03   5.0727498977198868E+00   1.5244749497243629E+06
   1.6400000000000000E+04   2.8721912478875147E+03   2.8700348580373549E+04   3.1915900520006380E+03   5.0704800023634391E+00   1.5314709186980273E+06
   1.6500000000000000E+04   2.8574714944848697E+03   2.8803882514584995E+04   3.1721640866691314E+03   5.0682038885218343E+00   1.5384346666281673E+06
   1.6600000000000000E+04   2.8492255609274466E+03   2.8906020890498909E+04   3.1607790806279004E+03   5.0659214613205990E+00   1.5453666788553267E+06
   1.6700000000000000E+04   2.8429715219868549E+03   2.9006781922476413E+04   3.1518900988726218E+03   5.0636326268050444E+00   1.5522674207359010E+06
   1.6800000000000000E+04   2.8351358852773310E+03   2.9106183572319653E+04   3.1410999101514462E+03   5.0613372920935760E+00   1.5591373345465949E+06
   1.6900000000000000E+04   2.8241602938990673E+03   2.9204243546350215E+04   3.1265051079509703E+03   5.0590353654117459E+00   1.5659768265586526E+06
   1.7000000000000000E+04   2.8163569855937526E+03   2.9300979293038763E+04   3.1158464998570175E+03   5.0567267560581994E+00   1.5727862940312680E+06
   1.7100000000000000E+04   2.8045555310873051E+03   2.9396408000941690E+04   3.1003428116413425E+03   5.0544113745068575E+00   1.5795661049002861E+06
   1.7200000000000000E+04   2.7988069027991810E+03   2.9490546597126300E+04   3.0922804706094194E+03   5.0520891324580361E+00   1.5863166018967594E+06
   1.7300000000000000E+04   2.8029160887283765E+03   2.9583411746071804E+04   3.0962765515433398E+03   5.0497599428213960E+00   1.5930381089291761E+06
   1.7400000000000000E+04   2.7888238854440624E+03   2.9675019848864744E+04   3.0781001621849159E+03   5.0474237197840814E+00   1.5997309277268141E+06
   1.7500000000000000E+04   2.7827403816450865E+03   2.9765387042808372E+04   3.0697264630654772E+03   5.0450803788277563E+00   1.6063953342388037E+06
   1.7600000000000000E+04   2.7724777880217484E+03   2.9854529201386827E+04   3.0563053669502997E+03   5.0427298367286051E+00   1.6130315892696125E+06
   1.7700000000000000E+04   2.7679008915329368E+03   2.9942461934449788E+04   3.0498291012747377E+03   5.0403720116595228E+00   1.6196399288584380E+06
   1.7800000000000000E+04   2.7616356449890336E+03   3.0029200588892771E+04   3.0413317400148967E+03   5.0380068230879198E+00   1.6262205772578111E+06
   1.7900000000000000E+04   2.7501499136567354E+03   3.0114760249373951E+04   3.0265406407599912E+03   5.0356341919290237E+00   1.6327737265366237E+06
   1.8000000000000000E+04   2.7453782771001979E+03   3.0199155739488288E+04   3.0199161578963672E+03   5.0332540404947803E+00   1.6392995580290973E+06
   1.8100000000000000E+04   2.7379964494465930E+03   3.0282401623165904E+04   3.0101615047419177E+03   5.0308662924597858E+00   1.6457982367602268E+06
   1.8200000000000000E+04   2.7299478414983837E+03   3.0364512206101372E+04   2.9996323973673993E+03   5.0284708730486454E+00   1.6522698988753827E+06
   1.8300000000000000E+04   2.7243486841163804E+03   3.0445501537760931E+04   2.9920891995210582E+03   5.0260677088145478E+00   1.6587146783224293E+06
   1.8400000000000000E+04   2.7174665956177860E+03   3.0525383413221993E+04   2.9830249524963410E+03   5.0236567278266380E+00   1.6651326856880307E+06
   1.8500000000000000E+04   2.7080942952133296E+03   3.0604171375380025E+04   2.9709905687894120E+03   5.0212378596529597E+00   1.6715240038419208E+06
   1.8600000000000000E+04   2.7051703079469339E+03   3.0681878717377949E+04   2.9667431237300375E+03   5.0188110352753235E+00   1.6778887223382732E+06
   1.8700000000000000E+04   2.6978356246281801E+03   3.0758518485018831E+04   2.9572133843827978E+03   5.0163761872085066E+00   1.6842268996697920E+06
   1.8800000000000000E+04   2.6896811940655616E+03   3.0834103479452126E+04   2.9467262615518557E+03   5.0139332494662048E+00   1.6905385793881051E+06
   1.8900000000000000E+04   2.6824836748817397E+03   3.0908646260001689E+04   2.9374144910813325E+03   5.0114821575099313E+00   1.6968237977249869E+06
   1.9000000000000000E+04   2.6742602208442381E+03   3.0982159147003600E+04   2.9268988129009945E+03   5.0090228483341814E+00   1.7030825773034985E+06
   1.9100000000000000E+04   2.6668528684966604E+03   3.1054654224849663E+04   2.9173866852206256E+03   5.0065552604323642E+00   1.7093149204094789E+06
   1.9200000000000000E+04   2.6555243183705857E+03   3.1126143345088178E+04   2.9032115709322516E+03   5.0040793338138263E+00   1.7155208237862510E+06
   1.9300000000000000E+04   2.6563053042527999E+03   3.1196638129652441E+04   2.9035329001104792E+03   5.0015950099698117E+00   1.7217002647192662E+06
   1.9400000000000000E+04   2.6439337385006661E+03   3.1266149974141052E+04   2.8881631006168564E+03   4.9991022318734304E+00   1.7278532210880865E+06
   1.9500000000000000E+04   2.6336750813375243E+03   3.1334690051106980E+04   2.8753475253735319E+03   4.9966009440648556E+00   1.7339796448324369E+06
   1.9600000000000000E+04   2.6300740095243541E+03   3.1402269313572240E+04   2.8704897728151841E+03   4.9940910925150277E+00   1.7400794870869720E+06
   1.9700000000000000E+04   2.6242211520506457E+03   3.1468898498420105E+04   2.8629666430185589E+03   4.9915726247278762E+00   1.7461526837845300E+06
   1.9800000000000000E+04   2.6193672079475887E+03   3.1534588129970492E+04   2.8566500075005911E+03   4.9890454896551422E+00   1.7521991688294741E+06
   1.9900000000000000E+04   2.6146265777762001E+03   3.1599348523461198E+04   2.8504843567131275E+03   4.9865096377985836E+00   1.7582188540427552E+06
   2.0000000000000000E+04   2.6101179176147821E+03   3.1663189788717973E+04   2.8446100076106009E+03   4.9839650210907358E+00   1.7642116501040508E+06
   2.0100000000000000E+04   2.6014831514178086E+03   3.1726121833741810E+04   2.8338539169723394E+03   4.9814115929289882E+00   1.7701774620621183E+06
   2.0200000000000000E+04   2.5875634366366894E+03   3.1788154368307318E+04   2.8168562120564234E+03   4.9788493082266720E+00   1.7761161791592089E+06
   2.0300000000000000E+04   2.5806843955548607E+03   3.1849296907690124E+04   2.8082295839951753E+03   4.9762781232938380E+00   1.7820276911763456E+06
   2.0400000000000000E+04   2.5741231100915656E+03   3.1909558776265716E+04   2.7999970279467502E+03   4.9736979959224152E+00   1.7879118728114071E+06
   2.0500000000000000E+04   2.5673332320131412E+03   3.1968949111204252E+04   2.7915113843732620E+03   4.9711088853351235E+00   1.7937686003213979E+06
   2.0600000000000000E+04   2.5610290426366651E+03   3.2027476866130535E+04   2.7836167734862256E+03   4.9685107521854519E+00   1.7995977383639924E+06
   2.0700000000000000E+04   2.5548693216614793E+03   3.2085150814779696E+04   2.7759087740719865E+03   4.9659035585576765E+00   1.8053991429658153E+06
   2.0800000000000000E+04   2.5490724239924643E+03   3.2141979554675749E+04   2.7686443029587463E+03   4.9632872679157627E+00   1.8111726731770702E+06
   2.0900000000000000E+04   2.5426961982428602E+03   3.2197971510733285E+04   2.7607115054160695E+03   4.9606618451544469E+00   1.8169181746267299E+06
   2.1000000000000000E+04   2.5350110244404850E+03   3.2253134938896841E+04   2.7512521610792865E+03   4.9580272565651882E+00   1.8226354882059451E+06
   2.1100000000000000E+04   2.5324687427896870E+03   3.2307477929799912E+04   2.7478640729111876E+03   4.9553834697339605E+00   1.8283244650710823E+06
   2.1200000000000000E+04   2.5264527060061014E+03   3.2361008412237032E+04   2.7403980162207422E+03   4.9527304537115882E+00   1.8339849263437025E+06
   2.1300000000000000E+04   2.5191261867293315E+03   3.2413734156825627E+04   2.7314051619550105E+03   4.9500681788263776E+00   1.8396167188774124E+06
   2.1400000000000000E+04   2.5139129360796942E+03   3.2465662779455946E+04   2.7249109005804703E+03   4.9473966168033519E+00   1.8452196538046880E+06
   2.1500000000000000E+04   2.5072601165157530E+03   3.2516801744860644E+04   2.7167386007166892E+03   4.9447157406279825E+00   1.8507935721467731E+06
   2.1600000000000000E+04   2.5016807990451025E+03   3.2567158370021640E+04   2.7098400343519929E+03   4.9420255246313571E+00   1.8563382884666813E+06
   2.1700000000000000E+04   2.4918288703843314E+03   3.2616739827611767E+04   2.6979443715420589E+03   4.9393259444561197E+00   1.8618536240826629E+06
   2.1800000000000000E+04   2.4863050194325569E+03   3.2665553149407755E+04   2.6911382420175696E+03   4.9366169770053601E+00   1.8673393922079073E+06
   2.1900000000000000E+04   2.4801397654393240E+03   3.2713605229644203E+04   2.6835928979753890E+03   4.9338986004255831E+00   1.8727954199960385E+06
   2.2000000000000000E+04   2.4767679611086669E+03   3.2760902828280567E+04   2.6793287923848497E+03   4.9311707941748546E+00   1.8782215146286169E+06
   2.2100000000000000E+04   2.4690205420086554E+03   3.2807452574311101E+04   2.6699558583219709E+03   4.9284335389376102E+00   1.8836174851812031E+06
   2.2200000000000000E+04   2.4638735631134782E+03   3.2853260969019568E+04   2.6636364887007735E+03   4.9256868165565466E+00   1.8889831527165349E+06
   2.2300000000000000E+04   2.4578310098928919E+03   3.2898334389080504E+04   2.6562815150616511E+03   4.9229306101688781E+00   1.8943183250747977E+06
   2.2400000000000000E+04   2.4468662356798304E+03   3.2942679089761055E+04   2.6431933315981387E+03   4.9201649040700648E+00   1.8996228064223004E+06
   2.2500000000000000E+04   2.4499818846792386E+03   3.2986301208002158E+04   2.6465481823951504E+03   4.9173896837138313E+00   1.9048964172486863E+06
   2.2600000000000000E+04   2.4443866074129082E+03   3.3029206765417905E+04   2.6397458037603728E+03   4.9146049357802717E+00   1.9101389585614044E+06
   2.2700000000000000E+04   2.4378025204910718E+03   3.3071401671369596E+04   2.6318013091950165E+03   4.9118106480055381E+00   1.9153502517163565E+06
   2.2800000000000000E+04   2.4318781180594947E+03   3.3112891725815789E+04   2.6246367816651027E+03   4.9090068093521779E+00   1.9205300953137563E+06
   2.2900000000000000E+04   2.4248144423566200E+03   3.3153682622295724E+04   2.6161565069400381E+03   4.9061934098217455E+00   1.9256783055598424E+06
   2.3000000000000000E+04   2.4194743680651186E+03   3.3193779950707220E+04   2.6096933220559413E+03   4.9033704405740490E+00   1.9307946964586736E+06
   2.3100000000000000E+04   2.4132306075838274E+03   3.3233189200146044E+04   2.6021887448210668E+03   4.9005378938249597E+00   1.9358790763810971E+06
   2.3200000000000000E+04   2.4082249288877488E+03   3.3271915761643024E+04   2.5961333465667326E+03   4.8976957628463893E+00   1.9409312655652312E+06
   2.3300000000000000E+04   2.4021056939608361E+03   3.3309964930834576E+04   2.5887932196395864E+03   4.8948440420003783E+00   1.9459510754665150E+06
   2.3400000000000000E+04   2.3947579745685048E+03   3.3347341910640258E+04   2.5800370378158254E+03   4.8919827266539198E+00   1.9509383228067225E+06
   2.3500000000000000E+04   2.3891167715260140E+03   3.3384051813831582E+04   2.5732719872151611E+03   4.8891118132130211E+00   1.9558928226921416E+06
   2.3600000000000000E+04   2.3835969479400978E+03   3.3420099665590868E+04   2.5666566973556851E+03   4.8862312990716212E+00   1.9608144031702653E+06
   2.3700000000000000E+04   2.3791271428318305E+03   3.3455490405986973E+04   2.5612670513477688E+03   4.8833411826286017E+00   1.9657028801940326E+06
   2.3800000000000000E+04   2.3789396148325727E+03   3.3490228892440056E+04   2.5608463703039088E+03   4.8804414632196753E+00   1.9705580904270057E+06
   2.3900000000000000E+04   2.3728871926304842E+03   3.3524319902057010E+04   2.5536362991473711E+03   4.8775321412195671E+00   1.9753798400169676E+06
   2.4000000000000000E+04   2.3655903307663298E+03   3.3557768134057900E+04   2.5449948484087186E+03   4.8746132178376280E+00   1.9801679709476437E+06
   2.4100000000000000E+04   2.3614973796034465E+03   3.3590578211987617E+04   2.5400703547033413E+03   4.8716846952711359E+00   1.9849223171307158E+06
   2.4200000000000000E+04   2.3545317188892100E+03   3.3622754685987500E+04   2.5318305574285414E+03   4.8687465766201115E+00   1.9896427040872285E+06
   2.4300000000000000E+04   2.3472492044309915E+03   3.3654302034986067E+04   2.5232344323450252E+03   4.8657988658703104E+00   1.9943289716823262E+06
   2.4400000000000000E+04   2.3435420133953758E+03   3.3685224668848074E+04   2.5187779517119720E+03   4.8628415678591308E+00   1.9989809630768069E+06
   2.4500000000000000E+04   2.3417220565847597E+03   3.3715526930444765E+04   2.5165067922055396E+03   4.8598746883097101E+00   2.0035985170315446E+06
   2.4600000000000000E+04   2.3370086915871225E+03   3.3745213097699081E+04   2.5108998683616514E+03   4.8568982338138591E+00   2.0081814795243156E+06
   2.4700000000000000E+04   2.3310405984976264E+03   3.3774287385619587E+04   2.5038519595072548E+03   4.8539122117298898E+00   2.0127297039920769E+06
   2.4800000000000000E+04   2.3260078789100062E+03   3.3802753948198355E+04   2.4978907234976250E+03   4.8509166302847948E+00   2.0172430356106053E+06
   2.4900000000000000E+04   2.3238562825437484E+03   3.3830616880350717E+04   2.4952578458734274E+03   4.8479114984720582E+00   2.0217213310539159E+06
   2.5000000000000000E+04   2.3222633639469586E+03   3.3857880219750041E+04   2.4932734049488322E+03   4.8448968260857317E+00   2.0261644507733469E+06
   2.5100000000000000E+04   2.3136981085086459E+03   3.3884547948660380E+04   2.4832595540959705E+03   4.8418726236522769E+00   2.0305722590803739E+06
   2.5200000000000000E+04   2.3064112961734309E+03   3.3910623995666348E+04   2.4747285112769023E+03   4.8388389024987211E+00   2.0349446201100626E+06
   2.5300000000000000E+04   2.2987514700631887E+03   3.3936112237430425E+04   2.4657773594846662E+03   4.8357956746504422E+00   2.0392813977323482E+06
   2.5400000000000000E+04   2.2924293179286365E+03   3.3961016500348880E+04   2.4583739540889774E+03   4.8327429528652495E+00   2.0435824763722301E+06
   2.5500000000000000E+04   2.2940865387498825E+03   3.3985340562186015E+04   2.4601523259661749E+03   4.8296807506163404E+00   2.0478477195743395E+06
   2.5600000000000000E+04   2.2830419559153947E+03   3.4009088153665711E+04   2.4473322220261334E+03   4.8266090820752687E+00   2.0520770073201722E+06
   2.5700000000000000E+04   2.2801464764581324E+03   3.4032262960048487E+04   2.4438857332346483E+03   4.8235279620267839E+00   2.0562702365389231E+06
   2.5800000000000000E+04   2.2898355159477696E+03   3.4054868622577153E+04   2.4549021372383831E+03   4.8204374060050874E+00   2.0604272828919429E+06
   2.5900000000000000E+04   2.2799929405533189E+03   3.4076908740006278E+04   2.4434794825110266E+03   4.8173374301235086E+00   2.0645480475726959E+06
   2.6000000000000000E+04   2.2760394533804929E+03   3.4098386869988091E+04   2.4388293169164881E+03   4.8142280511596756E+00   2.0686324188272085E+06
   2.6100000000000000E+04   2.2700352968795178E+03   3.4119306530467227E+04   2.4318305295328964E+03   4.8111092865214333E+00   2.0726802977621951E+06
   2.6200000000000000E+04   2.2654999402950880E+03   3.4139671201043260E+04   2.4265234203250620E+03   4.8079811541957511E+00   2.0766915853963760E+06
   2.6300000000000000E+04   2.2591302450337207E+03   3.4159484324274636E+04   2.4191181075931308E+03   4.8048436727487358E+00   2.0806661959239154E+06
   2.6400000000000000E+04   2.2533652569249862E+03   3.4178749306925652E+04   2.4124128340242660E+03   4.8016968613767075E+00   2.0846040300988948E+06
   2.6500000000000000E+04   2.2525839706275920E+03   3.4197469521256309E+04   2.4114242499795555E+03   4.7985407397529221E+00   2.0885050153490405E+06
   2.6600000000000000E+04   2.2452652390587905E+03   3.4215648306150295E+04   2.4029491799470329E+03   4.7953753281978866E+00   2.0923690610265133E+06
   2.6700000000000000E+04   2.2396657395138973E+03   3.4233288968352586E+04   2.3964501896174065E+03   4.7922006474749752E+00   2.0961960943354839E+06
   2.6800000000000000E+04   2.2390592601579710E+03   3.4250394783534655E+04   2.3956721064679314E+03   4.7890167189437207E+00   2.0999860423491336E+06
   2.6900000000000000E+04   2.2319035126404374E+03   3.4266968997436554E+04   2.3874016586361404E+03   4.7858235644235458E+00   2.1037388365095370E+06
   2.7000000000000000E+04   2.2282875262666084E+03   3.4283014826897685E+04   2.3831871531811571E+03   4.7826212062619078E+00   2.1074544079538835E+06
   2.7100000000000000E+04   2.2170336673266374E+03   3.4298535460912884E+04   2.3702446458426884E+03   4.7794096672491140E+00   2.1111327015146697E+06
   2.7200000000000000E+04   2.2056179466292774E+03   3.4313534061592509E+04   2.3571304430826376E+03   4.7761889707035072E+00   2.1147736522970540E+06
   2.7300000000000000E+04   2.2067676054337608E+03   3.4328013765173921E+04   2.3583751501776364E+03   4.7729591403351854E+00   2.1183772186653847E+06
   2.7400000000000000E+04   2.1955396861571107E+03   3.4341977682919547E+04   2.3454908102591448E+03   4.7697202003311823E+00   2.1219433491916060E+06
   2.7500000000000000E+04   2.1900576667612690E+03   3.4355428902029533E+04   2.3391730787569113E+03   4.7664721753213879E+00   2.1254719967130022E+06
   2.7600000000000000E+04   2.1848689628931652E+03   3.4368370486518565E+04   2.3331950355397225E+03   4.7632150903615162E+00   2.1289631085684961E+06
   2.7700000000000000E+04   2.1802524867443262E+03   3.4380805478081995E+04   2.3278742032792434E+03   4.7599489708649863E+00   2.1324166704438603E+06
   2.7800000000000000E+04   2.1746691907213740E+03   3.4392736896872448E+04   2.3214559605613872E+03   4.7566738427051014E+00   2.1358326333850091E+06
   2.7900000000000000E+04   2.1697846653409947E+03   3.4404167742334939E+04   2.3158388176014446E+03   4.7533897320787979E+00   2.1392109721636591E+06
   2.8000000000000000E+04   2.1646493844631473E+03   3.4415100993929183E+04   2.3099405888902302E+03   4.7500966656088464E+00   2.1425516658941866E+06
   2.8100000000000000E+04   2.1581012171070884E+03   3.4425539611892942E+04   2.3024387008049480E+03   4.7467946702586694E+00   2.1458546929803230E+06
   2.8200000000000000E+04   2.1548787751120190E+03   3.4435486537943048E+04   2.2987268268446433E+03   4.7434837733493920E+00   2.1491200207914175E+06
   2.8300000000000000E+04   2.1508198034779393E+03   3.4444944695975151E+04   2.2940664727229582E+03   4.7401640025087337E+00   2.1523476612889473E+06
   2.8400000000000000E+04   2.1517281078536503E+03   3.4453916992697559E+04   2.2950599999007495E+03   4.7368353857391376E+00   2.1555375850074477E+06
   2.8500000000000000E+04   2.1484113671713653E+03   3.4462406318294466E+04   2.2912495216481680E+03   4.7334979513326214E+00   2.1586897919123918E+06
   2.8600000000000000E+04   2.1374255511286538E+03   3.4470415547030207E+04   2.2787235871963580E+03   4.7301517278877867E+00   2.1618042861974086E+06
   2.8700000000000000E+04   2.1327556164331586E+03   3.4477947537830922E+04   2.2733838288265451E+03   4.7267967443268732E+00   2.1648810605495474E+06
   2.8800000000000000E+04   2.1280612432359958E+03   3.4485005134873230E+04   2.2680202168068458E+03   4.7234330298276088E+00   2.1679201219742335E+06
   2.8900000000000000E+04   2.1289033904252492E+03   3.4491591168116014E+04   2.2689482988363616E+03   4.7200606138572967E+00   2.1709214814815191E+06
   2.9000000000000000E+04   2.1211550042420008E+03   3.4497708453828760E+04   2.2601228087992927E+03   4.7166795261557573E+00   2.1738851540728151E+06
   2.9100000000000000E+04   2.1116569299720327E+03   3.4503359795104923E+04   2.2493185715493510E+03   4.7132897967012797E+00   2.1768111479717907E+06
   2.9200000000000000E+04   2.1089078925651656E+03   3.4508547982337885E+04   2.2461777044211171E+03   4.7098914557276537E+00   2.1796994912514221E+06
   2.9300000000000000E+04   2.1038448614377166E+03   3.4513275793683380E+04   2.2404150841685973E+03   4.7064845337241570E+00   2.1825501997252400E+06
   2.9400000000000000E+04   2.0993779544694185E+03   3.4517545995519649E+04   2.2353322067310282E+03   4.7030690613844763E+00   2.1853633037156365E+06
   2.9500000000000000E+04   2.0965984324883243E+03   3.4521361342872042E+04   2.2321653447048143E+03   4.6996450696066860E+00   2.1881388428657022E+06
   2.9600000000000000E+04   2.0894324180494905E+03   3.4524724579797235E+04   2.2240304912786510E+03   4.6962125895613962E+00   2.1908768275821940E+06
   2.9700000000000000E+04   2.0851087111230927E+03   3.4527638439817172E+04   2.2191204042172990E+03   4.6927716525554786E+00   2.1935773102734736E+06
   2.9800000000000000E+04   2.0819507524223786E+03   3.4530105646268596E+04   2.2155336618263941E+03   4.6893222901001996E+00   2.1962403361454466E+06
   2.9900000000000000E+04   2.0809904606886084E+03   3.4532128912658380E+04   2.2144378990238301E+03   4.6858645339112330E+00   2.1988659372041561E+06
   3.0000000000000000E+04   2.0705832097809616E+03   3.4533710943008628E+04   2.2026504235090629E+03   4.6823984158916065E+00   2.2014541600225158E+06
   3.0100000000000000E+04   2.0655497020358471E+03   3.4534854432207256E+04   2.1969505930323157E+03   4.6789239680465533E+00   2.2040050660089129E+06
   3.0200000000000000E+04   2.0614680222636593E+03   3.4535562066278122E+04   2.1923308078753471E+03   4.6754412226027320E+00   2.2065186916663283E+06
   3.0300000000000000E+04   2.0561962724817249E+03   3.4535836522701706E+04   2.1863683765566493E+03   4.6719502119230745E+00   2.2089951052526725E+06
   3.0400000000000000E+04   2.0494139310141245E+03   3.4535680470699590E+04   2.1787023321760093E+03   4.6684509684897284E+00   2.2114343670724751E+06
   3.0500000000000000E+04   2.0428030208440935E+03   3.4535096571488488E+04   2.1712348342359492E+03   4.6649435249381588E+00   2.2138365290898494E+06
   3.0600000000000000E+04   2.0385125014427836E+03   3.4534087478542577E+04   2.1663924734533421E+03   4.6614279140230508E+00   2.2162016696857503E+06
   3.0700000000000000E+04   2.0350573625225934E+03   3.4532655837826562E+04   2.1624962707208301E+03   4.6579041686353557E+00   2.2185298471882865E+06
   3.0800000000000000E+04   2.0337139039595231E+03   3.4530804288031715E+04   2.1609865980461745E+03   4.6543723217682276E+00   2.2208211287603844E+06
   3.0900000000000000E+04   2.0295734704001670E+03   3.4528535460794177E+04   2.1563211638486441E+03   4.6508324064999833E+00   2.2230755964700785E+06
   3.1000000000000000E+04   2.0250647856775443E+03   3.4525851980880434E+04   2.1512428798129545E+03   4.6472844560451998E+00   2.2252933236543280E+06
   3.1100000000000000E+04   2.0206990959437289E+03   3.4522756466402789E+04   2.1463288303881404E+03   4.6437285036695659E+00   2.2274743985936181E+06
   3.1200000000000000E+04   2.0163254008326769E+03   3.4519251528976856E+04   2.1414085427631721E+03   4.6401645827579943E+00   2.2296188885219009E+06
   3.1300000000000000E+04   2.0090935466810115E+03   3.4515339773909422E+04   2.1332683545348386E+03   4.6365927267464899E+00   2.2317268875690042E+06
   3.1400000000000000E+04   2.0085210059982830E+03   3.4511023800344796E+04   2.1326393441170958E+03   4.6330129691562396E+00   2.2337984806871684E+06
   3.1500000000000000E+04   1.9994525736345815E+03   3.4506306201416424E+04   2.1224361954883202E+03   4.6294253435765489E+00   2.2358337555806069E+06
   3.1600000000000000E+04   1.9991803497892327E+03   3.4501189564388471E+04   2.1221488113570845E+03   4.6258298836478309E+00   2.2378328088314473E+06
   3.1700000000000000E+04   1.9953404704530139E+03   3.4495676470782702E+04   2.1178433145155263E+03   4.6222266230615947E+00   2.2397957336025061E+06
   3.1800000000000000E+04   1.9836037821543277E+03   3.4489769496501096E+04   2.1046480172435604E+03   4.6186155955434112E+00   2.2417226256708419E+06
   3.1900000000000000E+04   1.9800590016678477E+03   3.4483471211919779E+04   2.1006812189515231E+03   4.6149968349040273E+00   2.2436135896632327E+06
   3.2000000000000000E+04   1.9786487697271530E+03   3.4476784182013842E+04   2.0991187875997043E+03   4.6113703749541841E+00   2.2454687139343000E+06
   3.2100000000000000E+04   1.9734058607303464E+03   3.4469710966448802E+04   2.0932450448620702E+03   4.6077362495046188E+00   2.2472881271096841E+06
   3.2200000000000000E+04   1.9685366180141959E+03   3.4462254119635043E+04   2.0877946381613046E+03   4.6040944924682767E+00   2.2490719097830425E+06
   3.2300000000000000E+04   1.9612130049893699E+03   3.4454416190847624E+04   2.0795871901670703E+03   4.6004451377069921E+00   2.2508201892712303E+06
   3.2400000000000000E+04   1.9561327224374545E+03   3.4446199724270016E+04   2.0739058014395609E+03   4.5967882191166769E+00   2.2525330763092102E+06
   3.2500000000000000E+04   1.9512693341594113E+03   3.4437607259060373E+04   2.0684709720674036E+03   4.5931237706102710E+00   2.2542106709979749E+06
   3.2600000000000000E+04   1.9507951906081196E+03   3.4428641329405647E+04   2.0679705063429169E+03   4.5894518261177435E+00   2.2558530949570863E+06
   3.2700000000000000E+04   1.9456959412264150E+03   3.4419304464587949E+04   2.0622746914130930E+03   4.5857724195179737E+00   2.2574604721501628E+06
   3.2800000000000000E+04   1.9423330796261778E+03   3.4409599188997126E+04   2.0585318929017194E+03   4.5820855847409270E+00   2.2590329025761914E+06
   3.2900000000000000E+04   1.9382292984228038E+03   3.4399528022198443E+04   2.0539588890726386E+03   4.5783913556484501E+00   2.2605705275796056E+06
   3.3000000000000000E+04   1.9294658315174099E+03   3.4389093478933370E+04   2.0441571778086090E+03   4.5746897661364496E+00   2.2620734644549228E+06
   3.3100000000000000E+04   1.9264949881959242E+03   3.4378298069165729E+04   2.0408609890706311E+03   4.5709808500497306E+00   2.2635418324106392E+06
   3.3200000000000000E+04   1.9223732203016525E+03   3.4367144298094630E+04   2.0362750502536094E+03   4.5672646411990367E+00   2.2649757726248479E+06
   3.3300000000000000E+04   1.9178283944574275E+03   3.4355634666157435E+04   2.0312166340868146E+03   4.5635411733951088E+00   2.2663754015730671E+06
   3.3400000000000000E+04   1.9137076349768695E+03   3.4343771669041773E+04   2.0266360864385090E+03   4.5598104804316542E+00   2.2677408373899278E+06
   3.3500000000000000E+04   1.9079124460345845E+03   3.4331557797714537E+04   2.0201802019346801E+03   4.5560725959831458E+00   2.2690722406087331E+06
   3.3600000000000000E+04   1.9091123286112004E+03   3.4318995538374715E+04   2.0215690708853381E+03   4.5523275537751644E+00   2.2703697263120697E+06
   3.3700000000000000E+04   1.9041445348391549E+03   3.4306087372486800E+04   2.0160441955392864E+03   4.5485753874310868E+00   2.2716334315722422E+06
   3.3800000000000000E+04   1.8993298270846938E+03   3.4292835776751745E+04   2.0106933144966097E+03   4.5448161305402204E+00   2.2728634952157647E+06
   3.3900000000000000E+04   1.8950294717359166E+03   3.4279243223096266E+04   2.0059210538604586E+03   4.5410498166407791E+00   2.2740600577829494E+06
   3.4000000000000000E+04   1.8843766145464826E+03   3.4265312178653818E+04   1.9940360534598422E+03   4.5372764792198721E+00   2.2752232614810239E+06
   3.4100000000000000E+04   1.8901629823874498E+03   3.4251045105745936E+04   2.0005652911492678E+03   4.5334961516964851E+00   2.2763532431640797E+06
   3.4200000000000000E+04   1.8754601489438071E+03   3.4236444461851825E+04   1.9841512423996185E+03   4.5297088674384911E+00   2.2774501341218930E+06
   3.4300000000000000E+04   1.8750555707554811E+03   3.4221512699587023E+04   1.9837485685517490E+03   4.5259146597286062E+00   2.2785140951587753E+06
   3.4400000000000000E+04   1.8660065671613841E+03   3.4206252266670301E+04   1.9736736684271696E+03   4.5221135617643853E+00   2.2795452817588672E+06
   3.4500000000000000E+04   1.8615871891164070E+03   3.4190665605867092E+04   1.9687819200644672E+03   4.5183056067433709E+00   2.2805438083027974E+06
   3.4600000000000000E+04   1.8564943893574373E+03   3.4174755154988008E+04   1.9631390953553839E+03   4.5144908277098139E+00   2.2815098400133746E+06
   3.4700000000000000E+04   1.8505621928929138E+03   3.4158523346822294E+04   1.9565602289016988E+03   4.5106692576568701E+00   2.2824435294037010E+06
   3.4800000000000000E+04   1.8482663399267287E+03   3.4141972609097938E+04   1.9540482045053161E+03   4.5068409295095542E+00   2.2833450231317556E+06
   3.4900000000000000E+04   1.8438662195664101E+03   3.4125105364447183E+04   1.9491856783517235E+03   4.5030058760736598E+00   2.2842144690422225E+06
   3.5000000000000000E+04   1.8390836028398751E+03   3.4107924030341455E+04   1.9438976728041600E+03   4.4991641301038685E+00   2.2850520307039437E+06
   3.5100000000000000E+04   1.8342798647795987E+03   3.4090431019052441E+04   1.9385881130341386E+03   4.4953157242526691E+00   2.2858578438111027E+06
   3.5200000000000000E+04   1.8302460628599699E+03   3.4072628737594954E+04   1.9341403899141337E+03   4.4914606910873900E+00   2.2866320742571875E+06
   3.5300000000000000E+04   1.8255074138048185E+03   3.4054519587683608E+04   1.9289073349652099E+03   4.4875990630390881E+00   2.2873748818653952E+06
   3.5400000000000000E+04   1.8212766571035788E+03   3.4036105965656490E+04   1.9242431707529224E+03   4.4837308724877181E+00   2.2880864201929327E+06
   3.5500000000000000E+04   1.8165248845634974E+03   3.4017390262424662E+04   1.9189992316817300E+03   4.4798561517280806E+00   2.2887668288911548E+06
   3.5600000000000000E+04   1.8118543609339622E+03   3.3998374863434976E+04   1.9138478716951001E+03   4.4759749328676017E+00   2.2894163005961399E+06
   3.5700000000000000E+04   1.8070153881304316E+03   3.3979062148566736E+04   1.9085104728931358E+03   4.4720872480137110E+00   2.2900349694712358E+06
   3.5800000000000000E+04   1.8013827313254515E+03   3.3959454492106815E+04   1.9022898929505768E+03   4.4681931291035051E+00   2.2906230003027013E+06
   3.5900000000000000E+04   1.7957232185633059E+03   3.3939554262670572E+04   1.8960417485251696E+03   4.4642926079718892E+00   2.2911805588479545E+06
   3.6000000000000000E+04   1.7916972873731427E+03   3.3919363823129344E+04   1.8916167498092811E+03   4.4603857163856224E+00   2.2917077966061053E+06
   3.6100000000000000E+04   1.7904258141953910E+03   3.3898885530570100E+04   1.8902631973789396E+03   4.4564724859241105E+00   2.2922048886032263E+06
   3.6200000000000000E+04   1.7834202541543282E+03   3.3878121736195404E+04   1.8825203440775081E+03   4.4525529481326904E+00   2.2926719878873257E+06
   3.6300000000000000E+04   1.7811228594246315E+03   3.3857074785288249E+04   1.8800255715778756E+03   4.4486271343693371E+00   2.2931092788493172E+06
   3.6400000000000000E+04   1.7777472426052527E+03   3.3835747017111134E+04   1.8763306002950821E+03   4.4446950759579513E+00   2.2935168928852798E+06
   3.6500000000000000E+04   1.7711777489832537E+03   3.3814140764875847E+04   1.8690797631302435E+03   4.4407568040010119E+00   2.2938950235596779E+06
   3.6600000000000000E+04   1.7670568328282438E+03   3.3792258355631318E+04   1.8645578539606684E+03   4.4368123495839598E+00   2.2942438188528158E+06
   3.6700000000000000E+04   1.7633336532538078E+03   3.3770102110231790E+04   1.8604801545282762E+03   4.4328617435878419E+00   2.2945634505228512E+06
   3.6800000000000000E+04   1.7578148055238707E+03   3.3747674343238337E+04   1.8544051918266321E+03   4.4289050168255661E+00   2.2948540910185808E+06
   3.6900000000000000E+04   1.7527215810547325E+03   3.3724977362865007E+04   1.8488059162251882E+03   4.4249421999567460E+00   2.2951158897957546E+06
   3.7000000000000000E+04   1.7481861701698522E+03   3.3702013470903861E+04   1.8438290131010003E+03   4.4209733235047395E+00   2.2953490361150815E+06
   3.7100000000000000E+04   1.7465441906414962E+03   3.3678784962646998E+04   1.8420719875049663E+03   4.4169984178906896E+00   2.2955536962573980E+06
   3.7200000000000000E+04   1.7427785727442915E+03   3.3655294126821420E+04   1.8379536819728269E+03   4.4130175133994820E+00   2.2957300289701931E+06
   3.7300000000000000E+04   1.7397092308874751E+03   3.3631543245514251E+04   1.8346108977733297E+03   4.4090306401967752E+00   2.2958781932857614E+06
   3.7400000000000000E+04   1.7357837204479897E+03   3.3607534594110577E+04   1.8303171251584924E+03   4.4050378282778890E+00   2.2959983886836595E+06
   3.7500000000000000E+04   1.7287914535418954E+03   3.3583270441205830E+04   1.8226156184575082E+03   4.4010391075529807E+00   2.2960907509607319E+06
   3.7600000000000000E+04   1.7232032583433374E+03   3.3558753048550258E+04   1.8164772708586963E+03   4.3970345077618731E+00   2.2961554805358769E+06
   3.7700000000000000E+04   1.7247654375589902E+03   3.3533984670964965E+04   1.8182859918602387E+03   4.3930240585421965E+00   2.2961927298547216E+06
   3.7800000000000000E+04   1.7197836150016769E+03   3.3508967556283358E+04   1.8128233006976473E+03   4.3890077893612496E+00   2.2962026677120426E+06
   3.7900000000000000E+04   1.7158614937124137E+03   3.3483703945268018E+04   1.8085395114309515E+03   4.3849857295841241E+00   2.2961854795460538E+06
   3.8000000000000000E+04   1.7142933893527281E+03   3.3458196071549479E+04   1.8068718556553818E+03   4.3809579084226229E+00   2.2961413183810106E+06
   3.8100000000000000E+04   1.7114261723784830E+03   3.3432446161553104E+04   1.8037617764826900E+03   4.3769243549522789E+00   2.2960703702117209E+06
   3.8200000000000000E+04   1.7029983500751810E+03   3.3406456434432446E+04   1.7944774364461964E+03   4.3728850980953231E+00   2.2959727966074347E+06
   3.8300000000000000E+04   1.6978295306690802E+03   3.3380229101991310E+04   1.7888145934867725E+03   4.3688401666718031E+00   2.2958487674874342E+06
   3.8400000000000000E+04   1.6918246768205413E+03   3.3353766368629658E+04   1.7822256624884353E+03   4.3647895893143849E+00   2.2956984695974062E+06
   3.8500000000000000E+04   1.6859623717590396E+03   3.3327070431261214E+04   1.7757970612914673E+03   4.3607333945535451E+00   2.2955220649037221E+06
   3.8600000000000000E+04   1.6843102237284429E+03   3.3300143479251798E+04   1.7740406099823160E+03   4.3566716107834909E+00   2.2953197153484225E+06
   3.8700000000000000E+04   1.6803250787669745E+03   3.3272987694363561E+04   1.7696968548875268E+03   4.3526042661940378E+00   2.2950916081175720E+06
   3.8800000000000000E+04   1.6760102898434077E+03   3.3245605250666653E+04   1.7649886405364362E+03   4.3485313889068635E+00   2.2948379137572790E+06
   3.8900000000000000E+04   1.6714933058687395E+03   3.3217998314490389E+04   1.7600574707675273E+03   4.3444530068733149E+00   2.2945587943344675E+06
   3.9000000000000000E+04   1.6669744710843772E+03   3.3190169044355818E+04   1.7551255587156793E+03   4.3403691478914439E+00   2.2942544203222352E+06
   3.9100000000000000E+04   1.6623312493751316E+03   3.3162119590908944E+04   1.7500570827263832E+03   4.3362798396230389E+00   2.2939249792906125E+06
   3.9200000000000000E+04   1.6576949169048692E+03   3.3133852096857736E+04   1.7449975829139969E+03   4.3321851095936132E+00   2.2935706246616566E+06
   3.9300000000000000E+04   1.6527456205271353E+03   3.3105368696914978E+04   1.7395926882434771E+03   4.3280849851583589E+00   2.2931915526421666E+06
   3.9400000000000000E+04   1.6484117880536978E+03   3.3076671517726412E+04   1.7348709635335576E+03   4.3239794935702713E+00   2.2927879078261671E+06
   3.9500000000000000E+04   1.6445889545932619E+03   3.3047762677823099E+04   1.7307163267311112E+03   4.3198686618949713E+00   2.2923598777450374E+06
   3.9600000000000000E+04   1.6405916351161864E+03   3.3018644287548959E+04   1.7263694538682535E+03   4.3157525170958833E+00   2.2919076239275928E+06
   3.9700000000000000E+04   1.6362064931783382E+03   3.2989318449016879E+04   1.7215942432712097E+03   4.3116310859320457E+00   2.2914313338502101E+06
   3.9800000000000000E+04   1.6265393333642794E+03   3.2959787256031428E+04   1.7109745700020749E+03   4.3075043950943481E+00   2.2909311600091038E+06
   3.9900000000000000E+04   1.6214549229968925E+03   3.2930052794053619E+04   1.7054291743555373E+03   4.3033724710522652E+00   2.2904072896712897E+06
   4.0000000000000000E+04   1.6131287000587420E+03   3.2900117140128255E+04   1.6963001503227299E+03   4.2992353401730599E+00   2.2898598925042278E+06
   4.0100000000000000E+04   1.6119887742142960E+03   3.2869982362833951E+04   1.6951197595997098E+03   4.2950930286877362E+00   2.2892891113779796E+06
   4.0200000000000000E+04   1.6116700818554534E+03   3.2839650522235999E+04   1.6948480657057696E+03   4.2909455626399335E+00   2.2886951508075655E+06
   4.0300000000000000E+04   1.6042673470384368E+03   3.2809123669824345E+04   1.6867440517587349E+03   4.2867929679540575E+00   2.2880781709439838E+06
   4.0400000000000000E+04   1.6016418210739650E+03   3.2778403848466332E+04   1.6839228649090896E+03   4.2826352704012214E+00   2.2874383405104363E+06
   4.0500000000000000E+04   1.5977640052045845E+03   3.2747493092351542E+04   1.6797181631102712E+03   4.2784724956332987E+00   2.2867758189728721E+06
   4.0600000000000000E+04   1.5936448513302489E+03   3.2716393426950799E+04   1.6752476669042194E+03   4.2743046691148052E+00   2.2860907834046371E+06
   4.0700000000000000E+04   1.5893407091389322E+03   3.2685106868960844E+04   1.6705737579322447E+03   4.2701318161739863E+00   2.2853834197301785E+06
   4.0800000000000000E+04   1.5846403402092060E+03   3.2653635426254885E+04   1.6654631991675949E+03   4.2659539620198590E+00   2.2846538684482332E+06
   4.0900000000000000E+04   1.5800721565166291E+03   3.2621981097842352E+04   1.6604998139947227E+03   4.2617711316911073E+00   2.2839023148511807E+06
   4.1000000000000000E+04   1.5766333131493629E+03   3.2590145873817455E+04   1.6567845891220447E+03   4.2575833501071862E+00   2.2831289167393059E+06
   4.1100000000000000E+04   1.5729191951428304E+03   3.2558131735324725E+04   1.6527661476605958E+03   4.2533906419831524E+00   2.2823338588929768E+06
   4.1200000000000000E+04   1.5674849378557692E+03   3.2525940654500202E+04   1.6468496533600930E+03   4.2491930319659268E+00   2.2815172892112453E+06
   4.1300000000000000E+04   1.5634536329369882E+03   3.2493574594445032E+04   1.6424829799410256E+03   4.2449905444980338E+00   2.2806793918227204E+06
   4.1400000000000000E+04   1.5593409339775644E+03   3.2461035509173045E+04   1.6380273679030940E+03   4.2407832039198041E+00   2.2798203229441252E+06
   4.1500000000000000E+04   1.5545175383279691E+03   3.2428325343578461E+04   1.6327885696245455E+03   4.2365710344012308E+00   2.2789402475448414E+06
   4.1600000000000000E+04   1.5495452727585259E+03   3.2395446033395339E+04   1.6273867522783064E+03   4.2323540599590146E+00   2.2780393394466266E+06
   4.1700000000000000E+04   1.5453576035015565E+03   3.2362399505154812E+04   1.6228514178112277E+03   4.2281323045076524E+00   2.2771177628247594E+06
   4.1800000000000000E+04   1.5382756992854531E+03   3.2329187676157464E+04   1.6151260416458724E+03   4.2239057917742748E+00   2.2761756720297029E+06
   4.1900000000000000E+04   1.5300664960583267E+03   3.2295812454431114E+04   1.6061609774184672E+03   4.2196745453667948E+00   2.2752132489965139E+06
   4.2000000000000000E+04   1.5346479793345313E+03   3.2262275738700188E+04   1.6112938056547137E+03   4.2154385887398114E+00   2.2742306471580029E+06
   4.2100000000000000E+04   1.5298095150590250E+03   3.2228579418351048E+04   1.6060443987282292E+03   4.2111979452116621E+00   2.2732280382347400E+06
   4.2200000000000000E+04   1.5255835025955068E+03   3.2194725373400266E+04   1.6014710195399284E+03   4.2069526379644255E+00   2.2722055746018100E+06
   4.2300000000000000E+04   1.5207688640178658E+03   3.2160715474466931E+04   1.5962499987329466E+03   4.2027026900098461E+00   2.2711634365247274E+06
   4.2400000000000000E+04   1.5169052802966942E+03   3.2126551582735519E+04   1.5920777147200433E+03   4.1984481242745000E+00   2.2701017563051539E+06
   4.2500000000000000E+04   1.5126597707078204E+03   3.2092235549938101E+04   1.5874855170960989E+03   4.1941889634805705E+00   2.2690207227389351E+06
   4.2600000000000000E+04   1.5102291057944160E+03   3.2057769218319336E+04   1.5848927920875537E+03   4.1899252302310046E+00   2.2679204956488083E+06
   4.2700000000000000E+04   1.5048699469624837E+03   3.2023154420610594E+04   1.5790757418270780E+03   4.1856569470095177E+00   2.2668012150622355E+06
   4.2800000000000000E+04   1.5006760164103002E+03   3.1988392980007688E+04   1.5745427644163260E+03   4.1813841361465318E+00   2.2656630684539867E+06
   4.2900000000000000E+04   1.4978174399845363E+03   3.1953486710145597E+04   1.5714804766960578E+03   4.1771068198361982E+00   2.2645061946876138E+06
   4.3000000000000000E+04   1.4972345779476393E+03   3.1918437415076893E+04   1.5709236885789264E+03   4.1728250201193768E+00   2.2633307609249977E+06
   4.3100000000000000E+04   1.4909592276244289E+03   3.1883246889247435E+04   1.5641014485453438E+03   4.1685387589176885E+00   2.2621369241223671E+06
   4.3200000000000000E+04   1.4871493343095888E+03   3.1847916917479535E+04   1.5599937752967605E+03   4.1642480579824266E+00   2.2609248601542767E+06
   4.3300000000000000E+04   1.4823419280266548E+03   3.1812449274945211E+04   1.5547893337167313E+03   4.1599529389967564E+00   2.2596946857753969E+06
   4.3400000000000000E+04   1.4739662575522898E+03   3.1776845727158499E+04   1.5456616398535591E+03   4.1556534234224003E+00   2.2584465952193253E+06
   4.3500000000000000E+04   1.4693895088038873E+03   3.1741108029949719E+04   1.5407136897245944E+03   4.1513495326188927E+00   2.2571807431540661E+06
   4.3600000000000000E+04   1.4658800016349280E+03   3.1705237929449479E+04   1.5369398496754420E+03   4.1470412878435674E+00   2.2558972737448551E+06
   4.3700000000000000E+04   1.4677042253284978E+03   3.1669237162077974E+04   1.5390302635649853E+03   4.1427287101834267E+00   2.2545963304015738E+06
   4.3800000000000000E+04   1.4628510970518014E+03   3.1633107454527559E+04   1.5337796734215349E+03   4.1384118206062377E+00   2.2532780855665244E+06
   4.3900000000000000E+04   1.4568337107941813E+03   3.1596850523752706E+04   1.5272505414839984E+03   4.1340906399094370E+00   2.2519426913368935E+06
   4.4000000000000000E+04   1.4516831765888310E+03   3.1560468076953897E+04   1.5216755078026188E+03   4.1297651887882667E+00   2.2505903091320079E+06
   4.4100000000000000E+04   1.4463291579757229E+03   3.1523961811567864E+04   1.5158781167419618E+03   4.1254354878187378E+00   2.2492210797811123E+06
   4.4200000000000000E+04   1.4424925526575782E+03   3.1487333415259425E+04   1.5117485282171833E+03   4.1211015574235557E+00   2.2478351533768303E+06
   4.4300000000000000E+04   1.4389403654815915E+03   3.1450584565911671E+04   1.5079318996202851E+03   4.1167634178891639E+00   2.2464326893968964E+06
   4.4400000000000000E+04   1.4332243141846443E+03   3.1413716931616196E+04   1.5017399306884140E+03   4.1124210893998123E+00   2.2450138265469787E+06
   4.4500000000000000E+04   1.4307023052374925E+03   3.1376732170670472E+04   1.4990555759518402E+03   4.1080745919523807E+00   2.2435787331026252E+06
   4.4600000000000000E+04   1.4274018198564922E+03   3.1339631931566222E+04   1.4955169669959898E+03   4.1037239454756183E+00   2.2421275464066151E+06
   4.4700000000000000E+04   1.4238006312845262E+03   3.1302417852989242E+04   1.4916487590142658E+03   4.0993691697279431E+00   2.2406604233431360E+06
   4.4800000000000000E+04   1.4212268429200683E+03   3.1265091563812341E+04   1.4889086179826165E+03   4.0950102843655749E+00   2.2391775099940822E+06
   4.4900000000000000E+04   1.4168348978823003E+03   3.1227654683093951E+04   1.4841735736490427E+03   4.0906473089084683E+00   2.2376789517192189E+06
   4.5000000000000000E+04   1.4131783292653240E+03   3.1190108820076533E+04   1.4802461215927233E+03   4.0862802627232817E+00   2.2361649034267697E+06
   4.5100000000000000E+04   1.4083522199467141E+03   3.1152455574183015E+04   1.4750362262456078E+03   4.0819091650915027E+00   2.2346354988194425E+06
   4.5200000000000000E+04   1.4059255422650313E+03   3.1114696535019168E+04   1.4724589788341616E+03   4.0775340351413254E+00   2.2330908914085026E+06
   4.5300000000000000E+04   1.4043140778300783E+03   3.1076833282372547E+04   1.4707761808823141E+03   4.0731548918987395E+00   2.2315312237268048E+06
   4.5400000000000000E+04   1.3998658354758372E+03   3.1038867386216418E+04   1.4659822447610043E+03   4.0687717542194131E+00   2.2299566583162826E+06
   4.5500000000000000E+04   1.3960606679670973E+03   3.1000800406708993E+04   1.4618942272499785E+03   4.0643846408908768E+00   2.2283673051875564E+06
   4.5600000000000000E+04   1.3879126604728272E+03   3.0962633894199673E+04   1.4530460403575382E+03   4.0599935705473591E+00   2.2267633254229091E+06
   4.5700000000000000E+04   1.3747255414669030E+03   3.0924369389232703E+04   1.4386813144737700E+03   4.0555985616868284E+00   2.2251448795676348E+06
   4.5800000000000000E+04   1.3753722502409551E+03   3.0886008422551178E+04   1.4394728279339497E+03   4.0511996327220894E+00   2.2235120752180726E+06
   4.5900000000000000E+04   1.3712019994394002E+03   3.0847552515104708E+04   1.4349885568107875E+03   4.0467968019126399E+00   2.2218650819445457E+06
   4.6000000000000000E+04   1.3670203679586157E+03   3.0809003178055249E+04   1.4304924750672731E+03   4.0423900874157894E+00   2.2202040161951603E+06
   4.6100000000000000E+04   1.3675017359242277E+03   3.0770361912785276E+04   1.4311030654039848E+03   4.0379795072696103E+00   2.2185290251315413E+06
   4.6200000000000000E+04   1.3641795337336316E+03   3.0731630210906733E+04   1.4275485275463709E+03   4.0335650793588780E+00   2.2168402658389458E+06
   4.6300000000000000E+04   1.3603049676122534E+03   3.0692809554269250E+04   1.4233895773646818E+03   4.0291468215002295E+00   2.2151378630020763E+06
   4.6400000000000000E+04   1.3580425818269653E+03   3.0653901414971657E+04   1.4209961775743845E+03   4.0247247513399866E+00   2.2134219617066942E+06
   4.6500000000000000E+04   1.3548118131431331E+03   3.0614907255371680E+04   1.4175428132062136E+03   4.0202988864733511E+00   2.2116926743636797E+06
   4.6600000000000000E+04   1.3503740705863313E+03   3.0575828528099028E+04   1.4127686565512090E+03   4.0158692443081758E+00   2.2099501765626380E+06
   4.6700000000000000E+04   1.3467142545406584E+03   3.0536666676066812E+04   1.4088465683311233E+03   4.0114358421841745E+00   2.2081945684866067E+06
   4.6800000000000000E+04   1.3374961380791199E+03   3.0497423132485419E+04   1.3988438883570861E+03   4.0069986973047991E+00   2.2064260029528462E+06
   4.6900000000000000E+04   1.3332418473773541E+03   3.0458099320876299E+04   1.3942733502856715E+03   4.0025578267712980E+00   2.2046445998881119E+06
   4.7000000000000000E+04   1.3323423636474092E+03   3.0418696655086824E+04   1.3933722251482029E+03   3.9981132475486594E+00   2.2028505107176299E+06
   4.7100000000000000E+04   1.3292160208679495E+03   3.0379216539305660E+04   1.3900358211640166E+03   3.9936649765167052E+00   2.2010438646426257E+06
   4.7200000000000000E+04   1.3250051558026519E+03   3.0339660368079021E+04   1.3855138418462752E+03   3.9892130304189908E+00   2.1992247900696369E+06
   4.7300000000000000E+04   1.3224308779679268E+03   3.0300029526327511E+04   1.3827817527324244E+03   3.9847574258968743E+00   2.1973934146092781E+06
   4.7400000000000000E+04   1.3189302104016472E+03   3.0260325389363778E+04   1.3790370880816372E+03   3.9802981794895116E+00   2.1955498759853966E+06
   4.7500000000000000E+04   1.3138916549230503E+03   3.0220549322910672E+04   1.3736118515886171E+03   3.9758353076168298E+00   2.1936943002977977E+06
   4.7600000000000000E+04   1.3097722763745483E+03   3.0180702683120071E+04   1.3691920246054037E+03   3.9713688265795275E+00   2.1918268128453637E+06
   4.7700000000000000E+04   1.3133558259740619E+03   3.0140786816592543E+04   1.3731913182932128E+03   3.9668987525760966E+00   2.1899475601009135E+06
   4.7800000000000000E+04   1.3044353138407416E+03   3.0100803060397917E+04   1.3635244150416468E+03   3.9624251017198704E+00   2.1880566438997514E+06
   4.7900000000000000E+04   1.2999860471015302E+03   3.0060752742095348E+04   1.3587453889709811E+03   3.9579478899879135E+00   2.1861542092170306E+06
   4.8000000000000000E+04   1.2978113963603842E+03   3.0020637179755260E+04   1.3564516719803621E+03   3.9534671332550912E+00   2.1842403672442618E+06
   4.8100000000000000E+04   1.2950059644747400E+03   2.9980457681980908E+04   1.3534690650227326E+03   3.9489828472770427E+00   2.1823152726173187E+06
   4.8200000000000000E+04   1.2942716266499147E+03   2.9940215547932588E+04   1.3527489820533253E+03   3.9444950477583012E+00   2.1803790016851327E+06
   4.8300000000000000E+04   1.2868090430954624E+03   2.9899912067347948E+04   1.3446803446452711E+03   3.9400037502160377E+00   2.1784317409727182E+06
   4.8400000000000000E+04   1.2786349897582268E+03   2.9859548520569482E+04   1.3358377602460046E+03   3.9355089701503903E+00   2.1764735540017923E+06
   4.8500000000000000E+04   1.2767391409169827E+03   2.9819126178564922E+04   1.3338493900282203E+03   3.9310107228741349E+00   2.1745046036914610E+06
   4.8600000000000000E+04   1.2725188585622616E+03   2.9778646302955953E+04   1.3293243383158808E+03   3.9265090236659788E+00   2.1725250077007576E+06
   4.8700000000000000E+04   1.2702687361957537E+03   2.9738110146041508E+04   1.3269496288186238E+03   3.9220038876853955E+00   2.1705348491572496E+06
   4.8800000000000000E+04   1.2685171570280102E+03   2.9697518950822559E+04   1.3251190662102617E+03   3.9174953299385677E+00   2.1685343002123958E+06
   4.8900000000000000E+04   1.2669335720496322E+03   2.9656873951032183E+04   1.3234719322772123E+03   3.9129833653976016E+00   2.1665234536772012E+06
   4.9000000000000000E+04   1.2631918318985872E+03   2.9616176371159465E+04   1.3194699849785841E+03   3.9084680088983466E+00   2.1645024466216802E+06
   4.9100000000000000E+04   1.2605574851250983E+03   2.9575427426479269E+04   1.3166765906197045E+03   3.9039492752085168E+00   2.1624713587963451E+06
   4.9200000000000000E+04   1.2579028819928330E+03   2.9534628323077646E+04   1.3138612589209777E+03   3.8994271789595616E+00   2.1604303484226987E+06
   4.9300000000000000E+04   1.2553719521576152E+03   2.9493780257882201E+04   1.3111810020587930E+03   3.8949017346977644E+00   2.1583795163554298E+06
   4.9400000000000000E+04   1.2472210793139095E+03   2.9452884418691094E+04   1.3023717205864823E+03   3.8903729568842422E+00   2.1563189739581589E+06
   4.9500000000000000E+04   1.2437553200128361E+03   2.9411941984201578E+04   1.2986728521387824E+03   3.8858408598779164E+00   2.1542488432353162E+06
   4.9600000000000000E+04   1.2368468496666044E+03   2.9370954124039130E+04   1.2912217802308203E+03   3.8813054579184718E+00   2.1521692569576707E+06
   4.9700000000000000E+04   1.2352242367769263E+03   2.9329921998790658E+04   1.2895326663619605E+03   3.8767667651944997E+00   2.1500802898217738E+06
   4.9800000000000000E+04   1.2304225582098456E+03   2.9288846760032138E+04   1.2843792473261694E+03   3.8722247957753551E+00   2.1479820845356132E+06
   4.9900000000000000E+04   1.2288435771196023E+03   2.9247729550359509E+04   1.2827378161150541E+03   3.8676795636111612E+00   2.1458747486735834E+06
   5.0000000000000000E+04   1.2205370829173178E+03   2.9206571503424388E+04   1.2737675888329652E+03   3.8631310826179761E+00   2.1437583890079190E+06


