#Te   kappa_tot   kappa_e_ph  kappa_e_e mu Ce
#[K]  [W/(K*m)]   [W/(K*m)]   [W/(K*m)]   [eV]  [J/(m^3*K)]
   3.0000000000000000E+02   2.7316617406886349E-18   2.7316927892746735E-18   2.4033495987496988E-13  -7.2555416800075516E+00   2.9612425514945427E-06
   4.0000000000000000E+02   1.6122268157024072E-20   1.6122268169802864E-20   2.0340538826918550E-11  -7.7528443672539593E+00   2.6443652702358102E-08
   5.0000000000000000E+02   2.4823717150880182E-12   2.4824154623321874E-12   1.4086093983226453E-07  -7.7528443672539593E+00   2.7672073605623595E-05
   6.0000000000000000E+02   4.1765863584690257E-10   4.1765875477176057E-10   1.4667983522864277E-03  -7.7528443672539593E+00   2.8404392029611667E-03
   7.0000000000000000E+02   1.9072906840917754E-08   1.9073002207415911E-08   3.8145218845237975E-03  -7.7217629493010591E+00   4.5016655664126055E-02
   8.0000000000000000E+02   3.6043589842427728E-07   3.6044168812568084E-07   2.2439175120250364E-02  -7.7025798866582553E+00   4.3871163715601980E-01
   9.0000000000000000E+02   3.7870501949928472E-06   3.7871941248225645E-06   9.9647823366537297E-02  -7.6827290591766175E+00   2.5405274871957895E+00
   1.0000000000000000E+03   2.5982000010318013E-05   2.5984002810222640E-05   3.3708627592997681E-01  -7.6625898786963926E+00   1.0252905730606123E+01
   1.1000000000000000E+03   1.2940561411753663E-04   1.2942368861957769E-04   9.2661761132480180E-01  -7.6421813158095935E+00   3.1984877113393264E+01
   1.2000000000000000E+03   5.0267656004972195E-04   5.0279354804038182E-04   2.1604143273045264E+00  -7.6215887381802787E+00   8.2188774330701520E+01
   1.3000000000000000E+03   1.6029853517605336E-03   1.6035662239449351E-03   4.4252302599242794E+00  -7.6008704803788794E+00   1.8214616493912331E+02
   1.4000000000000000E+03   4.3585867371738318E-03   4.3609000442909841E-03   8.2165316287879921E+00  -7.5800782372686308E+00   3.5961938081014625E+02
   1.5000000000000000E+03   1.0401537206162671E-02   1.0409336290253255E-02   1.3882796679321462E+01  -7.5592569454393663E+00   6.4765113418928172E+02
   1.6000000000000000E+03   2.2284475724780040E-02   2.2306863182714416E-02   2.2204251708630238E+01  -7.5384443089427053E+00   1.0828782785875230E+03
   1.7000000000000000E+03   4.3635539056638917E-02   4.3692671645571092E-02   3.3370678901712871E+01  -7.5176701471779728E+00   1.7035944158821351E+03
   1.8000000000000000E+03   7.9223596685106784E-02   7.9355750903945602E-02   4.7572056794691761E+01  -7.4969569284400768E+00   2.5480120566025066E+03
   1.9000000000000000E+03   1.3492702639915935E-01   1.3520473370623470E-01   6.5690646984387101E+01  -7.4763208370153302E+00   3.6526614120339568E+03
   2.0000000000000000E+03   2.1760244484499566E-01   2.1814527045030299E-01   8.7447872239710350E+01  -7.4557725586825203E+00   5.0512199925442728E+03
   2.1000000000000000E+03   3.3487252610965990E-01   3.3588140048203097E-01   1.1148806643618623E+02  -7.4353185552995402E+00   6.7736625860964514E+03
   2.2000000000000000E+03   4.9489750776216090E-01   4.9666423018241074E-01   1.3912649032728606E+02  -7.4149622282342635E+00   8.8458169897192583E+03
   2.3000000000000000E+03   7.0605403750905527E-01   7.0901456744511893E-01   1.6909222632721756E+02  -7.3947050151018630E+00   1.1289244199350371E+04
   2.4000000000000000E+03   9.7674175485931680E-01   9.8144585768708570E-01   2.0378362983007926E+02  -7.3745473975775271E+00   1.4121367464870395E+04
   2.5000000000000000E+03   1.3149538194158088E+00   1.3222098707135286E+00   2.3961309646617190E+02  -7.3544897387702441E+00   1.7355820255918581E+04
   2.6000000000000000E+03   1.7283473461636563E+00   1.7390809746089200E+00   2.8002981494625300E+02  -7.3345329019901557E+00   2.1003002968549317E+04
   2.7000000000000000E+03   2.2237828654438454E+00   2.2391869998177958E+00   3.2325514448511285E+02  -7.3146787287185617E+00   2.5070599673787990E+04
   2.8000000000000000E+03   2.8072209692265733E+00   2.8288880269783419E+00   3.6651555923781609E+02  -7.2949303202026252E+00   2.9564231863002540E+04
   2.9000000000000000E+03   3.4841783338009709E+00   3.5136992901487911E+00   4.1470048578328664E+02  -7.2752921652845837E+00   3.4488049833804733E+04
   3.0000000000000000E+03   4.2587500174562125E+00   4.2982514284442077E+00   4.6340568319145166E+02  -7.2557701644854848E+00   3.9845216063317501E+04
   3.1000000000000000E+03   5.1343549687954351E+00   5.1862805998005230E+00   5.1281428943143396E+02  -7.2363715225545890E+00   4.5638357046747900E+04
   3.2000000000000000E+03   6.1138141111775282E+00   6.1806411229847678E+00   5.6544935785584175E+02  -7.2171045761778228E+00   5.1869927016225432E+04
   3.3000000000000000E+03   7.1985232861705537E+00   7.2833345423102838E+00   6.1818743985363335E+02  -7.1979785790765956E+00   5.8542336096288891E+04
   3.4000000000000000E+03   8.3897728553189204E+00   8.4955505268387554E+00   6.7382594244094810E+02  -7.1790034315286073E+00   6.5658149671434992E+04
   3.5000000000000000E+03   9.6873906006328845E+00   9.8177160142636861E+00   7.2977362731180096E+02  -7.1601894247095128E+00   7.3220043944686709E+04
   3.6000000000000000E+03   1.1090423537768247E+01   1.1249550291432767E+01   7.8404337717115993E+02  -7.1415469776241336E+00   8.1230728295210443E+04
   3.7000000000000000E+03   1.2598363317718052E+01   1.2790124130462154E+01   8.4028967320504171E+02  -7.1230863907111077E+00   8.9692875502239083E+04
   3.8000000000000000E+03   1.4208590516746513E+01   1.4437921537147540E+01   8.9452580237734298E+02  -7.1048176351099697E+00   9.8608876224241831E+04
   3.9000000000000000E+03   1.5919268378697753E+01   1.6190902769743758E+01   9.4887589709249937E+02  -7.0867501706435174E+00   1.0798066530206117E+05
   4.0000000000000000E+03   1.7727827783425266E+01   1.8046567357403795E+01   1.0037236173741936E+03  -7.0688927971469218E+00   1.1780951286898355E+05
   4.1000000000000000E+03   1.9631445329757742E+01   2.0002015840133051E+01   1.0596322952218520E+03  -7.0512535433118835E+00   1.2809580432696769E+05
   4.2000000000000000E+03   2.1628603010267099E+01   2.2054009079311918E+01   1.1212755103195543E+03  -7.0338395860987077E+00   1.3883884739321470E+05
   4.3000000000000000E+03   2.3712145105143236E+01   2.4199024114635936E+01   1.1785490029791711E+03  -7.0166572002530110E+00   1.5003669579465725E+05
   4.4000000000000000E+03   2.5881119353718613E+01   2.6433305779717049E+01   1.2389358187521568E+03  -6.9997117305167817E+00   1.6168602368718077E+05
   4.5000000000000000E+03   2.8129670866586075E+01   2.8752913554410732E+01   1.2977448601346885E+03  -6.9830075856074387E+00   1.7378203607701825E+05
   4.6000000000000000E+03   3.0454110695256727E+01   3.1153763410113665E+01   1.3560444193508688E+03  -6.9665482495649815E+00   1.8631832298643925E+05
   4.7000000000000000E+03   3.2858230870795538E+01   3.3631664600750362E+01   1.4287933887822066E+03  -6.9503363009726797E+00   1.9928691426816132E+05
   4.8000000000000000E+03   3.5317383639993913E+01   3.6182351687953080E+01   1.4773563007045764E+03  -6.9343734472301417E+00   2.1267822335200614E+05
   4.9000000000000000E+03   3.7848491914152127E+01   3.8801512097029949E+01   1.5409733636770093E+03  -6.9186605616052086E+00   2.2648107535358603E+05
   5.0000000000000000E+03   4.0433726855170455E+01   4.1484809724023272E+01   1.5958641461358957E+03  -6.9031977270015981E+00   2.4068281609868217E+05
   5.1000000000000000E+03   4.3078715017802494E+01   4.4227905110916183E+01   1.6579339932745872E+03  -6.8879842829685254E+00   2.5526933896224597E+05
   5.2000000000000000E+03   4.5770120388674208E+01   4.7026472713665761E+01   1.7132195123479009E+03  -6.8730188750260890E+00   2.7022523772188381E+05
   5.3000000000000000E+03   4.8503007927397299E+01   4.9876215811954069E+01   1.7616753574762763E+03  -6.8582995065380175E+00   2.8553388652090461E+05
   5.4000000000000000E+03   5.1291287939722345E+01   5.2772879434579231E+01   1.8269468769788882E+03  -6.8438235891948906E+00   3.0117763471857068E+05
   5.5000000000000000E+03   5.4108847537945294E+01   5.5712261811768457E+01   1.8800670104920973E+03  -6.8295879965079127E+00   3.1713791845736513E+05
   5.6000000000000000E+03   5.6965495720775017E+01   5.8690224595145835E+01   1.9384598864825896E+03  -6.8155891161447446E+00   3.3339542999067460E+05
   5.7000000000000000E+03   5.9856280353343649E+01   6.1702702156206726E+01   2.0002440575029557E+03  -6.8018229020338117E+00   3.4993027055737504E+05
   5.8000000000000000E+03   6.2763644080647886E+01   6.4745710134881946E+01   2.0502226441816861E+03  -6.7882849262370026E+00   3.6672209373560722E+05
   5.9000000000000000E+03   6.5706474586039306E+01   6.7815353373355109E+01   2.1129274094700959E+03  -6.7749704282750693E+00   3.8375030603810400E+05
   6.0000000000000000E+03   6.8661520793194043E+01   7.0907833375338399E+01   2.1673918912271201E+03  -6.7618743649161726E+00   4.0099417251923203E+05
   6.1000000000000000E+03   7.1630255341279621E+01   7.4019455301817615E+01   2.2191664871356074E+03  -6.7489914571855021E+00   4.1843297231117822E+05
   6.2000000000000000E+03   7.4620167093955132E+01   7.7146634521378175E+01   2.2785549088171988E+03  -6.7363162347118566E+00   4.3604612484993099E+05
   6.3000000000000000E+03   7.7601512540099009E+01   8.0285902787130610E+01   2.3209395499846464E+03  -6.7238430793794137E+00   4.5381332693014096E+05
   6.4000000000000000E+03   8.0602156404945248E+01   8.3433913930056832E+01   2.3748337632835301E+03  -6.7115662646954410E+00   4.7171463371818961E+05
   6.5000000000000000E+03   8.3594793379218032E+01   8.6587449135222585E+01   2.4186744182552297E+03  -6.6994799933053821E+00   4.8973057919769257E+05
   6.6000000000000000E+03   8.6606974809034696E+01   8.9743421732274101E+01   2.4780927130168388E+03  -6.6875784316132432E+00   5.0784227319336927E+05
   6.7000000000000000E+03   8.9602907199009451E+01   9.2898881475702069E+01   2.5255081371908973E+03  -6.6758557408126071E+00   5.2603144609307824E+05
   6.8000000000000000E+03   9.2590766640934220E+01   9.6051018339038023E+01   2.5701706698178891E+03  -6.6643061064123978E+00   5.4428053276215564E+05
   6.9000000000000000E+03   9.5574408348586843E+01   9.9197165716753688E+01   2.6169874103472753E+03  -6.6529237628995546E+00   5.6257272355448629E+05
   7.0000000000000000E+03   9.8561244290581186E+01   1.0233480310844874E+02   2.6728735433624665E+03  -6.6417030170123033E+00   5.8089200425079407E+05
   7.1000000000000000E+03   1.0151689121835992E+02   1.0546155822565980E+02   2.7140768826115423E+03  -6.6306382675397808E+00   5.9922319908327539E+05
   7.2000000000000000E+03   1.0445741404822195E+02   1.0857520854833503E+02   2.7542621455232961E+03  -6.6197240229216892E+00   6.1755196972384257E+05
   7.3000000000000000E+03   1.0738807099419341E+02   1.1167368228602700E+02   2.7982988901412696E+03  -6.6089549154901617E+00   6.3586488234983780E+05
   7.4000000000000000E+03   1.1028585674300329E+02   1.1475505883746813E+02   2.8317940679295643E+03  -6.5983257146694863E+00   6.5414934493112226E+05
   7.5000000000000000E+03   1.1317225896699770E+02   1.1781756864844213E+02   2.8703533896145827E+03  -6.5878313364706926E+00   6.7239369769092894E+05
   7.6000000000000000E+03   1.1603408422437755E+02   1.2085959262519636E+02   2.9061874905484274E+03  -6.5774668522913604E+00   6.9058714098307339E+05
   7.7000000000000000E+03   1.1887576442200645E+02   1.2387966097987480E+02   2.9429643928520882E+03  -6.5672274952839418E+00   7.0871975306289969E+05
   7.8000000000000000E+03   1.2170511758317316E+02   1.2687645164049501E+02   2.9859825906197952E+03  -6.5571086650451420E+00   7.2678245914075791E+05
   7.9000000000000000E+03   1.2448551307667654E+02   1.2984878820651417E+02   3.0138847310564765E+03  -6.5471059308000523E+00   7.4476706804896716E+05
   8.0000000000000000E+03   1.2725034815673871E+02   1.3279563748226354E+02   3.0473236131308158E+03  -6.5372150335442498E+00   7.6266619383651135E+05
   8.1000000000000000E+03   1.2998616839068993E+02   1.3571610662694474E+02   3.0787795543271827E+03  -6.5274318869121775E+00   7.8047325263943500E+05
   8.2000000000000000E+03   1.3272109309716373E+02   1.3860943995621494E+02   3.1242039276773717E+03  -6.5177525767718851E+00   7.9818244008694496E+05
   8.3000000000000000E+03   1.3538019460247574E+02   1.4147501538514001E+02   3.1424902876071214E+03  -6.5081733602987475E+00   8.1578872103830369E+05
   8.4000000000000000E+03   1.3801614416338114E+02   1.4431234064662019E+02   3.1634071243266580E+03  -6.4986906640649673E+00   8.3328776290195819E+05
   8.5000000000000000E+03   1.4063434117792863E+02   1.4712104915401432E+02   3.1896413246069615E+03  -6.4893010814922496E+00   8.5067592358195537E+05
   8.6000000000000000E+03   1.4321140521932267E+02   1.4990089572009282E+02   3.2091409528480744E+03  -6.4800013698413377E+00   8.6795024603439728E+05
   8.7000000000000000E+03   1.4578825166651680E+02   1.5265175202499293E+02   3.2424901113424767E+03  -6.4707884469120733E+00   8.8510837233888195E+05
   8.8000000000000000E+03   1.4835724990394223E+02   1.5537360187951228E+02   3.2852970265422919E+03  -6.4616593867592647E+00   9.0214854998394183E+05
   8.9000000000000000E+03   1.5086023759530474E+02   1.5806653645860624E+02   3.3090433381064986E+03  -6.4526114158138110E+00   9.1906960860506236E+05
   9.0000000000000000E+03   1.5333361890100829E+02   1.6073074928229101E+02   3.3317551788036280E+03  -6.4436419087143655E+00   9.3587086606759159E+05
   9.1000000000000000E+03   1.5577674227786994E+02   1.6336653113858560E+02   3.3530189686469785E+03  -6.4347483830969034E+00   9.5255218296982418E+05
   9.2000000000000000E+03   1.5819147063779357E+02   1.6597426506619635E+02   3.3735586003698186E+03  -6.4259284955421601E+00   9.6911386206658103E+05
   9.3000000000000000E+03   1.6057717402145633E+02   1.6855442099799836E+02   3.3928989126539418E+03  -6.4171800365388965E+00   9.8555662656864652E+05
   9.4000000000000000E+03   1.6293453144943507E+02   1.7110755069544877E+02   3.4111419245245506E+03  -6.4085009257366066E+00   1.0018816067898121E+06
   9.5000000000000000E+03   1.6523202640467628E+02   1.7363428248028066E+02   3.4145524832120841E+03  -6.3998892070245619E+00   1.0180903096955118E+06
   9.6000000000000000E+03   1.6749804993177031E+02   1.7613531600452816E+02   3.4157014159753257E+03  -6.3913430438424310E+00   1.0341845821066103E+06
   9.7000000000000000E+03   1.6979067321857397E+02   1.7861141708277995E+02   3.4380947024288939E+03  -6.3828607144329883E+00   1.0501665597226308E+06
   9.8000000000000000E+03   1.7205036306641463E+02   1.8106341257035146E+02   3.4563247275149297E+03  -6.3744406070369521E+00   1.0660386845400757E+06
   9.9000000000000000E+03   1.7427076407706770E+02   1.8349218520346341E+02   3.4677218271753704E+03  -6.3660812154930673E+00   1.0818036210823662E+06
   1.0000000000000000E+04   1.7654531737548425E+02   1.8589866867108557E+02   3.5088535031984788E+03  -6.3577811344329174E+00   1.0974642616594185E+06
   1.0100000000000000E+04   1.7871618015310139E+02   1.8828384258964678E+02   3.5169895839593610E+03  -6.3495390548810198E+00   1.1130237216416835E+06
   1.0200000000000000E+04   1.8089470671317994E+02   1.9064872769252429E+02   3.5357055058844353E+03  -6.3413537602022743E+00   1.1284852620127855E+06
   1.0300000000000000E+04   1.8302519284945404E+02   1.9299438105260930E+02   3.5432006188663504E+03  -6.3332241215283522E+00   1.1438522918864195E+06
   1.0400000000000000E+04   1.8513059525181833E+02   1.9532189147895994E+02   3.5481313887147021E+03  -6.3251490938209338E+00   1.1591283673473061E+06
   1.0500000000000000E+04   1.8725850072967370E+02   1.9763237492990393E+02   3.5674562377281591E+03  -6.3171277119349432E+00   1.1743171214490058E+06
   1.0600000000000000E+04   1.8934556123574220E+02   1.9992697016862328E+02   3.5775277765805217E+03  -6.3091590866238754E+00   1.1894222797406744E+06
   1.0700000000000000E+04   1.9139757192192795E+02   2.0220683444619183E+02   3.5804382632159213E+03  -6.3012424008925088E+00   1.2044476144783087E+06
   1.0800000000000000E+04   1.9346043263768681E+02   2.0447313937816202E+02   3.5919836003168034E+03  -6.2933769063495992E+00   1.2193969646418619E+06
   1.0900000000000000E+04   1.9549717255984825E+02   2.0672706692831443E+02   3.5988367966809292E+03  -6.2855619197342616E+00   1.2342741667094817E+06
   1.1000000000000000E+04   1.9754952785831733E+02   2.0896980560467509E+02   3.6147883046902234E+03  -6.2777968193844593E+00   1.2490830770766307E+06
   1.1100000000000000E+04   1.9955981650109553E+02   2.1120254665290861E+02   3.6200737202566702E+03  -6.2700810422844215E+00   1.2638275287788408E+06
   1.1200000000000000E+04   2.0154307868707818E+02   2.1342648060131739E+02   3.6197235677264653E+03  -6.2624140805331336E+00   1.2785113493723255E+06
   1.1300000000000000E+04   2.0356461226331652E+02   2.1564279376303622E+02   3.6344247435567618E+03  -6.2547954787391271E+00   1.2931383101242222E+06
   1.1400000000000000E+04   2.0558610381826077E+02   2.1785266505044729E+02   3.6511846936064767E+03  -6.2472248307784293E+00   1.3077121281924471E+06
   1.1500000000000000E+04   2.0761778125124906E+02   2.2005726280471714E+02   3.6728058525076435E+03  -6.2397017769867276E+00   1.3222364759587485E+06
   1.1600000000000000E+04   2.0955883117228626E+02   2.2225774190659880E+02   3.6677218690174482E+03  -6.2322260017567768E+00   1.3367149076809853E+06
   1.1700000000000000E+04   2.1153603125629832E+02   2.2445524094250379E+02   3.6751761150181383E+03  -6.2247972306437109E+00   1.3511509406617933E+06
   1.1800000000000000E+04   2.1348479548286511E+02   2.2665087957200683E+02   3.6750879262077960E+03  -6.2174152279335351E+00   1.3655479694111233E+06
   1.1900000000000000E+04   2.1541622608400746E+02   2.2884575605849233E+02   3.6707978029851097E+03  -6.2100797944141810E+00   1.3799092584156671E+06
   1.2000000000000000E+04   2.1742480403882027E+02   2.3104094493671008E+02   3.6893002616911244E+03  -6.2027907647413825E+00   1.3942380060427692E+06
   1.2100000000000000E+04   2.1937130279608107E+02   2.3323749478616793E+02   3.6899541798292444E+03  -6.1955480055860583E+00   1.4085372629595026E+06
   1.2200000000000000E+04   2.2137805622249701E+02   2.3543642629901970E+02   3.7074325212912577E+03  -6.1883514131448880E+00   1.4228099634543553E+06
   1.2300000000000000E+04   2.2336238270894685E+02   2.3763873027086095E+02   3.7180064990034261E+03  -6.1812009115192970E+00   1.4370588827052119E+06
   1.2400000000000000E+04   2.2533221733632652E+02   2.3984536599282583E+02   3.7238568567134294E+03  -6.1740964503128559E+00   1.4512866969690416E+06
   1.2500000000000000E+04   2.2730578748606519E+02   2.4205725955926650E+02   3.7298661264317698E+03  -6.1670380030392193E+00   1.4654959112830323E+06
   1.2600000000000000E+04   2.2930557616292072E+02   2.4427530247184384E+02   3.7417978004240085E+03  -6.1600255653274196E+00   1.4796888903275428E+06
   1.2700000000000000E+04   2.3136726817187841E+02   2.4650035031251693E+02   3.7687043607636006E+03  -6.1530591529534790E+00   1.4938678598256214E+06
   1.2800000000000000E+04   2.3334121510951084E+02   2.4873322160741682E+02   3.7707697288117756E+03  -6.1461388004220074E+00   1.5080349088619279E+06
   1.2900000000000000E+04   2.3530861195305695E+02   2.5097469671881376E+02   3.7697043264651738E+03  -6.1392645593741477E+00   1.5221919212641644E+06
   1.3000000000000000E+04   2.3726002372678155E+02   2.5322551698519050E+02   3.7631341040145330E+03  -6.1324364969665357E+00   1.5363406652553845E+06
   1.3100000000000000E+04   2.3937358229224827E+02   2.5548638392200371E+02   3.7955342808518703E+03  -6.1256546943660704E+00   1.5504827821862784E+06
   1.3200000000000000E+04   2.4135233983411200E+02   2.5775795856487071E+02   3.7920231739786786E+03  -6.1189192456788861E+00   1.5646196785482410E+06
   1.3300000000000000E+04   2.4339694553713801E+02   2.6004086095459689E+02   3.8027801562127706E+03  -6.1122302562424800E+00   1.5787526874493218E+06
   1.3400000000000000E+04   2.4541678066266849E+02   2.6233566959834872E+02   3.8053075311605103E+03  -6.1055878415836400E+00   1.5928829447857416E+06
   1.3500000000000000E+04   2.4742363992548923E+02   2.6464292134857715E+02   3.8026508349404430E+03  -6.0989921262026607E+00   1.6070114339204645E+06
   1.3600000000000000E+04   2.4944943490336442E+02   2.6696311099774960E+02   3.8023883061182432E+03  -6.0924432423865404E+00   1.6211390154766450E+06
   1.3700000000000000E+04   2.5146224264556560E+02   2.6929669132886454E+02   3.7970307432043837E+03  -6.0859413291379401E+00   1.6352663642533284E+06
   1.3800000000000000E+04   2.5356181456291236E+02   2.7164407302032333E+02   3.8091792699746297E+03  -6.0794865310462542E+00   1.6493940464182883E+06
   1.3900000000000000E+04   2.5563677367966343E+02   2.7400562479469636E+02   3.8132985810566920E+03  -6.0730789975060535E+00   1.6635224444873692E+06
   1.4000000000000000E+04   2.5778325640055988E+02   2.7638167356214251E+02   3.8307866309964506E+03  -6.0667188815302584E+00   1.6776518362666783E+06
   1.4100000000000000E+04   2.5983027168698641E+02   2.7877250472853393E+02   3.8239174591296714E+03  -6.0604063390264802E+00   1.6917823313997865E+06
   1.4200000000000000E+04   2.6206594081042368E+02   2.8117836253250033E+02   3.8554649528007312E+03  -6.0541415279575483E+00   1.7059139155996952E+06
   1.4300000000000000E+04   2.6417997260057410E+02   2.8359945048045682E+02   3.8580488888982104E+03  -6.0479246073283752E+00   1.7200464659944675E+06
   1.4400000000000000E+04   2.6630053759294685E+02   2.8603593189284715E+02   3.8596402623863237E+03  -6.0417557368096562E+00   1.7341796927647379E+06
   1.4500000000000000E+04   2.6842910623734633E+02   2.8848793040844737E+02   3.8605731153158945E+03  -6.0356350756089316E+00   1.7483132095558685E+06
   1.4600000000000000E+04   2.7057229733867769E+02   2.9095553071868909E+02   3.8622187609915791E+03  -6.0295627820653497E+00   1.7624465062235771E+06
   1.4700000000000000E+04   2.7278704597017401E+02   2.9343877924598218E+02   3.8760086959564446E+03  -6.0235390130417557E+00   1.7765789458403087E+06
   1.4800000000000000E+04   2.7499844690783846E+02   2.9593768487055581E+02   3.8865981591979039E+03  -6.0175639230852518E+00   1.7907097932731376E+06
   1.4900000000000000E+04   2.7718587580556971E+02   2.9845221981805543E+02   3.8900311162000476E+03  -6.0116376641087879E+00   1.8048382128361124E+06
   1.5000000000000000E+04   2.7937866638741048E+02   3.0098232048538824E+02   3.8923063164238924E+03  -6.0057603847253667E+00   1.8189632467066513E+06
   1.5100000000000000E+04   2.8162830470883915E+02   3.0352788841745667E+02   3.9033639079278314E+03  -5.9999322298717477E+00   1.8330838567992144E+06
   1.5200000000000000E+04   2.8380816926885001E+02   3.0608879115419808E+02   3.8989261564694061E+03  -5.9941533402873999E+00   1.8471989033778843E+06
   1.5300000000000000E+04   2.8607661011901291E+02   3.0866486336883088E+02   3.9091910648786029E+03  -5.9884238520513531E+00   1.8613071747264694E+06
   1.5400000000000000E+04   2.8844261808775241E+02   3.1125590781147258E+02   3.9354021288333884E+03  -5.9827438963506232E+00   1.8754073526270334E+06
   1.5500000000000000E+04   2.9075974347937546E+02   3.1386169637957198E+02   3.9502438049966609E+03  -5.9771135988723270E+00   1.8894980745661112E+06
   1.5600000000000000E+04   2.9302289880255620E+02   3.1648197124396563E+02   3.9531172796481765E+03  -5.9715330797747432E+00   1.9035778601464098E+06
   1.5700000000000000E+04   2.9534180514961622E+02   3.1911644593411438E+02   3.9642419016721465E+03  -5.9660024531373148E+00   1.9176451930106871E+06
   1.5800000000000000E+04   2.9768241699104124E+02   3.2176480648740863E+02   3.9773347786885765E+03  -5.9605218267869686E+00   1.9316984861069734E+06
   1.5900000000000000E+04   2.9987985328147329E+02   3.2442671258714222E+02   3.9634005214163931E+03  -5.9550913020086478E+00   1.9457361054041695E+06
   1.6000000000000000E+04   3.0211481110916992E+02   3.2710179870237698E+02   3.9549504621078886E+03  -5.9497109734295259E+00   1.9597563279903671E+06
   1.6100000000000000E+04   3.0449756134018133E+02   3.2978967533467625E+02   3.9704135414080724E+03  -5.9443809286427030E+00   1.9737574183375752E+06
   1.6200000000000000E+04   3.0682931801825532E+02   3.3248993011448226E+02   3.9756517935893003E+03  -5.9391012481782512E+00   1.9877375797748109E+06
   1.6300000000000000E+04   3.0914806364352501E+02   3.3520212904266640E+02   3.9773865435273774E+03  -5.9338720053005796E+00   2.0016949648932663E+06
   1.6400000000000000E+04   3.1149401129490485E+02   3.3792581765072555E+02   3.9823940537062404E+03  -5.9286932658058280E+00   2.0156277125006178E+06
   1.6500000000000000E+04   3.1379214504691100E+02   3.4066052218606529E+02   3.9785281945365364E+03  -5.9235650879929054E+00   2.0295339117473126E+06
   1.6600000000000000E+04   3.1621296899026305E+02   3.4340575079634527E+02   3.9933153144101839E+03  -5.9184875225477072E+00   2.0434116256758757E+06
   1.6700000000000000E+04   3.1855453978825614E+02   3.4616099469986460E+02   3.9943975679721025E+03  -5.9134606124562641E+00   2.0572588948889223E+06
   1.6800000000000000E+04   3.2102817621892746E+02   3.4892572935293310E+02   4.0152263530772098E+03  -5.9084843929179209E+00   2.0710737544062652E+06
   1.6900000000000000E+04   3.2349221745813139E+02   3.5169941562516993E+02   4.0334393783308606E+03  -5.9035588913163739E+00   2.0848541972531544E+06
   1.7000000000000000E+04   3.2582882926519426E+02   3.5448150089336775E+02   4.0310479222009508E+03  -5.8986841272196777E+00   2.0985982309984136E+06
   1.7100000000000000E+04   3.2825524707620804E+02   3.5727142018781871E+02   4.0417534681750526E+03  -5.8938601123802430E+00   2.1123038211720116E+06
   1.7200000000000000E+04   3.3064360589640489E+02   3.6006859734490803E+02   4.0460293626436141E+03  -5.8890868506190532E+00   2.1259689609595775E+06
   1.7300000000000000E+04   3.3306172830045574E+02   3.6287244604748446E+02   4.0542104708376351E+03  -5.8843643379703883E+00   2.1395916276793573E+06
   1.7400000000000000E+04   3.3546975378200869E+02   3.6568237089020198E+02   4.0604021321836826E+03  -5.8796925626818446E+00   2.1531697923977305E+06
   1.7500000000000000E+04   3.3787700132243691E+02   3.6849776846382338E+02   4.0660941127854712E+03  -5.8750715051853595E+00   2.1667014360870998E+06
   1.7600000000000000E+04   3.4028104708946853E+02   3.7131802838421322E+02   4.0710301785429006E+03  -5.8705011382130277E+00   2.1801845589540852E+06
   1.7700000000000000E+04   3.4273825165443947E+02   3.7414253427230079E+02   4.0832952507285254E+03  -5.8659814268260311E+00   2.1936171565172761E+06
   1.7800000000000000E+04   3.4505058807504412E+02   3.7697066473685891E+02   4.0749886327841396E+03  -5.8615123285014761E+00   2.2069972420280408E+06
   1.7900000000000000E+04   3.4743740029481700E+02   3.7980179433621561E+02   4.0772383342845769E+03  -5.8570937932192502E+00   2.2203228356381436E+06
   1.8000000000000000E+04   3.4998864218357977E+02   3.8263529449399937E+02   4.1020440900988633E+03  -5.8527257634620113E+00   2.2335919931059075E+06
   1.8100000000000000E+04   3.5237825416017898E+02   3.8547053443037055E+02   4.1046259986839768E+03  -5.8484081744757086E+00   2.2468027814956899E+06
   1.8200000000000000E+04   3.5481105449199219E+02   3.8830688197370210E+02   4.1132160217513065E+03  -5.8441409542695855E+00   2.2599532813327424E+06
   1.8300000000000000E+04   3.5725374142086559E+02   3.9114370446618011E+02   4.1232724764826698E+03  -5.8399240236451204E+00   2.2730416082913470E+06
   1.8400000000000000E+04   3.5953009632429780E+02   3.9398036953900953E+02   4.1116597052052639E+03  -5.8357572964855153E+00   2.2860659083517371E+06
   1.8500000000000000E+04   3.6195367974541222E+02   3.9681624587496157E+02   4.1198659858679539E+03  -5.8316406797556644E+00   2.2990243399905590E+06
   1.8600000000000000E+04   3.6428441723184176E+02   3.9965070404680944E+02   4.1165340478540784E+03  -5.8275740737337500E+00   2.3119151019420819E+06
   1.8700000000000000E+04   3.6666211308533099E+02   4.0248311713806123E+02   4.1197982612037986E+03  -5.8235573719533473E+00   2.3247364345971802E+06
   1.8800000000000000E+04   3.6909764722345068E+02   4.0531286151416811E+02   4.1308612003057688E+03  -5.8195904615507805E+00   2.3374866018982022E+06
   1.8900000000000000E+04   3.7148852872394946E+02   4.0813931743538757E+02   4.1368570739966453E+03  -5.8156732233230244E+00   2.3501638800011822E+06
   1.9000000000000000E+04   3.7386899041536776E+02   4.1096186971385140E+02   4.1421939260296440E+03  -5.8118055317855797E+00   2.3627666291977391E+06
   1.9100000000000000E+04   3.7628703876039606E+02   4.1377990832206206E+02   4.1527900697216865E+03  -5.8079872554909127E+00   2.3752931986438055E+06
   1.9200000000000000E+04   3.7865725275163157E+02   4.1659282897054436E+02   4.1582575475780586E+03  -5.8042182569994942E+00   2.3877420107309278E+06
   1.9300000000000000E+04   3.8096162464477987E+02   4.1940003361868639E+02   4.1566579483534742E+03  -5.8004983931403187E+00   2.4001115108194714E+06
   1.9400000000000000E+04   3.8330527542657859E+02   4.2220093103812832E+02   4.1606663163912117E+03  -5.7968275151556474E+00   2.4124001747034108E+06
   1.9500000000000000E+04   3.8564521576643278E+02   4.2499493722850167E+02   4.1651442037554316E+03  -5.7932054687878427E+00   2.4246065533293602E+06
   1.9600000000000000E+04   3.8797019343672883E+02   4.2778147597889006E+02   4.1688298237670788E+03  -5.7896320945109494E+00   2.4367291980617531E+06
   1.9700000000000000E+04   3.9025675863251752E+02   4.3055997919727253E+02   4.1691194778948357E+03  -5.7861072276754157E+00   2.4487667302823476E+06
   1.9800000000000000E+04   3.9263385971565435E+02   4.3332988738556020E+02   4.1807516840312783E+03  -5.7826306985949465E+00   2.4607177981787282E+06
   1.9900000000000000E+04   3.9492576231010406E+02   4.3609064996196338E+02   4.1837459591550250E+03  -5.7792023327491302E+00   2.4725811020419961E+06
   2.0000000000000000E+04   3.9727733770811676E+02   4.3884172562991853E+02   4.1945011378849713E+03  -5.7758219509860558E+00   2.4843553882955182E+06
   2.0100000000000000E+04   3.9953854216629838E+02   4.4158258273211885E+02   4.1962965256542748E+03  -5.7724893696091666E+00   2.4960394376435587E+06
   2.0200000000000000E+04   4.0173825833261077E+02   4.4431269950327533E+02   4.1925954902843914E+03  -5.7692044005798815E+00   2.5076320775729888E+06
   2.0300000000000000E+04   4.0402014530739802E+02   4.4703156434370135E+02   4.1991118086732740E+03  -5.7659668516044311E+00   2.5191321824488863E+06
   2.0400000000000000E+04   4.0625751037283931E+02   4.4973867612846675E+02   4.2020426938226919E+03  -5.7627765263654362E+00   2.5305386735096504E+06
   2.0500000000000000E+04   4.0847103468316368E+02   4.5243354433817427E+02   4.2037181096216655E+03  -5.7596332246666551E+00   2.5418505011783158E+06
   2.0600000000000000E+04   4.1069716659363587E+02   4.5511568935949975E+02   4.2080355773538213E+03  -5.7565367424908525E+00   2.5530666806155564E+06
   2.0700000000000000E+04   4.1289001526921271E+02   4.5778464259230640E+02   4.2101854796491434E+03  -5.7534868723182324E+00   2.5641862561284336E+06
   2.0800000000000000E+04   4.1500843093697188E+02   4.6043994664118082E+02   4.2060331211568300E+03  -5.7504834030974834E+00   2.5752083246266190E+06
   2.0900000000000000E+04   4.1723923647366826E+02   4.6308115546536749E+02   4.2148241605396224E+03  -5.7475261205352517E+00   2.5861320179910790E+06
   2.1000000000000000E+04   4.1935438118996734E+02   4.6570783447635137E+02   4.2132054225939883E+03  -5.7446148071250871E+00   2.5969565202040039E+06
   2.1100000000000000E+04   4.2149229602636996E+02   4.6831956064871230E+02   4.2153452370930481E+03  -5.7417492423790160E+00   2.6076810555109559E+06
   2.1200000000000000E+04   4.2371009360682541E+02   4.7091592259589476E+02   4.2268472753704400E+03  -5.7389292029143784E+00   2.6183048938182131E+06
   2.1300000000000000E+04   4.2579377865267139E+02   4.7349652064801853E+02   4.2264210456765186E+03  -5.7361544626854064E+00   2.6288273336689258E+06
   2.1400000000000000E+04   4.2792547787428538E+02   4.7606096688235652E+02   4.2321916936642710E+03  -5.7334247929542812E+00   2.6392477298484920E+06
   2.1500000000000000E+04   4.2993250800230476E+02   4.7860888516416526E+02   4.2272973123407355E+03  -5.7307399625516462E+00   2.6495654760903800E+06
   2.1600000000000000E+04   4.3187435626807002E+02   4.8113991117938957E+02   4.2177945582772973E+03  -5.7280997380502994E+00   2.6597800047446233E+06
   2.1700000000000000E+04   4.3394240674072972E+02   4.8365369239729188E+02   4.2219356135323833E+03  -5.7255038837072894E+00   2.6698907971031880E+06
   2.1800000000000000E+04   4.3592986401648557E+02   4.8614988808099628E+02   4.2199751702736039E+03  -5.7229521618112793E+00   2.6798973561622314E+06
   2.1900000000000000E+04   4.3800440023681188E+02   4.8862816927688544E+02   4.2276837991559942E+03  -5.7204443326535923E+00   2.6897992382791252E+06
   2.2000000000000000E+04   4.3998929833827765E+02   4.9108821873981441E+02   4.2285347535253804E+03  -5.7179801547019222E+00   2.6995960416390505E+06
   2.2100000000000000E+04   4.4197166574592723E+02   4.9352973090760014E+02   4.2306893515182010E+03  -5.7155593847160810E+00   2.7092873902597842E+06
   2.2200000000000000E+04   4.4395036732964905E+02   4.9595241183664922E+02   4.2340307482192729E+03  -5.7131817779217098E+00   2.7188729542116825E+06
   2.2300000000000000E+04   4.4584370683809942E+02   4.9835597911310714E+02   4.2311800161514802E+03  -5.7108470879813185E+00   2.7283524486179762E+06
   2.2400000000000000E+04   4.4774593208572503E+02   5.0074016178022976E+02   4.2307317562971339E+03  -5.7085550672548067E+00   2.7377256030045440E+06
   2.2500000000000000E+04   4.4964169760689714E+02   5.0310470024419453E+02   4.2312784604805001E+03  -5.7063054668573647E+00   2.7469922057304527E+06
   2.2600000000000000E+04   4.5137173505152811E+02   5.0544934618891477E+02   4.2188540427634052E+03  -5.7040980367463030E+00   2.7561520587589275E+06
   2.2700000000000000E+04   4.5323681317761412E+02   5.0777386242673731E+02   4.2199167426514732E+03  -5.7019325258368578E+00   2.7652050162619222E+06
   2.2800000000000000E+04   4.5511161571466437E+02   5.1007802280487016E+02   4.2233510500021403E+03  -5.6998086820600626E+00   2.7741509594561206E+06
   2.2900000000000000E+04   4.5697896876158848E+02   5.1236161210424393E+02   4.2276508848412068E+03  -5.6977262525943413E+00   2.7829898009256516E+06
   2.3000000000000000E+04   4.5880388645822472E+02   5.1462442583499603E+02   4.2298352770428846E+03  -5.6956849838075980E+00   2.7917214795306423E+06
   2.3100000000000000E+04   4.6058146390957671E+02   5.1686627019045238E+02   4.2295432657585379E+03  -5.6936846213730226E+00   2.8003459916360024E+06
   2.3200000000000000E+04   4.6219184844474540E+02   5.1908696182990525E+02   4.2168430312735672E+03  -5.6917249105295928E+00   2.8088633264743774E+06
   2.3300000000000000E+04   4.6393749558792837E+02   5.2128632774720700E+02   4.2170740758517577E+03  -5.6898055959084113E+00   2.8172735337542212E+06
   2.3400000000000000E+04   4.6563643697675161E+02   5.2346420514104864E+02   4.2149993870459111E+03  -5.6879264218511070E+00   2.8255766733697825E+06
   2.3500000000000000E+04   4.6733714765808543E+02   5.2562044122997463E+02   4.2146203946455962E+03  -5.6860871323230064E+00   2.8337728500864925E+06
   2.3600000000000000E+04   4.6910390770684614E+02   5.2775489310661931E+02   4.2211035497569228E+03  -5.6842874710578526E+00   2.8418621823698659E+06
   2.3700000000000000E+04   4.7059844827891379E+02   5.2986742754259092E+02   4.2071719859683762E+03  -5.6825271817025538E+00   2.8498448274146523E+06
   2.3800000000000000E+04   4.7221089238299089E+02   5.3195792086346012E+02   4.2043316782398470E+03  -5.6808060077882310E+00   2.8577209512552950E+06
   2.3900000000000000E+04   4.7398518877269800E+02   5.3402625873335728E+02   4.2157899121577984E+03  -5.6791236928170603E+00   2.8654907692812961E+06
   2.4000000000000000E+04   4.7533097996086946E+02   5.3607233600293034E+02   4.1950296372332959E+03  -5.6774799803780489E+00   2.8731545123120947E+06
   2.4100000000000000E+04   4.7698728276536883E+02   5.3809605652291498E+02   4.2001329774013120E+03  -5.6758746142338978E+00   2.8807124228051342E+06
   2.4200000000000000E+04   4.7864182605289864E+02   5.4009733299281527E+02   4.2065094990221587E+03  -5.6743073383209728E+00   2.8881647779525518E+06
   2.4300000000000000E+04   4.8009932495995628E+02   5.4207608671973185E+02   4.1991603936943129E+03  -5.6727778967782907E+00   2.8955118806479517E+06
   2.4400000000000000E+04   4.8173002683894765E+02   5.4403224749851051E+02   4.2065381685312987E+03  -5.6712860341790465E+00   2.9027540548576927E+06
   2.4500000000000000E+04   4.8303395636901507E+02   5.4596575340704851E+02   4.1905683664303306E+03  -5.6698314953859201E+00   2.9098916379461554E+06
   2.4600000000000000E+04   4.8443226704278948E+02   5.4787655060927477E+02   4.1833411073687093E+03  -5.6684140257247311E+00   2.9169249982285616E+06
   2.4700000000000000E+04   4.8598159398799390E+02   5.4976459318792877E+02   4.1888195391712379E+03  -5.6670333710712919E+00   2.9238545127747324E+06
   2.4800000000000000E+04   4.8722571820673397E+02   5.5162984296293666E+02   4.1731526891994590E+03  -5.6656892777935148E+00   2.9306805880343211E+06
   2.4900000000000000E+04   4.8863481639493665E+02   5.5347226929190640E+02   4.1711357957705850E+03  -5.6643814928382454E+00   2.9374036450626301E+06
   2.5000000000000000E+04   4.9005259853247327E+02   5.5529184890117062E+02   4.1711425554406414E+03  -5.6631097638470482E+00   2.9440241256983583E+06
   2.5100000000000000E+04   4.9146626715030794E+02   5.5708856570432943E+02   4.1722134684666180E+03  -5.6618738391272707E+00   2.9505424822576810E+06
   2.5200000000000000E+04   4.9278931575513167E+02   5.5886241060805003E+02   4.1681326648594304E+03  -5.6606734677099375E+00   2.9569591930019418E+06
   2.5300000000000000E+04   4.9384427680488670E+02   5.6061338134780578E+02   4.1464643231943774E+03  -5.6595083994076214E+00   2.9632747485369691E+06
   2.5400000000000000E+04   4.9534507686821627E+02   5.6234148227986873E+02   4.1577317925427169E+03  -5.6583783848723641E+00   2.9694896487153969E+06
   2.5500000000000000E+04   4.9664770797981168E+02   5.6404672424504986E+02   4.1563293993403113E+03  -5.6572831756246096E+00   2.9756044198702662E+06
   2.5600000000000000E+04   4.9802893432191212E+02   5.6572912434001603E+02   4.1617235170918029E+03  -5.6562225240242574E+00   2.9816195934775346E+06
   2.5700000000000000E+04   4.9924571849027205E+02   5.6738870578913509E+02   4.1569410633937423E+03  -5.6551961834154074E+00   2.9875357174700736E+06
   2.5800000000000000E+04   5.0032240024279446E+02   5.6902549773995122E+02   4.1438626961526024E+03  -5.6542039080395012E+00   2.9933533579924447E+06
   2.5900000000000000E+04   5.0130042794251682E+02   5.7063953510310421E+02   4.1255484078500431E+03  -5.6532454532379637E+00   2.9990730854149261E+06
   2.6000000000000000E+04   5.0260530119942155E+02   5.7223085838527845E+02   4.1307570748282342E+03  -5.6523205753074679E+00   3.0046954873125427E+06
   2.6100000000000000E+04   5.0391813574722545E+02   5.7379951349563123E+02   4.1376972013116856E+03  -5.6514290315867646E+00   3.0102211624356243E+06
   2.6200000000000000E+04   5.0466659627230774E+02   5.7534555161283095E+02   4.1081207243931394E+03  -5.6505705805435404E+00   3.0156507202047412E+06
   2.6300000000000000E+04   5.0580863783927600E+02   5.7686902900005077E+02   4.1061600281655474E+03  -5.6497449817454584E+00   3.0209847780293780E+06
   2.6400000000000000E+04   5.0713298822118753E+02   5.7837000684783482E+02   4.1173889015132636E+03  -5.6489519958601573E+00   3.0262239698268063E+06
   2.6500000000000000E+04   5.0794163870739305E+02   5.7984855111201671E+02   4.0959792793857600E+03  -5.6481913847999881E+00   3.0313689278034773E+06
   2.6600000000000000E+04   5.0915624041075216E+02   5.8130473235468548E+02   4.1023024055539890E+03  -5.6474629115772910E+00   3.0364203039216939E+06
   2.6700000000000000E+04   5.1004835857743791E+02   5.8273862560370878E+02   4.0889226526217581E+03  -5.6467663404201618E+00   3.0413787540857806E+06
   2.6800000000000000E+04   5.1091235810596396E+02   5.8415031016618605E+02   4.0750676945462315E+03  -5.6461014368303646E+00   3.0462449421495167E+06
   2.6900000000000000E+04   5.1197930853360435E+02   5.8553986951935246E+02   4.0753400123397155E+03  -5.6454679674675337E+00   3.0510195395352216E+06
   2.7000000000000000E+04   5.1315423779863738E+02   5.8690739112406538E+02   4.0835408571855610E+03  -5.6448657003228524E+00   3.0557032281193421E+06
   2.7100000000000000E+04   5.1399691469430752E+02   5.8825296632368531E+02   4.0718595066065491E+03  -5.6442944046322303E+00   3.0602966910916134E+06
   2.7200000000000000E+04   5.1508689441413571E+02   5.8957669013258442E+02   4.0768433234425638E+03  -5.6437538509631162E+00   3.0648006182769686E+06
   2.7300000000000000E+04   5.1593824952449847E+02   5.9087866119022510E+02   4.0679907590538105E+03  -5.6432438110987357E+00   3.0692157129492708E+06
   2.7400000000000000E+04   5.1664749570933384E+02   5.9215898152262321E+02   4.0515353600896879E+03  -5.6427640582117595E+00   3.0735426745217266E+06
   2.7500000000000000E+04   5.1755977359469193E+02   5.9341775649721274E+02   4.0487388136122136E+03  -5.6423143667774607E+00   3.0777822146044127E+06
   2.7600000000000000E+04   5.1847758474334080E+02   5.9465509461092392E+02   4.0473275871727692E+03  -5.6418945126605662E+00   3.0819350426969961E+06
   2.7700000000000000E+04   5.1916921729372916E+02   5.9587110742531343E+02   4.0332504964249965E+03  -5.6415042729994633E+00   3.0860018778758990E+06
   2.7800000000000000E+04   5.1994449121388720E+02   5.9706590940804108E+02   4.0253555725179008E+03  -5.6411434263798776E+00   3.0899834406149983E+06
   2.7900000000000000E+04   5.2089064748901421E+02   5.9823961779996705E+02   4.0287210109800158E+03  -5.6408117526611932E+00   3.0938804570959592E+06
   2.8000000000000000E+04   5.2147275584092438E+02   5.9939235252119533E+02   4.0114014345038772E+03  -5.6405090331790868E+00   3.0976936541151134E+06
   2.8100000000000000E+04   5.2210473443373371E+02   6.0052423603616069E+02   3.9981961166529154E+03  -5.6402350505718424E+00   3.1014237633603606E+06
   2.8200000000000000E+04   5.2307672983178497E+02   6.0163539321173164E+02   4.0059423174018157E+03  -5.6399895889250793E+00   3.1050715188325341E+06
   2.8300000000000000E+04   5.2387440739300530E+02   6.0272595127560191E+02   4.0043946509788184E+03  -5.6397724336849242E+00   3.1086376553373411E+06
   2.8400000000000000E+04   5.2449442171820795E+02   6.0379603961217413E+02   3.9934576751709246E+03  -5.6395833717448447E+00   3.1121229108532043E+06
   2.8500000000000000E+04   5.2507173207599385E+02   6.0484578971989094E+02   3.9810865314733305E+03  -5.6394221913877507E+00   3.1155280249666232E+06
   2.8600000000000000E+04   5.2592637151456847E+02   6.0587533509913760E+02   3.9856153512459587E+03  -5.6392886822281119E+00   3.1188537389747147E+06
   2.8700000000000000E+04   5.2658066466892296E+02   6.0688481109886209E+02   3.9795430424594938E+03  -5.6391826354145742E+00   3.1221007942808503E+06
   2.8800000000000000E+04   5.2725093086692061E+02   6.0787435488327662E+02   3.9753002725028909E+03  -5.6391038434562901E+00   3.1252699334132969E+06
   2.8900000000000000E+04   5.2750345837407895E+02   6.0884410528889839E+02   3.9484241069153863E+03  -5.6390521002808036E+00   3.1283618999870056E+06
   2.9000000000000000E+04   5.2839528287145095E+02   6.0979420272543700E+02   3.9584355765465266E+03  -5.6390272011761615E+00   3.1313774375644689E+06
   2.9100000000000000E+04   5.2886718354643631E+02   6.1072478911833332E+02   3.9457823972057663E+03  -5.6390289429645861E+00   3.1343172895505810E+06
   2.9200000000000000E+04   5.2932581776701306E+02   6.1163600778057400E+02   3.9333493209147423E+03  -5.6390571238288096E+00   3.1371821994909365E+06
   2.9300000000000000E+04   5.2983301904683981E+02   6.1252800333436505E+02   3.9245132465226993E+03  -5.6391115433120556E+00   3.1399729102558577E+06
   2.9400000000000000E+04   5.3042949249204958E+02   6.1340092164823056E+02   3.9214214202767880E+03  -5.6391920024917432E+00   3.1426901646051747E+06
   2.9500000000000000E+04   5.3083516328039741E+02   6.1425490971049305E+02   3.9087640426382172E+03  -5.6392983037478821E+00   3.1453347035709345E+06
   2.9600000000000000E+04   5.3131826613387159E+02   6.1509011557178849E+02   3.9011746298365101E+03  -5.6394302509367806E+00   3.1479072677904880E+06
   2.9700000000000000E+04   5.3188517437266034E+02   6.1590668828092782E+02   3.8989018532949203E+03  -5.6395876493331381E+00   3.1504085963727245E+06
   2.9800000000000000E+04   5.3222126523339728E+02   6.1670477775826498E+02   3.8850586023796350E+03  -5.6397703056011039E+00   3.1528394275554423E+06
   2.9900000000000000E+04   5.3264633413525064E+02   6.1748453477716180E+02   3.8768016217423742E+03  -5.6399780277797982E+00   3.1552004964157916E+06
   3.0000000000000000E+04   5.3307151418441492E+02   6.1824611084337960E+02   3.8693390209464364E+03  -5.6402106253846362E+00   3.1574925380289061E+06
   3.0100000000000000E+04   5.3346939616220607E+02   6.1898965816238558E+02   3.8612140731028785E+03  -5.6404679092625756E+00   3.1597162841436169E+06
   3.0200000000000000E+04   5.3382192755926042E+02   6.1971532952953407E+02   3.8514906169622768E+03  -5.6407496916789777E+00   3.1618724645744693E+06
   3.0300000000000000E+04   5.3423920689384386E+02   6.2042327829937960E+02   3.8458897883518812E+03  -5.6410557863320729E+00   3.1639618082969962E+06
   3.0400000000000000E+04   5.3464750672669788E+02   6.2111365829872727E+02   3.8405417931279230E+03  -5.6413860082226881E+00   3.1659850388071002E+06
   3.0500000000000000E+04   5.3490649394870582E+02   6.2178662378467959E+02   3.8282367158151942E+03  -5.6417401737700548E+00   3.1679428794166353E+06
   3.0600000000000000E+04   5.3589839397914272E+02   6.2244232934603167E+02   3.8542948529793225E+03  -5.6421181008407464E+00   3.1698360515260329E+06
   3.0700000000000000E+04   5.3608446105285168E+02   6.2308092988616488E+02   3.8395122120454112E+03  -5.6425196085460394E+00   3.1716652698455462E+06
   3.0800000000000000E+04   5.3592499079730612E+02   6.2370258053364307E+02   3.8080084078040886E+03  -5.6429445174445636E+00   3.1734312483427343E+06
   3.0900000000000000E+04   5.3605366001403115E+02   6.2430743659780489E+02   3.7920449335622170E+03  -5.6433926494264952E+00   3.1751346970638963E+06
   3.1000000000000000E+04   5.3650126774167040E+02   6.2489565353244143E+02   3.7927443844676573E+03  -5.6438638277714581E+00   3.1767763267316986E+06
   3.1100000000000000E+04   5.3681844058317199E+02   6.2546738685101423E+02   3.7875512499666579E+03  -5.6443578770327418E+00   3.1783568384102783E+06
   3.1200000000000000E+04   5.3696869864464202E+02   6.2602279209222138E+02   3.7747242263436110E+03  -5.6448746231820266E+00   3.1798769325833097E+06
   3.1300000000000000E+04   5.3721624734812156E+02   6.2656202477624242E+02   3.7673778142669303E+03  -5.6454138934646538E+00   3.1813373061068621E+06
   3.1400000000000000E+04   5.3733143654347271E+02   6.2708524034631319E+02   3.7541875525483856E+03  -5.6459755164864660E+00   3.1827386530689332E+06
   3.1500000000000000E+04   5.3768103285210839E+02   6.2759259413422967E+02   3.7530727907794244E+03  -5.6465593221559125E+00   3.1840816617858130E+06
   3.1600000000000000E+04   5.3793451215682023E+02   6.2808424130584478E+02   3.7478558519207941E+03  -5.6471651417129953E+00   3.1853670164316916E+06
   3.1700000000000000E+04   5.3816553134733908E+02   6.2856033682666805E+02   3.7421343611336188E+03  -5.6477928077003217E+00   3.1865954014374278E+06
   3.1800000000000000E+04   5.3864828651703510E+02   6.2902103541486304E+02   3.7491512324411601E+03  -5.6484421539052265E+00   3.1877674905920648E+06
   3.1900000000000000E+04   5.3884912261885017E+02   6.2946649149778921E+02   3.7430734400895053E+03  -5.6491130155044704E+00   3.1888839601464071E+06
   3.2000000000000000E+04   5.3869754337167228E+02   6.2989685919456156E+02   3.7206846078167500E+03  -5.6498052288327028E+00   3.1899454750392251E+06
   3.2100000000000000E+04   5.3907126435565669E+02   6.3031229225464585E+02   3.7240181544292814E+03  -5.6505186316140135E+00   3.1909527004159088E+06
   3.2200000000000000E+04   5.3850476378521853E+02   6.3071294402862520E+02   3.6834250935637651E+03  -5.6512530627882658E+00   3.1919062997688241E+06
   3.2300000000000000E+04   5.3882447804554715E+02   6.3109896744456933E+02   3.6852175931087545E+03  -5.6520083625110846E+00   3.1928069242517916E+06
   3.2400000000000000E+04   5.3956374772125753E+02   6.3147051496460188E+02   3.7072199126277860E+03  -5.6527843722985924E+00   3.1936552283474244E+06
   3.2500000000000000E+04   5.3954494490988554E+02   6.3182773855726612E+02   3.6940739320812045E+03  -5.6535809347669002E+00   3.1944518535756343E+06
   3.2600000000000000E+04   5.3917766461592964E+02   6.3217078966643487E+02   3.6653502054655851E+03  -5.6543978939215558E+00   3.1951974481583671E+06
   3.2700000000000000E+04   5.3899700109876585E+02   6.3249981919239121E+02   3.6460452496613343E+03  -5.6552350948391537E+00   3.1958926439616317E+06
   3.2800000000000000E+04   5.3879279774856502E+02   6.3281497743924876E+02   3.6263374586015007E+03  -5.6560923839278257E+00   3.1965380769403586E+06
   3.2900000000000000E+04   5.3934051355235476E+02   6.3311641411383823E+02   3.6412908847801855E+03  -5.6569696087535899E+00   3.1971343720620540E+06
   3.3000000000000000E+04   5.3941479345354071E+02   6.3340427826761299E+02   3.6351687490381737E+03  -5.6578666180692787E+00   3.1976821491027074E+06
   3.3100000000000000E+04   5.3969579336037066E+02   6.3367871832904507E+02   3.6388922640805990E+03  -5.6587832618724381E+00   3.1981820328822867E+06
   3.3200000000000000E+04   5.3960380154869279E+02   6.3393988201400418E+02   3.6261456761909053E+03  -5.6597193913184896E+00   3.1986346333868699E+06
   3.3300000000000000E+04   5.3965131372440260E+02   6.3418791635370155E+02   3.6201887172783681E+03  -5.6606748586917757E+00   3.1990405588794756E+06
   3.3400000000000000E+04   5.3895249982139183E+02   6.3442296763329330E+02   3.5814619136855667E+03  -5.6616495175213570E+00   3.1994004125576685E+06
   3.3500000000000000E+04   5.3886542170916323E+02   6.3464518140776522E+02   3.5705700702439271E+03  -5.6626432224073318E+00   3.1997147925580512E+06
   3.3600000000000000E+04   5.3888314471096646E+02   6.3485470245313002E+02   3.5647279938042093E+03  -5.6636558291944965E+00   3.1999842918703561E+06
   3.3700000000000000E+04   5.3864379464319211E+02   6.3505167476722477E+02   3.5481191314553298E+03  -5.6646871947697433E+00   3.2002094983543591E+06
   3.3800000000000000E+04   5.3869155943619865E+02   6.3523624155289860E+02   3.5444355304716337E+03  -5.6657371772357390E+00   3.2003909946633242E+06
   3.3900000000000000E+04   5.3917197273679301E+02   6.3540854517160551E+02   3.5599197906393874E+03  -5.6668056357372185E+00   3.2005293582499954E+06
   3.4000000000000000E+04   5.3922079745132805E+02   6.3556872716458656E+02   3.5570237670571646E+03  -5.6678924306057477E+00   3.2006251655000742E+06
   3.4100000000000000E+04   5.3838359872288686E+02   6.3571692821143165E+02   3.5163655592384762E+03  -5.6689974232439253E+00   3.2006789835945130E+06
   3.4200000000000000E+04   5.3854438806099017E+02   6.3585328813929755E+02   3.5190534440526853E+03  -5.6701204761543247E+00   3.2006913722424582E+06
   3.4300000000000000E+04   5.3838507352558281E+02   6.3597794588422664E+02   3.5084635268981506E+03  -5.6712614529105547E+00   3.2006628901193552E+06
   3.4400000000000000E+04   5.3840928309670369E+02   6.3609103949105452E+02   3.5060520326231781E+03  -5.6724202181862031E+00   3.2005940929933805E+06
   3.4500000000000000E+04   5.3806114812692658E+02   6.3619270610135595E+02   3.4882823114259490E+03  -5.6735966377258862E+00   3.2004855270060981E+06
   3.4600000000000000E+04   5.3812234340351552E+02   6.3628308193890973E+02   3.4881373982075065E+03  -5.6747905783163164E+00   3.2003377305952539E+06
   3.4700000000000000E+04   5.3785972056422725E+02   6.3636230230574347E+02   3.4747683161640034E+03  -5.6760019078152295E+00   3.2001512462003501E+06
   3.4800000000000000E+04   5.3729339618015706E+02   6.3643050156024890E+02   3.4492625571919839E+03  -5.6772304951224459E+00   3.1999266040864489E+06
   3.4900000000000000E+04   5.3764817652585907E+02   6.3648781311393941E+02   3.4622396835371396E+03  -5.6784762101509365E+00   3.1996643291226025E+06
   3.5000000000000000E+04   5.3678869320655735E+02   6.3653436942507290E+02   3.4255565283472320E+03  -5.6797389238846883E+00   3.1993649457888883E+06
   3.5100000000000000E+04   5.3676412898601757E+02   6.3657030198497478E+02   3.4235167366541664E+03  -5.6810185082918947E+00   3.1990289683836293E+06
   3.5200000000000000E+04   5.3722318214360496E+02   6.3659574132024704E+02   3.4415334849453834E+03  -5.6823148363538820E+00   3.1986569109806791E+06
   3.5300000000000000E+04   5.3695931184573180E+02   6.3661081697108693E+02   3.4302954658270210E+03  -5.6836277820651118E+00   3.1982492825578330E+06
   3.5400000000000000E+04   5.3668801598626931E+02   6.3661565749290344E+02   3.4191139610052523E+03  -5.6849572204331942E+00   3.1978065816475558E+06
   3.5500000000000000E+04   5.3594241965241201E+02   6.3661039045459415E+02   3.3892260896621392E+03  -5.6863030273920288E+00   3.1973293013706910E+06
   3.5600000000000000E+04   5.3566816298834192E+02   6.3659514242281807E+02   3.3787174888189284E+03  -5.6876650799176041E+00   3.1968179376928774E+06
   3.5700000000000000E+04   5.3584256892603196E+02   6.3657003897156221E+02   3.3863783616294904E+03  -5.6890432558832646E+00   3.1962729704722022E+06
   3.5800000000000000E+04   5.3532809588217310E+02   6.3653520465274471E+02   3.3669095304479833E+03  -5.6904374342044290E+00   3.1956948910138533E+06
   3.5900000000000000E+04   5.3543324120776140E+02   6.3649076302907031E+02   3.3723201015166405E+03  -5.6918474946938806E+00   3.1950841687579281E+06
   3.6000000000000000E+04   5.3508820473225114E+02   6.3643683662926753E+02   3.3601819576950106E+03  -5.6932733181485853E+00   3.1944412821825929E+06
   3.6100000000000000E+04   5.3486174837293015E+02   6.3637354697699379E+02   3.3530276542728125E+03  -5.6947147862339218E+00   3.1937666931854687E+06
   3.6200000000000000E+04   5.3401277529340666E+02   6.3630101457077944E+02   3.3219153356579291E+03  -5.6961717815994541E+00   3.1930608522591889E+06
   3.6300000000000000E+04   5.3363448691067663E+02   6.3621935889273720E+02   3.3095385760654494E+03  -5.6976441878210480E+00   3.1923242346399282E+06
   3.6400000000000000E+04   5.3341761009657534E+02   6.3612869839593066E+02   3.3036574300842317E+03  -5.6991318893719214E+00   3.1915572806504234E+06
   3.6500000000000000E+04   5.3380498575857143E+02   6.3602915051464720E+02   3.3212844775269045E+03  -5.7006347715936920E+00   3.1907604436986600E+06
   3.6600000000000000E+04   5.3329499231579098E+02   6.3592083164917972E+02   3.3045614752645006E+03  -5.7021527207542837E+00   3.1899341534958580E+06
   3.6700000000000000E+04   5.3265708040952711E+02   6.3580385718115951E+02   3.2833350384669793E+03  -5.7036856240479130E+00   3.1890788597484468E+06
   3.6800000000000000E+04   5.3260428481622841E+02   6.3567834145739448E+02   3.2846772452522714E+03  -5.7052333694793091E+00   3.1881949818621133E+06
   3.6900000000000000E+04   5.3211493608444198E+02   6.3554439780151404E+02   3.2696937700407402E+03  -5.7067958459794994E+00   3.1872829599040216E+06
   3.7000000000000000E+04   5.3166929877409393E+02   6.3540213851130784E+02   3.2566717567712858E+03  -5.7083729433479213E+00   3.1863432096705115E+06
   3.7100000000000000E+04   5.3106396820436851E+02   6.3525167485269048E+02   3.2379950198392662E+03  -5.7099645521655651E+00   3.1853761484422460E+06
   3.7200000000000000E+04   5.3106818525553763E+02   6.3509311707219968E+02   3.2422780122196900E+03  -5.7115705639686789E+00   3.1843821953662685E+06
   3.7300000000000000E+04   5.3052576392304991E+02   6.3492657438311778E+02   3.2264587259932046E+03  -5.7131908710461152E+00   3.1833617443483840E+06
   3.7400000000000000E+04   5.3042722159869993E+02   6.3475215499538842E+02   3.2273188298884506E+03  -5.7148253666130406E+00   3.1823152186072269E+06
   3.7500000000000000E+04   5.2996808191684931E+02   6.3456996607162080E+02   3.2150647235322931E+03  -5.7164739446372232E+00   3.1812430022116713E+06
   3.7600000000000000E+04   5.2949231409717288E+02   6.3438011376603504E+02   3.2024639235036161E+03  -5.7181364999259037E+00   3.1801454951337092E+06
   3.7700000000000000E+04   5.2916134560416685E+02   6.3418270323291313E+02   3.1953973951462267E+03  -5.7198129281257684E+00   3.1790230784163745E+06
   3.7800000000000000E+04   5.2884802255238890E+02   6.3397783857537979E+02   3.1891801865163052E+03  -5.7215031256650750E+00   3.1778761498457696E+06
   3.7900000000000000E+04   5.2864420994442287E+02   6.3376562292496158E+02   3.1871387334103588E+03  -5.7232069897825903E+00   3.1767050846420447E+06
   3.8000000000000000E+04   5.2798439782413925E+02   6.3354615838015650E+02   3.1687846542559055E+03  -5.7249244185275927E+00   3.1755102605484957E+06
   3.8100000000000000E+04   5.2790197916453258E+02   6.3331954603479664E+02   3.1714888867318350E+03  -5.7266553106730314E+00   3.1742920432184027E+06
   3.8200000000000000E+04   5.2685854636212741E+02   6.3308588597886251E+02   3.1399328159081206E+03  -5.7283995658747306E+00   3.1730508048151499E+06
   3.8300000000000000E+04   5.2648016444871564E+02   6.3284527732593767E+02   3.1324226211440700E+03  -5.7301570844543006E+00   3.1717869093083888E+06
   3.8400000000000000E+04   5.2615505568002368E+02   6.3259781816640543E+02   3.1269814167308041E+03  -5.7319277675727980E+00   3.1705007161450610E+06
   3.8500000000000000E+04   5.2554397463743646E+02   6.3234360561283586E+02   3.1116621733167412E+03  -5.7337115170860109E+00   3.1691925724645215E+06
   3.8600000000000000E+04   5.2563158458057444E+02   6.3208273578500655E+02   3.1210808548105624E+03  -5.7355082356747058E+00   3.1678628324907133E+06
   3.8700000000000000E+04   5.2582125069122355E+02   6.3181530383254665E+02   3.1343448374799832E+03  -5.7373178266999112E+00   3.1665118381946958E+06
   3.8800000000000000E+04   5.2471041116893798E+02   6.3154140391127441E+02   3.1018746639913111E+03  -5.7391401943042046E+00   3.1651399350394662E+06
   3.8900000000000000E+04   5.2504468722450622E+02   6.3126112920929643E+02   3.1204236928793439E+03  -5.7409752433538426E+00   3.1637474561220743E+06
   3.9000000000000000E+04   5.2377692754242378E+02   6.3097457193986475E+02   3.0829961283733933E+03  -5.7428228794387568E+00   3.1623347464696942E+06
   3.9100000000000000E+04   5.2338024467494552E+02   6.3068182336735686E+02   3.0762493063803599E+03  -5.7446830088291172E+00   3.1609021140652495E+06
   3.9200000000000000E+04   5.2255303417082109E+02   6.3038297378282005E+02   3.0548893639849753E+03  -5.7465555386056169E+00   3.1594499036654043E+06
   3.9300000000000000E+04   5.2218267192087978E+02   6.3007811252680324E+02   3.0493955117140317E+03  -5.7484403764278804E+00   3.1579784143022005E+06
   3.9400000000000000E+04   5.2173964718087518E+02   6.2976732798849332E+02   3.0415776868884509E+03  -5.7503374307660389E+00   3.1564879825964891E+06
   3.9500000000000000E+04   5.2095547624225196E+02   6.2945070761414297E+02   3.0223982105918130E+03  -5.7522466107270640E+00   3.1549789159229128E+06
   3.9600000000000000E+04   5.2090733498349289E+02   6.2912833792040067E+02   3.0282251778776017E+03  -5.7541678261126421E+00   3.1534515086383466E+06
   3.9700000000000000E+04   5.2038878781210724E+02   6.2880030446905005E+02   3.0183198087154265E+03  -5.7561009874481295E+00   3.1519060854768106E+06
   3.9800000000000000E+04   5.2016312064696592E+02   6.2846669192210493E+02   3.0184156611271274E+03  -5.7580460058667757E+00   3.1503429325020961E+06
   3.9900000000000000E+04   5.2040594779148114E+02   6.2812758400131963E+02   3.0345002377184928E+03  -5.7600027932399698E+00   3.1487623534626747E+06
   4.0000000000000000E+04   5.1967563970444144E+02   6.2778306351380775E+02   3.0177720792092969E+03  -5.7619712620469743E+00   3.1471646393622658E+06
   4.0100000000000000E+04   5.2029485811090967E+02   6.2743321236572410E+02   3.0469972819022200E+03  -5.7639513254617922E+00   3.1455500771539621E+06
   4.0200000000000000E+04   5.1892695218993879E+02   6.2707811154825004E+02   3.0088233463375141E+03  -5.7659428973241935E+00   3.1439189634511713E+06
   4.0300000000000000E+04   5.1884291149719138E+02   6.2671784117309892E+02   3.0143065713080782E+03  -5.7679458920673552E+00   3.1422715683427858E+06
   4.0400000000000000E+04   5.1815055152164223E+02   6.2635248042970829E+02   2.9994371307128176E+03  -5.7699602247902408E+00   3.1406081576543967E+06
   4.0500000000000000E+04   5.1728170184024827E+02   6.2598210764934947E+02   2.9789133495515348E+03  -5.7719858112865339E+00   3.1389290303569576E+06
   4.0600000000000000E+04   5.1632068324218926E+02   6.2560680027353476E+02   2.9556703022538918E+03  -5.7740225678999035E+00   3.1372344494552235E+06
   4.0700000000000000E+04   5.1526888878816658E+02   6.2522663486265446E+02   2.9298511918224167E+03  -5.7760704116108528E+00   3.1355246739298454E+06
   4.0800000000000000E+04   5.1446332673994277E+02   6.2484168713202769E+02   2.9123292999267342E+03  -5.7781292600946079E+00   3.1337999778914284E+06
   4.0900000000000000E+04   5.1408005917321134E+02   6.2445203191239386E+02   2.9085131809227209E+03  -5.7801990315184932E+00   3.1320606031836085E+06
   4.1000000000000000E+04   5.1331517596744652E+02   6.2405774318487431E+02   2.8926393735107386E+03  -5.7822796448024469E+00   3.1303068359607277E+06
   4.1100000000000000E+04   5.1273137767719618E+02   6.2365889409826354E+02   2.8826885725795305E+03  -5.7843710193295559E+00   3.1285389009630550E+06
   4.1200000000000000E+04   5.1248524542420671E+02   6.2325555693916465E+02   2.8835278396489521E+03  -5.7864730752065894E+00   3.1267570677447412E+06
   4.1300000000000000E+04   5.1216604472274707E+02   6.2284780317287209E+02   2.8821505935781565E+03  -5.7885857330179178E+00   3.1249615582257225E+06
   4.1400000000000000E+04   5.1174573895195095E+02   6.2243570343892202E+02   2.8776666474034473E+03  -5.7907089140426526E+00   3.1231526400745437E+06
   4.1500000000000000E+04   5.1073551518753925E+02   6.2201932754141581E+02   2.8547490869403637E+03  -5.7928425400519945E+00   3.1213305379144726E+06
   4.1600000000000000E+04   5.1030157425331930E+02   6.2159874448578319E+02   2.8500528558133842E+03  -5.7949865334829260E+00   3.1194955028938162E+06
   4.1700000000000000E+04   5.0976785188537349E+02   6.2117402244907407E+02   2.8423429821582663E+03  -5.7971408172789927E+00   3.1176477474168339E+06
   4.1800000000000000E+04   5.0888420299901367E+02   6.2074522882043846E+02   2.8239276254985593E+03  -5.7993053149916278E+00   3.1157875210539931E+06
   4.1900000000000000E+04   5.0861316158118569E+02   6.2031243019205135E+02   2.8245401264641514E+03  -5.8014799506933077E+00   3.1139150291503845E+06
   4.2000000000000000E+04   5.0773472051773433E+02   6.1987569236488775E+02   2.8065782401779024E+03  -5.8036646490933341E+00   3.1120305148385488E+06
   4.2100000000000000E+04   5.0731516013059098E+02   6.1943508036119613E+02   2.8027919243753267E+03  -5.8058593353352137E+00   3.1101341870271340E+06
   4.2200000000000000E+04   5.0693407492660481E+02   6.1899065841408969E+02   2.8002590034917662E+03  -5.8080639352571826E+00   3.1082262721710131E+06
   4.2300000000000000E+04   5.0687374166600182E+02   6.1854249001131041E+02   2.8076158364553735E+03  -5.8102783751316736E+00   3.1063069724914967E+06
   4.2400000000000000E+04   5.0640173876844227E+02   6.1809063785761759E+02   2.8024465840395114E+03  -5.8125025818100529E+00   3.1043765081108417E+06
   4.2500000000000000E+04   5.0575349966375705E+02   6.1763516391629310E+02   2.7919780041972604E+03  -5.8147364826936832E+00   3.1024350800657677E+06
   4.2600000000000000E+04   5.0591925450745504E+02   6.1717612939458400E+02   2.8064898245602876E+03  -5.8169800056760206E+00   3.1004828969358224E+06
   4.2700000000000000E+04   5.0583993974302570E+02   6.1671359475680867E+02   2.8136383487286362E+03  -5.8192330792294591E+00   3.0985201642957218E+06
   4.2800000000000000E+04   5.0454533416020843E+02   6.1624761974008072E+02   2.7835138700440157E+03  -5.8214956322895368E+00   3.0965470627742507E+06
   4.2900000000000000E+04   5.0375416008867660E+02   6.1577826333934240E+02   2.7690546306384363E+03  -5.8237675943996807E+00   3.0945638192466614E+06
   4.3000000000000000E+04   5.0280698211334476E+02   6.1530558384574988E+02   2.7500781247652999E+03  -5.8260488955085723E+00   3.0925706138766343E+06
   4.3100000000000000E+04   5.0239404908326566E+02   6.1482963881414469E+02   2.7472329044529210E+03  -5.8283394661727721E+00   3.0905676347011100E+06
   4.3200000000000000E+04   5.0142763518302166E+02   6.1435048510528964E+02   2.7279891636806860E+03  -5.8306392373541041E+00   3.0885550667775027E+06
   4.3300000000000000E+04   5.0104593960177573E+02   6.1386817887383177E+02   2.7262015047741634E+03  -5.8329481406222685E+00   3.0865331035034568E+06
   4.3400000000000000E+04   5.0022230295100371E+02   6.1338277557604204E+02   2.7114392284823002E+03  -5.8352661079522239E+00   3.0845019128262238E+06
   4.3500000000000000E+04   4.9965920785623678E+02   6.1289432998712232E+02   2.7044461970639413E+03  -5.8375930718689180E+00   3.0824616938945544E+06
   4.3600000000000000E+04   4.9845791194953534E+02   6.1240289618593090E+02   2.6789864507891521E+03  -5.8399289653893955E+00   3.0804126146800662E+06
   4.3700000000000000E+04   4.9825917855303368E+02   6.1190852758012159E+02   2.6827169967247100E+03  -5.8422737219793781E+00   3.0783548459667899E+06
   4.3800000000000000E+04   4.9767492131360012E+02   6.1141127692465113E+02   2.6753456051844728E+03  -5.8446272755966806E+00   3.0762885673682028E+06
   4.3900000000000000E+04   4.9695020380794125E+02   6.1091119628867602E+02   2.6640031548999837E+03  -5.8469895606912141E+00   3.0742139442285476E+06
   4.4000000000000000E+04   4.9578455959630355E+02   6.1040833709109359E+02   2.6402116139679233E+03  -5.8493605122049885E+00   3.0721311568137235E+06
   4.4100000000000000E+04   4.9519830892348546E+02   6.0990275011404287E+02   2.6330524548958815E+03  -5.8517400654707936E+00   3.0700403415123699E+06
   4.4200000000000000E+04   4.9465638732510291E+02   6.0939448547409199E+02   2.6272082203160548E+03  -5.8541281563714058E+00   3.0679416791815325E+06
   4.4300000000000000E+04   4.9395336240629115E+02   6.0888359267517797E+02   2.6168928506649536E+03  -5.8565247211948703E+00   3.0658353245231751E+06
   4.4400000000000000E+04   4.9320062097889775E+02   6.0837012056333674E+02   2.6052776327890333E+03  -5.8589296967357782E+00   3.0637214416234335E+06
   4.4500000000000000E+04   4.9346686005380718E+02   6.0785411737834511E+02   2.6222838949835082E+03  -5.8613430202229493E+00   3.0616001800630591E+06
   4.4600000000000000E+04   4.9223945000311960E+02   6.0733563074589983E+02   2.5974324683611394E+03  -5.8637646292904391E+00   3.0594716868091552E+06
   4.4700000000000000E+04   4.9208529448355540E+02   6.0681470765853749E+02   2.6026856222098904E+03  -5.8661944621223059E+00   3.0573361307520159E+06
   4.4800000000000000E+04   4.9220783167417517E+02   6.0629139452689981E+02   2.6158139279717452E+03  -5.8686324572354840E+00   3.0551936294411207E+06
   4.4900000000000000E+04   4.9098971303184379E+02   6.0576573714331948E+02   2.5913490883396448E+03  -5.8710785536390180E+00   3.0530443469277457E+06
   4.5000000000000000E+04   4.9013475486631199E+02   6.0523778071683751E+02   2.5772395564362423E+03  -5.8735326908050904E+00   3.0508884328102628E+06
   4.5100000000000000E+04   4.8952808193945361E+02   6.0470756986581080E+02   2.5700872797763018E+03  -5.8759948086111402E+00   3.0487260219348478E+06
   4.5200000000000000E+04   4.8847364415063691E+02   6.0417514863077884E+02   2.5507329216067533E+03  -5.8784648473109211E+00   3.0465572466979967E+06
   4.5300000000000000E+04   4.8874297920375062E+02   6.0364056047330200E+02   2.5677223370073411E+03  -5.8809427476792333E+00   3.0443822496912521E+06
   4.5400000000000000E+04   4.8775812724392603E+02   6.0310384828930762E+02   2.5503226379716316E+03  -5.8834284508671670E+00   3.0422011586406557E+06
   4.5500000000000000E+04   4.8723033760715919E+02   6.0256505440869239E+02   2.5455299413014241E+03  -5.8859218984600385E+00   3.0400141308280276E+06
   4.5600000000000000E+04   4.8639456808827498E+02   6.0202422060892843E+02   2.5324067345913481E+03  -5.8884230324049769E+00   3.0378212640274577E+06
   4.5700000000000000E+04   4.8575246003746486E+02   6.0148138811418926E+02   2.5246156583211150E+03  -5.8909317951412268E+00   3.0356227047791285E+06
   4.5800000000000000E+04   4.8463068559627851E+02   6.0093659759278660E+02   2.5040198756193145E+03  -5.8934481294553809E+00   3.0334185718829036E+06
   4.5900000000000000E+04   4.8395982652504563E+02   6.0038988919511576E+02   2.4956147919084901E+03  -5.8959719785971902E+00   3.0312090013800580E+06
   4.6000000000000000E+04   4.8366035314352507E+02   5.9984130252135492E+02   2.4971344937461195E+03  -5.8985032861782356E+00   3.0289941077981768E+06
   4.6100000000000000E+04   4.8361568558642955E+02   5.9929087665261636E+02   2.5055196840973008E+03  -5.9010419961864100E+00   3.0267739902708638E+06
   4.6200000000000000E+04   4.8236250563191010E+02   5.9873865014470778E+02   2.4816862314141126E+03  -5.9035880531016973E+00   3.0245488115141308E+06
   4.6300000000000000E+04   4.8249923479914162E+02   5.9818466103354274E+02   2.4949006163703002E+03  -5.9061414016935530E+00   3.0223186666847044E+06
   4.6400000000000000E+04   4.8179960343585122E+02   5.9762894684940545E+02   2.4858760406314686E+03  -5.9087019871656388E+00   3.0200836485096365E+06
   4.6500000000000000E+04   4.8043406624804010E+02   5.9707154462547771E+02   2.4593596673717639E+03  -5.9112697551268694E+00   3.0178439009114108E+06
   4.6600000000000000E+04   4.7993059730464842E+02   5.9651249086962059E+02   2.4556523083337242E+03  -5.9138446515624645E+00   3.0155995395010184E+06
   4.6700000000000000E+04   4.7903176619686786E+02   5.9595182162408912E+02   2.4416671086726406E+03  -5.9164266228050053E+00   3.0133506374772429E+06
   4.6800000000000000E+04   4.7844845120963174E+02   5.9538957243332095E+02   2.4359542290704626E+03  -5.9190156156212845E+00   3.0110973401561193E+06
   4.6900000000000000E+04   4.7747300177041393E+02   5.9482577835031259E+02   2.4201664263646849E+03  -5.9216115770964990E+00   3.0088397234454053E+06
   4.7000000000000000E+04   4.7689220450872290E+02   5.9426047395724299E+02   2.4146065100003179E+03  -5.9242144547211089E+00   3.0065779156502751E+06
   4.7100000000000000E+04   4.7684287101729126E+02   5.9369369337260002E+02   2.4227352409367809E+03  -5.9268241963908235E+00   3.0043120092603168E+06
   4.7200000000000000E+04   4.7650298589105779E+02   5.9312547023252853E+02   2.4234268303383801E+03  -5.9294407502618833E+00   3.0020420878707464E+06
   4.7300000000000000E+04   4.7567052276172399E+02   5.9255583771988302E+02   2.4114350480607841E+03  -5.9320640649826126E+00   2.9997682746109357E+06
   4.7400000000000000E+04   4.7563455159334183E+02   5.9198482856439205E+02   2.4200066026000491E+03  -5.9346940894908133E+00   2.9974906703576269E+06
   4.7500000000000000E+04   4.7491019386225139E+02   5.9141247503334193E+02   2.4108353102388369E+03  -5.9373307730716443E+00   2.9952093392951870E+06
   4.7600000000000000E+04   4.7377066296719130E+02   5.9083880896141989E+02   2.3911038468329170E+03  -5.9399740654155231E+00   2.9929244136307109E+06
   4.7700000000000000E+04   4.7299456038920670E+02   5.9026386173218305E+02   2.3807730803912650E+03  -5.9426239165602270E+00   2.9906359680423676E+06
   4.7800000000000000E+04   4.7139575076657252E+02   5.8968766430476740E+02   2.3499176817608736E+03  -5.9452802768330031E+00   2.9883440823182045E+06
   4.7900000000000000E+04   4.7099924223685611E+02   5.8911024719409045E+02   2.3492347738709886E+03  -5.9479430969952967E+00   2.9860488628536421E+06
   4.8000000000000000E+04   4.6992140538392300E+02   5.8853164049836414E+02   2.3317010993954641E+03  -5.9506123280690826E+00   2.9837503718240927E+06
   4.8100000000000000E+04   4.6943208907013064E+02   5.8795187389283979E+02   2.3287544509727272E+03  -5.9532879215105314E+00   2.9814487411028100E+06
   4.8200000000000000E+04   4.6872438172946948E+02   5.8737097663902330E+02   2.3204635420075729E+03  -5.9559698290652801E+00   2.9791440296677551E+06
   4.8300000000000000E+04   4.6824887846306007E+02   5.8678897757992036E+02   2.3178931238737505E+03  -5.9586580027973914E+00   2.9768363089712509E+06
   4.8400000000000000E+04   4.6810239744804335E+02   5.8620590516930667E+02   2.3234228593411131E+03  -5.9613523951182783E+00   2.9745256777572529E+06
   4.8500000000000000E+04   4.6789055607431823E+02   5.8562178743727804E+02   2.3273935097859785E+03  -5.9640529588446176E+00   2.9722122189197512E+06
   4.8600000000000000E+04   4.6719655774687317E+02   5.8503665203451465E+02   2.3194746375465652E+03  -5.9667596470101767E+00   2.9698959919194672E+06
   4.8700000000000000E+04   4.6758779065525533E+02   5.8445052621059483E+02   2.3384865072639250E+03  -5.9694724130539933E+00   2.9675770984924771E+06
   4.8800000000000000E+04   4.6670653111639530E+02   5.8386343683149755E+02   2.3258797898944399E+03  -5.9721912107335093E+00   2.9652556097706268E+06
   4.8900000000000000E+04   4.6519925625291688E+02   5.8327541038746074E+02   2.2980024128638138E+03  -5.9749159940666940E+00   2.9629315805468643E+06
   4.9000000000000000E+04   4.6500652424887880E+02   5.8268647297326788E+02   2.3024569135284028E+03  -5.9776467174912398E+00   2.9606051158733722E+06
   4.9100000000000000E+04   4.6338476910341808E+02   5.8209665032437829E+02   2.2721796599649024E+03  -5.9803833357053637E+00   2.9582762751096818E+06
   4.9200000000000000E+04   4.6225241096349777E+02   5.8150596780137334E+02   2.2540420825458673E+03  -5.9831258037256996E+00   2.9559451160233323E+06
   4.9300000000000000E+04   4.6118793472521298E+02   5.8091445041499037E+02   2.2376892378051270E+03  -5.9858740768583472E+00   2.9536117248553499E+06
   4.9400000000000000E+04   4.6082970140472918E+02   5.8032212278477539E+02   2.2380471286200259E+03  -5.9886281107857151E+00   2.9512761565608513E+06
   4.9500000000000000E+04   4.6003747849327425E+02   5.7972900920245968E+02   2.2282033659582612E+03  -5.9913878614796801E+00   2.9489384948265655E+06
   4.9600000000000000E+04   4.5939994743211696E+02   5.7913513359676494E+02   2.2220256087846556E+03  -5.9941532851726418E+00   2.9465988070658850E+06
   4.9700000000000000E+04   4.5897036200734760E+02   5.7854051955245700E+02   2.2207292952234716E+03  -5.9969243384588360E+00   2.9442571517705913E+06
   4.9800000000000000E+04   4.5808122238171359E+02   5.7794519030934987E+02   2.2087191323949005E+03  -5.9997009781930162E+00   2.9419135707468339E+06
   4.9900000000000000E+04   4.5721597665288789E+02   5.7734916876763930E+02   2.1973382994408526E+03  -6.0024831615772989E+00   2.9395681810060116E+06
   5.0000000000000000E+04   4.5751649534340766E+02   5.7675247749603443E+02   2.2130381066249315E+03  -6.0052708460453799E+00   2.9372209834907493E+06