#Te   kappa_tot   kappa_e_ph  kappa_e_e mu Ce
#[K]  [W/(K*m)]   [W/(K*m)]   [W/(K*m)]   [eV]  [J/(m^3*K)]
   3.0000000000000000E+02   3.7056188824612801E-01   3.9139406740526939E-01   6.9621004868511660E+00  -5.9899628567815162E+00   6.2302442662914882E+03
   4.0000000000000000E+02   4.1099155135824755E-01   4.1219311203959580E-01   1.4098987192743601E+02  -5.9816295122359753E+00   6.8018022901115810E+03
   5.0000000000000000E+02   4.6199745141271381E-01   4.6231526148577023E-01   6.7206325621301380E+02  -5.9748359932973587E+00   7.7083188453350804E+03
   6.0000000000000000E+02   5.5667313720509171E-01   5.5668014574709590E-01   4.4215884411968960E+04  -5.9702982713037667E+00   9.2472962803843020E+03
   7.0000000000000000E+02   6.8591427150607631E-01   6.8599201590783465E-01   6.0522906242612298E+03  -5.9678768307463761E+00   1.1152705274911965E+04
   8.0000000000000000E+02   8.3364175945390817E-01   8.3385261867064930E-01   3.2966752646506097E+03  -5.9670566025503140E+00   1.3171595537755155E+04
   9.0000000000000000E+02   9.8691263985709843E-01   9.8733988271565321E-01   2.2807126920339460E+03  -5.9673451190222986E+00   1.5188709796195690E+04
   1.0000000000000000E+03   1.1382360340261315E+00   1.1389770143801270E+00   1.7496073582846693E+03  -5.9683849474650330E+00   1.7166324547977609E+04
   1.1000000000000000E+03   1.2843474389943741E+00   1.2855012411211895E+00   1.4309474635960050E+03  -5.9699434851822026E+00   1.9094716181122665E+04
   1.2000000000000000E+03   1.4246244091541216E+00   1.4262948160845539E+00   1.2164307825988319E+03  -5.9718787177259323E+00   2.0971462483306201E+04
   1.3000000000000000E+03   1.5599391326647518E+00   1.5622389258646321E+00   1.0596594664056681E+03  -5.9741088989535589E+00   2.2795375860630946E+04
   1.4000000000000000E+03   1.6919916710484824E+00   1.6949964566084013E+00   9.5445076856513083E+02  -5.9765905041809892E+00   2.4565704053787187E+04
   1.5000000000000000E+03   1.8227321650848942E+00   1.8265790887835922E+00   8.6546152665415093E+02  -5.9793033675108678E+00   2.6282622121072840E+04
   1.6000000000000000E+03   1.9543105428655974E+00   1.9590793082272566E+00   8.0285966199143513E+02  -5.9822411096489096E+00   2.7947691984844056E+04
   1.7000000000000000E+03   2.0886549034865216E+00   2.0944957615100637E+00   7.4897880156946258E+02  -5.9854051866980971E+00   2.9564015030992556E+04
   1.8000000000000000E+03   2.2276126876253737E+00   2.2346147488118957E+00   7.1091297745156601E+02  -5.9888012967396804E+00   3.1136132072136777E+04
   1.9000000000000000E+03   2.3725571969790535E+00   2.3809306276420488E+00   6.7462123034996478E+02  -5.9924372602335847E+00   3.2669790551068887E+04
   2.0000000000000000E+03   2.5247218147759090E+00   2.5345985288570319E+00   6.4790335580685417E+02  -5.9963217915653697E+00   3.4171694301611744E+04
   2.1000000000000000E+03   2.6845869235037974E+00   2.6964179434563520E+00   6.1184651706557645E+02  -6.0004637894638160E+00   3.5649295159950285E+04
   2.2000000000000000E+03   2.8528578175719845E+00   2.8668475640689910E+00   5.8462163604548982E+02  -6.0048719187548851E+00   3.7110676666311767E+04
   2.3000000000000000E+03   3.0295298679779195E+00   3.0460515754703277E+00   5.5854422017389857E+02  -6.0095543466999537E+00   3.8564564943515055E+04
   2.4000000000000000E+03   3.2146460229987701E+00   3.2339762506238481E+00   5.3781513048781528E+02  -6.0145185530945184E+00   4.0020454191110271E+04
   2.5000000000000000E+03   3.4078956045567907E+00   3.4304538776304727E+00   5.1824129679725479E+02  -6.0197711695468676E+00   4.1488860449417371E+04
   2.6000000000000000E+03   3.6093112296701380E+00   3.6353292470895071E+00   5.0430570721735603E+02  -6.0253178245463683E+00   4.2981676196482535E+04
   2.7000000000000000E+03   3.8187559572341860E+00   3.8486025370155410E+00   4.9241400431535760E+02  -6.0311629790367665E+00   4.4512605977651605E+04
   2.8000000000000000E+03   4.0363491752536520E+00   4.0705814869333627E+00   4.7996432088237884E+02  -6.0373097523785608E+00   4.6097663917777871E+04
   2.9000000000000000E+03   4.2630785404282401E+00   4.3020354775761005E+00   4.7077405123012682E+02  -6.0437597343004095E+00   4.7755681530995309E+04
   3.0000000000000000E+03   4.5001760486316469E+00   4.5443442166201473E+00   4.6301103105965365E+02  -6.0505127872396631E+00   4.9508825228307622E+04
   3.1000000000000000E+03   4.7496243386462478E+00   4.7996342012948885E+00   4.5583927272971459E+02  -6.0575668420826609E+00   5.1383062945173297E+04
   3.2000000000000000E+03   5.0145209550319416E+00   5.0708967495662662E+00   4.5104673417988397E+02  -6.0649176904312441E+00   5.3408561778546638E+04
   3.3000000000000000E+03   5.2984966682957335E+00   5.3620820011477059E+00   4.4681646448797818E+02  -6.0725587810378059E+00   5.5620005882502599E+04
   3.4000000000000000E+03   5.6063424412760599E+00   5.6781639281040768E+00   4.4323409086310875E+02  -6.0804810220300487E+00   5.8056751546822859E+04
   3.5000000000000000E+03   5.9441225276774743E+00   6.0251718361393998E+00   4.4188359313576166E+02  -6.0886725976098877E+00   6.0762865081403848E+04
   3.6000000000000000E+03   6.3186129246504246E+00   6.4101843047756288E+00   4.4231585613503773E+02  -6.0971188050162555E+00   6.3786970369923569E+04
   3.7000000000000000E+03   6.7375250172417527E+00   6.8412819812864942E+00   4.4424303393309111E+02  -6.1058019173098206E+00   6.7181880181450673E+04
   3.8000000000000000E+03   7.2094402656606844E+00   7.3274562188288979E+00   4.4762471929192537E+02  -6.1147010820536849E+00   7.1004037312652203E+04
   3.9000000000000000E+03   7.7436274672821312E+00   7.8784714717248416E+00   4.5243352376536143E+02  -6.1237922634166617E+00   7.5312707328550823E+04
   4.0000000000000000E+03   8.3501268734426848E+00   8.5046806863578421E+00   4.5948502602254882E+02  -6.1330482363835976E+00   8.0168958832226243E+04
   4.1000000000000000E+03   9.0389504881716380E+00   9.2167948075179957E+00   4.6844426760993855E+02  -6.1424386430309923E+00   8.5634400431554619E+04
   4.2000000000000000E+03   9.8205809907830730E+00   1.0025610029200640E+01   4.8021156434071219E+02  -6.1519301204787968E+00   9.1769719845595479E+04
   4.3000000000000000E+03   1.0704323083605422E+01   1.0941699509264852E+01   4.9340824938925584E+02  -6.1614865068870248E+00   9.8633072143471451E+04
   4.4000000000000000E+03   1.1699958515796125E+01   1.1975079750097995E+01   5.0925889691875346E+02  -6.1710691324447371E+00   1.0627831916893969E+05
   4.5000000000000000E+03   1.2814966156410609E+01   1.3134865457918391E+01   5.2617450403572036E+02  -6.1806371999832264E+00   1.1475326330165948E+05
   4.6000000000000000E+03   1.4059026512078853E+01   1.4428929929631604E+01   5.4840452614280139E+02  -6.1901482502342002E+00   1.2409791587331418E+05
   4.7000000000000000E+03   1.5434145728701600E+01   1.5863590355692265E+01   5.7013395893646373E+02  -6.1995587093013445E+00   1.3434286172247017E+05
   4.8000000000000000E+03   1.6948086236365903E+01   1.7443338317248763E+01   5.9693076205522016E+02  -6.2088245069975061E+00   1.4550794954085498E+05
   4.9000000000000000E+03   1.8600107641945911E+01   1.9170634652917766E+01   6.2499384122284653E+02  -6.2179017457835970E+00   1.5760123324957845E+05
   5.0000000000000000E+03   2.0391284148447802E+01   2.1045784688280847E+01   6.5569170625169875E+02  -6.2267474021297087E+00   1.7061838748865519E+05
   5.1000000000000000E+03   2.2317967493978962E+01   2.3066904486157313E+01   6.8738282376921325E+02  -6.2353200323921438E+00   1.8454258897272023E+05
   5.2000000000000000E+03   2.4379704623557906E+01   2.5229981851024107E+01   7.2341053637138134E+02  -6.2435804535632746E+00   1.9934487217500989E+05
   5.3000000000000000E+03   2.6566236096742518E+01   2.7529028200851169E+01   7.5960600380574249E+02  -6.2514923730722680E+00   2.1498501882728271E+05
   5.4000000000000000E+03   2.8875119813609849E+01   2.9956309864439866E+01   8.0003699242818550E+02  -6.2590229379935600E+00   2.3141280987041420E+05
   5.5000000000000000E+03   3.1293465065381252E+01   3.2502641240136477E+01   8.4116796990870853E+02  -6.2661431833991967E+00   2.4856970672702303E+05
   5.6000000000000000E+03   3.3813164706772419E+01   3.5157718089480305E+01   8.8415508656091993E+02  -6.2728283631807855E+00   2.6639071366139356E+05
   5.7000000000000000E+03   3.6423489465474951E+01   3.7910467636839208E+01   9.2861586349634842E+02  -6.2790581537302561E+00   2.8480636651651061E+05
   5.8000000000000000E+03   3.9114259217712458E+01   4.0749393176186103E+01   9.7477171175973490E+02  -6.2848167305951170E+00   3.0374473755942943E+05
   5.9000000000000000E+03   4.1885832181412539E+01   4.3662893984801038E+01   1.0291463394885452E+03  -6.2900927238979687E+00   3.2313332910041889E+05
   6.0000000000000000E+03   4.4690846513340198E+01   4.6639545940755085E+01   1.0696163604128776E+03  -6.2948790638680165E+00   3.4290074330843205E+05
   6.1000000000000000E+03   4.7552184269792669E+01   4.9668333618041430E+01   1.1161016374072087E+03  -6.2991727347799209E+00   3.6297811884334648E+05
   6.2000000000000000E+03   5.0453722405649643E+01   5.2738829787219835E+01   1.1644399294070815E+03  -6.3029744561743559E+00   3.8330027076985210E+05
   6.3000000000000000E+03   5.3383755709679761E+01   5.5841322834551995E+01   1.2129961808713831E+03  -6.3062883123188680E+00   4.0380652350813791E+05
   6.4000000000000000E+03   5.6337171768623442E+01   5.8966896106769724E+01   1.2632609838380938E+03  -6.3091213498255723E+00   4.2444126514699473E+05
   6.5000000000000000E+03   5.9293338559265656E+01   6.2107465557877681E+01   1.3085972964963853E+03  -6.3114831622999006E+00   4.4515424530460517E+05
   6.6000000000000000E+03   6.2267862038245369E+01   6.5255783244082480E+01   1.3599214397963924E+03  -6.3133854769579205E+00   4.6590064545449649E+05
   6.7000000000000000E+03   6.5228857767841149E+01   6.8405414572558584E+01   1.4046677997626866E+03  -6.3148417571073230E+00   4.8664099317801208E+05
   6.8000000000000000E+03   6.8196585462239270E+01   7.1550696695502140E+01   1.4547857428481286E+03  -6.3158668287134319E+00   5.0734091901487514E+05
   6.9000000000000000E+03   7.1147190971747790E+01   7.4686684674143663E+01   1.5012734205350180E+03  -6.3164765389242641E+00   5.2797084169865702E+05
   7.0000000000000000E+03   7.4083797818919692E+01   7.7809090848630035E+01   1.5473663169396573E+03  -6.3166874495072793E+00   5.4850558572932577E+05
   7.1000000000000000E+03   7.6980869370220574E+01   8.0914221762166505E+01   1.5835975308036989E+03  -6.3165165679190380E+00   5.6892397256057523E+05
   7.2000000000000000E+03   7.9883728846837528E+01   8.3998915804230421E+01   1.6305812306968819E+03  -6.3159811149076903E+00   5.8920840377917595E+05
   7.3000000000000000E+03   8.2755159236888858E+01   8.7060483821396659E+01   1.6734404248649528E+03  -6.3150983277798449E+00   6.0934445482176158E+05
   7.4000000000000000E+03   8.5608349431349239E+01   9.0096654116654832E+01   1.7184719819636834E+03  -6.3138852971896782E+00   6.2932049126743188E+05
   7.5000000000000000E+03   8.8408727005268901E+01   9.3105522608087838E+01   1.7525439527325841E+03  -6.3123588344974912E+00   6.4912731300631957E+05
   7.6000000000000000E+03   9.1205295957187630E+01   9.6085508427876093E+01   1.7957224784774621E+03  -6.3105353662239665E+00   6.6875782746735017E+05
   7.7000000000000000E+03   9.3951751960617784E+01   9.9035314912769934E+01   1.8303188983008642E+03  -6.3084308523578621E+00   6.8820676794685319E+05
   7.8000000000000000E+03   9.6677922091762781E+01   1.0195389571533232E+02   1.8682221501042886E+03  -6.3060607256802275E+00   7.0747043082887074E+05
   7.9000000000000000E+03   9.9367520486237140E+01   1.0484042560439489E+02   1.9035106427237502E+03  -6.3034398486892416E+00   7.2654646116366785E+05
   8.0000000000000000E+03   1.0202732823828578E+02   1.0769427547373435E+02   1.9389203281108923E+03  -6.3005824857518666E+00   7.4543364623034571E+05
   8.1000000000000000E+03   1.0464223724792994E+02   1.1051499100699374E+02   1.9691845398010119E+03  -6.2975022867190731E+00   7.6413177015564439E+05
   8.2000000000000000E+03   1.0723575703267483E+02   1.1330227455581391E+02   2.0028055864297091E+03  -6.2942122819467334E+00   7.8264145048880263E+05
   8.3000000000000000E+03   1.0980082675281726E+02   1.1605596968277646E+02   2.0372102705656089E+03  -6.2907248842641010E+00   8.0096402856205811E+05
   8.4000000000000000E+03   1.1234104187181634E+02   1.1877604799566996E+02   2.0735683423498781E+03  -6.2870518983530737E+00   8.1910145760345506E+05
   8.5000000000000000E+03   1.1480375743802881E+02   1.2146259783404231E+02   2.0941127569119103E+03  -6.2832045341223610E+00   8.3705622812096577E+05
   8.6000000000000000E+03   1.1725682365571582E+02   1.2411581452544617E+02   2.1218028210129282E+03  -6.2791934248291463E+00   8.5483128250729514E+05
   8.7000000000000000E+03   1.1969427794125524E+02   1.2673599188282233E+02   2.1542444301858854E+03  -6.2750286474587451E+00   8.7242994730245403E+05
   8.8000000000000000E+03   1.2207936039209987E+02   1.2932351470961081E+02   2.1793754339612469E+03  -6.2707197447832659E+00   8.8985589208532567E+05
   8.9000000000000000E+03   1.2443799735320277E+02   1.3187885212911732E+02   2.2054912703452842E+03  -6.2662757492729586E+00   9.0711307412445091E+05
   9.0000000000000000E+03   1.2676389599416383E+02   1.3440255154395638E+02   2.2304175066162061E+03  -6.2617052071812473E+00   9.2420569148799381E+05
   9.1000000000000000E+03   1.2905842370708925E+02   1.3689523310417920E+02   2.2544229548316430E+03  -6.2570162028613945E+00   9.4113815922740870E+05
   9.2000000000000000E+03   1.3132748004795033E+02   1.3935758457944908E+02   2.2791086139164286E+03  -6.2522163833725770E+00   9.5791507057413436E+05
   9.3000000000000000E+03   1.3355017736533932E+02   1.4179035653155117E+02   2.2980237300093327E+03  -6.2473129821596718E+00   9.7454117569376808E+05
   9.4000000000000000E+03   1.3575421513313702E+02   1.4419435773524950E+02   2.3192726454735666E+03  -6.2423128424435381E+00   9.9102135060160328E+05
   9.5000000000000000E+03   1.3793007302149431E+02   1.4657045078920581E+02   2.3397672559753150E+03  -6.2372224399165352E+00   1.0073605632315050E+06
   9.6000000000000000E+03   1.4008412650559666E+02   1.4891954786754462E+02   2.3610944999723288E+03  -6.2320479039906189E+00   1.0235638917400371E+06
   9.7000000000000000E+03   1.4220203253049084E+02   1.5124260660716288E+02   2.3789425187327306E+03  -6.2267950391033668E+00   1.0396364551770687E+06
   9.8000000000000000E+03   1.4429962966302745E+02   1.5354062608008010E+02   2.3975613106721003E+03  -6.2214693441133511E+00   1.0555834317417196E+06
   9.9000000000000000E+03   1.4638114088116549E+02   1.5581464285504413E+02   2.4178004361761932E+03  -6.2160760309429062E+00   1.0714100287593787E+06
   1.0000000000000000E+04   1.4842877221549438E+02   1.5806572714118428E+02   2.4345347664097008E+03  -6.2106200427577187E+00   1.0871214706167448E+06
   1.0100000000000000E+04   1.5044240926005051E+02   1.6029497899018003E+02   2.4476013357029888E+03  -6.2051060701778891E+00   1.1027229721848269E+06
   1.0200000000000000E+04   1.5246124318907533E+02   1.6250352457765177E+02   2.4671176220871989E+03  -6.1995385673732342E+00   1.1182197432459563E+06
   1.0300000000000000E+04   1.5444374867054748E+02   1.6469251254547407E+02   2.4818338412227677E+03  -6.1939217665953734E+00   1.1336169689632584E+06
   1.0400000000000000E+04   1.5641158180150492E+02   1.6686311042023871E+02   2.4971775897323892E+03  -6.1882596921887369E+00   1.1489197950593380E+06
   1.0500000000000000E+04   1.5832894070175470E+02   1.6901650110275961E+02   2.5038645468801928E+03  -6.1825561735594405E+00   1.1641333007624170E+06
   1.0600000000000000E+04   1.6028420134537063E+02   1.7115387943573666E+02   2.5238339759880741E+03  -6.1768148572177859E+00   1.1792625246123087E+06
   1.0700000000000000E+04   1.6220181860696471E+02   1.7327644885472796E+02   2.5378504290624142E+03  -6.1710392181839486E+00   1.1943124086156972E+06
   1.0800000000000000E+04   1.6409708330079070E+02   1.7538541812478155E+02   2.5495554496310829E+03  -6.1652325704093736E+00   1.2092878448712775E+06
   1.0900000000000000E+04   1.6598244694962980E+02   1.7748199817176010E+02   2.5617431304072452E+03  -6.1593980769086993E+00   1.2241935853659478E+06
   1.1000000000000000E+04   1.6788837360606419E+02   1.7956739900641469E+02   2.5813180071475331E+03  -6.1535387586179713E+00   1.2390343093822103E+06
   1.1100000000000000E+04   1.6973877297287785E+02   1.8164282675182088E+02   2.5900278262113779E+03  -6.1476575029633649E+00   1.2538145984230230E+06
   1.1200000000000000E+04   1.7159356958480006E+02   1.8370948077643567E+02   2.6018155031345418E+03  -6.1417570721403978E+00   1.2685388796571379E+06
   1.1300000000000000E+04   1.7344482251621014E+02   1.8576855093349559E+02   2.6145166669334076E+03  -6.1358401100615430E+00   1.2832114648711027E+06
   1.1400000000000000E+04   1.7529907971461762E+02   1.8782121491468229E+02   2.6293348218485271E+03  -6.1299091494196540E+00   1.2978365515914343E+06
   1.1500000000000000E+04   1.7712164850681228E+02   1.8986863571802633E+02   2.6382583743812593E+03  -6.1239666181144807E+00   1.3124181754416313E+06
   1.1600000000000000E+04   1.7896762355219511E+02   1.9191195923394480E+02   2.6533634571737443E+03  -6.1180148449265550E+00   1.3269602428733234E+06
   1.1700000000000000E+04   1.8077631269234098E+02   1.9395231195038613E+02   2.6610493144295633E+03  -6.1120560653068647E+00   1.3414664896170050E+06
   1.1800000000000000E+04   1.8265810504448567E+02   1.9599079877970163E+02   2.6850768961037365E+03  -6.1060924263559730E+00   1.3559405076606211E+06
   1.1900000000000000E+04   1.8443835268878661E+02   1.9802850100852322E+02   2.6875387708902908E+03  -6.1001259913399721E+00   1.3703857432158322E+06
   1.2000000000000000E+04   1.8624138475202167E+02   2.0006647437032137E+02   2.6951476090153647E+03  -6.0941587444379977E+00   1.3848054529726061E+06
   1.2100000000000000E+04   1.8805491071042445E+02   2.0210574724181203E+02   2.7049619548786541E+03  -6.0881925946213329E+00   1.3992027415462795E+06
   1.2200000000000000E+04   1.8988593469890776E+02   2.0414731896403629E+02   2.7181586132945217E+03  -6.0822293794745717E+00   1.4135805471001726E+06
   1.2300000000000000E+04   1.9169254211996991E+02   2.0619215828707576E+02   2.7259686416335107E+03  -6.0762708685825935E+00   1.4279416346231194E+06
   1.2400000000000000E+04   1.9354474753629319E+02   2.0824120193561248E+02   2.7424295520659130E+03  -6.0703187670333127E+00   1.4422885934642132E+06
   1.2500000000000000E+04   1.9535297879397891E+02   2.1029535329967527E+02   2.7493504247241567E+03  -6.0643747181967145E+00   1.4566238486221232E+06
   1.2600000000000000E+04   1.9721918225731588E+02   2.1235548124284327E+02   2.7668966105001364E+03  -6.0584403067354904E+00   1.4709496317880629E+06
   1.2700000000000000E+04   1.9901122791836303E+02   2.1442241903203083E+02   2.7689273716776538E+03  -6.0525170610946093E+00   1.4852680250871829E+06
   1.2800000000000000E+04   2.0086656572431866E+02   2.1649696338410055E+02   2.7822069835499410E+03  -6.0466064558750583E+00   1.4995809279984494E+06
   1.2900000000000000E+04   2.0267823449734854E+02   2.1857987362523428E+02   2.7859632913771402E+03  -6.0407099142944762E+00   1.5138900553010465E+06
   1.3000000000000000E+04   2.0455886468069778E+02   2.2067187096812555E+02   2.8014876049186505E+03  -6.0348288100108913E+00   1.5281969643490824E+06
   1.3100000000000000E+04   2.0639964626281690E+02   2.2277363789369858E+02   2.8081362867695761E+03  -6.0289644693517497E+00   1.5425030450801712E+06
   1.3200000000000000E+04   2.0824436922769712E+02   2.2488581764617896E+02   2.8141303609109627E+03  -6.0231181729060745E+00   1.5568094991707697E+06
   1.3300000000000000E+04   2.1013738297003107E+02   2.2700901382817003E+02   2.8274136909205254E+03  -6.0172911574061043E+00   1.5711173785592273E+06
   1.3400000000000000E+04   2.1201107398442491E+02   2.2914379010424847E+02   2.8355703028693902E+03  -6.0114846170299776E+00   1.5854275857370691E+06
   1.3500000000000000E+04   2.1390773186722760E+02   2.3129066999225469E+02   2.8461737747810926E+03  -6.0056997053123249E+00   1.5997408169801533E+06
   1.3600000000000000E+04   2.1579909776176575E+02   2.3345013676314264E+02   2.8541282403782088E+03  -5.9999375361284981E+00   1.6140576588067901E+06
   1.3700000000000000E+04   2.1769328740514737E+02   2.3562263342463791E+02   2.8608665146797639E+03  -5.9941991851130760E+00   1.6283785161438447E+06
   1.3800000000000000E+04   2.1962217095599453E+02   2.3780856279287775E+02   2.8718193966642043E+03  -5.9884856910203927E+00   1.6427036426292257E+06
   1.3900000000000000E+04   2.2152535636564374E+02   2.4000828765530315E+02   2.8765957423265863E+03  -5.9827980566509131E+00   1.6570331673041538E+06
   1.4000000000000000E+04   2.2347135343470470E+02   2.4222213100854754E+02   2.8867980133170045E+03  -5.9771372500670701E+00   1.6713670465222786E+06
   1.4100000000000000E+04   2.2542122770152861E+02   2.4445037637933910E+02   2.8957839832208278E+03  -5.9715042054616916E+00   1.6857051227853023E+06
   1.4200000000000000E+04   2.2742593306622945E+02   2.4669326821251491E+02   2.9118944720907643E+03  -5.9658998243159456E+00   1.7000470870022238E+06
   1.4300000000000000E+04   2.2937639430618819E+02   2.4895101233842138E+02   2.9172209375953703E+03  -5.9603249760362234E+00   1.7143925166875662E+06
   1.4400000000000000E+04   2.3138885442680757E+02   2.5122377649512268E+02   2.9307088602501758E+03  -5.9547804991120410E+00   1.7287408484418704E+06
   1.4500000000000000E+04   2.3337010003305826E+02   2.5351169092623161E+02   2.9373076329862552E+03  -5.9492672016081869E+00   1.7430913998797701E+06
   1.4600000000000000E+04   2.3531662491912871E+02   2.5581484902649746E+02   2.9367171790980660E+03  -5.9437858621200030E+00   1.7574433981250841E+06
   1.4700000000000000E+04   2.3739057971528649E+02   2.5813330804492199E+02   2.9542119371567446E+03  -5.9383372305550060E+00   1.7717959173847707E+06
   1.4800000000000000E+04   2.3941137330494973E+02   2.6046708984480108E+02   2.9616082436550482E+03  -5.9329220286539446E+00   1.7861479524788361E+06
   1.4900000000000000E+04   2.4145479129170491E+02   2.6281618170409013E+02   2.9706973692429297E+03  -5.9275409507724017E+00   1.8004984079018098E+06
   1.5000000000000000E+04   2.4349173273128667E+02   2.6518053716350079E+02   2.9770782747549779E+03  -5.9221946644597869E+00   1.8148460627505186E+06
   1.5100000000000000E+04   2.4559455710877376E+02   2.6756007691008250E+02   2.9915658351415773E+03  -5.9168838111830135E+00   1.8291896342397952E+06
   1.5200000000000000E+04   2.4767132253579621E+02   2.6995468970199732E+02   3.0004457820291113E+03  -5.9116090068475922E+00   1.8435277248962915E+06
   1.5300000000000000E+04   2.4971551811674851E+02   2.7236423332692300E+02   3.0029772113143886E+03  -5.9063708422897454E+00   1.8578588926482934E+06
   1.5400000000000000E+04   2.5183282453032743E+02   2.7478853558038298E+02   3.0145340700998568E+03  -5.9011698840290645E+00   1.8721815854759021E+06
   1.5500000000000000E+04   2.5391259091030017E+02   2.7722739528487813E+02   3.0191772179247127E+03  -5.8960066745579942E+00   1.8864942059359755E+06
   1.5600000000000000E+04   2.5604456527965050E+02   2.7968058331544205E+02   3.0297274804801191E+03  -5.8908817330944849E+00   1.9007950868850003E+06
   1.5700000000000000E+04   2.5818811698089002E+02   2.8214784365573468E+02   3.0404028164551287E+03  -5.8857955559872845E+00   1.9150824784249652E+06
   1.5800000000000000E+04   2.6027462645369843E+02   2.8462889446769458E+02   3.0418355888559031E+03  -5.8807486171790977E+00   1.9293546072368347E+06
   1.5900000000000000E+04   2.6246397476565380E+02   2.8712342917249515E+02   3.0560106977894206E+03  -5.8757413687276641E+00   1.9436096334657096E+06
   1.6000000000000000E+04   2.6465223748590068E+02   2.8963111754255158E+02   3.0686533235011393E+03  -5.8707742412689221E+00   1.9578456675756632E+06
   1.6100000000000000E+04   2.6680092913770699E+02   2.9215160680007716E+02   3.0747233340841162E+03  -5.8658476445091514E+00   1.9720607873732669E+06
   1.6200000000000000E+04   2.6897825666529485E+02   2.9468452272263892E+02   3.0834400068591444E+03  -5.8609619676302263E+00   1.9862530367037232E+06
   1.6300000000000000E+04   2.7109679974433527E+02   2.9722947074721355E+02   3.0834183884378749E+03  -5.8561175797817597E+00   2.0004204115780164E+06
   1.6400000000000000E+04   2.7338380060435799E+02   2.9978603707694936E+02   3.1041554479407841E+03  -5.8513148304863645E+00   2.0145608953373765E+06
   1.6500000000000000E+04   2.7551083177153731E+02   3.0235378978314264E+02   3.1032997211564871E+03  -5.8465540500738786E+00   2.0286724322427590E+06
   1.6600000000000000E+04   2.7776170538148239E+02   3.0493227990212921E+02   3.1172881540328367E+03  -5.8418355501156087E+00   2.0427529687319663E+06
   1.6700000000000000E+04   2.7993605160655812E+02   3.0752104252555387E+02   3.1207632688127815E+03  -5.8371596238295869E+00   2.0568004204591287E+06
   1.6800000000000000E+04   2.8216334532921587E+02   3.1011959788105679E+02   3.1300469556141593E+03  -5.8325265464858642E+00   2.0708126947800147E+06
   1.6900000000000000E+04   2.8436881372700537E+02   3.1272745239725833E+02   3.1359028087395714E+03  -5.8279365758986117E+00   2.0847876759344528E+06
   1.7000000000000000E+04   2.8658748862730141E+02   3.1534409976599750E+02   3.1427094510369448E+03  -5.8233899526866777E+00   2.0987232784908181E+06
   1.7100000000000000E+04   2.8881963306312781E+02   3.1796902197759664E+02   3.1505187474934223E+03  -5.8188869007946513E+00   2.1126173762799855E+06
   1.7200000000000000E+04   2.9100960912287616E+02   3.2060169035014877E+02   3.1528087489481768E+03  -5.8144276277823410E+00   2.1264678742518816E+06
   1.7300000000000000E+04   2.9324404026169702E+02   3.2324156653258683E+02   3.1598826548081306E+03  -5.8100123252879543E+00   2.1402726681908634E+06
   1.7400000000000000E+04   2.9545111164950760E+02   3.2588810349254521E+02   3.1633875958161420E+03  -5.8056411694044199E+00   2.1540296727697500E+06
   1.7500000000000000E+04   2.9770118006304085E+02   3.2854074648337513E+02   3.1714767514501546E+03  -5.8013143210557248E+00   2.1677367934134202E+06
   1.7600000000000000E+04   2.9998220917588594E+02   3.3119893399519663E+02   3.1827101808937100E+03  -5.7970319262574455E+00   2.1813919852529289E+06
   1.7700000000000000E+04   3.0216373239793853E+02   3.3386209866603178E+02   3.1825305123274188E+03  -5.7927941167246635E+00   2.1949931810949938E+06
   1.7800000000000000E+04   3.0446598895358090E+02   3.3652966819225480E+02   3.1955733300497254E+03  -5.7886010100167065E+00   2.2085383501282521E+06
   1.7900000000000000E+04   3.0670732825686792E+02   3.3920106619863100E+02   3.2017077549563755E+03  -5.7844527100003225E+00   2.2220254941109084E+06
   1.8000000000000000E+04   3.0896696209516114E+02   3.4187571308898163E+02   3.2097328916267329E+03  -5.7803493071970653E+00   2.2354526248566667E+06
   1.8100000000000000E+04   3.1119502779161604E+02   3.4455302687093905E+02   3.2143171572676729E+03  -5.7762908791306700E+00   2.2488177789142150E+06
   1.8200000000000000E+04   3.1346760991200341E+02   3.4723242395459073E+02   3.2236551897993636E+03  -5.7722774906744272E+00   2.2621190258556064E+06
   1.8300000000000000E+04   3.1568075951546115E+02   3.4991331992426518E+02   3.2267788701501827E+03  -5.7683091943985820E+00   2.2753544763621674E+06
   1.8400000000000000E+04   3.1789840586331229E+02   3.5259513028146324E+02   3.2305478892124634E+03  -5.7643860309466426E+00   2.2885222470406266E+06
   1.8500000000000000E+04   3.2012053608218275E+02   3.5527727116845028E+02   3.2349861335298897E+03  -5.7605080292669761E+00   2.3016205115335281E+06
   1.8600000000000000E+04   3.2236183220030375E+02   3.5795916005334118E+02   3.2416020428294792E+03  -5.7566752070470377E+00   2.3146474712326000E+06
   1.8700000000000000E+04   3.2458066478162084E+02   3.6064021639023673E+02   3.2462090059645016E+03  -5.7528875710896958E+00   2.3276013446487645E+06
   1.8800000000000000E+04   3.2679578953227355E+02   3.6331986226649207E+02   3.2507711313064660E+03  -5.7491451174290233E+00   2.3404804238445163E+06
   1.8900000000000000E+04   3.2901814053315019E+02   3.6599752299939513E+02   3.2564044185140165E+03  -5.7454478318513713E+00   2.3532830145155219E+06
   1.9000000000000000E+04   3.3127489481140594E+02   3.6867262772003738E+02   3.2657590840115290E+03  -5.7417956901559002E+00   2.3660074556834740E+06
   1.9100000000000000E+04   3.3357409135799497E+02   3.7134460993295664E+02   3.2795668556478322E+03  -5.7381886583572248E+00   2.3786521630244320E+06
   1.9200000000000000E+04   3.3569571321665535E+02   3.7401290803162681E+02   3.2767150758347029E+03  -5.7346266931775363E+00   2.3912155452402905E+06
   1.9300000000000000E+04   3.3791513169689745E+02   3.7667696580935234E+02   3.2837673815789881E+03  -5.7311097421623849E+00   2.4036960954232947E+06
   1.9400000000000000E+04   3.4007428920376225E+02   3.7933623292394248E+02   3.2856880622172698E+03  -5.7276377441149231E+00   2.4160923256040663E+06
   1.9500000000000000E+04   3.4225006384634798E+02   3.8199016534858077E+02   3.2897791786436032E+03  -5.7242106293274659E+00   2.4284027975353329E+06
   1.9600000000000000E+04   3.4451973876966218E+02   3.8463822579664554E+02   3.3031021579442358E+03  -5.7208283198131182E+00   2.4406261231779675E+06
   1.9700000000000000E+04   3.4657959463776291E+02   3.8727988410818898E+02   3.2978464524952897E+03  -5.7174907297399580E+00   2.4527609474831684E+06
   1.9800000000000000E+04   3.4873702889886334E+02   3.8991461763498694E+02   3.3022250561984365E+03  -5.7141977654889624E+00   2.4648059782914943E+06
   1.9900000000000000E+04   3.5087367267059307E+02   3.9254191157348731E+02   3.3054582055148467E+03  -5.7109493261461122E+00   2.4767599456361127E+06
   2.0000000000000000E+04   3.5295688883953193E+02   3.9516125929554147E+02   3.3047498911574398E+03  -5.7077453036471439E+00   2.4886216372435214E+06
   2.0100000000000000E+04   3.5516801999675675E+02   3.9777216265002335E+02   3.3160144206634927E+03  -5.7045855830091368E+00   2.5003898869826379E+06
   2.0200000000000000E+04   3.5724777722816810E+02   4.0037413223426017E+02   3.3165976762965734E+03  -5.7014700426778848E+00   2.5120635749831451E+06
   2.0300000000000000E+04   3.5933876802194396E+02   4.0296668765362125E+02   3.3190111817799948E+03  -5.6983985547015932E+00   2.5236416277239732E+06
   2.0400000000000000E+04   3.6141774120914403E+02   4.0554935775036785E+02   3.3212636271785300E+03  -5.6953709850493146E+00   2.5351230067803347E+06
   2.0500000000000000E+04   3.6351108853262764E+02   4.0812168082024829E+02   3.3255948607950418E+03  -5.6923871937846302E+00   2.5465067259073975E+06
   2.0600000000000000E+04   3.6558908925321947E+02   4.1068320480321228E+02   3.3295097815844329E+03  -5.6894470353261886E+00   2.5577918507398148E+06
   2.0700000000000000E+04   3.6763319308813880E+02   4.1323348745737331E+02   3.3315211795518012E+03  -5.6865503586503481E+00   2.5689774874274009E+06
   2.0800000000000000E+04   3.6971694261679050E+02   4.1577209650839194E+02   3.3376935121801357E+03  -5.6836970075806539E+00   2.5800627825912954E+06
   2.0900000000000000E+04   3.7171796687806631E+02   4.1829860978942162E+02   3.3380627458222689E+03  -5.6808868209325833E+00   2.5910469286992112E+06
   2.1000000000000000E+04   3.7370687158476608E+02   4.2081261535128954E+02   3.3384584008647771E+03  -5.6781196328319821E+00   2.6019291637210976E+06
   2.1100000000000000E+04   3.7569961219536850E+02   4.2331371157292517E+02   3.3401618292478806E+03  -5.6753952727729526E+00   2.6127087654699278E+06
   2.1200000000000000E+04   3.7769168932710608E+02   4.2580150723746493E+02   3.3428039758163081E+03  -5.6727135659362906E+00   2.6233850672569899E+06
   2.1300000000000000E+04   3.7966035116057793E+02   4.2827562159984410E+02   3.3446131518129228E+03  -5.6700743333921260E+00   2.6339574255210068E+06
   2.1400000000000000E+04   3.8164995782267027E+02   4.3073568444886411E+02   3.3490439502815443E+03  -5.6674773921578145E+00   2.6444252670745444E+06
   2.1500000000000000E+04   3.8355884877916469E+02   4.3318133612862567E+02   3.3482911372019457E+03  -5.6649225556321650E+00   2.6547880203869366E+06
   2.1600000000000000E+04   3.8552523471400059E+02   4.3561222758156003E+02   3.3529564597087492E+03  -5.6624096335085996E+00   2.6650451986360098E+06
   2.1700000000000000E+04   3.8749040206336991E+02   4.3802802034371075E+02   3.3585210283649690E+03  -5.6599384321804189E+00   2.6751963213261408E+06
   2.1800000000000000E+04   3.8932524195423429E+02   4.4042838655539578E+02   3.3553686274581091E+03  -5.6575087547408192E+00   2.6852409654607181E+06
   2.1900000000000000E+04   3.9114361911997349E+02   4.4281300893702957E+02   3.3521487968464508E+03  -5.6551204013013052E+00   2.6951787393464227E+06
   2.2000000000000000E+04   3.9300643273669948E+02   4.4518158077362557E+02   3.3533057703277254E+03  -5.6527731690206506E+00   2.7050093069754085E+06
   2.2100000000000000E+04   3.9484725555395198E+02   4.4753380586959548E+02   3.3539393632070414E+03  -5.6504668523943851E+00   2.7147323428455377E+06
   2.2200000000000000E+04   3.9667269236825570E+02   4.4986939850722092E+02   3.3545480250935398E+03  -5.6482012433416244E+00   2.7243475808094577E+06
   2.2300000000000000E+04   3.9843959064610914E+02   4.5218808339316035E+02   3.3520872053124522E+03  -5.6459761313208787E+00   2.7338547743198890E+06
   2.2400000000000000E+04   4.0026764112111738E+02   4.5448959558704746E+02   3.3550520288608309E+03  -5.6437913035616321E+00   2.7432537342528268E+06
   2.2500000000000000E+04   4.0204348753309853E+02   4.5677368043154047E+02   3.3554218205442075E+03  -5.6416465451511906E+00   2.7525442945882501E+06
   2.2600000000000000E+04   4.0381162924740460E+02   4.5904009346333396E+02   3.3563440639337086E+03  -5.6395416392662661E+00   2.7617263078217157E+06
   2.2700000000000000E+04   4.0553301954763253E+02   4.6128860033923416E+02   3.3551396348587332E+03  -5.6374763670861325E+00   2.7707996905853339E+06
   2.2800000000000000E+04   4.0730976464400550E+02   4.6351897671534726E+02   3.3588054049634293E+03  -5.6354505082558051E+00   2.7797643718899353E+06
   2.2900000000000000E+04   4.0890208288571699E+02   4.6573100816881851E+02   3.3510818365119226E+03  -5.6334638406544402E+00   2.7886203246745453E+06
   2.3000000000000000E+04   4.1064047206523264E+02   4.6792449006361738E+02   3.3543166175254214E+03  -5.6315161408585217E+00   2.7973675425203172E+06
   2.3100000000000000E+04   4.1239802540618717E+02   4.7009922745576858E+02   3.3598605620234130E+03  -5.6296071839681714E+00   2.8060060526235602E+06
   2.3200000000000000E+04   4.1401693641001668E+02   4.7225503495952233E+02   3.3572796442167896E+03  -5.6277367438966204E+00   2.8145359233544483E+06
   2.3300000000000000E+04   4.1558871160875248E+02   4.7439173662109346E+02   3.3527501447216823E+03  -5.6259045934860161E+00   2.8229572377254968E+06
   2.3400000000000000E+04   4.1719309466573361E+02   4.7650916579579155E+02   3.3514750678453979E+03  -5.6241105045074100E+00   2.8312701101926723E+06
   2.3500000000000000E+04   4.1877227343170716E+02   4.7860716500820007E+02   3.3496745007879185E+03  -5.6223542478344575E+00   2.8394746898027062E+06
   2.3600000000000000E+04   4.2040153187249382E+02   4.8068558581467107E+02   3.3521461051598344E+03  -5.6206355935302659E+00   2.8475711510100863E+06
   2.3700000000000000E+04   4.2190017703144991E+02   4.8274428865800041E+02   3.3474052854254555E+03  -5.6189543109921152E+00   2.8555596891419953E+06
   2.3800000000000000E+04   4.2346714740013203E+02   4.8478314272900104E+02   3.3480616837098960E+03  -5.6173101689514873E+00   2.8634405278725722E+06
   2.3900000000000000E+04   4.2494284095481282E+02   4.8680202581286954E+02   3.3440957281630995E+03  -5.6157029356477333E+00   2.8712139182973527E+06
   2.4000000000000000E+04   4.2649757282458165E+02   4.8880082414108028E+02   3.3460912662774626E+03  -5.6141323788859863E+00   2.8788801305548172E+06
   2.4100000000000000E+04   4.2793074483411743E+02   4.9077943224087062E+02   3.3416705527812496E+03  -5.6125982660950378E+00   2.8864394572408809E+06
   2.4200000000000000E+04   4.2933957471074655E+02   4.9273775277868253E+02   3.3368753435664134E+03  -5.6111003644431587E+00   2.8938922272401815E+06
   2.4300000000000000E+04   4.3079802442414285E+02   4.9467569640165726E+02   3.3361471409835735E+03  -5.6096384409538675E+00   2.9012387684175484E+06
   2.4400000000000000E+04   4.3226504516634350E+02   4.9659318159019301E+02   3.3369515425570198E+03  -5.6082122624480499E+00   2.9084794542133543E+06
   2.4500000000000000E+04   4.3363304058491241E+02   4.9849013448843078E+02   3.3328935928175133E+03  -5.6068215957755383E+00   2.9156146598163806E+06
   2.4600000000000000E+04   4.3498626199851776E+02   5.0036648875249949E+02   3.3290271291161889E+03  -5.6054662077861650E+00   2.9226447900056336E+06
   2.4700000000000000E+04   4.3633222707292117E+02   5.0222218538732119E+02   3.3257833248255056E+03  -5.6041458654455516E+00   2.9295702644738611E+06
   2.4800000000000000E+04   4.3769392127044529E+02   5.0405717258969202E+02   3.3244718429172335E+03  -5.6028603358640714E+00   2.9363915208176426E+06
   2.4900000000000000E+04   4.3899376209010779E+02   5.0587140559027534E+02   3.3206073038941549E+03  -5.6016093863257774E+00   2.9431090233989269E+06
   2.5000000000000000E+04   4.4036756634643717E+02   5.0766484648346841E+02   3.3219638670441009E+03  -5.6003927844910573E+00   2.9497232433242165E+06
   2.5100000000000000E+04   4.4159753943273211E+02   5.0943746407796937E+02   3.3161347364125659E+03  -5.5992102983097842E+00   2.9562346679637223E+06
   2.5200000000000000E+04   4.4284412609946207E+02   5.1118923373710999E+02   3.3122656077443130E+03  -5.5980616960792071E+00   2.9626438121253783E+06
   2.5300000000000000E+04   4.4411481571180968E+02   5.1292013720921011E+02   3.3107240436359380E+03  -5.5969467466465934E+00   2.9689511903730165E+06
   2.5400000000000000E+04   4.4534190919041203E+02   5.1463016248126075E+02   3.3077234336436445E+03  -5.5958652192934384E+00   2.9751573433776763E+06
   2.5500000000000000E+04   4.4652940396648950E+02   5.1631930361888431E+02   3.3035117122914803E+03  -5.5948168838223102E+00   2.9812628251200798E+06
   2.5600000000000000E+04   4.4771249780114385E+02   5.1798756060484607E+02   3.3000255757309651E+03  -5.5938015106726384E+00   2.9872681944305985E+06
   2.5700000000000000E+04   4.4876432408518434E+02   5.1963493918913093E+02   3.2904134091996934E+03  -5.5928188708917679E+00   2.9931740335757039E+06
   2.5800000000000000E+04   4.5006282875114277E+02   5.2126145072945303E+02   3.2950132532858552E+03  -5.5918687362507553E+00   2.9989809313177974E+06
   2.5900000000000000E+04   4.5114893575445598E+02   5.2286711204761411E+02   3.2891374730033504E+03  -5.5909508791575151E+00   3.0046894880361664E+06
   2.6000000000000000E+04   4.5217847740801636E+02   5.2445194526843693E+02   3.2812301541022862E+03  -5.5900650728305248E+00   3.0103003175645759E+06
   2.6100000000000000E+04   4.5334246980171110E+02   5.2601597767265503E+02   3.2813247833964192E+03  -5.5892110912988118E+00   3.0158140440884219E+06
   2.6200000000000000E+04   4.5429574106616923E+02   5.2755924155507296E+02   3.2713140240257480E+03  -5.5883887093440618E+00   3.0212313017074987E+06
   2.6300000000000000E+04   4.5540238005399686E+02   5.2908177406815423E+02   3.2701829646906635E+03  -5.5875977026743078E+00   3.0265527339444808E+06
   2.6400000000000000E+04   4.5664954842068340E+02   5.3058361708342647E+02   3.2771193784260768E+03  -5.5868378478660325E+00   3.0317789933221852E+06
   2.6500000000000000E+04   4.5754127110961417E+02   5.3206481704651026E+02   3.2666402228136376E+03  -5.5861089224220679E+00   3.0369107389412788E+06
   2.6600000000000000E+04   4.5848701244454742E+02   5.3352542483599552E+02   3.2598567893494187E+03  -5.5854107048005428E+00   3.0419486440515895E+06
   2.6700000000000000E+04   4.5942868084533154E+02   5.3496549562807320E+02   3.2537576896918504E+03  -5.5847429743859349E+00   3.0468933853671048E+06
   2.6800000000000000E+04   4.6044809350359481E+02   5.3638508875294394E+02   3.2524001073398608E+03  -5.5841055116048581E+00   3.0517456477690251E+06
   2.6900000000000000E+04   4.6135305306705419E+02   5.3778426756127419E+02   3.2461660510390852E+03  -5.5834980979260758E+00   3.0565061228823182E+06
   2.7000000000000000E+04   4.6240594329247466E+02   5.3916309929478007E+02   3.2480648646024492E+03  -5.5829205158315363E+00   3.0611755102993501E+06
   2.7100000000000000E+04   4.6323704203108525E+02   5.4052165494839869E+02   3.2398383473814397E+03  -5.5823725489321818E+00   3.0657545091499914E+06
   2.7200000000000000E+04   4.6411985086983884E+02   5.4186000915499130E+02   3.2349816644170082E+03  -5.5818539817942376E+00   3.0702438374429182E+06
   2.7300000000000000E+04   4.6498463976849183E+02   5.4317824003759131E+02   3.2300538331111106E+03  -5.5813646002576762E+00   3.0746442043092204E+06
   2.7400000000000000E+04   4.6585345009748039E+02   5.4447642910422292E+02   3.2261080182831306E+03  -5.5809041911756481E+00   3.0789563300391431E+06
   2.7500000000000000E+04   4.6664092895008298E+02   5.4575466111449964E+02   3.2190550878328140E+03  -5.5804725425881925E+00   3.0831809417054295E+06
   2.7600000000000000E+04   4.6747192101965311E+02   5.4701302396455708E+02   3.2148564662550257E+03  -5.5800694436643363E+00   3.0873187663573488E+06
   2.7700000000000000E+04   4.6826567588494788E+02   5.4825160856590401E+02   3.2096570163674205E+03  -5.5796946847599820E+00   3.0913705360883037E+06
   2.7800000000000000E+04   4.6894182499803998E+02   5.4947050872873513E+02   3.1997257524729480E+03  -5.5793480574468752E+00   3.0953369863325125E+06
   2.7900000000000000E+04   4.6979903187419342E+02   5.5066982105310024E+02   3.1989813805422650E+03  -5.5790293544546889E+00   3.0992188555648266E+06
   2.8000000000000000E+04   4.7054247947810649E+02   5.5184964481642703E+02   3.1936754785454409E+03  -5.5787383696999777E+00   3.1030168858107650E+06
   2.8100000000000000E+04   4.7126651364400345E+02   5.5301008185711282E+02   3.1882035367889825E+03  -5.5784748984019785E+00   3.1067318204231816E+06
   2.8200000000000000E+04   4.7197352190075708E+02   5.5415123647833036E+02   3.1826719943573808E+03  -5.5782387369378643E+00   3.1103644042179892E+06
   2.8300000000000000E+04   4.7270416212071342E+02   5.5527321533796430E+02   3.1789144937121278E+03  -5.5780296829295750E+00   3.1139153859319305E+06
   2.8400000000000000E+04   4.7333694285860435E+02   5.5637612734471327E+02   3.1714349897175412E+03  -5.5778475352727952E+00   3.1173855141842612E+06
   2.8500000000000000E+04   4.7399360033434726E+02   5.5746008356039249E+02   3.1657319421722618E+03  -5.5776920941079773E+00   3.1207755384345222E+06
   2.8600000000000000E+04   4.7463372128153804E+02   5.5852519710218633E+02   3.1599741229593101E+03  -5.5775631608203611E+00   3.1240862105377438E+06
   2.8700000000000000E+04   4.7537233052746842E+02   5.5957158304531799E+02   3.1592305106604945E+03  -5.5774605380689133E+00   3.1273182816352192E+06
   2.8800000000000000E+04   4.7586485755620902E+02   5.6059935832952851E+02   3.1482988790037393E+03  -5.5773840297863195E+00   3.1304725042709219E+06
   2.8900000000000000E+04   4.7644257315301428E+02   5.6160864166983174E+02   3.1417942732592728E+03  -5.5773334411500644E+00   3.1335496303818971E+06
   2.9000000000000000E+04   4.7703137091936520E+02   5.6259955345951209E+02   3.1364185646866595E+03  -5.5773085786981831E+00   3.1365504118284583E+06
   2.9100000000000000E+04   4.7759028176308965E+02   5.6357221569451053E+02   3.1303856633658556E+03  -5.5773092501556141E+00   3.1394756006780942E+06
   2.9200000000000000E+04   4.7813342356870368E+02   5.6452675188071248E+02   3.1243050111234784E+03  -5.5773352645499594E+00   3.1423259478706992E+06
   2.9300000000000000E+04   4.7864781324224532E+02   5.6546328694697991E+02   3.1176212513274995E+03  -5.5773864322694005E+00   3.1451022038777662E+06
   2.9400000000000000E+04   4.7917292752199080E+02   5.6638194717356657E+02   3.1120048913181358E+03  -5.5774625649179512E+00   3.1478051180745712E+06
   2.9500000000000000E+04   4.7966955518280929E+02   5.6728286010924978E+02   3.1057876129646761E+03  -5.5775634753733430E+00   3.1504354386313683E+06
   2.9600000000000000E+04   4.8015094469534984E+02   5.6816615449041251E+02   3.0995269619615078E+03  -5.5776889778449492E+00   3.1529939116104906E+06
   2.9700000000000000E+04   4.8059499143430520E+02   5.6903196016580955E+02   3.0923030712642708E+03  -5.5778388878737575E+00   3.1554812835950046E+06
   2.9800000000000000E+04   4.8104240852352240E+02   5.6988040803447393E+02   3.0858038852785830E+03  -5.5780130221586894E+00   3.1578982962688301E+06
   2.9900000000000000E+04   4.8150502913146522E+02   5.7071162995931229E+02   3.0804953608706692E+03  -5.5782111987881917E+00   3.1602456916185552E+06
   3.0000000000000000E+04   4.8192681302809603E+02   5.7152575870329792E+02   3.0740717469354781E+03  -5.5784332371533889E+00   3.1625242091800338E+06
   3.0100000000000000E+04   4.8243705069038992E+02   5.7232292786891230E+02   3.0717816194326606E+03  -5.5786789578322873E+00   3.1647345863501155E+06
   3.0200000000000000E+04   4.8276868352741872E+02   5.7310327182213757E+02   3.0627948528438110E+03  -5.5789481827489871E+00   3.1668775558479633E+06
   3.0300000000000000E+04   4.8310410185044782E+02   5.7386692563286033E+02   3.0545266678146495E+03  -5.5792407351013287E+00   3.1689538501384198E+06
   3.0400000000000000E+04   4.8346803750623354E+02   5.7461402501074895E+02   3.0479401518551967E+03  -5.5795564393898180E+00   3.1709642003008812E+06
   3.0500000000000000E+04   4.8370584550627427E+02   5.7534470625073823E+02   3.0368949955697094E+03  -5.5798951213163184E+00   3.1729093298418834E+06
   3.0600000000000000E+04   4.8411780595376990E+02   5.7605910616685048E+02   3.0332447978314408E+03  -5.5802566078998588E+00   3.1747899627579250E+06
   3.0700000000000000E+04   4.8446620717956023E+02   5.7675736203575536E+02   3.0275864689712948E+03  -5.5806407274621224E+00   3.1766068214779207E+06
   3.0800000000000000E+04   4.8478495295215288E+02   5.7743961155005331E+02   3.0212623860916724E+03  -5.5810473094827469E+00   3.1783606186485360E+06
   3.0900000000000000E+04   4.8508015828011349E+02   5.7810599275245329E+02   3.0145147104315902E+03  -5.5814761847874559E+00   3.1800520684453477E+06
   3.1000000000000000E+04   4.8536202727716420E+02   5.7875664398959088E+02   3.0077375754093055E+03  -5.5819271854467614E+00   3.1816818833532315E+06
   3.1100000000000000E+04   4.8551575756814168E+02   5.7939170386274782E+02   2.9965482440711376E+03  -5.5824001447470026E+00   3.1832507661327855E+06
   3.1200000000000000E+04   4.8598460228950648E+02   5.8001131117488262E+02   2.9978350803319490E+03  -5.5828948972482459E+00   3.1847594237898071E+06
   3.1300000000000000E+04   4.8612782609783505E+02   5.8061560488791406E+02   2.9871948035704822E+03  -5.5834112786974464E+00   3.1862085484938971E+06
   3.1400000000000000E+04   4.8641268364893136E+02   5.8120472407088846E+02   2.9823743462670845E+03  -5.5839491261152823E+00   3.1875988386778054E+06
   3.1500000000000000E+04   4.8662006407473962E+02   5.8177880785675779E+02   2.9750838389070741E+03  -5.5845082777672088E+00   3.1889309854597226E+06
   3.1600000000000000E+04   4.8677847616570256E+02   5.8233799540221025E+02   2.9664192984656693E+03  -5.5850885731055770E+00   3.1902056738151726E+06
   3.1700000000000000E+04   4.8697040178306662E+02   5.8288242584345346E+02   2.9594463456069220E+03  -5.5856898527985539E+00   3.1914235863814158E+06
   3.1800000000000000E+04   4.8703252164101741E+02   5.8341223825368115E+02   2.9481382965135836E+03  -5.5863119587590981E+00   3.1925854037679387E+06
   3.1900000000000000E+04   4.8769137101585807E+02   5.8392757161035343E+02   2.9591404919709908E+03  -5.5869547340291499E+00   3.1936917944748420E+06
   3.2000000000000000E+04   4.8747318509262988E+02   5.8442856474813561E+02   2.9383955271914620E+03  -5.5876180229243735E+00   3.1947434313498163E+06
   3.2100000000000000E+04   4.8810846990111236E+02   5.8491535632881562E+02   2.9491924607299379E+03  -5.5883016709183790E+00   3.1957409782782192E+06
   3.2200000000000000E+04   4.8774947779984444E+02   5.8538808480445596E+02   2.9242810956954681E+03  -5.5890055246571748E+00   3.1966850957004954E+06
   3.2300000000000000E+04   4.8831675322277152E+02   5.8584688838218824E+02   2.9332354554092126E+03  -5.5897294319736597E+00   3.1975764380943482E+06
   3.2400000000000000E+04   4.8847105449659443E+02   5.8629190499044091E+02   2.9276644358302060E+03  -5.5904732418876106E+00   3.1984156605192046E+06
   3.2500000000000000E+04   4.8838217609966273E+02   5.8672327225194124E+02   2.9137888398865371E+03  -5.5912368045188456E+00   3.1992034053515699E+06
   3.2600000000000000E+04   4.8865721637109311E+02   5.8714112744496242E+02   2.9132753342730175E+03  -5.5920199712174847E+00   3.1999403139680945E+06
   3.2700000000000000E+04   4.8862490703569472E+02   5.8754560748073220E+02   2.9022178021678783E+03  -5.5928225944336916E+00   3.2006270258488292E+06
   3.2800000000000000E+04   4.8841793529095833E+02   5.8793684887123561E+02   2.8854706253954787E+03  -5.5936445277755587E+00   3.2012641697560856E+06
   3.2900000000000000E+04   4.8883895731781848E+02   5.8831498770376163E+02   2.8910611334988612E+03  -5.5944856259656977E+00   3.2018523738481281E+06
   3.3000000000000000E+04   4.8845223161079213E+02   5.8868015961155004E+02   2.8688823903960629E+03  -5.5953457448846509E+00   3.2023922614049036E+06
   3.3100000000000000E+04   4.8877795126725329E+02   5.8903249975121776E+02   2.8717509859842348E+03  -5.5962247415129953E+00   3.2028844507990181E+06
   3.3200000000000000E+04   4.8844768601890530E+02   5.8937214277944463E+02   2.8524053394477264E+03  -5.5971224739024015E+00   3.2033295520782983E+06
   3.3300000000000000E+04   4.8905786814174257E+02   5.8969922282353218E+02   2.8655918401613335E+03  -5.5980388012769486E+00   3.2037281716853827E+06
   3.3400000000000000E+04   4.8845930897623606E+02   5.9001387346386809E+02   2.8378613051277675E+03  -5.5989735839318104E+00   3.2040809144135551E+06
   3.3500000000000000E+04   4.8889843276442150E+02   5.9031622771359480E+02   2.8457005864623611E+03  -5.5999266832042922E+00   3.2043883729232214E+06
   3.3600000000000000E+04   4.8830708546543826E+02   5.9060641799341499E+02   2.8191513228952504E+03  -5.6008979615462167E+00   3.2046511435370632E+06
   3.3700000000000000E+04   4.8881784755860042E+02   5.9088457611191996E+02   2.8298636660987690E+03  -5.6018872825094475E+00   3.2048698139849384E+06
   3.3800000000000000E+04   4.8842290775349636E+02   5.9115083325122487E+02   2.8106438195702690E+03  -5.6028945106590360E+00   3.2050449629942570E+06
   3.3900000000000000E+04   4.8890013318981062E+02   5.9140531994473747E+02   2.8207171641121613E+03  -5.6039195116311200E+00   3.2051771637856369E+06
   3.4000000000000000E+04   4.8825666819466818E+02   5.9164816605890701E+02   2.7940030686345690E+03  -5.6049621521474169E+00   3.2052669981327667E+06
   3.4100000000000000E+04   4.8824652852200859E+02   5.9187950078293602E+02   2.7885247837242900E+03  -5.6060222998849207E+00   3.2053150228901152E+06
   3.4200000000000000E+04   4.8821179312923124E+02   5.9209945260329698E+02   2.7825242856535265E+03  -5.6070998236496248E+00   3.2053218055850230E+06
   3.4300000000000000E+04   4.8804654256643164E+02   5.9230814929750977E+02   2.7725828659458484E+03  -5.6081945932028168E+00   3.2052878983226586E+06
   3.4400000000000000E+04   4.8784091029379488E+02   5.9250571791301820E+02   2.7616591990742536E+03  -5.6093064793768690E+00   3.2052138562963586E+06
   3.4500000000000000E+04   4.8782117298660825E+02   5.9269228476002672E+02   2.7569827446516465E+03  -5.6104353539449781E+00   3.2051002186854254E+06
   3.4600000000000000E+04   4.8784198711522174E+02   5.9286797539124393E+02   2.7538506988548284E+03  -5.6115810897514313E+00   3.2049475369009678E+06
   3.4700000000000000E+04   4.8783133613451366E+02   5.9303291459665616E+02   2.7499591102004083E+03  -5.6127435605668632E+00   3.2047563326445641E+06
   3.4800000000000000E+04   4.8757275257493569E+02   5.9318722638535849E+02   2.7384686807241228E+03  -5.6139226412040548E+00   3.2045271446636678E+06
   3.4900000000000000E+04   4.8745494588757401E+02   5.9333103397863567E+02   2.7317041295738150E+03  -5.6151182074310757E+00   3.2042604975376003E+06
   3.5000000000000000E+04   4.8763653799933144E+02   5.9346445979903353E+02   2.7345803421310211E+03  -5.6163301359712907E+00   3.2039569105305490E+06
   3.5100000000000000E+04   4.8753865254452364E+02   5.9358762545712318E+02   2.7288987637907267E+03  -5.6175583045612640E+00   3.2036169024743624E+06
   3.5200000000000000E+04   4.8737357310031240E+02   5.9370065174923536E+02   2.7213576416447513E+03  -5.6188025918060092E+00   3.2032409722591364E+06
   3.5300000000000000E+04   4.8683663260247494E+02   5.9380365864156556E+02   2.7025653073167095E+03  -5.6200628773092598E+00   3.2028296305270488E+06
   3.5400000000000000E+04   4.8638582143654048E+02   5.9389676526393100E+02   2.6868238314898663E+03  -5.6213390416300335E+00   3.2023833830657601E+06
   3.5500000000000000E+04   4.8641558993250067E+02   5.9398008990319852E+02   2.6860272294031083E+03  -5.6226309662537153E+00   3.2019027203776706E+06
   3.5600000000000000E+04   4.8630019357097467E+02   5.9405374999923401E+02   2.6810108472709994E+03  -5.6239385335196577E+00   3.2013881222032229E+06
   3.5700000000000000E+04   4.8593252905011752E+02   5.9411786212996537E+02   2.6685798072607749E+03  -5.6252616267803992E+00   3.2008400839941590E+06
   3.5800000000000000E+04   4.8576559809665741E+02   5.9417254201355092E+02   2.6624547267478665E+03  -5.6266001302279900E+00   3.2002590857865596E+06
   3.5900000000000000E+04   4.8556161274100663E+02   5.9421790449790126E+02   2.6554320910668680E+03  -5.6279539289808289E+00   3.1996455913985088E+06
   3.6000000000000000E+04   4.8528728787687567E+02   5.9425406355576661E+02   2.6465309358387858E+03  -5.6293229090691810E+00   3.1990000813431349E+06
   3.6100000000000000E+04   4.8505232464663254E+02   5.9428113228320387E+02   2.6390239987485534E+03  -5.6307069573628228E+00   3.1983230088808392E+06
   3.6200000000000000E+04   4.8491339017905801E+02   5.9429922289056663E+02   2.6345610195489608E+03  -5.6321059616578699E+00   3.1976148446088601E+06
   3.6300000000000000E+04   4.8456126776885054E+02   5.9430844670226111E+02   2.6240205641597036E+03  -5.6335198105899496E+00   3.1968760371130346E+06
   3.6400000000000000E+04   4.8441128075922722E+02   5.9430891415303006E+02   2.6196191253717111E+03  -5.6349483936341800E+00   3.1961070355121540E+06
   3.6500000000000000E+04   4.8409314712359640E+02   5.9430073478006352E+02   2.6105000495459462E+03  -5.6363916011920390E+00   3.1953082778347270E+06
   3.6600000000000000E+04   4.8392641542538655E+02   5.9428401722552871E+02   2.6059802814614832E+03  -5.6378493244755568E+00   3.1944802150027077E+06
   3.6700000000000000E+04   4.8361744885131407E+02   5.9425886923237465E+02   2.5975259293094105E+03  -5.6393214555362583E+00   3.1936232811946445E+06
   3.6800000000000000E+04   4.8343991087841374E+02   5.9422539764250314E+02   2.5930497005416396E+03  -5.6408078872507055E+00   3.1927378962124987E+06
   3.6900000000000000E+04   4.8303236775600965E+02   5.9418370839411091E+02   2.5821547621466152E+03  -5.6423085133349558E+00   3.1918244933280097E+06
   3.7000000000000000E+04   4.8285168743817803E+02   5.9413390651996144E+02   2.5779370837003867E+03  -5.6438232283445764E+00   3.1908834916983722E+06
   3.7100000000000000E+04   4.8240923647326565E+02   5.9407609614856585E+02   2.5664534382302409E+03  -5.6453519276167397E+00   3.1899153055158942E+06
   3.7200000000000000E+04   4.8218719196108265E+02   5.9401038050113380E+02   2.5614025240121723E+03  -5.6468945073136387E+00   3.1889203440161683E+06
   3.7300000000000000E+04   4.8176584193496296E+02   5.9393686189340531E+02   2.5509128153804454E+03  -5.6484508643646105E+00   3.1878990082045691E+06
   3.7400000000000000E+04   4.8152021142860525E+02   5.9385564173120440E+02   2.5455325483171569E+03  -5.6500208965529533E+00   3.1868517141088354E+06
   3.7500000000000000E+04   4.8116851691975603E+02   5.9376682051544390E+02   2.5373552824513117E+03  -5.6516045024001702E+00   3.1857788431492611E+06
   3.7600000000000000E+04   4.8092194785630602E+02   5.9367049784018820E+02   2.5322646920686839E+03  -5.6532015812093466E+00   3.1846807952548158E+06
   3.7700000000000000E+04   4.8057639544182393E+02   5.9356677239178498E+02   2.5245882669849789E+03  -5.6548120330941387E+00   3.1835579659613292E+06
   3.7800000000000000E+04   4.8039900245955539E+02   5.9345574195375025E+02   2.5217032413456077E+03  -5.6564357588774330E+00   3.1824107219317951E+06
   3.7900000000000000E+04   4.7995553885803537E+02   5.9333750340391327E+02   2.5116483235363035E+03  -5.6580726601781928E+00   3.1812394492043196E+06
   3.8000000000000000E+04   4.7989498288548918E+02   5.9321215271729102E+02   2.5122365507211503E+03  -5.6597226393680460E+00   3.1800445223412625E+06
   3.8100000000000000E+04   4.7918897095785707E+02   5.9307978496805174E+02   2.4953486751732976E+03  -5.6613855995567963E+00   3.1788263076948784E+06
   3.8200000000000000E+04   4.7919661019626130E+02   5.9294049433152270E+02   2.4980250770571088E+03  -5.6630614445779628E+00   3.1775851815114119E+06
   3.8300000000000000E+04   4.7873789021288945E+02   5.9279437408602917E+02   2.4881805781043308E+03  -5.6647500789887681E+00   3.1763214790323693E+06
   3.8400000000000000E+04   4.7798382815890335E+02   5.9264151661105893E+02   2.4705980441412485E+03  -5.6664514081569948E+00   3.1750355821151691E+06
   3.8500000000000000E+04   4.7747345741312472E+02   5.9248201339674688E+02   2.4597686056672155E+03  -5.6681653380872907E+00   3.1737278390559135E+06
   3.8600000000000000E+04   4.7709420222189959E+02   5.9231595504255461E+02   2.4525794922959376E+03  -5.6698917755080025E+00   3.1723985859253760E+06
   3.8700000000000000E+04   4.7706310875775284E+02   5.9214343125970152E+02   2.4547184088961194E+03  -5.6716306278711963E+00   3.1710481692648176E+06
   3.8800000000000000E+04   4.7631931080215219E+02   5.9196453087504199E+02   2.4381823752680903E+03  -5.6733818033236956E+00   3.1696769313503597E+06
   3.8900000000000000E+04   4.7652970426614718E+02   5.9177934183209049E+02   2.4468661308605579E+03  -5.6751452107505074E+00   3.1682852141262614E+06
   3.9000000000000000E+04   4.7566283305786754E+02   5.9158795119956221E+02   2.4273980081394789E+03  -5.6769207596445517E+00   3.1668733317794013E+06
   3.9100000000000000E+04   4.7535713327254251E+02   5.9139044516762988E+02   2.4227668939919267E+03  -5.6787083602658868E+00   3.1654416294542784E+06
   3.9200000000000000E+04   4.7485172575918949E+02   5.9118690905815481E+02   2.4130801710354331E+03  -5.6805079234824865E+00   3.1639904084904548E+06
   3.9300000000000000E+04   4.7443956885406612E+02   5.9097742732247821E+02   2.4059398336838349E+03  -5.6823193609004941E+00   3.1625200180084505E+06
   3.9400000000000000E+04   4.7400633159227328E+02   5.9076208355158701E+02   2.3983826352784490E+03  -5.6841425847050369E+00   3.1610307384936386E+06
   3.9500000000000000E+04   4.7358438506576255E+02   5.9054096047234680E+02   2.3912377448570260E+03  -5.6859775078483699E+00   3.1595228987826654E+06
   3.9600000000000000E+04   4.7317754604823870E+02   5.9031413995868070E+02   2.3845955121145544E+03  -5.6878240438617098E+00   3.1579968075803937E+06
   3.9700000000000000E+04   4.7324855020375878E+02   5.9008170303219117E+02   2.3902060648130537E+03  -5.6896821069420902E+00   3.1564527611559974E+06
   3.9800000000000000E+04   4.7237665100338950E+02   5.8984372986734797E+02   2.3719701589989504E+03  -5.6915516119234093E+00   3.1548910515077761E+06
   3.9900000000000000E+04   4.7190371412261430E+02   5.8960029979340231E+02   2.3639986643161446E+03  -5.6934324743343261E+00   3.1533119920588876E+06
   4.0000000000000000E+04   4.7147122431487998E+02   5.8935149130546085E+02   2.3571567680601556E+03  -5.6953246102245636E+00   3.1517158497377373E+06
   4.0100000000000000E+04   4.7108637871613337E+02   5.8909738205983876E+02   2.3516091259512727E+03  -5.6972279363965148E+00   3.1501029345673304E+06
   4.0200000000000000E+04   4.7056999354360045E+02   5.8883804888644158E+02   2.3428939966881053E+03  -5.6991423702025799E+00   3.1484735271064118E+06
   4.0300000000000000E+04   4.7018465023432219E+02   5.8857356779107749E+02   2.3375351580214196E+03  -5.7010678296030814E+00   3.1468278906553704E+06
   4.0400000000000000E+04   4.6969748578498223E+02   5.8830401395893864E+02   2.3297614430501626E+03  -5.7030042331952027E+00   3.1451663108912585E+06
   4.0500000000000000E+04   4.6929379502269796E+02   5.8802946176065279E+02   2.3241422335534735E+03  -5.7049515001840483E+00   3.1434890655034222E+06
   4.0600000000000000E+04   4.6877567298488856E+02   5.8774998475676819E+02   2.3158183522800909E+03  -5.7069095503826270E+00   3.1417964285716573E+06
   4.0700000000000000E+04   4.6836081446637633E+02   5.8746565570629457E+02   2.3101151062649519E+03  -5.7088783041250393E+00   3.1400886386453863E+06
   4.0800000000000000E+04   4.6805360055973955E+02   5.8717654656377624E+02   2.3071129954601365E+03  -5.7108576824690678E+00   3.1383659849335528E+06
   4.0900000000000000E+04   4.6754517409378451E+02   5.8688272849416444E+02   2.2993113009995259E+03  -5.7128476069356919E+00   3.1366287074849252E+06
   4.1000000000000000E+04   4.6693465300366472E+02   5.8658427187145423E+02   2.2891550013740971E+03  -5.7148479996827426E+00   3.1348770701781684E+06
   4.1100000000000000E+04   4.6675949623400845E+02   5.8628124628542332E+02   2.2895610133713189E+03  -5.7168587834614932E+00   3.1331113288608287E+06
   4.1200000000000000E+04   4.6606512875955417E+02   5.8597372054947141E+02   2.2775842284603391E+03  -5.7188798815442956E+00   3.1313317217375734E+06
   4.1300000000000000E+04   4.6563228210076340E+02   5.8566176270379356E+02   2.2719670345723271E+03  -5.7209112177824641E+00   3.1295384927415452E+06
   4.1400000000000000E+04   4.6525625054401604E+02   5.8534544002063637E+02   2.2677780230172884E+03  -5.7229527166062741E+00   3.1277318919169842E+06
   4.1500000000000000E+04   4.6478875856135966E+02   5.8502481901124190E+02   2.2614925866534045E+03  -5.7250043029815556E+00   3.1259121515706396E+06
   4.1600000000000000E+04   4.6432919309240185E+02   5.8469996542860633E+02   2.2554749618978872E+03  -5.7270659024820540E+00   3.1240795150546529E+06
   4.1700000000000000E+04   4.6347032314281051E+02   5.8437094427917566E+02   2.2401753426465602E+03  -5.7291374411157276E+00   3.1222341931011816E+06
   4.1800000000000000E+04   4.6276342103312038E+02   5.8403781982003056E+02   2.2285935219314770E+03  -5.7312188455563655E+00   3.1203764320799075E+06
   4.1900000000000000E+04   4.6225986779894646E+02   5.8370065557151293E+02   2.2218349602932890E+03  -5.7333100429409170E+00   3.1185064556251424E+06
   4.2000000000000000E+04   4.6189443328548424E+02   5.8335951432076433E+02   2.2183372371078531E+03  -5.7354109609274087E+00   3.1166244740075469E+06
   4.2100000000000000E+04   4.6124451799872361E+02   5.8301445812417705E+02   2.2083629379034473E+03  -5.7375215277817810E+00   3.1147307242191066E+06
   4.2200000000000000E+04   4.6124643805260445E+02   5.8266554831865676E+02   2.2134275910032657E+03  -5.7396416722186743E+00   3.1128254049348487E+06
   4.2300000000000000E+04   4.6077373195793945E+02   5.8231284552348257E+02   2.2076388014316608E+03  -5.7417713235027454E+00   3.1109087418969083E+06
   4.2400000000000000E+04   4.5991025925833469E+02   5.8195640964817233E+02   2.1930042232665678E+03  -5.7439104113907762E+00   3.1089809271167056E+06
   4.2500000000000000E+04   4.5939033698126747E+02   5.8159629989536199E+02   2.1863067384347214E+03  -5.7460588662040433E+00   3.1070421853262600E+06
   4.2600000000000000E+04   4.5884696271746657E+02   5.8123257477068523E+02   2.1791515938165194E+03  -5.7482166187125214E+00   3.1050927125421623E+06
   4.2700000000000000E+04   4.5832058125769544E+02   5.8086529208575610E+02   2.1724521319789537E+03  -5.7503836002072566E+00   3.1031327120249514E+06
   4.2800000000000000E+04   4.5779148852323243E+02   5.8049450896304666E+02   2.1657612370520574E+03  -5.7525597425293045E+00   3.1011623840663205E+06
   4.2900000000000000E+04   4.5722416158333959E+02   5.8012028184722101E+02   2.1582862739324451E+03  -5.7547449778960669E+00   3.0991819153964911E+06
   4.3000000000000000E+04   4.5672602710180405E+02   5.7974266650324284E+02   2.1524207302507020E+03  -5.7569392391328513E+00   3.0971915002682777E+06
   4.3100000000000000E+04   4.5615613388306406E+02   5.7936171802770639E+02   2.1450277862820458E+03  -5.7591424594991887E+00   3.0951913408361492E+06
   4.3200000000000000E+04   4.5556928966771386E+02   5.7897749085279634E+02   2.1373325411803148E+03  -5.7613545727467352E+00   3.0931816149849440E+06
   4.3300000000000000E+04   4.5510984385615512E+02   5.7859003875322617E+02   2.1325041024854545E+03  -5.7635755130758497E+00   3.0911624920628127E+06
   4.3400000000000000E+04   4.5463684371610208E+02   5.7819941484969740E+02   2.1274302937703433E+03  -5.7658052152079575E+00   3.0891341821192098E+06
   4.3500000000000000E+04   4.5411026240701938E+02   5.7780567161735314E+02   2.1212386687063868E+03  -5.7680436142987137E+00   3.0870968378994227E+06
   4.3600000000000000E+04   4.5366190073780740E+02   5.7740886088873310E+02   2.1168067564177286E+03  -5.7702906460248364E+00   3.0850506531662280E+06
   4.3700000000000000E+04   4.5302759438126685E+02   5.7700903386400773E+02   2.1083882848775861E+03  -5.7725462464393802E+00   3.0829957970366264E+06
   4.3800000000000000E+04   4.5264367574233552E+02   5.7660624111217533E+02   2.1054514937982021E+03  -5.7748103521164689E+00   3.0809324301854339E+06
   4.3900000000000000E+04   4.5193699930803376E+02   5.7620053257843392E+02   2.0955974197718847E+03  -5.7770829000933963E+00   3.0788607442670516E+06
   4.4000000000000000E+04   4.5159504997617864E+02   5.7579195759173820E+02   2.0936495348934636E+03  -5.7793638278127366E+00   3.0767808833784196E+06
   4.4100000000000000E+04   4.5081309615167243E+02   5.7538056486868481E+02   2.0823180930425765E+03  -5.7816530731802374E+00   3.0746930113419257E+06
   4.4200000000000000E+04   4.5041006028847232E+02   5.7496640251858537E+02   2.0791446455918222E+03  -5.7839505745792934E+00   3.0725973123896676E+06
   4.4300000000000000E+04   4.4972399241418231E+02   5.7454951805147596E+02   2.0699989187192041E+03  -5.7862562707985807E+00   3.0704939167196611E+06
   4.4400000000000000E+04   4.4942884944142105E+02   5.7412995838267466E+02   2.0691922374750807E+03  -5.7885701010609969E+00   3.0683829978417009E+06
   4.4500000000000000E+04   4.4875118459586292E+02   5.7370776983768155E+02   2.0603319211091089E+03  -5.7908920050526076E+00   3.0662646920954818E+06
   4.4600000000000000E+04   4.4793413396037926E+02   5.7328299815893536E+02   2.0486266464111313E+03  -5.7932219228792459E+00   3.0641391799592460E+06
   4.4700000000000000E+04   4.4769626873377405E+02   5.7285568851099561E+02   2.0491094855328292E+03  -5.7955597950809503E+00   3.0620065987574486E+06
   4.4800000000000000E+04   4.4693669258430981E+02   5.7242588548871242E+02   2.0387264121211372E+03  -5.7979055625451599E+00   3.0598670712889233E+06
   4.4900000000000000E+04   4.4668892320577419E+02   5.7199363311661477E+02   2.0390551978390940E+03  -5.8002591667093180E+00   3.0577207771021645E+06
   4.5000000000000000E+04   4.4567707292997858E+02   5.7155897486101628E+02   2.0235691311882688E+03  -5.8026205493437821E+00   3.0555678341568927E+06
   4.5100000000000000E+04   4.4510082936929848E+02   5.7112195363277067E+02   2.0171765386054674E+03  -5.8049896526386577E+00   3.0534083997741402E+06
   4.5200000000000000E+04   4.4453987102088445E+02   5.7068261179238857E+02   2.0111436701663865E+03  -5.8073664192182752E+00   3.0512426050821990E+06
   4.5300000000000000E+04   4.4397606742961193E+02   5.7024099115724994E+02   2.0050964691292422E+03  -5.8097507920832934E+00   3.0490705787975150E+06
   4.5400000000000000E+04   4.4339744805774200E+02   5.6979713300508047E+02   1.9987913323544267E+03  -5.8121427146686031E+00   3.0468924717214205E+06
   4.5500000000000000E+04   4.4285376192796838E+02   5.6935107808086480E+02   1.9932380737714352E+03  -5.8145421307998895E+00   3.0447084020230556E+06
   4.5600000000000000E+04   4.4228022809895947E+02   5.6890286660249910E+02   1.9871208859707310E+03  -5.8169489846791702E+00   3.0425184854003810E+06
   4.5700000000000000E+04   4.4167164264209958E+02   5.6845253826364001E+02   1.9803406901971398E+03  -5.8193632209716428E+00   3.0403228972439836E+06
   4.5800000000000000E+04   4.4115339363820192E+02   5.6800013224439181E+02   1.9754168588007615E+03  -5.8217847846174982E+00   3.0381217180930171E+06
   4.5900000000000000E+04   4.4058599187040886E+02   5.6754568721045928E+02   1.9695437899535664E+03  -5.8242136210490703E+00   3.0359150882212077E+06
   4.6000000000000000E+04   4.4010896282814349E+02   5.6708924132241714E+02   1.9655103988503458E+03  -5.8266496760460580E+00   3.0337031335319709E+06
   4.6100000000000000E+04   4.3955221111019398E+02   5.6663083224097738E+02   1.9599192450979322E+03  -5.8290928957355481E+00   3.0314859526129514E+06
   4.6200000000000000E+04   4.3888787173676462E+02   5.6617049712902076E+02   1.9522331799750859E+03  -5.8315432267077902E+00   3.0292636861506235E+06
   4.6300000000000000E+04   4.3830572628036833E+02   5.6570827266059189E+02   1.9462183634172848E+03  -5.8340006158714894E+00   3.0270364476891817E+06
   4.6400000000000000E+04   4.3765558708924738E+02   5.6524419502546061E+02   1.9389057065841912E+03  -5.8364650104827049E+00   3.0248043487327551E+06
   4.6500000000000000E+04   4.3710839343945173E+02   5.6477829993166984E+02   1.9336532947773755E+03  -5.8389363582317371E+00   3.0225674987731175E+06
   4.6600000000000000E+04   4.3644119016601189E+02   5.6431062261304180E+02   1.9260928514606840E+03  -5.8414146071562607E+00   3.0203260117933569E+06
   4.6700000000000000E+04   4.3587574157711947E+02   5.6384119783506355E+02   1.9205550265275790E+03  -5.8438997056123885E+00   3.0180799869105234E+06
   4.6800000000000000E+04   4.3530154901614344E+02   5.6337005989665931E+02   1.9148802313406384E+03  -5.8463916023904519E+00   3.0158295342554818E+06
   4.6900000000000000E+04   4.3477330910753068E+02   5.6289724263831738E+02   1.9101247528476740E+03  -5.8488902465992183E+00   3.0135747752961325E+06
   4.7000000000000000E+04   4.3417781772604002E+02   5.6242277944633622E+02   1.9041020539427418E+03  -5.8513955876948343E+00   3.0113157903531934E+06
   4.7100000000000000E+04   4.3361330631357163E+02   5.6194670325609889E+02   1.8987073807452671E+03  -5.8539075755387220E+00   3.0090527105403538E+06
   4.7200000000000000E+04   4.3305500714130324E+02   5.6146904656008178E+02   1.8934610504288867E+03  -5.8564261602817957E+00   3.0067856124424874E+06
   4.7300000000000000E+04   4.3246522670139763E+02   5.6098984141034771E+02   1.8876430751580579E+03  -5.8589512924512848E+00   3.0045145838227198E+06
   4.7400000000000000E+04   4.3192059650449477E+02   5.6050911942378457E+02   1.8827141622871302E+03  -5.8614829229362817E+00   3.0022397575228424E+06
   4.7500000000000000E+04   4.3130842669014885E+02   5.6002691178802775E+02   1.8765317665428095E+03  -5.8640210029443116E+00   2.9999612045841175E+06
   4.7600000000000000E+04   4.3064415341488092E+02   5.5954324926538925E+02   1.8694004584668692E+03  -5.8665654840302768E+00   2.9976790210172413E+06
   4.7700000000000000E+04   4.3013601098356594E+02   5.5905816219833389E+02   1.8652422840447375E+03  -5.8691163180675154E+00   2.9953932943908521E+06
   4.7800000000000000E+04   4.2962869907908885E+02   5.5857168051167264E+02   1.8611204873226852E+03  -5.8716734573491101E+00   2.9931041446799180E+06
   4.7900000000000000E+04   4.2899104458909937E+02   5.5808383372250046E+02   1.8545804797005480E+03  -5.8742368543707935E+00   2.9908116152895866E+06
   4.8000000000000000E+04   4.2847781374928422E+02   5.5759465093876759E+02   1.8503933506512378E+03  -5.8768064620769813E+00   2.9885158229776300E+06
   4.8100000000000000E+04   4.2785671261376814E+02   5.5710416086851069E+02   1.8442201998669352E+03  -5.8793822336726427E+00   2.9862168626669529E+06
   4.8200000000000000E+04   4.2727673665420065E+02   5.5661239182256043E+02   1.8388396150284018E+03  -5.8819641226956412E+00   2.9839147931265910E+06
   4.8300000000000000E+04   4.2657981262833499E+02   5.5611937171871227E+02   1.8313270405779695E+03  -5.8845520830312257E+00   2.9816096990338815E+06
   4.8400000000000000E+04   4.2580164848426563E+02   5.5562512808654776E+02   1.8223675424763030E+03  -5.8871460688975494E+00   2.9793016985494578E+06
   4.8500000000000000E+04   4.2519714329397721E+02   5.5512968807358573E+02   1.8166315292826407E+03  -5.8897460347732959E+00   2.9769908245931268E+06
   4.8600000000000000E+04   4.2459927708521292E+02   5.5463307844793951E+02   1.8110429879660887E+03  -5.8923519354700700E+00   2.9746771713280841E+06
   4.8700000000000000E+04   4.2400132853534467E+02   5.5413532560099907E+02   1.8054783495557419E+03  -5.8949637262047379E+00   2.9723608458298412E+06
   4.8800000000000000E+04   4.2327831721524166E+02   5.5363645555712492E+02   1.7976806836764874E+03  -5.8975813623678617E+00   2.9700418973301337E+06
   4.8900000000000000E+04   4.2280402308479734E+02   5.5313649397266113E+02   1.7943980757326231E+03  -5.9002047997552847E+00   2.9677204017418576E+06
   4.9000000000000000E+04   4.2226695702381431E+02   5.5263546614367647E+02   1.7900005009443971E+03  -5.9028339944089065E+00   2.9653964264200386E+06
   4.9100000000000000E+04   4.2158826064803822E+02   5.5213339700736447E+02   1.7830841116081001E+03  -5.9054689027469571E+00   2.9630700587907075E+06
   4.9200000000000000E+04   4.2103633517155623E+02   5.5163031114942874E+02   1.7784618535180646E+03  -5.9081094814192507E+00   2.9607413634929573E+06
   4.9300000000000000E+04   4.2037738327848780E+02   5.5112623280564083E+02   1.7719544335635028E+03  -5.9107556874229861E+00   2.9584104181922795E+06
   4.9400000000000000E+04   4.1981041030158491E+02   5.5062118586749261E+02   1.7671059968856414E+03  -5.9134074780303729E+00   2.9560772775249211E+06
   4.9500000000000000E+04   4.1920415335614985E+02   5.5011519388611509E+02   1.7615823170284621E+03  -5.9160648108030962E+00   2.9537420164858918E+06
   4.9600000000000000E+04   4.1861608225575338E+02   5.4960828007482098E+02   1.7564012880983516E+03  -5.9187276436502287E+00   2.9514047015559445E+06
   4.9700000000000000E+04   4.1804901488228074E+02   5.4910046731580326E+02   1.7516090449223684E+03  -5.9213959347124296E+00   2.9490653979410888E+06
   4.9800000000000000E+04   4.1740422343756995E+02   5.4859177816280794E+02   1.7454744516571905E+03  -5.9240696424198438E+00   2.9467241695841416E+06
   4.9900000000000000E+04   4.1679952526444771E+02   5.4808223484369148E+02   1.7400647504981525E+03  -5.9267487255499827E+00   2.9443810939729498E+06
   5.0000000000000000E+04   4.1620768260999171E+02   5.4757185926761292E+02   1.7348992732030017E+03  -5.9294331430830143E+00   2.9420361881584330E+06