#Te   kappa_tot   kappa_e_ph  kappa_e_e mu Ce
#[K]  [W/(K*m)]   [W/(K*m)]   [W/(K*m)]   [eV]  [J/(m^3*K)]
   3.0000000000000000E+02   3.7578139766373102E-41   7.0328460007934193E-13   3.7578139766373102E-41   1.4742142128586952E+01   1.0854911826973310E-05
   4.0000000000000000E+02   2.7269723324896965E-30   1.7100027808439026E-09   2.7269723324896968E-30   1.4374637942301259E+01   6.2106927880517268E-06
   5.0000000000000000E+02   3.3746879637873208E-23   1.0255002304020399E-06   3.3746879637873208E-23   1.4443544977229825E+01   3.1235878981159372E-04
   6.0000000000000000E+02   1.7758267102877420E-18   3.2151962531161082E-05   1.7758267102878402E-18   1.4455029483051254E+01   9.0856153370144077E-03
   7.0000000000000000E+02   4.4278897499532769E-15   3.7228039372691924E-04   4.4278897500059420E-15   1.4458887559225643E+01   1.0159796576550255E-01
   8.0000000000000000E+02   1.5146643889251943E-12   2.3597320595346934E-03   1.5146643898974267E-12   1.4463205464246389E+01   6.2513247385702575E-01
   9.0000000000000000E+02   1.3859160020709578E-10   1.0044742141937344E-02   1.3859160211930335E-10   1.4467327100857108E+01   2.5922677221734443E+00
   1.0000000000000000E+03   5.0693866940228018E-09   3.2421100547733651E-02   5.0693874866758897E-09   1.4471218823044639E+01   8.1661256064933703E+00
   1.1000000000000000E+03   9.5333165485862268E-08   8.5610712045534457E-02   9.5333271645738110E-08   1.4474825255079022E+01   2.1086796194114310E+01
   1.2000000000000000E+03   1.0893116313475453E-06   1.9439604157712975E-01   1.0893177354146332E-06   1.4478110297591968E+01   4.6931297272101133E+01
   1.3000000000000000E+03   8.4972614158349325E-06   3.9273022554752807E-01   8.4974452698118548E-06   1.4481042407446155E+01   9.3172601136502664E+01
   1.4000000000000000E+03   4.8991925005799739E-05   7.2313829877712121E-01   4.8995244386536013E-05   1.4483596350131730E+01   1.6903623279835023E+02
   1.5000000000000000E+03   2.2547747698771557E-04   1.2351557234875259E+00   2.2551864537985187E-04   1.4485750965460714E+01   2.8517961846782777E+02
   1.6000000000000000E+03   8.4820021800334022E-04   1.9830959302238196E+00   8.4856316134232382E-04   1.4487488992327432E+01   4.5322657894547558E+02
   1.7000000000000000E+03   2.7112370991386322E-03   3.0234885352374992E+00   2.7136705147407280E-03   1.4488797024898499E+01   6.8521843327072349E+02
   1.8000000000000000E+03   7.6225089055408975E-03   4.4125046406582529E+00   7.6356994155879687E-03   1.4489665753567428E+01   9.9303911565218266E+02
   1.9000000000000000E+03   1.9179965176216569E-02   6.2036144069075823E+00   1.9239448556245400E-02   1.4490090063526861E+01   1.3878781172887748E+03
   2.0000000000000000E+03   4.3804557488039679E-02   8.4456349458378863E+00   4.4032940967356715E-02   1.4490069012863689E+01   1.8797770879855875E+03
   2.1000000000000000E+03   9.2249753099386225E-02   1.1181245025357830E+01   9.3017182134926296E-02   1.4489605547794554E+01   2.4772943074113077E+03
   2.2000000000000000E+03   1.8092322115281215E-01   1.4445978588687041E+01   1.8321786432866738E-01   1.4488706113852885E+01   3.1872921485944253E+03
   2.3000000000000000E+03   3.3536771026447054E-01   1.8267665027330477E+01   3.4163971764307877E-01   1.4487380127431861E+01   4.0148438790289288E+03
   2.4000000000000000E+03   5.8656792319305329E-01   2.2666258039138569E+01   6.0215065676912538E-01   1.4485639480184735E+01   4.9632420441512531E+03
   2.5000000000000000E+03   9.7974478379966712E-01   2.7653983867172172E+01   1.0157308090573103E+00   1.4483497953067234E+01   6.0340845333082543E+03
   2.6000000000000000E+03   1.5616149582738337E+00   3.3235737259558071E+01   1.6386065558533414E+00   1.4480970720737959E+01   7.2274200809624444E+03
   2.7000000000000000E+03   2.3900775961604799E+00   3.9409658131789641E+01   2.5443870408655691E+00   1.4478073891554297E+01   8.5419197593264598E+03
   2.8000000000000000E+03   3.5481401956894980E+00   4.6167829343013118E+01   3.8435271189669069E+00   1.4474824091378208E+01   9.9750776226500493E+03
   2.9000000000000000E+03   5.0962922554643626E+00   5.3497044495468550E+01   5.6328995095069869E+00   1.4471238148692493E+01   1.1523405557364094E+04
   3.0000000000000000E+03   7.0844464049671165E+00   6.1379604347791698E+01   8.0088268242616572E+00   1.4467332824896049E+01   1.3182619705671939E+04
   3.1000000000000000E+03   9.5942594656913585E+00   6.9794108788064648E+01   1.1123329982165192E+01   1.4463124606206735E+01   1.4947824534017571E+04
   3.2000000000000000E+03   1.2719857372842192E+01   7.8716219255178444E+01   1.5171428443894696E+01   1.4458629557172012E+01   1.6813674299599108E+04
   3.3000000000000000E+03   1.6401029878855290E+01   8.8119373595037274E+01   2.0151726941124590E+01   1.4453863208406027E+01   1.8774513720136143E+04
   3.4000000000000000E+03   2.0856137271459698E+01   9.7975440970163959E+01   2.6496469082355951E+01   1.4448840496350963E+01   2.0824501301340781E+04
   3.5000000000000000E+03   2.6010523205816639E+01   1.0825530965254168E+02   3.4236543926030521E+01   1.4443575709883760E+01   2.2957724887933429E+04
   3.6000000000000000E+03   3.1987610398057157E+01   1.1892940402996237E+02   4.3756486748940333E+01   1.4438082481417171E+01   2.5168287724245405E+04
   3.7000000000000000E+03   3.8761505656185150E+01   1.2996813061991799E+02   5.5234588848682463E+01   1.4432373784846192E+01   2.7450378219071688E+04
   3.8000000000000000E+03   4.6164121892442921E+01   1.4134225494836892E+02   6.8555043858185755E+01   1.4426461943762430E+01   2.9798342650450963E+04
   3.9000000000000000E+03   5.4152400762595121E+01   1.5302321289601295E+02   8.3812140023111908E+01   1.4420358654728117E+01   3.2206718904541605E+04
   4.0000000000000000E+03   6.3117014207241795E+01   1.6498336124480545E+02   1.0222470382497330E+02   1.4414075010550125E+01   3.4670288686294858E+04
   4.1000000000000000E+03   7.2372604093885315E+01   1.7719617288141004E+02   1.2234031540074959E+02   1.4407621533137387E+01   3.7184091149027525E+04
   4.2000000000000000E+03   8.2045014535814204E+01   1.8963638236697983E+02   1.4460936840428602E+02   1.4401008200539845E+01   3.9743450399324443E+04
   4.3000000000000000E+03   9.2351808802655810E+01   2.0228008780361290E+02   1.6993745524990018E+02   1.4394244480148133E+01   4.2343987531937688E+04
   4.4000000000000000E+03   1.0359127876339652E+02   2.1510481470886043E+02   1.9982312133615673E+02   1.4387339359497457E+01   4.4981616380898100E+04
   4.5000000000000000E+03   1.1510290473062537E+02   2.2808954738604558E+02   2.3236170954202623E+02   1.4380301375702327E+01   4.7652553155782902E+04
   4.6000000000000000E+03   1.2683517433464129E+02   2.4121473290257745E+02   2.6748234634609673E+02   1.4373138642495523E+01   5.0353310404702774E+04
   4.7000000000000000E+03   1.3899685427678006E+02   2.5446226246985651E+02   3.0632078099372478E+02   1.4365858877951577E+01   5.3080687632523703E+04
   4.8000000000000000E+03   1.5140025390200088E+02   2.6781543441649302E+02   3.4829929043905162E+02   1.4358469428445238E+01   5.5831758206825521E+04
   4.9000000000000000E+03   1.6417755439453271E+02   2.8125890261657565E+02   3.9439585796113840E+02   1.4350977291241055E+01   5.8603859417539272E+04
   5.0000000000000000E+03   1.7754713127775031E+02   2.9477861371564285E+02   4.4644233902758913E+02   1.4343389134686959E+01   6.1394580569960024E+04
   5.1000000000000000E+03   1.9042059652756441E+02   3.0836173619292623E+02   4.9786211934814384E+02   1.4335711318750137E+01   6.4201738256411591E+04
   5.2000000000000000E+03   2.0381992750647888E+02   3.2199658362714212E+02   5.5534927528502544E+02   1.4327949911103548E+01   6.7023366161345970E+04
   5.3000000000000000E+03   2.1649520842414964E+02   3.3567253448846412E+02   6.0977618575806230E+02   1.4320110703554587E+01   6.9857699148555257E+04
   5.4000000000000000E+03   2.2996509169736490E+02   3.4937995015891539E+02   6.7282407993964580E+02   1.4312199225735700E+01   7.2703148857539505E+04
   5.5000000000000000E+03   2.4376994536326399E+02   3.6311009286135538E+02   7.4170620158717270E+02   1.4304220759821792E+01   7.5558291481648048E+04
   5.6000000000000000E+03   2.5774701346640819E+02   3.7685504447361905E+02   8.1550556584169613E+02   1.4296180350798153E+01   7.8421850552331889E+04
   5.7000000000000000E+03   2.7146808566967877E+02   3.9060762757561037E+02   8.9002780445176893E+02   1.4288082819466521E+01   8.1292676342873616E+04
   5.8000000000000000E+03   2.8491065960649860E+02   4.0436132912628358E+02   9.6447222492669164E+02   1.4279932770659459E+01   8.4169731011389274E+04
   5.9000000000000000E+03   2.9852539797303331E+02   4.1811022776512681E+02   1.0437487962075309E+03   1.4271734604021729E+01   8.7052076422249476E+04
   6.0000000000000000E+03   3.1217334538755483E+02   4.3184892485014626E+02   1.1264764639358086E+03   1.4263492521368903E+01   8.9938859290199340E+04
   6.1000000000000000E+03   3.2562437008813015E+02   4.4557247985583871E+02   1.2096002043103745E+03   1.4255210535928597E+01   9.2829289426032949E+04
   6.2000000000000000E+03   3.3970347147459779E+02   4.5927635001314809E+02   1.3047922938089064E+03   1.4246892478330095E+01   9.5722643461994565E+04
   6.3000000000000000E+03   3.5321331235760334E+02   4.7295633464585546E+02   1.3951082106365307E+03   1.4238542004818642E+01   9.8618231180863033E+04
   6.4000000000000000E+03   3.6670260741785000E+02   4.8660852389438537E+02   1.4881718913239927E+03   1.4230162602560652E+01   1.0151540840915692E+05
   6.5000000000000000E+03   3.7998104037368887E+02   5.0022925208887233E+02   1.5807106727233045E+03   1.4221757596488924E+01   1.0441354516345149E+05
   6.6000000000000000E+03   3.9336151449774945E+02   5.1381505548666746E+02   1.6779504092501168E+03   1.4213330154778919E+01   1.0731203002099860E+05
   6.7000000000000000E+03   4.0749486712941558E+02   5.2736263427402855E+02   1.7927886011529138E+03   1.4204883293469342E+01   1.1021027119887862E+05
   6.8000000000000000E+03   4.2110189643530549E+02   5.4086881887947777E+02   1.9017010765976684E+03   1.4196419882965134E+01   1.1310765994114566E+05
   6.9000000000000000E+03   4.3359676398598776E+02   5.5433054005640099E+02   1.9907927687682215E+03   1.4187942651631328E+01   1.1600360120927189E+05
   7.0000000000000000E+03   4.4664502327622432E+02   5.6774480293249610E+02   2.0939789604943940E+03   1.4179454191782600E+01   1.1889747325849537E+05
   7.1000000000000000E+03   4.5989987231242498E+02   5.8110866437891946E+02   2.2048879127588052E+03   1.4170956962421457E+01   1.2178866110941824E+05
   7.2000000000000000E+03   4.7278389859757903E+02   5.9441921399561045E+02   2.3104460450036513E+03   1.4162453295398961E+01   1.2467651502956102E+05
   7.3000000000000000E+03   4.8549282045321593E+02   6.0767355796592176E+02   2.4146289798016328E+03   1.4153945398324007E+01   1.2756038113646435E+05
   7.4000000000000000E+03   4.9888274751777271E+02   6.2086880597006052E+02   2.5391486510859854E+03   1.4145435359526164E+01   1.3043956727955701E+05
   7.5000000000000000E+03   5.1165976101731019E+02   6.3400206059310949E+02   2.6515223592521188E+03   1.4136925150793775E+01   1.3331338038039955E+05
   7.6000000000000000E+03   5.2442612658338828E+02   6.4707040937531394E+02   2.7668687091687552E+03   1.4128416632507953E+01   1.3618108678011483E+05
   7.7000000000000000E+03   5.3664382943149189E+02   6.6007091891827099E+02   2.8698966093874183E+03   1.4119911556551809E+01   1.3904193956591334E+05
   7.8000000000000000E+03   5.4875718717480720E+02   6.7300063111147324E+02   2.9725023839798127E+03   1.4111411570417660E+01   1.4189516361002877E+05
   7.9000000000000000E+03   5.6185539492882049E+02   6.8585656108492242E+02   3.1076498789356697E+03   1.4102918220116264E+01   1.4473997018327232E+05
   8.0000000000000000E+03   5.7349614661837711E+02   6.9863569689969506E+02   3.2017446056127851E+03   1.4094432954455147E+01   1.4757553839877315E+05
   8.1000000000000000E+03   5.8566279974911288E+02   7.1133500058534582E+02   3.3149928562581408E+03   1.4085957128118933E+01   1.5040103674575937E+05
   8.2000000000000000E+03   5.9736964262669562E+02   7.2395141043178967E+02   3.4164998864182935E+03   1.4077492004578684E+01   1.5321561985284698E+05
   8.3000000000000000E+03   6.0901405253480493E+02   7.3648184450343365E+02   3.5187539205961302E+03   1.4069038760541273E+01   1.5601840817553879E+05
   8.4000000000000000E+03   6.2102501742621030E+02   7.4892320489572410E+02   3.6364866115254604E+03   1.4060598487831886E+01   1.5880852796400597E+05
   8.5000000000000000E+03   6.3240773395912129E+02   7.6127238295133134E+02   3.7359706202824887E+03   1.4052172197330020E+01   1.6158508882361851E+05
   8.6000000000000000E+03   6.4369339863738253E+02   7.7352626508227195E+02   3.8350362596164305E+03   1.4043760822221062E+01   1.6434718547644946E+05
   8.7000000000000000E+03   6.5544804074574040E+02   7.8568173906081199E+02   3.9542266186071947E+03   1.4035365220392091E+01   1.6709391588636118E+05
   8.8000000000000000E+03   6.6727462742879152E+02   7.9773570081772982E+02   4.0802116579467774E+03   1.4026986178025691E+01   1.6982436848904705E+05
   8.9000000000000000E+03   6.7800916664385807E+02   8.0968506149502446E+02   4.1691297743503410E+03   1.4018624412509183E+01   1.7253763175236704E+05
   9.0000000000000000E+03   6.8917478296722470E+02   8.2152675466379139E+02   4.2778019517927105E+03   1.4010280574744925E+01   1.7523279897398912E+05
   9.1000000000000000E+03   7.0013414537459641E+02   8.3325774375405695E+02   4.3823349533948776E+03   1.4001955252744088E+01   1.7790895747957949E+05
   9.2000000000000000E+03   7.1089772659357141E+02   8.4487502942046183E+02   4.4829961866506064E+03   1.3993648973851396E+01   1.8056521653592310E+05
   9.3000000000000000E+03   7.2127231617256393E+02   8.5637565692647581E+02   4.5719080678415821E+03   1.3985362207739909E+01   1.8320068473062478E+05
   9.4000000000000000E+03   7.3178157817630029E+02   8.6775672338879247E+02   4.6700327734322400E+03   1.3977095368892490E+01   1.8581448623127732E+05
   9.5000000000000000E+03   7.4227292678157698E+02   8.7901538488979872E+02   4.7715196249565934E+03   1.3968848819511001E+01   1.8840575504047741E+05
   9.6000000000000000E+03   7.5327484833934625E+02   8.9014886330827608E+02   4.8988608258491713E+03   1.3960622871398815E+01   1.9097364354497922E+05
   9.7000000000000000E+03   7.6246609534138781E+02   9.0115445298036934E+02   4.9542710632714379E+03   1.3952417789126731E+01   1.9351732730753400E+05
   9.8000000000000000E+03   7.7183230472530340E+02   9.1202952700197397E+02   5.0210256692125595E+03   1.3944233792257709E+01   1.9603599390633687E+05
   9.9000000000000000E+03   7.8227180563355967E+02   9.2277154319541717E+02   5.1377901041625391E+03   1.3936071057400479E+01   1.9852885585145213E+05
   1.0000000000000000E+04   7.9222437257956130E+02   9.3337804974654762E+02   5.2385800687659130E+03   1.3927929720605331E+01   2.0099515518921174E+05
   1.0100000000000000E+04   8.0111524369184667E+02   9.4384669047793943E+02   5.2975709871642075E+03   1.3919809879931192E+01   2.0343415122782419E+05
   1.0200000000000000E+04   8.0994871107811662E+02   9.5417520966962672E+02   5.3584673327159217E+03   1.3911711596985734E+01   2.0584514122598921E+05
   1.0300000000000000E+04   8.1924530084640423E+02   9.6436145655187602E+02   5.4442497305469087E+03   1.3903634899663562E+01   2.0822743013687429E+05
   1.0400000000000000E+04   8.2850049581681674E+02   9.7440338930684891E+02   5.5330889734648335E+03   1.3895579783515227E+01   2.1058038149851549E+05
   1.0500000000000000E+04   8.3755634154598545E+02   9.8429907871873013E+02   5.6180356945928997E+03   1.3887546214143109E+01   2.1290336381945509E+05
   1.0600000000000000E+04   8.4648645422406571E+02   9.9404671138392507E+02   5.7023963785919050E+03   1.3879534129169420E+01   2.1519579197263301E+05
   1.0700000000000000E+04   8.5470638829148288E+02   1.0036445924725326E+03   5.7595796154336886E+03   1.3871543439519693E+01   2.1745710787235000E+05
   1.0800000000000000E+04   8.6316926200914520E+02   1.0130911481409901E+03   5.8328317582652771E+03   1.3863574031733124E+01   2.1968678915806563E+05
   1.0900000000000000E+04   8.7185173377973445E+02   1.0223849274979038E+03   5.9214054363195673E+03   1.3855625769417115E+01   2.2188434179885648E+05
   1.1000000000000000E+04   8.8014376384882530E+02   1.0315246041859559E+03   5.9973900634254214E+03   1.3847698494787524E+01   2.2404930882846774E+05
   1.1100000000000000E+04   8.8806256928515597E+02   1.0405089776029149E+03   6.0613896136421581E+03   1.3839792030551120E+01   2.2618127115163510E+05
   1.1200000000000000E+04   8.9474061247647262E+02   1.0493369737086409E+03   6.0731339280378579E+03   1.3831906180846788E+01   2.2827984237971564E+05
   1.1300000000000000E+04   9.0243921108951849E+02   1.0580076455494213E+03   6.1374120546439717E+03   1.3824040733555830E+01   2.3034466604943021E+05
   1.1400000000000000E+04   9.0950230100443650E+02   1.0665201733511751E+03   6.1776569586200558E+03   1.3816195460729777E+01   2.3237543056204598E+05
   1.1500000000000000E+04   9.1730545770305264E+02   1.0748738643763641E+03   6.2575213074221811E+03   1.3808370120729592E+01   2.3437184560044430E+05
   1.1600000000000000E+04   9.2354345234275513E+02   1.0830681524050970E+03   6.2702547016467879E+03   1.3800564458910149E+01   2.3633366292386604E+05
   1.1700000000000000E+04   9.3080431544685189E+02   1.0911025969698135E+03   6.3357073837955759E+03   1.3792778209160449E+01   2.3826067376842783E+05
   1.1800000000000000E+04   9.3803910843028177E+02   1.0989768822947547E+03   6.4054775339528323E+03   1.3785011094930439E+01   2.4015269311177774E+05
   1.1900000000000000E+04   9.4406677972796865E+02   1.1066908159900379E+03   6.4245732600225829E+03   1.3777262830428871E+01   2.4200957821972176E+05
   1.2000000000000000E+04   9.5116550634180385E+02   1.1142443274943735E+03   6.4988866270877497E+03   1.3769533121479029E+01   2.4383121257297765E+05
   1.2100000000000000E+04   9.5657346952908256E+02   1.1216374663215386E+03   6.5000767191046189E+03   1.3761821666887759E+01   2.4561751841485093E+05
   1.2200000000000000E+04   9.6337649346190312E+02   1.1288704000675984E+03   6.5714033217017031E+03   1.3754128158958876E+01   2.4736844666488830E+05
   1.2300000000000000E+04   9.6986607337430064E+02   1.1359434122665743E+03   6.6337345250035278E+03   1.3746452284776664E+01   2.4908397969716578E+05
   1.2400000000000000E+04   9.7558566853677155E+02   1.1428569000480384E+03   6.6655503328444611E+03   1.3738793726804797E+01   2.5076413433876244E+05
   1.2500000000000000E+04   9.8067066356685882E+02   1.1496113716601451E+03   6.6732888681124432E+03   1.3731152163913212E+01   2.5240895106049383E+05
   1.2600000000000000E+04   9.8638728351051157E+02   1.1562074438342472E+03   6.7157416264604299E+03   1.3723527271891440E+01   2.5401850367816270E+05
   1.2700000000000000E+04   9.9129985227140037E+02   1.1626458390482378E+03   6.7263358201294932E+03   1.3715918724475411E+01   2.5559289903174984E+05
   1.2800000000000000E+04   9.9698444591960697E+02   1.1689273826511499E+03   6.7778440979653233E+03   1.3708326193604176E+01   2.5713226934142638E+05
   1.2900000000000000E+04   1.0013985483363707E+03   1.1750529999343958E+03   6.7760794930637057E+03   1.3700749350703404E+01   2.5863676771585940E+05
   1.3000000000000000E+04   1.0067839190272671E+03   1.1810237130748121E+03   6.8241338829242386E+03   1.3693187866770895E+01   2.6010657457169952E+05
   1.3100000000000000E+04   1.0106693126612722E+03   1.1868406380333215E+03   6.8087324049269519E+03   1.3685641413061173E+01   2.6154191594075522E+05
   1.3200000000000000E+04   1.0153120870232393E+03   1.1925049814032855E+03   6.8330320224766501E+03   1.3678109661941132E+01   2.6294300656525977E+05
   1.3300000000000000E+04   1.0195574839950925E+03   1.1980180371782376E+03   6.8443599102411927E+03   1.3670592286804439E+01   2.6431012059764710E+05
   1.3400000000000000E+04   1.0238500408821436E+03   1.2033811835271695E+03   6.8627752032258968E+03   1.3663088963098366E+01   2.6564353816249454E+05
   1.3500000000000000E+04   1.0288736162028267E+03   1.2085958795193355E+03   6.9189670224605461E+03   1.3655599368666030E+01   2.6694355549073982E+05
   1.3600000000000000E+04   1.0326019500190127E+03   1.2136636618280093E+03   6.9215708354335120E+03   1.3648123183917534E+01   2.6821049986952468E+05
   1.3700000000000000E+04   1.0357955052898105E+03   1.2185861414405888E+03   6.9052008061915276E+03   1.3640660092343380E+01   2.6944472541848186E+05
   1.3800000000000000E+04   1.0408448171672285E+03   1.2233650003733069E+03   6.9763962416400655E+03   1.3633209781113397E+01   2.7064658402354148E+05
   1.3900000000000000E+04   1.0431927137740340E+03   1.2280019883708214E+03   6.9317015045019625E+03   1.3625771940991218E+01   2.7181646892670024E+05
   1.4000000000000000E+04   1.0474517032552362E+03   1.2324989196467977E+03   6.9765064172191860E+03   1.3618346266933203E+01   2.7295477757592441E+05
   1.4100000000000000E+04   1.0495508203479826E+03   1.2368576696379462E+03   6.9305793501047347E+03   1.3610932458430737E+01   2.7406193128459889E+05
   1.4200000000000000E+04   1.0542052512161858E+03   1.2410801717749032E+03   7.0012242967311104E+03   1.3603530219510201E+01   2.7513836204394832E+05
   1.4300000000000000E+04   1.0562941045267573E+03   1.2451684143052566E+03   6.9637001279636097E+03   1.3596139259246396E+01   2.7618452446519345E+05
   1.4400000000000000E+04   1.0595406018921176E+03   1.2491244371377466E+03   6.9810701753571275E+03   1.3588759291762532E+01   2.7720087797938049E+05
   1.4500000000000000E+04   1.0621134512012788E+03   1.2529503287506323E+03   6.9733660230788028E+03   1.3581390036829179E+01   2.7818789885739761E+05
   1.4600000000000000E+04   1.0641184391095589E+03   1.2566482231095199E+03   6.9455359991749383E+03   1.3574031219350884E+01   2.7914608856914414E+05
   1.4700000000000000E+04   1.0667949183374328E+03   1.2602202966889390E+03   6.9504664793795546E+03   1.3566682570392974E+01   2.8007593773752748E+05
   1.4800000000000000E+04   1.0705488904482713E+03   1.2636687654986142E+03   7.0050749279224765E+03   1.3559343826753707E+01   2.8097796972087340E+05
   1.4900000000000000E+04   1.0718071399182829E+03   1.2669958821903194E+03   6.9572415753672140E+03   1.3552014731220966E+01   2.8185270431442518E+05
   1.5000000000000000E+04   1.0745351551770264E+03   1.2702039332242293E+03   6.9754551242932803E+03   1.3544695032828997E+01   2.8270067955329415E+05
   1.5100000000000000E+04   1.0764630079150811E+03   1.2732952360940831E+03   6.9635711209004139E+03   1.3537384487029474E+01   2.8352243744820752E+05
   1.5200000000000000E+04   1.0789342567314848E+03   1.2762721366017902E+03   6.9779493425010887E+03   1.3530082855434895E+01   2.8431853254161368E+05
   1.5300000000000000E+04   1.0801331954166224E+03   1.2791370062227063E+03   6.9427732881622951E+03   1.3522789906331855E+01   2.8508952196101629E+05
   1.5400000000000000E+04   1.0823646118535423E+03   1.2818922395145676E+03   6.9537978901719571E+03   1.3515505414510042E+01   2.8583596937560098E+05
   1.5500000000000000E+04   1.0844282406561515E+03   1.2845402516023489E+03   6.9610600508715561E+03   1.3508229161347725E+01   2.8655846380730951E+05
   1.5600000000000000E+04   1.0852986735580785E+03   1.2870834757367932E+03   6.9225728295359841E+03   1.3500960935068463E+01   2.8725757094249711E+05
   1.5700000000000000E+04   1.0873628393459906E+03   1.2895243609076706E+03   6.9359433964023629E+03   1.3493700530569987E+01   2.8793387570991804E+05
   1.5800000000000000E+04   1.0889233829859927E+03   1.2918653695317571E+03   6.9317465177948397E+03   1.3486447749424197E+01   2.8858797241594299E+05
   1.5900000000000000E+04   1.0897999236386233E+03   1.2941089752182411E+03   6.9028750878582805E+03   1.3479202400133847E+01   2.8922045436631190E+05
   1.6000000000000000E+04   1.0897085741079165E+03   1.2962576605949660E+03   6.8387767335488497E+03   1.3471964298132580E+01   2.8983191312462895E+05
   1.6100000000000000E+04   1.0920617119185354E+03   1.2983139151955911E+03   6.8742970708128123E+03   1.3464733265528185E+01   2.9042294802027143E+05
   1.6200000000000000E+04   1.0928956459214371E+03   1.3002802334318703E+03   6.8523443456178165E+03   1.3457509131359327E+01   2.9099417104765569E+05
   1.6300000000000000E+04   1.0929466466181730E+03   1.3021591126259316E+03   6.8026081937919926E+03   1.3450291731595515E+01   2.9154617559734063E+05
   1.6400000000000000E+04   1.0947340657619209E+03   1.3039530511075995E+03   6.8229076957005200E+03   1.3443080909051586E+01   2.9207956662239495E+05
   1.6500000000000000E+04   1.0946300119727111E+03   1.3056645463761895E+03   6.7724441502999643E+03   1.3435876513216531E+01   2.9259495534238621E+05
   1.6600000000000000E+04   1.0956472731235049E+03   1.3072960933471779E+03   6.7675094920308884E+03   1.3428678400681338E+01   2.9309294837538467E+05
   1.6700000000000000E+04   1.0972773018450109E+03   1.3088501826376516E+03   6.7880703403172001E+03   1.3421486434711168E+01   2.9357415248285088E+05
   1.6800000000000000E+04   1.0970120449696628E+03   1.3103292989348947E+03   6.7385408216557971E+03   1.3414300485416446E+01   2.9403916876567068E+05
   1.6900000000000000E+04   1.0981249516881019E+03   1.3117359194153426E+03   6.7433332588747417E+03   1.3407120429496254E+01   2.9448860846195609E+05
   1.7000000000000000E+04   1.0978260511456867E+03   1.3130725122493200E+03   6.6970913417088686E+03   1.3399946150751644E+01   2.9492306548624649E+05
   1.7100000000000000E+04   1.0979519314692157E+03   1.3143415351257092E+03   6.6689147847985369E+03   1.3392777539229970E+01   2.9534315983837855E+05
   1.7200000000000000E+04   1.0996232513289690E+03   1.3155454338858210E+03   6.6996560063930265E+03   1.3385614491995087E+01   2.9574947122309910E+05
   1.7300000000000000E+04   1.0993979958665359E+03   1.3166866411725912E+03   6.6619341864388152E+03   1.3378456912442699E+01   2.9614261050828343E+05
   1.7400000000000000E+04   1.0985325047772860E+03   1.3177675751706920E+03   6.6030061361482376E+03   1.3371304710728255E+01   2.9652316959448939E+05
   1.7500000000000000E+04   1.0981743268541745E+03   1.3187906383778682E+03   6.5646189602198210E+03   1.3364157803339115E+01   2.9689174336506712E+05
   1.7600000000000000E+04   1.0987550603835800E+03   1.3197582164515434E+03   6.5614041202334993E+03   1.3357016113351230E+01   2.9724891810081410E+05
   1.7700000000000000E+04   1.0985038381091701E+03   1.3206726770944231E+03   6.5300066890588341E+03   1.3349879570172449E+01   2.9759527680508565E+05
   1.7800000000000000E+04   1.0977266143780651E+03   1.3215363690002159E+03   6.4817802359384350E+03   1.3342748109542546E+01   2.9793140480230300E+05
   1.7900000000000000E+04   1.0980744676912873E+03   1.3223516208482247E+03   6.4743132848113237E+03   1.3335621673447593E+01   2.9825788381699269E+05
   1.8000000000000000E+04   1.0980688507869947E+03   1.3231207403503249E+03   6.4557452666935897E+03   1.3328500210120023E+01   2.9857527988311282E+05
   1.8100000000000000E+04   1.0971296115380858E+03   1.3238460133465173E+03   6.4063766484189719E+03   1.3321383674038604E+01   2.9888416660240921E+05
   1.8200000000000000E+04   1.0979225900629315E+03   1.3245297029386813E+03   6.4174114554960406E+03   1.3314272025586169E+01   2.9918510129528440E+05
   1.8300000000000000E+04   1.0972160626980669E+03   1.3251740486843769E+03   6.3783782164773475E+03   1.3307165231220742E+01   2.9947865466675797E+05
   1.8400000000000000E+04   1.0962741472691102E+03   1.3257812658305158E+03   6.3327871299767185E+03   1.3300063263475574E+01   2.9976536247997166E+05
   1.8500000000000000E+04   1.0953021046114279E+03   1.3263535445817181E+03   6.2875947842003789E+03   1.3292966100616834E+01   3.0004578570949560E+05
   1.8600000000000000E+04   1.0937968053985437E+03   1.3268930494221579E+03   6.2264039673520301E+03   1.3285873726729205E+01   3.0032046199109236E+05
   1.8700000000000000E+04   1.0946064404754954E+03   1.3274019184758979E+03   6.2414558115288419E+03   1.3278786131715863E+01   3.0058992972208670E+05
   1.8800000000000000E+04   1.0946887811646043E+03   1.3278822628985731E+03   6.2335267911169476E+03   1.3271703310956243E+01   3.0085472185492882E+05
   1.8900000000000000E+04   1.0935079827404002E+03   1.3283361663263183E+03   6.1855701452000394E+03   1.3264625265733837E+01   3.0111534688428504E+05
   1.9000000000000000E+04   1.0928217236420865E+03   1.3287656843331145E+03   6.1544444757834763E+03   1.3257552002466102E+01   3.0137234512270323E+05
   1.9100000000000000E+04   1.0919455304624876E+03   1.3291728439569163E+03   6.1181165220460780E+03   1.3250483533303463E+01   3.0162621328790631E+05
   1.9200000000000000E+04   1.0920376411125683E+03   1.3295596432362361E+03   6.1128197115912108E+03   1.3243419875701418E+01   3.0187745450971986E+05
   1.9300000000000000E+04   1.0908526861459613E+03   1.3299280507852211E+03   6.0681935538149792E+03   1.3236361052163886E+01   3.0212657861582038E+05
   1.9400000000000000E+04   1.0899905616714084E+03   1.3302800054180045E+03   6.0343585122904697E+03   1.3229307090756588E+01   3.0237406997507298E+05
   1.9500000000000000E+04   1.0897294759338508E+03   1.3306174157784576E+03   6.0194504552618746E+03   1.3222258024422532E+01   3.0262040640919108E+05
   1.9600000000000000E+04   1.0897185796015769E+03   1.3309421600209434E+03   6.0124818545037915E+03   1.3215213891238706E+01   3.0286607224617264E+05
   1.9700000000000000E+04   1.0889971757471471E+03   1.3312560855128570E+03   5.9842344651916028E+03   1.3208174734330472E+01   3.0311153220964310E+05
   1.9800000000000000E+04   1.0879307333846095E+03   1.3315610085593030E+03   5.9460842604620111E+03   1.3201140601443802E+01   3.0335726417293627E+05
   1.9900000000000000E+04   1.0876394064203541E+03   1.3318587141762284E+03   5.9314803347589414E+03   1.3194111545629765E+01   3.0360369287575484E+05
   2.0000000000000000E+04   1.0859114219484841E+03   1.3321509558564003E+03   5.8747590842379786E+03   1.3187087624132156E+01   3.0385129601152492E+05
   2.0100000000000000E+04   1.0846705873586025E+03   1.3324394553971774E+03   5.8330891130374848E+03   1.3180068899243221E+01   3.0410049780605774E+05
   2.0200000000000000E+04   1.0834302448943947E+03   1.3327259027249472E+03   5.7919803486823248E+03   1.3173055437619031E+01   3.0435174235645396E+05
   2.0300000000000000E+04   1.0829726552889704E+03   1.3330119557610824E+03   5.7735543753992188E+03   1.3166047310621845E+01   3.0460543972453050E+05
   2.0400000000000000E+04   1.0825003054244314E+03   1.3332992402967279E+03   5.7547965089177069E+03   1.3159044593806641E+01   3.0486201320161589E+05
   2.0500000000000000E+04   1.0809478506491726E+03   1.3335893499029551E+03   5.7058739189090065E+03   1.3152047367263409E+01   3.0512187913212104E+05
   2.0600000000000000E+04   1.0801269948375757E+03   1.3338838458503747E+03   5.6777341936990097E+03   1.3145055715189356E+01   3.0538542608608998E+05
   2.0700000000000000E+04   1.0784773506700576E+03   1.3341842570577926E+03   5.6270967537950064E+03   1.3138069726059936E+01   3.0565307004880125E+05
   2.0800000000000000E+04   1.0782399350828864E+03   1.3344920800554394E+03   5.6151828657735641E+03   1.3131089492457832E+01   3.0592517825878924E+05
   2.0900000000000000E+04   1.0778111481273957E+03   1.3348087789691720E+03   5.5979962845534001E+03   1.3124115111072886E+01   3.0620212444388284E+05
   2.1000000000000000E+04   1.0766005701482250E+03   1.3351357855182844E+03   5.5598149205972641E+03   1.3117146682274308E+01   3.0648430329606542E+05
   2.1100000000000000E+04   1.0763283889805934E+03   1.3354744990405375E+03   5.5467130714193418E+03   1.3110184310624025E+01   3.0677205301533500E+05
   2.1200000000000000E+04   1.0739168481435254E+03   1.3358262865222089E+03   5.4773373734436527E+03   1.3103228104277749E+01   3.0706574689836497E+05
   2.1300000000000000E+04   1.0739732655025305E+03   1.3361924826521101E+03   5.4726538334344177E+03   1.3096278175156142E+01   3.0736571548426436E+05
   2.1400000000000000E+04   1.0718107650052082E+03   1.3365743898881203E+03   5.4106934815758123E+03   1.3089334638859171E+01   3.0767231775743311E+05
   2.1500000000000000E+04   1.0713661363250772E+03   1.3369732785380568E+03   5.3928816968657211E+03   1.3082397614495047E+01   3.0798586239174719E+05
   2.1600000000000000E+04   1.0712887793356927E+03   1.3373903868558784E+03   5.3841512961226299E+03   1.3075467224680180E+01   3.0830669399637094E+05
   2.1700000000000000E+04   1.0708640609152706E+03   1.3378269211507456E+03   5.3664047812553672E+03   1.3068543595453635E+01   3.0863510651437135E+05
   2.1800000000000000E+04   1.0693298362091070E+03   1.3382840559091069E+03   5.3208574749368245E+03   1.3061626856191566E+01   3.0897142291644367E+05
   2.1900000000000000E+04   1.0684245178216838E+03   1.3387629339291691E+03   5.2910243492442032E+03   1.3054717139436073E+01   3.0931593344485440E+05
   2.2000000000000000E+04   1.0661986714432385E+03   1.3392646664679050E+03   5.2292201669781916E+03   1.3047814580980768E+01   3.0966893574712024E+05
   2.2100000000000000E+04   1.0639457527206112E+03   1.3397903333986428E+03   5.1676354534564261E+03   1.3040919319785219E+01   3.1003070552718360E+05
   2.2200000000000000E+04   1.0637411697825216E+03   1.3403409833801081E+03   5.1546523731303478E+03   1.3034031497632700E+01   3.1040153352620592E+05
   2.2300000000000000E+04   1.0644540807596602E+03   1.3409176340358247E+03   5.1628695015947396E+03   1.3027151259386816E+01   3.1078167738672491E+05
   2.2400000000000000E+04   1.0623527474347936E+03   1.3415212721428020E+03   5.1050483241037164E+03   1.3020278752906050E+01   3.1117139495638397E+05
   2.2500000000000000E+04   1.0614785030353087E+03   1.3421528538315627E+03   5.0758695908194431E+03   1.3013414128615818E+01   3.1157094448230794E+05
   2.2600000000000000E+04   1.0613555247493125E+03   1.3428133047933652E+03   5.0636451389840895E+03   1.3006557539765273E+01   3.1198056965520285E+05
   2.2700000000000000E+04   1.0606078562261744E+03   1.3435035204964968E+03   5.0369467216171570E+03   1.2999709142341660E+01   3.1240049951362272E+05
   2.2800000000000000E+04   1.0602157989178797E+03   1.3442243664131124E+03   5.0180454876083331E+03   1.2992869094728066E+01   3.1283097121666756E+05
   2.2900000000000000E+04   1.0580326748969887E+03   1.3449766782501197E+03   4.9592577504112287E+03   1.2986037557960172E+01   3.1327220741533244E+05
   2.3000000000000000E+04   1.0581872011615753E+03   1.3457612621918192E+03   4.9520020629421870E+03   1.2979214695383900E+01   3.1372442384388315E+05
   2.3100000000000000E+04   1.0566968379069388E+03   1.3465788951445118E+03   4.9086365470535666E+03   1.2972400672912205E+01   3.1418782166307908E+05
   2.3200000000000000E+04   1.0566936340393120E+03   1.3474303249968764E+03   4.8972871021069004E+03   1.2965595658426022E+01   3.1466260284361563E+05
   2.3300000000000000E+04   1.0546204827075119E+03   1.3483162708735410E+03   4.8416150783449348E+03   1.2958799822373296E+01   3.1514894708367728E+05
   2.3400000000000000E+04   1.0549975683820689E+03   1.3492374234113067E+03   4.8376933870075964E+03   1.2952013336998871E+01   3.1564705828211934E+05
   2.3500000000000000E+04   1.0528956792233409E+03   1.3501944450249039E+03   4.7817685803208424E+03   1.2945236376857862E+01   3.1615710267591133E+05
   2.3600000000000000E+04   1.0522826579296154E+03   1.3511879701910298E+03   4.7567962505518926E+03   1.2938469118387854E+01   3.1667925536294369E+05
   2.3700000000000000E+04   1.0526496583930179E+03   1.3522186057305157E+03   4.7515353845780228E+03   1.2931711739994455E+01   3.1721366920194827E+05
   2.3800000000000000E+04   1.0508522873626330E+03   1.3532869310979181E+03   4.7021883784152196E+03   1.2924964421965702E+01   3.1776051400427951E+05
   2.3900000000000000E+04   1.0488756733703408E+03   1.3543934986760460E+03   4.6497790808467153E+03   1.2918227346386564E+01   3.1831991377886373E+05
   2.4000000000000000E+04   1.0484772850813235E+03   1.3555388340791176E+03   4.6285563308605160E+03   1.2911500696882172E+01   3.1889203332512482E+05
   2.4100000000000000E+04   1.0486551526862117E+03   1.3567234364471042E+03   4.6182456857670441E+03   1.2904784658960141E+01   3.1947699956692004E+05
   2.4200000000000000E+04   1.0494935562493336E+03   1.3579477787585211E+03   4.6203207462582704E+03   1.2898079419668255E+01   3.2007492506374838E+05
   2.4300000000000000E+04   1.0476833818467426E+03   1.3592123081468933E+03   4.5710816153073392E+03   1.2891385167337802E+01   3.2068594788520329E+05
   2.4400000000000000E+04   1.0455832654428468E+03   1.3605174462029670E+03   4.5169256339831209E+03   1.2884702092011393E+01   3.2131017607858178E+05
   2.4500000000000000E+04   1.0463781008941980E+03   1.3618635893017681E+03   4.5169248304998964E+03   1.2878030385015110E+01   3.2194771951644280E+05
   2.4600000000000000E+04   1.0459611919398924E+03   1.3632511089224727E+03   4.4940216454474157E+03   1.2871370238958601E+01   3.2259866593862273E+05
   2.4700000000000000E+04   1.0461967912388479E+03   1.3646803519735204E+03   4.4828819484683891E+03   1.2864721847649346E+01   3.2326312920434150E+05
   2.4800000000000000E+04   1.0462553533410496E+03   1.3661516411120213E+03   4.4681464669338220E+03   1.2858085406263950E+01   3.2394116893069865E+05
   2.4900000000000000E+04   1.0452526927902884E+03   1.3676652750848832E+03   4.4339330724755346E+03   1.2851461110920214E+01   3.2463287910084811E+05
   2.5000000000000000E+04   1.0429446443043362E+03   1.3692215290566039E+03   4.3767190608063875E+03   1.2844849158762765E+01   3.2533833989233751E+05
   2.5100000000000000E+04   1.0443769236857152E+03   1.3708206549413244E+03   4.3856056081268616E+03   1.2838249747962985E+01   3.2605760952277901E+05
   2.5200000000000000E+04   1.0441811577791348E+03   1.3724628817364114E+03   4.3654573991664565E+03   1.2831663077719098E+01   3.2679074860042916E+05
   2.5300000000000000E+04   1.0418077646688732E+03   1.3741484158713913E+03   4.3076237718204247E+03   1.2825089347913801E+01   3.2753781212769850E+05
   2.5400000000000000E+04   1.0401618037187170E+03   1.3758774415356904E+03   4.2629386304128275E+03   1.2818528759371077E+01   3.2829884956479783E+05
   2.5500000000000000E+04   1.0396482625968138E+03   1.3776501210314150E+03   4.2374665081130797E+03   1.2811981513513818E+01   3.2907390491716808E+05
   2.5600000000000000E+04   1.0381227449847593E+03   1.3794665951145330E+03   4.1953462697237201E+03   1.2805447812363939E+01   3.2986302502164687E+05
   2.5700000000000000E+04   1.0401870846357829E+03   1.3813269833208465E+03   4.2118746392538642E+03   1.2798927858884527E+01   3.3066621030954440E+05
   2.5800000000000000E+04   1.0391877899673684E+03   1.3832313843430900E+03   4.1780669333991709E+03   1.2792421856209845E+01   3.3148351346416317E+05
   2.5900000000000000E+04   1.0385452184013509E+03   1.3851798763516215E+03   4.1501099333729417E+03   1.2785930008158658E+01   3.3231494089740742E+05
   2.6000000000000000E+04   1.0375633355611612E+03   1.3871725173546176E+03   4.1168236392473627E+03   1.2779452518892008E+01   3.3316051864461985E+05
   2.6100000000000000E+04   1.0393472428012437E+03   1.3892093455435167E+03   4.1269714314499697E+03   1.2772989592913195E+01   3.3402024294930947E+05
   2.6200000000000000E+04   1.0396774624215723E+03   1.3912903796339090E+03   4.1138797256296475E+03   1.2766541435153369E+01   3.3489411332221527E+05
   2.6300000000000000E+04   1.0392484203233803E+03   1.3934156192246207E+03   4.0887608610443817E+03   1.2760108250714781E+01   3.3578213269667537E+05
   2.6400000000000000E+04   1.0383188969107250E+03   1.3955850451442793E+03   4.0559743255384547E+03   1.2753690244870841E+01   3.3668429092194868E+05
   2.6500000000000000E+04   1.0372665416285499E+03   1.3977986197975881E+03   4.0215277032042954E+03   1.2747287623066086E+01   3.3760057311859838E+05
   2.6600000000000000E+04   1.0362198691868377E+03   1.4000562875266166E+03   3.9874132164532298E+03   1.2740900590659470E+01   3.3853096809994156E+05
   2.6700000000000000E+04   1.0376172336801696E+03   1.4023579749369906E+03   3.9894386285706246E+03   1.2734529353266673E+01   3.3947543509641930E+05
   2.6800000000000000E+04   1.0349479896224348E+03   1.4047035912635567E+03   3.9317731802875005E+03   1.2728174116417785E+01   3.4043395385045937E+05
   2.6900000000000000E+04   1.0349405941201894E+03   1.4070930287328888E+03   3.9130677638982170E+03   1.2721835085300640E+01   3.4140649974219530E+05
   2.7000000000000000E+04   1.0346638062902462E+03   1.4095261628734813E+03   3.8904565345988249E+03   1.2715512465316987E+01   3.4239302290591493E+05
   2.7100000000000000E+04   1.0338926214245685E+03   1.4120028529010406E+03   3.8609358052657335E+03   1.2709206461440756E+01   3.4339346918764396E+05
   2.7200000000000000E+04   1.0348076316610259E+03   1.4145229420523035E+03   3.8548857408119807E+03   1.2702917278389164E+01   3.4440781378643506E+05
   2.7300000000000000E+04   1.0350402397047442E+03   1.4170862579221862E+03   3.8391744191593189E+03   1.2696645120708292E+01   3.4543599429230148E+05
   2.7400000000000000E+04   1.0337853035789869E+03   1.4196926128267642E+03   3.8031343889307659E+03   1.2690390192473618E+01   3.4647794845152990E+05
   2.7500000000000000E+04   1.0329364163897526E+03   1.4223418041360483E+03   3.7729027185489963E+03   1.2684152697418345E+01   3.4753361846876994E+05
   2.7600000000000000E+04   1.0333979803904567E+03   1.4250336146267434E+03   3.7601962911661535E+03   1.2677932838762286E+01   3.4860293428814010E+05
   2.7700000000000000E+04   1.0342163780620785E+03   1.4277678128152884E+03   3.7520403324394174E+03   1.2671730819297425E+01   3.4968582206608262E+05
   2.7800000000000000E+04   1.0312634519732874E+03   1.4305441533153898E+03   3.6948139411431953E+03   1.2665546841131212E+01   3.5078222110524355E+05
   2.7900000000000000E+04   1.0329708855961924E+03   1.4333623771550851E+03   3.6979347346904606E+03   1.2659381105943266E+01   3.5189203339936846E+05
   2.8000000000000000E+04   1.0312722629217424E+03   1.4362222121385719E+03   3.6575782603137068E+03   1.2653233814643100E+01   3.5301518266974244E+05
   2.8100000000000000E+04   1.0320742892247438E+03   1.4391233731844227E+03   3.6489020391289123E+03   1.2647105167327371E+01   3.5415160184486856E+05
   2.8200000000000000E+04   1.0324001797962155E+03   1.4420655626295647E+03   3.6341580434252323E+03   1.2640995363622098E+01   3.5530117408354470E+05
   2.8300000000000000E+04   1.0319527126443957E+03   1.4450484705982719E+03   3.6098692867793197E+03   1.2634904602212089E+01   3.5646381297647068E+05
   2.8400000000000000E+04   1.0340003016381668E+03   1.4480717753320505E+03   3.6160584527346368E+03   1.2628833080840920E+01   3.5763942890594801E+05
   2.8500000000000000E+04   1.0337677425351544E+03   1.4511351434828391E+03   3.5942833531929773E+03   1.2622780996695957E+01   3.5882789955899387E+05
   2.8600000000000000E+04   1.0322371133949398E+03   1.4542382305056028E+03   3.5571438377307031E+03   1.2616748545638343E+01   3.6002914599834132E+05
   2.8700000000000000E+04   1.0295607021138492E+03   1.4573806809249420E+03   3.5072272250351907E+03   1.2610735922844654E+01   3.6124304408684897E+05
   2.8800000000000000E+04   1.0300128251615961E+03   1.4605621286860196E+03   3.4941357753388693E+03   1.2604743322464671E+01   3.6246948366622429E+05
   2.8900000000000000E+04   1.0295337665538980E+03   1.4637821974898209E+03   3.4703941150649998E+03   1.2598770937450272E+01   3.6370836019695480E+05
   2.9000000000000000E+04   1.0313812306958141E+03   1.4670405010774723E+03   3.4730766457841228E+03   1.2592818959897643E+01   3.6495952417742729E+05
   2.9100000000000000E+04   1.0321344982557296E+03   1.4703366436018637E+03   3.4632079966479610E+03   1.2586887580448376E+01   3.6622289941250259E+05
   2.9200000000000000E+04   1.0341141229755447E+03   1.4736702198817959E+03   3.4670050028068858E+03   1.2580976988888363E+01   3.6749833113961283E+05
   2.9300000000000000E+04   1.0348374010029356E+03   1.4770408157525865E+03   3.4565474348813118E+03   1.2575087373720027E+01   3.6878569584976952E+05
   2.9400000000000000E+04   1.0320097442747651E+03   1.4804480083823908E+03   3.4070169582498311E+03   1.2569218922076741E+01   3.7008486759148259E+05
   2.9500000000000000E+04   1.0297219296675521E+03   1.4838913665504633E+03   3.3643731992808980E+03   1.2563371819979482E+01   3.7139571804395388E+05
   2.9600000000000000E+04   1.0294307139101538E+03   1.4873704509748866E+03   3.3435509113276776E+03   1.2557546252080215E+01   3.7271809974743193E+05
   2.9700000000000000E+04   1.0322485000743422E+03   1.4908848146211806E+03   3.3555206268324428E+03   1.2551742401576224E+01   3.7405189672748768E+05
   2.9800000000000000E+04   1.0349114845403260E+03   1.4944340029710745E+03   3.3656825303011010E+03   1.2545960450466907E+01   3.7539694876345358E+05
   2.9900000000000000E+04   1.0335048447169152E+03   1.4980175543429809E+03   3.3329731733944773E+03   1.2540200579297018E+01   3.7675311883848300E+05
   3.0000000000000000E+04   1.0302744196588278E+03   1.5016350001923765E+03   3.2821924281648139E+03   1.2534462967071129E+01   3.7812025954015093E+05
   3.0100000000000000E+04   1.0323157854468977E+03   1.5052858653804128E+03   3.2854728583692417E+03   1.2528747791424733E+01   3.7949822154927452E+05
   3.0200000000000000E+04   1.0333692298155436E+03   1.5089696684872958E+03   3.2786404245012486E+03   1.2523055228367596E+01   3.8088687048625399E+05
   3.0300000000000000E+04   1.0325373018205373E+03   1.5126859220744925E+03   3.2529608012923195E+03   1.2517385452454830E+01   3.8228604502382188E+05
   3.0400000000000000E+04   1.0356095627935558E+03   1.5164341329623837E+03   3.2661261234861308E+03   1.2511738636786935E+01   3.8369558216938871E+05
   3.0500000000000000E+04   1.0318318277538147E+03   1.5202138025560948E+03   3.2118404597202357E+03   1.2506114952581946E+01   3.8511534243813279E+05
   3.0600000000000000E+04   1.0334208503735249E+03   1.5240244270569615E+03   3.2102469167595887E+03   1.2500514569688846E+01   3.8654515967010945E+05
   3.0700000000000000E+04   1.0304986535234448E+03   1.5278654977821245E+03   3.1655976999756167E+03   1.2494937656159715E+01   3.8798488295036595E+05
   3.0800000000000000E+04   1.0307578937300696E+03   1.5317365013882247E+03   3.1515307555761483E+03   1.2489384378592021E+01   3.8943434324740770E+05
   3.0900000000000000E+04   1.0304700927999518E+03   1.5356369202075423E+03   3.1324858122493588E+03   1.2483854901529639E+01   3.9089338688404014E+05
   3.1000000000000000E+04   1.0310426962328570E+03   1.5395662324216819E+03   3.1215045250446283E+03   1.2478349388147370E+01   3.9236184223843261E+05
   3.1100000000000000E+04   1.0297541295408769E+03   1.5435239123916729E+03   3.0937010620027222E+03   1.2472867999652024E+01   3.9383954483029811E+05
   3.1200000000000000E+04   1.0305569694434125E+03   1.5475094308777645E+03   3.0849966839223830E+03   1.2467410895539039E+01   3.9532633732397453E+05
   3.1300000000000000E+04   1.0310045711049040E+03   1.5515222552872351E+03   3.0731454203807593E+03   1.2461978233592577E+01   3.9682203644161095E+05
   3.1400000000000000E+04   1.0329548142844237E+03   1.5555618499528923E+03   3.0746335050210882E+03   1.2456570169628735E+01   3.9832649103705632E+05
   3.1500000000000000E+04   1.0311149611914848E+03   1.5596276763406272E+03   3.0427942126412631E+03   1.2451186857752329E+01   3.9983952417148568E+05
   3.1600000000000000E+04   1.0290208981607771E+03   1.5637191933095000E+03   3.0093601258313843E+03   1.2445828450185669E+01   4.0136095808090980E+05
   3.1700000000000000E+04   1.0309697766054448E+03   1.5678358573340654E+03   3.0107906638392633E+03   1.2440495097354209E+01   4.0289062244325626E+05
   3.1800000000000000E+04   1.0309757422379025E+03   1.5719771227819215E+03   2.9956860356093425E+03   1.2435186947544237E+01   4.0442836259667564E+05
   3.1900000000000000E+04   1.0303385820717197E+03   1.5761424420576318E+03   2.9753552291378714E+03   1.2429904147501846E+01   4.0597398210644425E+05
   3.2000000000000000E+04   1.0314216575181913E+03   1.5803312659327412E+03   2.9695014784750547E+03   1.2424646841662845E+01   4.0752731678402587E+05
   3.2100000000000000E+04   1.0277232937928463E+03   1.5845430436569338E+03   2.9245941732151832E+03   1.2419415172922845E+01   4.0908818546766113E+05
   3.2200000000000000E+04   1.0260481102261992E+03   1.5887772232825528E+03   2.8968856056968243E+03   1.2414209281867178E+01   4.1065642282880080E+05
   3.2300000000000000E+04   1.0281517632734367E+03   1.5930332517909760E+03   2.8995107470781513E+03   1.2409029307369835E+01   4.1223184675426141E+05
   3.2400000000000000E+04   1.0293809163558851E+03   1.5973105753494281E+03   2.8951490694674808E+03   1.2403875386251240E+01   4.1381426668530161E+05
   3.2500000000000000E+04   1.0284631986120748E+03   1.6016086395284397E+03   2.8739573356817768E+03   1.2398747653192640E+01   4.1540353228377673E+05
   3.2600000000000000E+04   1.0312958651123449E+03   1.6059268894515892E+03   2.8821725431002706E+03   1.2393646241078407E+01   4.1699944428572396E+05
   3.2700000000000000E+04   1.0269821410678867E+03   1.6102647700427119E+03   2.8351832869276604E+03   1.2388571280653744E+01   4.1860183559726697E+05
   3.2800000000000000E+04   1.0263851480599792E+03   1.6146217261932063E+03   2.8172742415286116E+03   1.2383522900695835E+01   4.2021053082200361E+05
   3.2900000000000000E+04   1.0295982983528081E+03   1.6189972029505664E+03   2.8281640026688960E+03   1.2378501228013850E+01   4.2182533039638755E+05
   3.3000000000000000E+04   1.0283441461360189E+03   1.6233906457431078E+03   2.8055022062044045E+03   1.2373506387192231E+01   4.2344607484841294E+05
   3.3100000000000000E+04   1.0296836556661683E+03   1.6278015005085492E+03   2.8023250170444544E+03   1.2368538500932946E+01   4.2507258059795533E+05
   3.3200000000000000E+04   1.0368072162505061E+03   1.6322292139246726E+03   2.8421976920276211E+03   1.2363597689713261E+01   4.2670467210838042E+05
   3.3300000000000000E+04   1.0301476647884072E+03   1.6366732335429274E+03   2.7797923062305740E+03   1.2358684072042422E+01   4.2834217389425763E+05
   3.3400000000000000E+04   1.0282854249663528E+03   1.6411330079575898E+03   2.7536261859388114E+03   1.2353797764461634E+01   4.2998488686307578E+05
   3.3500000000000000E+04   1.0279928266539484E+03   1.6456079870267413E+03   2.7390409346927927E+03   1.2348938881201830E+01   4.3163265962722769E+05
   3.3600000000000000E+04   1.0265546258181155E+03   1.6500976219517668E+03   2.7165975038920665E+03   1.2344107534697033E+01   4.3328528571590106E+05
   3.3700000000000000E+04   1.0292464646027879E+03   1.6546013655469933E+03   2.7232417995683550E+03   1.2339303834899864E+01   4.3494261412174534E+05
   3.3800000000000000E+04   1.0328965354743937E+03   1.6591186722543232E+03   2.7365655537574899E+03   1.2334527890137180E+01   4.3660444696104620E+05
   3.3900000000000000E+04   1.0326857833845445E+03   1.6636489984346208E+03   2.7228634383844669E+03   1.2329779806254408E+01   4.3827061812802288E+05
   3.4000000000000000E+04   1.0312831380509078E+03   1.6681918024159743E+03   2.7011378131923980E+03   1.2325059687214535E+01   4.3994094625789172E+05
   3.4100000000000000E+04   1.0308036894276163E+03   1.6727465446793394E+03   2.6860230558320109E+03   1.2320367634841377E+01   4.4161525050113926E+05
   3.4200000000000000E+04   1.0296242315257018E+03   1.6773126879983467E+03   2.6664081629831348E+03   1.2315703748819598E+01   4.4329336598724074E+05
   3.4300000000000000E+04   1.0280159903902299E+03   1.6818896975606156E+03   2.6442560454787595E+03   1.2311068126780274E+01   4.4497510518021835E+05
   3.4400000000000000E+04   1.0284209800305878E+03   1.6864770411144841E+03   2.6356544282340742E+03   1.2306460864215325E+01   4.4666030426161789E+05
   3.4500000000000000E+04   1.0277472261496214E+03   1.6910741890827367E+03   2.6201208516504234E+03   1.2301882054563093E+01   4.4834878461387026E+05
   3.4600000000000000E+04   1.0328744854669744E+03   1.6956806146871552E+03   2.6424397198498200E+03   1.2297331789208297E+01   4.5004036072541150E+05
   3.4700000000000000E+04   1.0308652661255639E+03   1.7002957941149525E+03   2.6183088505940855E+03   1.2292810157225388E+01   4.5173488584953424E+05
   3.4800000000000000E+04   1.0334959946573463E+03   1.7049192065459740E+03   2.6243167349298037E+03   1.2288317245891948E+01   4.5343216072133841E+05
   3.4900000000000000E+04   1.0239888977210578E+03   1.7095503343418331E+03   2.5534700013030315E+03   1.2283853140260799E+01   4.5513203237618430E+05
   3.5000000000000000E+04   1.0256692513554819E+03   1.7141886631416637E+03   2.5535817476015718E+03   1.2279417923245635E+01   4.5683431840268848E+05
   3.5100000000000000E+04   1.0260147674694110E+03   1.7188336819537926E+03   2.5454685252363570E+03   1.2275011675706546E+01   4.5853885979335511E+05
   3.5200000000000000E+04   1.0283806141517325E+03   1.7234848832276864E+03   2.5498310419688219E+03   1.2270634476621165E+01   4.6024546848649334E+05
   3.5300000000000000E+04   1.0257393125799035E+03   1.7281417630473572E+03   2.5236571183502078E+03   1.2266286402571273E+01   4.6195399466567172E+05
   3.5400000000000000E+04   1.0242465268770313E+03   1.7328038211346382E+03   2.5048338503324189E+03   1.2261967528256193E+01   4.6366427439483034E+05
   3.5500000000000000E+04   1.0187537763914582E+03   1.7374705609572518E+03   2.4627986062876616E+03   1.2257677926407242E+01   4.6537612994384608E+05
   3.5600000000000000E+04   1.0187384337804662E+03   1.7421414898662094E+03   2.4533853954301080E+03   1.2253417667530972E+01   4.6708940671958850E+05
   3.5700000000000000E+04   1.0203671966377129E+03   1.7468161191348395E+03   2.4535708035691059E+03   1.2249186820165958E+01   4.6880392911043187E+05
   3.5800000000000000E+04   1.0217233059051739E+03   1.7514939640415696E+03   2.4521980751917831E+03   1.2244985450882726E+01   4.7051952999582532E+05
   3.5900000000000000E+04   1.0229944491647231E+03   1.7561745439983765E+03   2.4503622274174490E+03   1.2240813624027078E+01   4.7223607229046087E+05
   3.6000000000000000E+04   1.0181553560206677E+03   1.7608573825466149E+03   2.4139241730825352E+03   1.2236671402147950E+01   4.7395337643151800E+05
   3.6100000000000000E+04   1.0172062916108520E+03   1.7655420075117677E+03   2.3998860404278971E+03   1.2232558845569518E+01   4.7567129294435988E+05
   3.6200000000000000E+04   1.0168936772202817E+03   1.7702279509756268E+03   2.3895549071624291E+03   1.2228476012904677E+01   4.7738965193457220E+05
   3.6300000000000000E+04   1.0185928447878687E+03   1.7749147494586396E+03   2.3904047373770222E+03   1.2224422960455989E+01   4.7910830617163150E+05
   3.6400000000000000E+04   1.0192151566794880E+03   1.7796019438687283E+03   2.3853613774010532E+03   1.2220399742814722E+01   4.8082709530735621E+05
   3.6500000000000000E+04   1.0164116671306394E+03   1.7842890796620709E+03   2.3617991732867704E+03   1.2216406412347411E+01   4.8254587434666191E+05
   3.6600000000000000E+04   1.0165315156094885E+03   1.7889757068013398E+03   2.3542803575457924E+03   1.2212443019709266E+01   4.8426448535369174E+05
   3.6700000000000000E+04   1.0552922993833513E+03   1.7936613798947453E+03   2.5635377914162696E+03   1.2208509613416350E+01   4.8598277174451313E+05
   3.6800000000000000E+04   1.0161734583977432E+03   1.7983456581642524E+03   2.3363539734560381E+03   1.2204606240273392E+01   4.8770058520222787E+05
   3.6900000000000000E+04   1.0281610047725155E+03   1.8030281056140918E+03   2.3924143723328434E+03   1.2200732944774842E+01   4.8941778555463155E+05
   3.7000000000000000E+04   1.0165865770716506E+03   1.8077082909074566E+03   2.3228941282466931E+03   1.2196889769960489E+01   4.9113420634956402E+05
   3.7100000000000000E+04   1.0190192865294656E+03   1.8123857875813692E+03   2.3278725150716759E+03   1.2193076756559890E+01   4.9284973051899375E+05
   3.7200000000000000E+04   1.0215301932091101E+03   1.8170601739165015E+03   2.3332644596033592E+03   1.2189293943847932E+01   4.9456418074877269E+05
   3.7300000000000000E+04   1.0184374290891003E+03   1.8217310331483893E+03   2.3096400376101337E+03   1.2185541368789234E+01   4.9627743567011395E+05
   3.7400000000000000E+04   1.0161997922174813E+03   1.8263979533655886E+03   2.2907793546291000E+03   1.2181819066722666E+01   4.9798935469415021E+05
   3.7500000000000000E+04   1.0159668950003141E+03   1.8310605275950920E+03   2.2823106504418811E+03   1.2178127071104599E+01   4.9969979192139272E+05
   3.7600000000000000E+04   1.0161454420678104E+03   1.8357183537983938E+03   2.2760108483742288E+03   1.2174465413680121E+01   5.0140860295149841E+05
   3.7700000000000000E+04   1.0176998527280203E+03   1.8403710349706109E+03   2.2766633518739295E+03   1.2170834124140720E+01   5.0311565809274832E+05
   3.7800000000000000E+04   1.0209368759103808E+03   1.8450181790966569E+03   2.2857539522881498E+03   1.2167233230466554E+01   5.0482081579093647E+05
   3.7900000000000000E+04   1.0221711332068347E+03   1.8496593991748525E+03   2.2848281019302167E+03   1.2163662758926446E+01   5.0652395555843000E+05
   3.8000000000000000E+04   1.0164982104551323E+03   1.8542943132382848E+03   2.2498157305844047E+03   1.2160122734077920E+01   5.0822491920632613E+05
   3.8100000000000000E+04   1.0541601360952338E+03   1.8589225444459539E+03   2.4350069313745071E+03   1.2156613178424889E+01   5.0992360203037702E+05
   3.8200000000000000E+04   1.0133277428682635E+03   1.8635437209927850E+03   2.2210598261108821E+03   1.2153134112931076E+01   5.1161986818152841E+05
   3.8300000000000000E+04   1.0132916411520780E+03   1.8681574761419952E+03   2.2143689424116169E+03   1.2149685556934461E+01   5.1331358340640971E+05
   3.8400000000000000E+04   1.0177450596750498E+03   1.8727634482921906E+03   2.2291868488606888E+03   1.2146267527890545E+01   5.1500461507843202E+05
   3.8500000000000000E+04   1.0249008835355314E+03   1.8773612809523645E+03   2.2571244850716876E+03   1.2142880041543522E+01   5.1669285726247897E+05
   3.8600000000000000E+04   1.0107622967952439E+03   1.8819506226958376E+03   2.1834598528221486E+03   1.2139523112182959E+01   5.1837816764502955E+05
   3.8700000000000000E+04   1.0099912344987780E+03   1.8865311272765412E+03   2.1737514947782220E+03   1.2136196752130388E+01   5.2006043682370934E+05
   3.8800000000000000E+04   1.0037383384858160E+03   1.8911024535428692E+03   2.1391129102662967E+03   1.2132900972167159E+01   5.2173955040649144E+05
   3.8900000000000000E+04   1.0091913838513232E+03   1.8956642654033571E+03   2.1580897545004277E+03   1.2129635781705545E+01   5.2341537091415183E+05
   3.9000000000000000E+04   1.0076391573823574E+03   1.9002162319568617E+03   2.1451730470738926E+03   1.2126401188189821E+01   5.2508779318772769E+05
   3.9100000000000000E+04   1.0146215167934693E+03   1.9047580274001637E+03   2.1711371861020211E+03   1.2123197197524059E+01   5.2675670721978403E+05
   3.9200000000000000E+04   1.0091434453703271E+03   1.9092893309694693E+03   2.1404828311589554E+03   1.2120023814328823E+01   5.2842198641405208E+05
   3.9300000000000000E+04   1.0053696260904652E+03   1.9138098270664937E+03   2.1180109248565400E+03   1.2116881041342246E+01   5.3008352384631580E+05
   3.9400000000000000E+04   1.0127549941922059E+03   1.9183192051787591E+03   2.1453888436945522E+03   1.2113768879762246E+01   5.3174122572024481E+05
   3.9500000000000000E+04   1.0030967428960355E+03   1.9228171597970090E+03   2.0971282084571330E+03   1.2110687329588828E+01   5.3339495248524297E+05
   3.9600000000000000E+04   1.0131472029231857E+03   1.9273033905564516E+03   2.1360048378406714E+03   1.2107636388939536E+01   5.3504461921347259E+05
   3.9700000000000000E+04   1.0210854351401171E+03   1.9317776021139975E+03   2.1659459090363252E+03   1.2104616054562843E+01   5.3669011878582637E+05
   3.9800000000000000E+04   1.0056142422427993E+03   1.9362395041361099E+03   2.0922600121461446E+03   1.2101626321838184E+01   5.3833133990819100E+05
   3.9900000000000000E+04   1.0042254780345347E+03   1.9406888113233797E+03   2.0811163448578659E+03   1.2098667184604791E+01   5.3996818434599868E+05
   4.0000000000000000E+04   1.0032388640449476E+03   1.9451252433771187E+03   2.0718265837695185E+03   1.2095738635247260E+01   5.4160054961216729E+05
   4.0100000000000000E+04   1.0001956673751845E+03   1.9495485249643802E+03   2.0539570428625912E+03   1.2092840664781136E+01   5.4322833476710203E+05
   4.0200000000000000E+04   1.0001058966615002E+03   1.9539583857389821E+03   2.0487080819998832E+03   1.2089973262681779E+01   5.4485145149061200E+05
   4.0300000000000000E+04   1.0003964576419285E+03   1.9583545602273055E+03   2.0451113254023633E+03   1.2087136417312172E+01   5.4646979069622618E+05
   4.0400000000000000E+04   9.9817449771775421E+02   1.9627367879621231E+03   2.0311324911736958E+03   1.2084330115238430E+01   5.4808327787280851E+05
   4.0500000000000000E+04   9.9548852125403755E+02   1.9671048132504070E+03   2.0154358030275432E+03   1.2081554342170977E+01   5.4969179616159841E+05
   4.0600000000000000E+04   9.9398638090212967E+02   1.9714583853243887E+03   2.0047661484545347E+03   1.2078809082194496E+01   5.5129526843171497E+05
   4.0700000000000000E+04   9.9125191683919195E+02   1.9757972582610985E+03   1.9892560932830156E+03   1.2076094318024618E+01   5.5289360795717884E+05
   4.0800000000000000E+04   9.9013341637677308E+02   1.9801211909000851E+03   1.9804124960330794E+03   1.2073410031264590E+01   5.5448671886312193E+05
   4.0900000000000000E+04   9.9540049468648328E+02   1.9844299468763870E+03   1.9972130722879112E+03   1.2070756202148617E+01   5.5607451742966427E+05
   4.1000000000000000E+04   9.8826914638327719E+02   1.9887232945751980E+03   1.9645016978282754E+03   1.2068132809627404E+01   5.5765692130072077E+05
   4.1100000000000000E+04   9.8623965778933837E+02   1.9930010070658334E+03   1.9523759355630489E+03   1.2065539831539295E+01   5.5923384436518489E+05
   4.1200000000000000E+04   1.0431280801128894E+03   1.9972628621520344E+03   2.1835499701885419E+03   1.2062977244268014E+01   5.6080520713491400E+05
   4.1300000000000000E+04   9.8870520510023346E+02   2.0015086422259078E+03   1.9538855616820958E+03   1.2060445023256046E+01   5.6237092644806299E+05
   4.1400000000000000E+04   9.9144563150463659E+02   2.0057381343559530E+03   1.9605590159241992E+03   1.2057943142491252E+01   5.6393092567054927E+05
   4.1500000000000000E+04   9.8929514322602188E+02   2.0099511301587363E+03   1.9481930411865374E+03   1.2055471574934701E+01   5.6548512950659054E+05
   4.1600000000000000E+04   9.8515949888474483E+02   2.0141474257872942E+03   1.9283573857291028E+03   1.2053030292435112E+01   5.6703345913655474E+05
   4.1700000000000000E+04   9.8118050275889493E+02   2.0183268219191214E+03   1.9094151801703761E+03   1.2050619265643261E+01   5.6857583728182025E+05
   4.1800000000000000E+04   9.8225598031264985E+02   2.0224891237238755E+03   1.9097661418289601E+03   1.2048238464012000E+01   5.7011220250865479E+05
   4.1900000000000000E+04   9.7832367020445417E+02   2.0266341407907416E+03   1.8913329651960682E+03   1.2045887855967377E+01   5.7164247544269986E+05
   4.2000000000000000E+04   9.8431519664345058E+02   2.0307616871144987E+03   1.9101880579563149E+03   1.2043567408823117E+01   5.7316658777343598E+05
   4.2100000000000000E+04   9.9158565274853652E+02   2.0348715810214724E+03   1.9340330490863823E+03   1.2041277088951665E+01   5.7468447250576655E+05
   4.2200000000000000E+04   9.7860371013850477E+02   2.0389636452143452E+03   1.8817547910291187E+03   1.2039016861441995E+01   5.7619606398169650E+05
   4.2300000000000000E+04   9.8686036135238703E+02   2.0430377066172964E+03   1.9089530166955039E+03   1.2036786690613015E+01   5.7770129331828724E+05
   4.2400000000000000E+04   9.9006149032907024E+02   2.0470935964598898E+03   1.9173954369020298E+03   1.2034586539500083E+01   5.7920009763219545E+05
   4.2500000000000000E+04   9.8857869778265911E+02   2.0511311501409918E+03   1.9083336139193352E+03   1.2032416370282929E+01   5.8069241974922968E+05
   4.2600000000000000E+04   9.8626797769529685E+02   2.0551502072119224E+03   1.8963069857037469E+03   1.2030276144200053E+01   5.8217819485547906E+05
   4.2700000000000000E+04   9.8402734426187169E+02   2.0591506113594032E+03   1.8846773849490014E+03   1.2028165821463149E+01   5.8365735963767208E+05
   4.2800000000000000E+04   9.7674081533476112E+02   2.0631322103681910E+03   1.8548981946202052E+03   1.2026085361257135E+01   5.8512986506876256E+05
   4.2900000000000000E+04   9.7598539984899901E+02   2.0670948560430566E+03   1.8489935983491107E+03   1.2024034721911242E+01   5.8659565035027720E+05
   4.3000000000000000E+04   1.0081554221171835E+03   2.0710384041503407E+03   1.9644011917127020E+03   1.2022013860984615E+01   5.8805465199483710E+05
   4.3100000000000000E+04   9.7414564211201321E+02   2.0749627144803721E+03   1.8361959825960882E+03   1.2020022734838475E+01   5.8950682464842370E+05
   4.3200000000000000E+04   9.6992847463402097E+02   2.0788676506877769E+03   1.8182718880695975E+03   1.2018061299149526E+01   5.9095211567712773E+05
   4.3300000000000000E+04   9.7208542485176145E+02   2.0827530803130348E+03   1.8228800514556851E+03   1.2016129508653208E+01   5.9239047370877245E+05
   4.3400000000000000E+04   9.6591294825067257E+02   2.0866188747028314E+03   1.7984130730174652E+03   1.2014227317314894E+01   5.9382184070980968E+05
   4.3500000000000000E+04   9.9864383248213539E+02   2.0904649090111975E+03   1.9120622721820046E+03   1.2012354678158738E+01   5.9524617980563152E+05
   4.3600000000000000E+04   9.6385964636664448E+02   2.0942910621194524E+03   1.7856922714581460E+03   1.2010511543438751E+01   5.9666343549603235E+05
   4.3700000000000000E+04   9.6146596991588331E+02   2.0980972166167689E+03   1.7747612351916218E+03   1.2008697864553325E+01   5.9807356909954734E+05
   4.3800000000000000E+04   9.9198440516011817E+02   2.1018832586993117E+03   1.8785814648318483E+03   1.2006913592301881E+01   5.9947652776412806E+05
   4.3900000000000000E+04   9.6574783746200035E+02   2.1056490782319934E+03   1.7839493203663624E+03   1.2005158676457018E+01   6.0087226766380144E+05
   4.4000000000000000E+04   9.8290547267334762E+02   2.1093945686270972E+03   1.8405286593347851E+03   1.2003433066106849E+01   6.0226075706531410E+05
   4.4100000000000000E+04   9.6395681446665606E+02   2.1131196267836622E+03   1.7725565448070183E+03   1.2001736709740483E+01   6.0364194331725570E+05
   4.4200000000000000E+04   9.9057344791009632E+02   2.1168241531084668E+03   1.8618144168839335E+03   1.2000069554991393E+01   6.0501578970419767E+05
   4.4300000000000000E+04   9.6945711623021793E+02   2.1205080514350611E+03   1.7859692891186867E+03   1.1998431548808503E+01   6.0638226047784486E+05
   4.4400000000000000E+04   9.6231373327756262E+02   2.1241712290039668E+03   1.7593544415062654E+03   1.1996822637370663E+01   6.0774131743674318E+05
   4.4500000000000000E+04   9.8487332233883001E+02   2.1278135963610603E+03   1.8335401189345889E+03   1.1995242766343303E+01   6.0909292017626308E+05
   4.4600000000000000E+04   9.8265914896955383E+02   2.1314350674197199E+03   1.8232225587216501E+03   1.1993691880450639E+01   6.1043704290809820E+05
   4.4700000000000000E+04   9.6751702686201781E+02   2.1350355592567425E+03   1.7692937621296662E+03   1.1992169924160182E+01   6.1177364081014448E+05
   4.4800000000000000E+04   9.5580015391315555E+02   2.1386149922566565E+03   1.7281559822352103E+03   1.1990676840912650E+01   6.1310268367036944E+05
   4.4900000000000000E+04   9.5339081596053893E+02   2.1421732899487038E+03   1.7180000424984391E+03   1.1989212573635360E+01   6.1442414846568089E+05
   4.5000000000000000E+04   9.6398828945847913E+02   2.1457103789256275E+03   1.7503605088625393E+03   1.1987777064913375E+01   6.1573799410974758E+05
   4.5100000000000000E+04   1.0031441876923204E+03   2.1492261889681422E+03   1.8811775746407861E+03   1.1986370256304950E+01   6.1704419647792552E+05
   4.5200000000000000E+04   9.6074796220287260E+02   2.1527206528201991E+03   1.7351253067030464E+03   1.1984992089111650E+01   6.1834272614216653E+05
   4.5300000000000000E+04   1.0573686542855951E+03   2.1561937062520492E+03   2.0748449750747050E+03   1.1983642503950508E+01   6.1963355186809623E+05
   4.5400000000000000E+04   9.4356607240564699E+02   2.1596452880207707E+03   1.6756869092416534E+03   1.1982321440754019E+01   6.2091665519904846E+05
   4.5500000000000000E+04   9.9899426545052052E+02   2.1630753397278681E+03   1.8563138838650450E+03   1.1981028839197993E+01   6.2219200404239271E+05
   4.5600000000000000E+04   9.6894942979176960E+02   2.1664838059242115E+03   1.7529461285136456E+03   1.1979764638102569E+01   6.2345957885679859E+05
   4.5700000000000000E+04   9.6767896561676446E+02   2.1698706339267133E+03   1.7465918504594399E+03   1.1978528776031194E+01   6.2471935531635676E+05
   4.5800000000000000E+04   9.5030707624041770E+02   2.1732357738824735E+03   1.6887667598620858E+03   1.1977321190862765E+01   6.2597131017074129E+05
   4.5900000000000000E+04   9.4939737793375468E+02   2.1765791786269133E+03   1.6838895132623334E+03   1.1976141820219514E+01   6.2721542120713345E+05
   4.6000000000000000E+04   9.5124007827006017E+02   2.1799008037690623E+03   1.6876986202648291E+03   1.1974990600953557E+01   6.2845166980445199E+05
   4.6100000000000000E+04   9.4644295201598823E+02   2.1832006075500644E+03   1.6707192541779659E+03   1.1973867469574728E+01   6.2968004061073426E+05
   4.6200000000000000E+04   9.5398466714998528E+02   2.1864785508050149E+03   1.6923954270138433E+03   1.1972772362250648E+01   6.3090050679083681E+05
   4.6300000000000000E+04   9.6665936425583811E+02   2.1897345969870635E+03   1.7306600581598780E+03   1.1971705214549905E+01   6.3211305969620182E+05
   4.6400000000000000E+04   9.5703415135224566E+02   2.1929687120677831E+03   1.6981044280214651E+03   1.1970665961698874E+01   6.3331767699912959E+05
   4.6500000000000000E+04   9.6304039864277308E+02   2.1961808645410924E+03   1.7151419110543409E+03   1.1969654538410525E+01   6.3451434679310722E+05
   4.6600000000000000E+04   9.4070290518768888E+02   2.1993710253447630E+03   1.6437650878686368E+03   1.1968670879055548E+01   6.3570305552551593E+05
   4.6700000000000000E+04   9.4598868625362331E+02   2.2025391678028068E+03   1.6581722456571053E+03   1.1967714917747939E+01   6.3688378402317571E+05
   4.6800000000000000E+04   9.3564233796087672E+02   2.2056852676922485E+03   1.6249313092951434E+03   1.1966786587917158E+01   6.3805652490163350E+05
   4.6900000000000000E+04   9.3575780258041948E+02   2.2088093030619693E+03   1.6235875288396564E+03   1.1965885822907129E+01   6.3922126300704619E+05
   4.7000000000000000E+04   9.8429175890257159E+02   2.2119112543207225E+03   1.7734860249267649E+03   1.1965012555462769E+01   6.4037798829710518E+05
   4.7100000000000000E+04   9.6413578454624189E+02   2.2149911041185587E+03   1.7072735371685233E+03   1.1964166718072333E+01   6.4152669522817072E+05
   4.7200000000000000E+04   1.0441636543197460E+03   2.2180488372905934E+03   1.9729408063092710E+03   1.1963348243052911E+01   6.4266736749920540E+05
   4.7300000000000000E+04   9.6326343384837787E+02   2.2210844409045344E+03   1.7009490328200463E+03   1.1962557062208228E+01   6.4379999933209165E+05
   4.7400000000000000E+04   9.5655356730006406E+02   2.2240979042050444E+03   1.6784176476908624E+03   1.1961793106914168E+01   6.4492458370700316E+05
   4.7500000000000000E+04   9.6334678240577784E+02   2.2270892184756271E+03   1.6977029270468452E+03   1.1961056308546580E+01   6.4604111261445994E+05
   4.7600000000000000E+04   9.2283932448867893E+02   2.2300583771284419E+03   1.5743234174591400E+03   1.1960346597967975E+01   6.4714958217314840E+05
   4.7700000000000000E+04   9.2081296721383399E+02   2.2330053756081943E+03   1.5669807968438331E+03   1.1959663905784128E+01   6.4824998431895219E+05
   4.7800000000000000E+04   9.2332162827294690E+02   2.2359302113584172E+03   1.5728090994219103E+03   1.1959008162344116E+01   6.4934231656381057E+05
   4.7900000000000000E+04   9.2144704866267102E+02   2.2388328837673666E+03   1.5659542544211643E+03   1.1958379297825896E+01   6.5042657256765803E+05
   4.8000000000000000E+04   9.1949646763461669E+02   2.2417133942177070E+03   1.5589329602360497E+03   1.1957777241894007E+01   6.5150275258071651E+05
   4.8100000000000000E+04   9.1783205859042062E+02   2.2445717459295925E+03   1.5527838097254355E+03   1.1957201924213027E+01   6.5257085309100710E+05
   4.8200000000000000E+04   9.9680201491091134E+02   2.2474079439903226E+03   1.7913082888911304E+03   1.1956653274190801E+01   6.5363087021177530E+05
   4.8300000000000000E+04   9.1020198926973785E+02   2.2502219953635727E+03   1.5284522075523553E+03   1.1956131220807345E+01   6.5468280590849090E+05
   4.8400000000000000E+04   9.3467461273182187E+02   2.2530139087542011E+03   1.5973390985142071E+03   1.1955635693042691E+01   6.5572665776877396E+05
   4.8500000000000000E+04   9.4670722166783833E+02   2.2557836946388593E+03   1.6313536743872417E+03   1.1955166619620162E+01   6.5676242659879394E+05
   4.8600000000000000E+04   9.1341374192689318E+02   2.2585313652761747E+03   1.5336752339021887E+03   1.1954723928835250E+01   6.5779011583245499E+05
   4.8700000000000000E+04   9.1319077072167227E+02   2.2612569345313050E+03   1.5317934818635295E+03   1.1954307549154588E+01   6.5880972425918723E+05
   4.8800000000000000E+04   9.0847524526486734E+02   2.2639604180108054E+03   1.5173548463505178E+03   1.1953917408531398E+01   6.5982125553842587E+05
   4.8900000000000000E+04   9.3922598290604708E+02   2.2666418328878890E+03   1.6037844533943253E+03   1.1953553435004480E+01   6.6082471282032016E+05
   4.9000000000000000E+04   9.2354779297866628E+02   2.2693011979759358E+03   1.5573492923830063E+03   1.1953215556270358E+01   6.6182009906875552E+05
   4.9100000000000000E+04   9.1125778063292216E+02   2.2719385336370901E+03   1.5215337332622712E+03   1.1952903699940007E+01   6.6280741874834429E+05
   4.9200000000000000E+04   9.0114880493395083E+02   2.2745538617738139E+03   1.4924304261786101E+03   1.1952617793453255E+01   6.6378667752382020E+05
   4.9300000000000000E+04   9.2509944045252325E+02   2.2771472057795027E+03   1.5580718817172760E+03   1.1952357764164356E+01   6.6475787960138288E+05
   4.9400000000000000E+04   8.9862166074290974E+02   2.2797185905719075E+03   1.4833169646824595E+03   1.1952123539085330E+01   6.6572103179785493E+05
   4.9500000000000000E+04   8.9722171287958770E+02   2.2822680424413606E+03   1.4784346188170264E+03   1.1951915045399286E+01   6.6667614073146915E+05
   4.9600000000000000E+04   8.9940984306131895E+02   2.2847955891467136E+03   1.4833180203190657E+03   1.1951732209947119E+01   6.6762321315332456E+05
   4.9700000000000000E+04   8.9999640245817136E+02   2.2873012598260893E+03   1.4838576353629719E+03   1.1951574959484109E+01   6.6856225760116125E+05
   4.9800000000000000E+04   8.9887164862411248E+02   2.2897850849286588E+03   1.4797634709411709E+03   1.1951443220851131E+01   6.6949328092084161E+05
   4.9900000000000000E+04   9.0027834337544721E+02   2.2922470962908501E+03   1.4825479481013356E+03   1.1951336920546794E+01   6.7041629300449078E+05
   5.0000000000000000E+04   8.9407271747765537E+02   2.2946873270276064E+03   1.4647978967578667E+03   1.1951255985069691E+01   6.7133130301600450E+05


