#Te   kappa_tot   kappa_e_ph  kappa_e_e mu Ce
#[K]  [W/(K*m)]   [W/(K*m)]   [W/(K*m)]   [eV]  [J/(m^3*K)]
   3.0000000000000000E+02   9.5296194193879494E-20   5.1776945287880978E-05   9.5296194193879662E-20   1.0422919166622568E+00   1.4655535534370960E+01
   4.0000000000000000E+02   3.7306528352650055E-13   6.7030383436088704E-04   3.7306528373413430E-13   1.0422919166622568E+00   1.0369023152479625E+02
   5.0000000000000000E+02   3.0626890719226052E-09   4.0402861240199529E-03   3.0626913935580472E-09   1.0380462586417019E+00   3.3092781901572852E+02
   6.0000000000000000E+02   1.1778542737702484E-06   1.9533428306600004E-02   1.1779253019752993E-06   1.0335996039675452E+00   7.3886827450410169E+02
   7.0000000000000000E+02   7.9873409116698282E-05   7.4423088718627239E-02   7.9959224096012307E-05   1.0288888637847922E+00   1.3423019888694853E+03
   8.0000000000000000E+02   1.8274534732695808E-03   2.2226309966011301E-01   1.8426034104722707E-03   1.0238069217774561E+00   2.1454429481086418E+03
   9.0000000000000000E+02   1.9790892293884463E-02   5.4241076101015118E-01   2.0540346038821936E-02   1.0182684474951496E+00   3.1528540490795099E+03
   1.0000000000000000E+03   1.2365496173370655E-01   1.1321310879356250E+00   1.3881699597932728E-01   1.0122138790351971E+00   4.3753183769751531E+03
   1.1000000000000000E+03   5.0144725380532373E-01   2.0961326762661945E+00   6.5912684678791444E-01   1.0056075704019543E+00   5.8303355197300061E+03
   1.2000000000000000E+03   1.4188932082777879E+00   3.5372440502541402E+00   2.3692824906397831E+00   9.9843313266037392E-01   7.5398317647919594E+03
   1.3000000000000000E+03   3.0871750513938809E+00   5.5497809298786356E+00   6.9573232879493121E+00   9.9068846053695092E-01   9.5268758914912760E+03
   1.4000000000000000E+03   5.5907949610007863E+00   8.2156578087605130E+00   1.7498841250973257E+01   9.8238154911742270E-01   1.1812877394793226E+04
   1.5000000000000000E+03   8.9133026589556472E+00   1.1602631961699919E+01   3.8454855717956562E+01   9.7352736751561531E-01   1.4415673076600304E+04
   1.6000000000000000E+03   1.3054532147569267E+01   1.5763945599379259E+01   7.5954053620776619E+01   9.6414575483833242E-01   1.7348685456024195E+04
   1.7000000000000000E+03   1.8004096150620775E+01   2.0738769679749932E+01   1.3653651866762263E+02   9.5426010748540646E-01   2.0621009726028755E+04
   1.8000000000000000E+03   2.3809458484230039E+01   2.6553061362629560E+01   2.3043204142996919E+02   9.4389665840311654E-01   2.4238070926891069E+04
   1.9000000000000000E+03   3.0453647344974403E+01   3.3220633714756573E+01   3.6562864016038048E+02   9.3308414921880745E-01   2.8202633523196244E+04
   2.0000000000000000E+03   3.7957534951620069E+01   4.0744362456726833E+01   5.5495202311541618E+02   9.2185373767076839E-01   3.2515941087573043E+04
   2.1000000000000000E+03   4.6270810355361093E+01   4.9117516963346162E+01   7.9836373237840382E+02   9.1023902609134966E-01   3.7178801617998615E+04
   2.2000000000000000E+03   5.5454382335188946E+01   5.8325216840470851E+01   1.1266371741399512E+03   8.9827611837318344E-01   4.2192487168327796E+04
   2.3000000000000000E+03   6.5383249461103802E+01   6.8345998866805189E+01   1.5082893899083419E+03   8.8600364241511798E-01   4.7559400629527372E+04
   2.4000000000000000E+03   7.6142031682622147E+01   7.9153452814079415E+01   2.0013490139262135E+03   8.7346268262962379E-01   5.3283478434296572E+04
   2.5000000000000000E+03   8.7616827085165497E+01   9.0717858534277624E+01   2.5631506984587554E+03   8.6069659495736317E-01   5.9370279668542789E+04
   2.6000000000000000E+03   9.9837435120619105E+01   1.0300774383669331E+02   3.2438572590974427E+03   8.4775067729901010E-01   6.5826846959774819E+04
   2.7000000000000000E+03   1.1269509906034155E+02   1.1599128077629862E+02   3.9656942497860509E+03   8.3467169288751719E-01   7.2661335402751909E+04
   2.8000000000000000E+03   1.2625284038088033E+02   1.2963745096527063E+02   4.8357398867647762E+03   8.2150725078042897E-01   7.9882480423959278E+04
   2.9000000000000000E+03   1.4040771270437349E+02   1.4391693127954744E+02   5.7582754415324780E+03   8.0830506901415355E-01   8.7498975042231788E+04
   3.0000000000000000E+03   1.5519788674830491E+02   1.5880267898006912E+02   6.8369655178751700E+03   7.9511215385689415E-01   9.5518820490404294E+04
   3.1000000000000000E+03   1.7051245668253520E+02   1.7427022225577602E+02   7.9076895948611582E+03   7.8197394376729012E-01   1.0394870364150427E+05
   3.2000000000000000E+03   1.8639320824767859E+02   1.9029768691473842E+02   9.0844897387697256E+03   7.6893347007140633E-01   1.1279349483271402E+05
   3.3000000000000000E+03   2.0279875062729784E+02   2.0686560764051052E+02   1.0315604074831088E+04   7.5603058962149972E-01   1.2205584730208528E+05
   3.4000000000000000E+03   2.1971274652315341E+02   2.2395658282517678E+02   1.1594725246824337E+04   7.4330133711481694E-01   1.3173596243529284E+05
   3.5000000000000000E+03   2.3714304830094014E+02   2.4155483441218146E+02   1.2984094949293893E+04   7.3077743329551126E-01   1.4183152961307761E+05
   3.6000000000000000E+03   2.5503930493474525E+02   2.5964572908903926E+02   1.4375546857623676E+04   7.1848597442680062E-01   1.5233775352407372E+05
   3.7000000000000000E+03   2.7344607893828561E+02   2.7821530892016244E+02   1.5951607620918949E+04   7.0644930411696449E-01   1.6324756145904015E+05
   3.8000000000000000E+03   2.9229691343761931E+02   2.9724986597173807E+02   1.7542105995317088E+04   6.9468506270038788E-01   1.7455183203915297E+05
   3.9000000000000000E+03   3.1156731569174821E+02   3.1673558409901409E+02   1.9094297730948168E+04   6.8320638816734636E-01   1.8623969278679718E+05
   4.0000000000000000E+03   3.3127954509615955E+02   3.3665825879904958E+02   2.0735068082893154E+04   6.7202223907580516E-01   1.9829884367568139E+05
   4.1000000000000000E+03   3.5137836638782375E+02   3.5700309676556060E+02   2.2302076101886083E+04   6.6113780523455623E-01   2.1071585052838403E+05
   4.2000000000000000E+03   3.7185806327935200E+02   3.7775459029853255E+02   2.3822682383437656E+04   6.5055497008938967E-01   2.2347643190537929E+05
   4.3000000000000000E+03   3.9273555214960692E+02   3.9889645704437862E+02   2.5428215981842684E+04   6.4027279509080059E-01   2.3656569755573367E+05
   4.4000000000000000E+03   4.1396907841299054E+02   4.2041163391993729E+02   2.7013724051004076E+04   6.3028799856631135E-01   2.4996836185264206E+05
   4.5000000000000000E+03   4.3550480411225413E+02   4.4228231326672443E+02   2.8419891115085182E+04   6.2059541044407052E-01   2.6366890435669391E+05
   4.6000000000000000E+03   4.5742262480684929E+02   4.6449001028100889E+02   3.0063202364742214E+04   6.1118838819916688E-01   2.7765171003877354E+05
   4.7000000000000000E+03   4.7968036891682533E+02   4.8701565173201328E+02   3.1847694680207591E+04   6.0205918736628961E-01   2.9190117175766133E+05
   4.8000000000000000E+03   5.0216405436406916E+02   5.0983967811518477E+02   3.3355355621851784E+04   5.9319928096854158E-01   3.0640177380001667E+05
   4.9000000000000000E+03   5.2492718035917596E+02   5.3294215227056770E+02   3.4904154921406516E+04   5.8459963072620136E-01   3.2113813786996360E+05
   5.0000000000000000E+03   5.4791887393790341E+02   5.5630286983992914E+02   3.6356034231537356E+04   5.7625090981323934E-01   3.3609508591851179E+05
   5.1000000000000000E+03   5.7111786545342295E+02   5.7990146752462931E+02   3.7705725466737618E+04   5.6814368327615916E-01   3.5125765330935706E+05
   5.2000000000000000E+03   5.9456306801336723E+02   6.0371752670635613E+02   3.9210198759963612E+04   5.6026854967555972E-01   3.6661113618561486E+05
   5.3000000000000000E+03   6.1815982090477326E+02   6.2773067049802967E+02   4.0543723425024276E+04   5.5261625014240234E-01   3.8214108865944855E+05
   5.4000000000000000E+03   6.4194282783469214E+02   6.5192065321400298E+02   4.1942584855793983E+04   5.4517774933815655E-01   3.9783334799201810E+05
   5.5000000000000000E+03   6.6594520339374344E+02   6.7626744160595729E+02   4.3629787424974726E+04   5.3794429342722505E-01   4.1367404551153065E+05
   5.6000000000000000E+03   6.8996646587628743E+02   7.0075128773544691E+02   4.4831050134263729E+04   5.3090744877682239E-01   4.2964961619865632E+05
   5.7000000000000000E+03   7.1402506465727663E+02   7.2535279330084495E+02   4.5721440849488965E+04   5.2405912649269992E-01   4.4574680269149056E+05
   5.8000000000000000E+03   7.3825058370673116E+02   7.5005296591498870E+02   4.6916548721010608E+04   5.1739159441610816E-01   4.6195266812837421E+05
   5.9000000000000000E+03   7.6250293794787422E+02   7.7483326751802394E+02   4.7915397519667909E+04   5.1089748033588722E-01   4.7825459399334685E+05
   6.0000000000000000E+03   7.8698194809038807E+02   7.9967565538792167E+02   4.9578132720920970E+04   5.0456976850547886E-01   4.9464029793044884E+05
   6.1000000000000000E+03   8.1138058387290209E+02   8.2456261628614686E+02   5.0753485962438426E+04   4.9840179101285026E-01   5.1109782813779794E+05
   6.2000000000000000E+03   8.3575890507872407E+02   8.4947719419783436E+02   5.1752672913353381E+04   4.9238721578353423E-01   5.2761556751663669E+05
   6.3000000000000000E+03   8.6008056675737100E+02   8.7440301223711344E+02   5.2508982450165538E+04   4.8652003210687111E-01   5.4418224544776289E+05
   6.4000000000000000E+03   8.8446050231399636E+02   8.9932428918313781E+02   5.3513739100057806E+04   4.8079453488515878E-01   5.6078693243645446E+05
   6.5000000000000000E+03   9.0874098594228315E+02   9.2422585120877477E+02   5.4238890478321744E+04   4.7520530799270444E-01   5.7741904504395218E+05
   6.6000000000000000E+03   9.3301472201938066E+02   9.4909313922894694E+02   5.5074940519725693E+04   4.6974720759617439E-01   5.9406834688796906E+05
   6.7000000000000000E+03   9.5722136769533734E+02   9.7391221239015329E+02   5.5853948497216647E+04   4.6441534551364705E-01   6.1072494748241582E+05
   6.8000000000000000E+03   9.8144987382042007E+02   9.9866974809796091E+02   5.6919364361293454E+04   4.5920507311546155E-01   6.2737930582451401E+05
   6.9000000000000000E+03   1.0054160017829192E+03   1.0233530389927080E+03   5.7361508974010096E+04   4.5411196596036607E-01   6.4402221945225564E+05
   7.0000000000000000E+03   1.0294107853648952E+03   1.0479499873257719E+03   5.8188643812862021E+04   4.4913180893476190E-01   6.6064483877567365E+05
   7.1000000000000000E+03   1.0533368649743002E+03   1.0724490969716353E+03   5.9106135264898854E+04   4.4426058259164797E-01   6.7723864730079437E+05
   7.2000000000000000E+03   1.0769258071291997E+03   1.0968394635136890E+03   5.9316817651613463E+04   4.3949445014745914E-01   6.9379547115286940E+05
   7.3000000000000000E+03   1.1005726673862316E+03   1.1211107626374046E+03   6.0076840007876883E+04   4.3482974548510422E-01   7.1030746603144403E+05
   7.4000000000000000E+03   1.1241133607997558E+03   1.1452532371233083E+03   6.0898864574489642E+04   4.3026296204709930E-01   7.2676711730355211E+05
   7.5000000000000000E+03   1.1473261497500769E+03   1.1692576827046173E+03   6.1168542935137608E+04   4.2579074250270094E-01   7.4316723646135803E+05
   7.6000000000000000E+03   1.1704103002957206E+03   1.1931154329898789E+03   6.1503035944486815E+04   4.2140986926643359E-01   7.5950094827351382E+05
   7.7000000000000000E+03   1.1933367592006246E+03   1.2168183436415775E+03   6.1838844920729520E+04   4.1711725586801812E-01   7.7576169386203610E+05
   7.8000000000000000E+03   1.2159722585436396E+03   1.2403587760416942E+03   6.1847365554682801E+04   4.1290993886409566E-01   7.9194321747081971E+05
   7.9000000000000000E+03   1.2386593973661109E+03   1.2637295805153378E+03   6.2437937182885347E+04   4.0878507067874981E-01   8.0803956401565170E+05
   8.0000000000000000E+03   1.2611799529310852E+03   1.2869240793744900E+03   6.3045170843899279E+04   4.0473991271492837E-01   8.2404506737463828E+05
   8.1000000000000000E+03   1.2832786694804074E+03   1.3099360497547643E+03   6.3059947141571552E+04   4.0077182943336026E-01   8.3995434801150952E+05
   8.2000000000000000E+03   1.3051955493548226E+03   1.3327597065298742E+03   6.3107753532064082E+04   3.9687828247017648E-01   8.5576230513627548E+05
   8.3000000000000000E+03   1.3269638198103023E+03   1.3553896851764250E+03   6.3271708734561988E+04   3.9305682583812102E-01   8.7146410108743608E+05
   8.4000000000000000E+03   1.3485471109106336E+03   1.3778210249415717E+03   6.3471408728371716E+04   3.8930510081817010E-01   8.8705517105857516E+05
   8.5000000000000000E+03   1.3700064991365457E+03   1.4000491520757200E+03   6.3845108530786900E+04   3.8562083201214237E-01   9.0253119207977515E+05
   8.6000000000000000E+03   1.3910929314734242E+03   1.4220698634773314E+03   6.3861435176833445E+04   3.8200182308571234E-01   9.1788809711617557E+05
   8.7000000000000000E+03   1.4117853706502303E+03   1.4438793105865959E+03   6.3515034044197913E+04   3.7844595320802271E-01   9.3312205402910290E+05
   8.8000000000000000E+03   1.4327991512364661E+03   1.4654739836622341E+03   6.4261381744516140E+04   3.7495117368479219E-01   9.4822946139253560E+05
   8.9000000000000000E+03   1.4531480942385253E+03   1.4868506964588885E+03   6.4108232410345561E+04   3.7151550482362794E-01   9.6320694263867685E+05
   9.0000000000000000E+03   1.4733264008672550E+03   1.5080065713241786E+03   6.4065022315069611E+04   3.6813703303153228E-01   9.7805133322972339E+05
   9.1000000000000000E+03   1.4934211028938153E+03   1.5289390247290191E+03   6.4287257997877714E+04   3.6481390814461229E-01   9.9275968454622349E+05
   9.2000000000000000E+03   1.5131295791097627E+03   1.5496457532479328E+03   6.4213047552817479E+04   3.6154434095128735E-01   1.0073292400435418E+06
   9.3000000000000000E+03   1.5326157341081537E+03   1.5701247200251162E+03   6.4155236181269654E+04   3.5832660075419570E-01   1.0217574438280263E+06
   9.4000000000000000E+03   1.5518789009332925E+03   1.5903741416498501E+03   6.4113589863973153E+04   3.5515901335780165E-01   1.0360419223312848E+06
   9.5000000000000000E+03   1.5709188257530366E+03   1.6103924755636658E+03   6.4088217553999413E+04   3.5203995886250211E-01   1.0501804840580232E+06
   9.6000000000000000E+03   1.5899521768745035E+03   1.6301784078785463E+03   6.4433222889805867E+04   3.4896786984573175E-01   1.0641711122511157E+06
   9.7000000000000000E+03   1.6082455903526129E+03   1.6497308416849430E+03   6.3954592685349286E+04   3.4594122950436951E-01   1.0780119500713760E+06
   9.8000000000000000E+03   1.6265093296274752E+03   1.6690488858026213E+03   6.3816452931128595E+04   3.4295856995194313E-01   1.0917013066437370E+06
   9.9000000000000000E+03   1.6445749700597137E+03   1.6881318439953241E+03   6.3738719654206121E+04   3.4001847051583495E-01   1.1052376427276158E+06
   1.0000000000000000E+04   1.6625335006671032E+03   1.7069792045735721E+03   6.3851168124543983E+04   3.3711955636343593E-01   1.1186195652144062E+06
   1.0100000000000000E+04   1.6800396687989924E+03   1.7255906304996508E+03   6.3644335994455105E+04   3.3426049681870040E-01   1.1318458241394516E+06
   1.0200000000000000E+04   1.6975362979643851E+03   1.7439659498337753E+03   6.3761957780443954E+04   3.3144000412375091E-01   1.1449153043339825E+06
   1.0300000000000000E+04   1.7142782097193085E+03   1.7621051466490180E+03   6.3159772505903413E+04   3.2865683192958178E-01   1.1578270252087845E+06
   1.0400000000000000E+04   1.7310237283198478E+03   1.7800083522619625E+03   6.2902120020643117E+04   3.2590977423181289E-01   1.1705801213102103E+06
   1.0500000000000000E+04   1.7476673113807165E+03   1.7976758369422971E+03   6.2824073723475260E+04   3.2319766384204524E-01   1.1831738597396363E+06
   1.0600000000000000E+04   1.7639740566201922E+03   1.8151080018741266E+03   6.2616006047828392E+04   3.2051937149776139E-01   1.1956076082974896E+06
   1.0700000000000000E+04   1.7802224435367677E+03   1.8323053715834271E+03   6.2629181350624865E+04   3.1787380443043256E-01   1.2078808570124006E+06
   1.0800000000000000E+04   1.7960445229831250E+03   1.8492685866095676E+03   6.2403516195534605E+04   3.1525990547541971E-01   1.2199931910031934E+06
   1.0900000000000000E+04   1.8115213726304066E+03   1.8659983965638223E+03   6.2049938352010067E+04   3.1267665191097732E-01   1.2319443009101413E+06
   1.1000000000000000E+04   1.8268577830679051E+03   1.8824956534982953E+03   6.1811349168863788E+04   3.1012305435530746E-01   1.2437339724136088E+06
   1.1100000000000000E+04   1.8419201507206380E+03   1.8987613055400982E+03   6.1528776485828457E+04   3.0759815589581185E-01   1.2553620841636455E+06
   1.1200000000000000E+04   1.8572964746877881E+03   1.9147963908551058E+03   6.1849561243386204E+04   3.0510103104419506E-01   1.2668285973898384E+06
   1.1300000000000000E+04   1.8715800829730233E+03   1.9306020318778299E+03   6.1219196892963446E+04   3.0263078478831806E-01   1.2781335639039832E+06
   1.1400000000000000E+04   1.8858449627269308E+03   1.9461794297960892E+03   6.0830779694080527E+04   3.0018655174080000E-01   1.2892771086694442E+06
   1.1500000000000000E+04   1.9000000273775381E+03   1.9615298593220934E+03   6.0570729167148740E+04   2.9776749515217227E-01   1.3002594357097396E+06
   1.1600000000000000E+04   1.9141031569637200E+03   1.9766546636744554E+03   6.0486487551178121E+04   2.9537280613688000E-01   1.3110808232251927E+06
   1.1700000000000000E+04   1.9277757599731585E+03   1.9915552498179131E+03   6.0196027666439557E+04   2.9300170280253457E-01   1.3217416149770976E+06
   1.1800000000000000E+04   1.9412823233836320E+03   2.0062330839218498E+03   5.9963344387834150E+04   2.9065342943721750E-01   1.3322422243649196E+06
   1.1900000000000000E+04   1.9544487918188452E+03   2.0206896870280527E+03   5.9620790223013079E+04   2.8832725575483126E-01   1.3425831196306797E+06
   1.2000000000000000E+04   1.9675233116882141E+03   2.0349266309496306E+03   5.9400124917296380E+04   2.8602247602435260E-01   1.3527648385152647E+06
   1.2100000000000000E+04   1.9801002707299533E+03   2.0489455343189657E+03   5.8930961924059506E+04   2.8373840848933507E-01   1.3627879672208990E+06
   1.2200000000000000E+04   1.9926601143282685E+03   2.0627480588872372E+03   5.8645688765981620E+04   2.8147439445845968E-01   1.3726531502791995E+06
   1.2300000000000000E+04   2.0048319031523761E+03   2.0763359059458544E+03   5.8216383744613529E+04   2.7922979774438939E-01   1.3823610798789638E+06
   1.2400000000000000E+04   2.0171053049344885E+03   2.0897108129621506E+03   5.8055743718492588E+04   2.7700400388976937E-01   1.3919124996338061E+06
   1.2500000000000000E+04   2.0289643203457265E+03   2.1028745503528717E+03   5.7727562644799858E+04   2.7479641956737999E-01   1.4013081952916682E+06
   1.2600000000000000E+04   2.0409218971378516E+03   2.1158289184394398E+03   5.7648021443204852E+04   2.7260647186418824E-01   1.4105489974298070E+06
   1.2700000000000000E+04   2.0520964706644090E+03   2.1285757445338204E+03   5.7114072243392009E+04   2.7043360770085023E-01   1.4196357762908076E+06
   1.2800000000000000E+04   2.0633461146131599E+03   2.1411168801888989E+03   5.6806245418375984E+04   2.6827729315446291E-01   1.4285694434496139E+06
   1.2900000000000000E+04   2.0742295254009191E+03   2.1534541985567253E+03   5.6380898807375903E+04   2.6613701297481557E-01   1.4373509426847647E+06
   1.3000000000000000E+04   2.0852723494722204E+03   2.1655895919219488E+03   5.6225088892540130E+04   2.6401226986844234E-01   1.4459812559421505E+06
   1.3100000000000000E+04   2.0955939146956557E+03   2.1775249693213118E+03   5.5695707758882520E+04   2.6190258403422323E-01   1.4544613943156996E+06
   1.3200000000000000E+04   2.1062981188662116E+03   2.1892622543101670E+03   5.5581112769786203E+04   2.5980749256353602E-01   1.4627924000950917E+06
   1.3300000000000000E+04   2.1166393299336100E+03   2.2008033828276507E+03   5.5347940568030543E+04   2.5772654895650782E-01   1.4709753419594909E+06
   1.3400000000000000E+04   2.1265813501091702E+03   2.2121503011914938E+03   5.4976922290730523E+04   2.5565932254151735E-01   1.4790113201314867E+06
   1.3500000000000000E+04   2.1364520719153384E+03   2.2233049641784278E+03   5.4689997920049565E+04   2.5360539803014570E-01   1.4869014503002509E+06
   1.3600000000000000E+04   2.1459968223334890E+03   2.2342693332309432E+03   5.4317418192859739E+04   2.5156437493667805E-01   1.4946468818029491E+06
   1.3700000000000000E+04   2.1549813687976020E+03   2.2450453747214706E+03   5.3717696709155905E+04   2.4953586724915500E-01   1.5022487787572697E+06
   1.3800000000000000E+04   2.1640314327291671E+03   2.2556350583502008E+03   5.3286811891372548E+04   2.4751950286822452E-01   1.5097083255189694E+06
   1.3900000000000000E+04   2.1734371408037809E+03   2.2660403556206693E+03   5.3184938354515689E+04   2.4551492312339293E-01   1.5170267280568329E+06
   1.4000000000000000E+04   2.1821550166952593E+03   2.2762632383769928E+03   5.2781352746648234E+04   2.4352178244407613E-01   1.5242052050806629E+06
   1.4100000000000000E+04   2.1909418594181184E+03   2.2863056774466131E+03   5.2526869369327687E+04   2.4153974789520102E-01   1.5312449939151697E+06
   1.4200000000000000E+04   2.1994465184907549E+03   2.2961696413592999E+03   5.2214012262772463E+04   2.3956849873215721E-01   1.5381473416361772E+06
   1.4300000000000000E+04   2.2075940841384804E+03   2.3058570951297324E+03   5.1803790976141703E+04   2.3760772603314748E-01   1.5449135141860030E+06
   1.4400000000000000E+04   2.2163312772076374E+03   2.3153699991160947E+03   5.1814349463156897E+04   2.3565713231218949E-01   1.5515447860814210E+06
   1.4500000000000000E+04   2.2241843014433730E+03   2.3247103079421572E+03   5.1435288761730139E+04   2.3371643117081656E-01   1.5580424375032706E+06
   1.4600000000000000E+04   2.2318242778823051E+03   2.3338799695044509E+03   5.1038897437376676E+04   2.3178534683367949E-01   1.5644077715142330E+06
   1.4700000000000000E+04   2.2391515888331351E+03   2.3428809239969769E+03   5.0574560563108251E+04   2.2986361397439661E-01   1.5706420837026995E+06
   1.4800000000000000E+04   2.2464925770969066E+03   2.3517151030521914E+03   5.0208930782545074E+04   2.2795097719310578E-01   1.5767466840866327E+06
   1.4900000000000000E+04   2.2540072809566177E+03   2.3603844288971591E+03   5.0013783896185916E+04   2.2604719076491500E-01   1.5827228915331820E+06
   1.5000000000000000E+04   2.2611399734263168E+03   2.3688908135747038E+03   4.9710922939252421E+04   2.2415201833030338E-01   1.5885720264467052E+06
   1.5100000000000000E+04   2.2680364486170597E+03   2.3772361582147751E+03   4.9374291137440028E+04   2.2226523260487174E-01   1.5942954112530854E+06
   1.5200000000000000E+04   2.2745749860356073E+03   2.3854223523746618E+03   4.8948587531122466E+04   2.2038661497299480E-01   1.5998943774252578E+06
   1.5300000000000000E+04   2.2811349155578851E+03   2.3934512733916113E+03   4.8610775613849532E+04   2.1851595531367043E-01   1.6053702550233100E+06
   1.5400000000000000E+04   2.2876869228322580E+03   2.4013247858148929E+03   4.8341980091804151E+04   2.1665305161352200E-01   1.6107243798434546E+06
   1.5500000000000000E+04   2.2939763983681232E+03   2.4090447408492187E+03   4.8026170004394458E+04   2.1479770979264798E-01   1.6159580844959705E+06
   1.5600000000000000E+04   2.3000837574830580E+03   2.4166129758614065E+03   4.7699730001230229E+04   2.1294974339502351E-01   1.6210726991186156E+06
   1.5700000000000000E+04   2.3065334981977744E+03   2.4240313139331129E+03   4.7584794587679433E+04   2.1110897324020148E-01   1.6260695654756685E+06
   1.5800000000000000E+04   2.3127192754496250E+03   2.4313015634077747E+03   4.7417857143289635E+04   2.0927522736526211E-01   1.6309500115174656E+06
   1.5900000000000000E+04   2.3178712690390312E+03   2.4384255175303624E+03   4.6883096361234297E+04   2.0744834059911504E-01   1.6357153704643562E+06
   1.6000000000000000E+04   2.3234979502041756E+03   2.4454049540749429E+03   4.6608424600735809E+04   2.0562815444639909E-01   1.6403669685038193E+06
   1.6100000000000000E+04   2.3288428368182454E+03   2.4522416350378821E+03   4.6279910730902440E+04   2.0381451675853360E-01   1.6449061342174653E+06
   1.6200000000000000E+04   2.3338587872354678E+03   2.4589373063306534E+03   4.5881678813878629E+04   2.0200728161761880E-01   1.6493341912773803E+06
   1.6300000000000000E+04   2.3395616637962935E+03   2.4654936975262767E+03   4.5803870279992996E+04   2.0020630906553616E-01   1.6536524560930158E+06
   1.6400000000000000E+04   2.3444957564165352E+03   2.4719125216257653E+03   4.5483719569147281E+04   1.9841146489109981E-01   1.6578622423531162E+06
   1.6500000000000000E+04   2.3491401967682650E+03   2.4781954748433018E+03   4.5109573914665802E+04   1.9662262047525647E-01   1.6619648605465866E+06
   1.6600000000000000E+04   2.3541282639466954E+03   2.4843442364319235E+03   4.4913576059349609E+04   1.9483965253953642E-01   1.6659616122491513E+06
   1.6700000000000000E+04   2.3584712892663833E+03   2.4903604685223791E+03   4.4533173214564405E+04   1.9306244297190409E-01   1.6698537965908663E+06
   1.6800000000000000E+04   2.3633171626209105E+03   2.4962458159798375E+03   4.4380353144001892E+04   1.9129087869130806E-01   1.6736427081232683E+06
   1.6900000000000000E+04   2.3667079260420014E+03   2.5020019062944061E+03   4.3767710370793982E+04   1.8952485143483250E-01   1.6773296275172213E+06
   1.7000000000000000E+04   2.3714200665163003E+03   2.5076303494870895E+03   4.3657826710882364E+04   1.8776425758354692E-01   1.6809158317011907E+06
   1.7100000000000000E+04   2.3753726806275313E+03   2.5131327380358298E+03   4.3333510169990477E+04   1.8600899798835713E-01   1.6844025953656924E+06
   1.7200000000000000E+04   2.3790306927798965E+03   2.5185106468149247E+03   4.2956811753472175E+04   1.8425897783455572E-01   1.6877911816716602E+06
   1.7300000000000000E+04   2.3827965751669772E+03   2.5237656330525115E+03   4.2659149441465779E+04   1.8251410650637215E-01   1.6910828436139899E+06
   1.7400000000000000E+04   2.3868401872700551E+03   2.5288992363136299E+03   4.2489924911002498E+04   1.8077429739347353E-01   1.6942788254633788E+06
   1.7500000000000000E+04   2.3897437987009448E+03   2.5339129784937040E+03   4.2002061990695416E+04   1.7903946773616511E-01   1.6973803698095428E+06
   1.7600000000000000E+04   2.3938310553109059E+03   2.5388083638160433E+03   4.1920203702571649E+04   1.7730953854799067E-01   1.7003887063407772E+06
   1.7700000000000000E+04   2.3966099731922336E+03   2.5435868788578409E+03   4.1475806378866073E+04   1.7558443444158267E-01   1.7033050514561366E+06
   1.7800000000000000E+04   2.4000674318965544E+03   2.5482499925869138E+03   4.1273222618404790E+04   1.7386408347386309E-01   1.7061306191180705E+06
   1.7900000000000000E+04   2.4027173085890631E+03   2.5527991564028039E+03   4.0868731347529472E+04   1.7214841704929340E-01   1.7088666132644885E+06
   1.8000000000000000E+04   2.4061874101498133E+03   2.5572358041871894E+03   4.0736537690675359E+04   1.7043736984247518E-01   1.7115142200046247E+06
   1.8100000000000000E+04   2.4087560225961693E+03   2.5615613523907450E+03   4.0379326710106725E+04   1.6873087954660068E-01   1.7140746299878613E+06
   1.8200000000000000E+04   2.4116269552366775E+03   2.5657772000859659E+03   4.0140691718710390E+04   1.6702888693150247E-01   1.7165490099369045E+06
   1.8300000000000000E+04   2.4142305178756746E+03   2.5698847290801709E+03   3.9859468576901621E+04   1.6533133555340479E-01   1.7189385251286835E+06
   1.8400000000000000E+04   2.4170665739103656E+03   2.5738853039877235E+03   3.9671614036658386E+04   1.6363817181297291E-01   1.7212443259466691E+06
   1.8500000000000000E+04   2.4193886397970095E+03   2.5777802723527188E+03   3.9374884936737253E+04   1.6194934472311404E-01   1.7234675534181357E+06
   1.8600000000000000E+04   2.4223678557648009E+03   2.5815709647520307E+03   3.9280103021685820E+04   1.6026480587027761E-01   1.7256093449289298E+06
   1.8700000000000000E+04   2.4241968698948513E+03   2.5852586949115648E+03   3.8911616923642207E+04   1.5858450933705523E-01   1.7276708147046862E+06
   1.8800000000000000E+04   2.4263457090605780E+03   2.5888447598434018E+03   3.8655194256272880E+04   1.5690841152803148E-01   1.7296530749917740E+06
   1.8900000000000000E+04   2.4286443101995692E+03   2.5923304399646340E+03   3.8462932578426400E+04   1.5523647116978345E-01   1.7315572282583669E+06
   1.9000000000000000E+04   2.4304194023927239E+03   2.5957169992471595E+03   3.8165593923585468E+04   1.5356864913673199E-01   1.7333843611701264E+06
   1.9100000000000000E+04   2.4325174783891293E+03   2.5990056853455294E+03   3.7973420890353867E+04   1.5190490847049098E-01   1.7351355503555317E+06
   1.9200000000000000E+04   2.4338370324672655E+03   2.6021977297602948E+03   3.7617599014036998E+04   1.5024521418636849E-01   1.7368118643444621E+06
   1.9300000000000000E+04   2.4355186009900171E+03   2.6052943479813384E+03   3.7374259621941572E+04   1.4858953325401639E-01   1.7384143575352428E+06
   1.9400000000000000E+04   2.4373084329611311E+03   2.6082967396438430E+03   3.7179288821167822E+04   1.4693783452003073E-01   1.7399440801439055E+06
   1.9500000000000000E+04   2.4379967954373669E+03   2.6112060886882696E+03   3.6753871325061700E+04   1.4529008863055187E-01   1.7414020600727557E+06
   1.9600000000000000E+04   2.4395834065274348E+03   2.6140235635266745E+03   3.6557686140348887E+04   1.4364626793451540E-01   1.7427893229569111E+06
   1.9700000000000000E+04   2.4406154735600144E+03   2.6167503172013762E+03   3.6259045527690330E+04   1.4200634646430124E-01   1.7441068800617640E+06
   1.9800000000000000E+04   2.4417952300244383E+03   2.6193874875657166E+03   3.6015127918721540E+04   1.4037029978093485E-01   1.7453557343335412E+06
   1.9900000000000000E+04   2.4428278784499844E+03   2.6219361974401149E+03   3.5760141543044556E+04   1.3873810501278686E-01   1.7465368742561564E+06
   2.0000000000000000E+04   2.4441573031979124E+03   2.6243975547923492E+03   3.5588279495269191E+04   1.3710974073947316E-01   1.7476512758327329E+06
   2.0100000000000000E+04   2.4445688822858983E+03   2.6267726529144147E+03   3.5242556539876292E+04   1.3548518691445566E-01   1.7486999108462678E+06
   2.0200000000000000E+04   2.4454161637270622E+03   2.6290625705929838E+03   3.5008319603398377E+04   1.3386442484569197E-01   1.7496837365773183E+06
   2.0300000000000000E+04   2.4464001708965307E+03   2.6312683722868746E+03   3.4820133193406298E+04   1.3224743713758597E-01   1.7506036915570230E+06
   2.0400000000000000E+04   2.4477981666897558E+03   2.6333911083167004E+03   3.4731977792946855E+04   1.3063420755553745E-01   1.7514607206072933E+06
   2.0500000000000000E+04   2.4482744262427364E+03   2.6354318150228828E+03   3.4475049886523440E+04   1.2902472112269278E-01   1.7522557414831379E+06
   2.0600000000000000E+04   2.4488825609365881E+03   2.6373915149653963E+03   3.4261831861704894E+04   1.2741896392644483E-01   1.7529896699544161E+06
   2.0700000000000000E+04   2.4488305874631919E+03   2.6392712170914488E+03   3.3937758437581680E+04   1.2581692315713316E-01   1.7536634030238686E+06
   2.0800000000000000E+04   2.4497728498691372E+03   2.6410719169253998E+03   3.3821525510800282E+04   1.2421858699194409E-01   1.7542778400998071E+06
   2.0900000000000000E+04   2.4490552060061136E+03   2.6427945967344594E+03   3.3407506037905594E+04   1.2262394465296104E-01   1.7548338533577030E+06
   2.1000000000000000E+04   2.4493661443730002E+03   2.6444402257271076E+03   3.3203808085382450E+04   1.2103298623301444E-01   1.7553323174966096E+06
   2.1100000000000000E+04   2.4499079705195159E+03   2.6460097602215283E+03   3.3056712085543142E+04   1.1944570273438214E-01   1.7557740928036601E+06
   2.1200000000000000E+04   2.4501693665671160E+03   2.6475041438247104E+03   3.2872226787430867E+04   1.1786208603008914E-01   1.7561600229754576E+06
   2.1300000000000000E+04   2.4501220059483890E+03   2.6489243076165872E+03   3.2646441634338506E+04   1.1628212878650815E-01   1.7564909502203402E+06
   2.1400000000000000E+04   2.4504576559845418E+03   2.6502711703255382E+03   3.2502192362605667E+04   1.1470582444400931E-01   1.7567677002569190E+06
   2.1500000000000000E+04   2.4499855740736698E+03   2.6515456385059551E+03   3.2229839683941889E+04   1.1313316717826062E-01   1.7569910888060720E+06
   2.1600000000000000E+04   2.4496802490811629E+03   2.6527486067150667E+03   3.2000977125953421E+04   1.1156415186152788E-01   1.7571619260263238E+06
   2.1700000000000000E+04   2.4493446784445723E+03   2.6538809576888830E+03   3.1780519450910342E+04   1.0999877402397493E-01   1.7572810100723337E+06
   2.1800000000000000E+04   2.4488111690899568E+03   2.6549435625117658E+03   3.1540192888937956E+04   1.0843702985366345E-01   1.7573491205335136E+06
   2.1900000000000000E+04   2.4485034355620869E+03   2.6559372807984455E+03   3.1350098867726032E+04   1.0687891609980360E-01   1.7573670404254629E+06
   2.2000000000000000E+04   2.4489710446612130E+03   2.6568629608586566E+03   3.1297900273313811E+04   1.0532443009210343E-01   1.7573355343436114E+06
   2.2100000000000000E+04   2.4478475042602445E+03   2.6577214398686265E+03   3.0998116915960360E+04   1.0377356970206961E-01   1.7572553572802022E+06
   2.2200000000000000E+04   2.4472564700910912E+03   2.6585135440385479E+03   3.0796907056903081E+04   1.0222633332365716E-01   1.7571272569256409E+06
   2.2300000000000000E+04   2.4474725113795362E+03   2.6592400887867566E+03   3.0733774726754495E+04   1.0068271979586954E-01   1.7569519715492725E+06
   2.2400000000000000E+04   2.4448206878747396E+03   2.6599018788962248E+03   3.0235015485816082E+04   9.9142728441458883E-02   1.7567302256055663E+06
   2.2500000000000000E+04   2.4444557312896814E+03   2.6604997086830422E+03   3.0102545969812589E+04   9.7606359008876042E-02   1.7564627364822435E+06
   2.2600000000000000E+04   2.4441129708954063E+03   2.6610343621633051E+03   2.9982605968672869E+04   9.6073611614220511E-02   1.7561502168619209E+06
   2.2700000000000000E+04   2.4432624451659849E+03   2.6615066132048669E+03   2.9795798046002485E+04   9.4544486779940748E-02   1.7557933635944333E+06
   2.2800000000000000E+04   2.4424600566661975E+03   2.6619172256909073E+03   2.9625947180470968E+04   9.3018985376784116E-02   1.7553928644735222E+06
   2.2900000000000000E+04   2.4411319359286290E+03   2.6622669536736726E+03   2.9389035480907682E+04   9.1497108623796813E-02   1.7549494005878798E+06
   2.3000000000000000E+04   2.4395061736021362E+03   2.6625565415345450E+03   2.9120432218280679E+04   8.9978858030274167E-02   1.7544636441665366E+06
   2.3100000000000000E+04   2.4390499600883968E+03   2.6627867241315162E+03   2.9028174609538950E+04   8.8464235415110601E-02   1.7539362563895956E+06
   2.3200000000000000E+04   2.4379023195271320E+03   2.6629582269583148E+03   2.8846308068099264E+04   8.6953242829399757E-02   1.7533678897318593E+06
   2.3300000000000000E+04   2.4371567370567891E+03   2.6630717662800935E+03   2.8729046131941635E+04   8.5445882633834402E-02   1.7527591903359126E+06
   2.3400000000000000E+04   2.4355817210401965E+03   2.6631280492995938E+03   2.8505254500390543E+04   8.3942157343906670E-02   1.7521107958392659E+06
   2.3500000000000000E+04   2.4344791930420110E+03   2.6631277742782668E+03   2.8354994025498465E+04   8.2442069784707930E-02   1.7514233262747349E+06
   2.3600000000000000E+04   2.4325805169498226E+03   2.6630716307039820E+03   2.8105795744480809E+04   8.0945622897429154E-02   1.7506974070764717E+06
   2.3700000000000000E+04   2.4313392580344034E+03   2.6629602994136831E+03   2.7953245870911400E+04   7.9452819855460460E-02   1.7499336439498996E+06
   2.3800000000000000E+04   2.4293046808481226E+03   2.6627944527437244E+03   2.7704592692304555E+04   7.7963663967641678E-02   1.7491326413281304E+06
   2.3900000000000000E+04   2.4279213729442690E+03   2.6625747546620819E+03   2.7549239250597926E+04   7.6478158697612153E-02   1.7482949932722733E+06
   2.4000000000000000E+04   2.4260117708179428E+03   2.6623018609012975E+03   2.7334094501122079E+04   7.4996307663810657E-02   1.7474212835382638E+06
   2.4100000000000000E+04   2.4239334385274319E+03   2.6619764190948213E+03   2.7106254674830765E+04   7.3518114600775730E-02   1.7465120856460677E+06
   2.4200000000000000E+04   2.4239315201884529E+03   2.6615990689113746E+03   2.7145203086854144E+04   7.2043583320445567E-02   1.7455679769204636E+06
   2.4300000000000000E+04   2.4226431981862638E+03   2.6611704421738991E+03   2.7028637748739202E+04   7.0572717770208016E-02   1.7445895106960451E+06
   2.4400000000000000E+04   2.4196977387739225E+03   2.6606911629953324E+03   2.6714705645912840E+04   6.9105521955500779E-02   1.7435772466390703E+06
   2.4500000000000000E+04   2.4179667830022486E+03   2.6601618478963082E+03   2.6557861484240806E+04   6.7641999978511072E-02   1.7425317275534545E+06
   2.4600000000000000E+04   2.4155877741638483E+03   2.6595831059369748E+03   2.6330243240258838E+04   6.6182155960776326E-02   1.7414534934596766E+06
   2.4700000000000000E+04   2.4134430444597006E+03   2.6589555388280737E+03   2.6138131043887428E+04   6.4725994101233489E-02   1.7403430723284639E+06
   2.4800000000000000E+04   2.4108051734777682E+03   2.6582797410534918E+03   2.5895972321769859E+04   6.3273518637519496E-02   1.7392009918945052E+06
   2.4900000000000000E+04   2.4102944709722160E+03   2.6575562999854815E+03   2.5905710079531695E+04   6.1824733845971216E-02   1.7380277609538489E+06
   2.5000000000000000E+04   2.4077462683242925E+03   2.6567857960086835E+03   2.5686147679269900E+04   6.0379643964225509E-02   1.7368238976783366E+06
   2.5100000000000000E+04   2.4048391682046495E+03   2.6559688026154213E+03   2.5433787697120915E+04   5.8938253307319111E-02   1.7355898979243550E+06
   2.5200000000000000E+04   2.4031455575279238E+03   2.6551058865312402E+03   2.5323851342882645E+04   5.7500566151588821E-02   1.7343262576912092E+06
   2.5300000000000000E+04   2.4009205457279986E+03   2.6541976078171224E+03   2.5160263296120575E+04   5.6066586773371417E-02   1.7330334661499260E+06
   2.5400000000000000E+04   2.3990152031975404E+03   2.6532445199751810E+03   2.5037135850025741E+04   5.4636319449003767E-02   1.7317120033567070E+06
   2.5500000000000000E+04   2.3967716979389720E+03   2.6522471700605120E+03   2.4882353285624104E+04   5.3209768396772820E-02   1.7303623438889543E+06
   2.5600000000000000E+04   2.3937125340206630E+03   2.6512060987724808E+03   2.4646150963114163E+04   5.1786937854315498E-02   1.7289849533679215E+06
   2.5700000000000000E+04   2.3919814411973171E+03   2.6501218405709187E+03   2.4556567956582960E+04   5.0367831962519052E-02   1.7275802956785541E+06
   2.5800000000000000E+04   2.3899954286790353E+03   2.6489949237611017E+03   2.4444394211567607E+04   4.8952454862270678E-02   1.7261488235409826E+06
   2.5900000000000000E+04   2.3865129966491986E+03   2.6478258706009942E+03   2.4182011232324232E+04   4.7540810617057887E-02   1.7246909857308415E+06
   2.6000000000000000E+04   2.3844462189962078E+03   2.6466151973880264E+03   2.4071160666149684E+04   4.6132903271018190E-02   1.7232072223942522E+06
   2.6100000000000000E+04   2.3810377645537851E+03   2.6453634145654673E+03   2.3829356669588986E+04   4.4728736752189420E-02   1.7216979699059506E+06
   2.6200000000000000E+04   2.3796737667111088E+03   2.6440710268030593E+03   2.3797623536703621E+04   4.3328314949909630E-02   1.7201636609615558E+06
   2.6300000000000000E+04   2.3770832948533903E+03   2.6427385330919583E+03   2.3647226613452953E+04   4.1931641676117064E-02   1.7186047150814186E+06
   2.6400000000000000E+04   2.3748020660373163E+03   2.6413664268326347E+03   2.3531737059254752E+04   4.0538720665350199E-02   1.7170215506546963E+06
   2.6500000000000000E+04   2.3710884758481125E+03   2.6399551959224723E+03   2.3281302126480819E+04   3.9149555565072741E-02   1.7154145790377646E+06
   2.6600000000000000E+04   2.3691402711220276E+03   2.6385053228390352E+03   2.3206385446301356E+04   3.7764149945348720E-02   1.7137842082334554E+06
   2.6700000000000000E+04   2.3661098394781175E+03   2.6370172847257268E+03   2.3031749971140642E+04   3.6382507279492451E-02   1.7121308333552538E+06
   2.6800000000000000E+04   2.3636603220762859E+03   2.6354915534758402E+03   2.2916449968037981E+04   3.5004630924718505E-02   1.7104548535327229E+06
   2.6900000000000000E+04   2.3605270050474369E+03   2.6339285958057471E+03   2.2741124375031304E+04   3.3630524170516783E-02   1.7087566539500020E+06
   2.7000000000000000E+04   2.3581218363991165E+03   2.6323288733424656E+03   2.2637464982691868E+04   3.2260190170927544E-02   1.7070366215683033E+06
   2.7100000000000000E+04   2.3547284018184550E+03   2.6306928426898180E+03   2.2446975898716435E+04   3.0893632021941224E-02   1.7052951283300812E+06
   2.7200000000000000E+04   2.3517330842546967E+03   2.6290209555195665E+03   2.2297244852763142E+04   2.9530852645398831E-02   1.7035325529404865E+06
   2.7300000000000000E+04   2.3500223449146565E+03   2.6273136586293208E+03   2.2266279178264282E+04   2.8171854905091522E-02   1.7017492592266849E+06
   2.7400000000000000E+04   2.3484521689420144E+03   2.6255713940280807E+03   2.2250454955271824E+04   2.6816641510010949E-02   1.6999456131100522E+06
   2.7500000000000000E+04   2.3445629582051724E+03   2.6237945989965688E+03   2.2030639541103486E+04   2.5465215091748990E-02   1.6981219633407770E+06
   2.7600000000000000E+04   2.3415989694227546E+03   2.6219837061672883E+03   2.1897177483660857E+04   2.4117578127097986E-02   1.6962786705879080E+06
   2.7700000000000000E+04   2.3380198372088835E+03   2.6201391435873452E+03   2.1713995304301476E+04   2.2773732976750696E-02   1.6944160760671829E+06
   2.7800000000000000E+04   2.3350379822097239E+03   2.6182613347852084E+03   2.1586283787969653E+04   2.1433681885300173E-02   1.6925345258049506E+06
   2.7900000000000000E+04   2.3319940544874435E+03   2.6163506988361419E+03   2.1456556037628889E+04   2.0097426981239841E-02   1.6906343537604962E+06
   2.8000000000000000E+04   2.3295890399536920E+03   2.6144076504341892E+03   2.1383769122908521E+04   1.8764970218913681E-02   1.6887158964310642E+06
   2.8100000000000000E+04   2.3267175527558202E+03   2.6124325999392463E+03   2.1274318050767182E+04   1.7436313494615854E-02   1.6867794783726085E+06
   2.8200000000000000E+04   2.3231511624186073E+03   2.6104259534570028E+03   2.1110150550490893E+04   1.6111458511141086E-02   1.6848254219651616E+06
   2.8300000000000000E+04   2.3191041094503275E+03   2.6083881128861417E+03   2.0910674353889077E+04   1.4790406874534442E-02   1.6828540450514816E+06
   2.8400000000000000E+04   2.3170948397101179E+03   2.6063194759879279E+03   2.0880273154347957E+04   1.3473160016691492E-02   1.6808656658613055E+06
   2.8500000000000000E+04   2.3124171535555897E+03   2.6042204364310442E+03   2.0637341531943850E+04   1.2159719292108066E-02   1.6788605909333779E+06
   2.8600000000000000E+04   2.3105273488444236E+03   2.6020913838640172E+03   2.0620524428557215E+04   1.0850085861780585E-02   1.6768391273205711E+06
   2.8700000000000000E+04   2.3063446046229942E+03   2.5999327039577579E+03   2.0424331836824640E+04   9.5442607899557594E-03   1.6748015777938904E+06
   2.8800000000000000E+04   2.3030294009442300E+03   2.5977447784678602E+03   2.0299865759400858E+04   8.2422449860807944E-03   1.6727482336156163E+06
   2.8900000000000000E+04   2.3000373153213623E+03   2.5955279852879626E+03   2.0203044718122474E+04   6.9440392048033452E-03   1.6706793940374362E+06
   2.9000000000000000E+04   2.2968641469383647E+03   2.5932826984916419E+03   2.0094619658008967E+04   5.6496441233713354E-03   1.6685953420587566E+06
   2.9100000000000000E+04   2.2930560444797948E+03   2.5910092884018331E+03   1.9940476001757201E+04   4.3590602061833288E-03   1.6664963639310021E+06
   2.9200000000000000E+04   2.2912113190632758E+03   2.5887081216254301E+03   1.9937281002474065E+04   3.0722878208881911E-03   1.6643827394906655E+06
   2.9300000000000000E+04   2.2871286388377193E+03   2.5863795611128417E+03   1.9767300030866019E+04   1.7893271609853263E-03   1.6622547495113942E+06
   2.9400000000000000E+04   2.2838185411741756E+03   2.5840239661958076E+03   1.9658011990993102E+04   5.1017832322443574E-04   1.6601126611732470E+06
   2.9500000000000000E+04   2.2805729436608967E+03   2.5816416926423854E+03   1.9555740057328720E+04  -7.6515875044430126E-04   1.6579567451356214E+06
   2.9600000000000000E+04   2.2763515877913869E+03   2.5792330927057565E+03   1.9384614942152861E+04  -2.0366842922201690E-03   1.6557872707309527E+06
   2.9700000000000000E+04   2.2739674737109481E+03   2.5767985151592361E+03   1.9349258192804369E+04  -3.3043986310521529E-03   1.6536044938643021E+06
   2.9800000000000000E+04   2.2689840427871322E+03   2.5743383053484135E+03   1.9129035522793693E+04  -4.5683022506887586E-03   1.6514086716524456E+06
   2.9900000000000000E+04   2.2652017367801559E+03   2.5718528052346555E+03   1.8998027531819538E+04  -5.8283957896780210E-03   1.6492000649028637E+06
   3.0000000000000000E+04   2.2610264163462316E+03   2.5693423534325984E+03   1.8842201245409353E+04  -7.0846800026676095E-03   1.6469789187282636E+06
   3.0100000000000000E+04   2.2578298818027574E+03   2.5668072852570754E+03   1.8756757370249845E+04  -8.3371557991047170E-03   1.6447454820357766E+06
   3.0200000000000000E+04   2.2546871034379596E+03   2.5642479327614842E+03   1.8676706470418423E+04  -9.5858242238861281E-03   1.6424999978592221E+06
   3.0300000000000000E+04   2.2512346925211546E+03   2.5616646247779172E+03   1.8577165648879207E+04  -1.0830686457358185E-02   1.6402427082652003E+06
   3.0400000000000000E+04   2.2470069507093681E+03   2.5590576869564952E+03   1.8427197061004914E+04  -1.2071743815316848E-02   1.6379738471208967E+06
   3.0500000000000000E+04   2.2439184033305701E+03   2.5564274418064501E+03   1.8355995754316482E+04  -1.3308997768357575E-02   1.6356936498513236E+06
   3.0600000000000000E+04   2.2404807213864033E+03   2.5537742087313545E+03   1.8263009326895361E+04  -1.4542449922525402E-02   1.6334023510538391E+06
   3.0700000000000000E+04   2.2367413958289289E+03   2.5510983040585475E+03   1.8151810989783418E+04  -1.5772101961265158E-02   1.6311001699980632E+06
   3.0800000000000000E+04   2.2333843765039278E+03   2.5484000410957478E+03   1.8067535924729400E+04  -1.6997955800220902E-02   1.6287873349253519E+06
   3.0900000000000000E+04   2.2300982652619091E+03   2.5456797301463307E+03   1.7989383350479489E+04  -1.8220013432436507E-02   1.6264640709568800E+06
   3.1000000000000000E+04   2.2264202351699455E+03   2.5429376785493255E+03   1.7887317184955944E+04  -1.9438276967055471E-02   1.6241305880395251E+06
   3.1100000000000000E+04   2.2217086628604147E+03   2.5401741907212049E+03   1.7720998070367859E+04  -2.0652748687370742E-02   1.6217871052092745E+06
   3.1200000000000000E+04   2.2177427419890528E+03   2.5373895681843687E+03   1.7604671272415984E+04  -2.1863431012124859E-02   1.6194338360985897E+06
   3.1300000000000000E+04   2.2129953274245513E+03   2.5345841095925007E+03   1.7441599653073143E+04  -2.3070326437460129E-02   1.6170709841499024E+06
   3.1400000000000000E+04   2.2089675986514026E+03   2.5317581107779424E+03   1.7325700180862103E+04  -2.4273437653018259E-02   1.6146987620018714E+06
   3.1500000000000000E+04   2.2065173998475798E+03   2.5289118647732612E+03   1.7308262514958238E+04  -2.5472767464540576E-02   1.6123173721861043E+06
   3.1600000000000000E+04   2.2018551108049160E+03   2.5260456618348189E+03   1.7156535046959340E+04  -2.6668318735818250E-02   1.6099270095981599E+06
   3.1700000000000000E+04   2.1993320775396292E+03   2.5231597894982456E+03   1.7136477382487890E+04  -2.7860094582191693E-02   1.6075278784348972E+06
   3.1800000000000000E+04   2.1963580157191891E+03   2.5202545325758238E+03   1.7089968419529607E+04  -2.9048098119001265E-02   1.6051201705052936E+06
   3.1900000000000000E+04   2.1926217861368391E+03   2.5173301732132854E+03   1.6998492186737371E+04  -3.0232332674436733E-02   1.6027040773466418E+06
   3.2000000000000000E+04   2.1880589900056948E+03   2.5143869909036071E+03   1.6859193954125687E+04  -3.1412801673437511E-02   1.6002797902498050E+06
   3.2100000000000000E+04   2.1828428062065163E+03   2.5114252625177569E+03   1.6683929596105638E+04  -3.2589508657042680E-02   1.5978474978859467E+06
   3.2200000000000000E+04   2.1798684129550106E+03   2.5084452623324264E+03   1.6641709856753336E+04  -3.3762457282390954E-02   1.5954073815401539E+06
   3.2300000000000000E+04   2.1755543242480003E+03   2.5054472620597166E+03   1.6522744200908863E+04  -3.4931651342070644E-02   1.5929596247670578E+06
   3.2400000000000000E+04   2.1708235354622384E+03   2.5024315308738342E+03   1.6381804233522891E+04  -3.6097094764119611E-02   1.5905044110106400E+06
   3.2500000000000000E+04   2.1687216840162746E+03   2.4993983354299403E+03   1.6392144240810725E+04  -3.7258791553975538E-02   1.5880419116472809E+06
   3.2600000000000000E+04   2.1646710004518482E+03   2.4963479398973200E+03   1.6292275253045831E+04  -3.8416745852525608E-02   1.5855723028208590E+06
   3.2700000000000000E+04   2.1611862886466461E+03   2.4932806059822137E+03   1.6225643072213610E+04  -3.9570961916756721E-02   1.5830957558791693E+06
   3.2800000000000000E+04   2.1575972344250026E+03   2.4901965929551202E+03   1.6154093940166176E+04  -4.0721444139105348E-02   1.5806124469781020E+06
   3.2900000000000000E+04   2.1527999637215971E+03   2.4870961576654358E+03   1.6016396880946166E+04  -4.1868196970057718E-02   1.5781225355913604E+06
   3.3000000000000000E+04   2.1489289763719476E+03   2.4839795545801157E+03   1.5931611490120264E+04  -4.3011225034249576E-02   1.5756261908528728E+06
   3.3100000000000000E+04   2.1434915560846775E+03   2.4808470357950400E+03   1.5762822876717091E+04  -4.4150533033716417E-02   1.5731235748483392E+06
   3.3200000000000000E+04   2.1400472201353246E+03   2.4776988510630695E+03   1.5703737381575653E+04  -4.5286125786593398E-02   1.5706148521943728E+06
   3.3300000000000000E+04   2.1366036892848965E+03   2.4745352478144073E+03   1.5645479110481092E+04  -4.6418008207765350E-02   1.5681001781540709E+06
   3.3400000000000000E+04   2.1321961569764685E+03   2.4713564711814206E+03   1.5536654937722707E+04  -4.7546185328216729E-02   1.5655797082081072E+06
   3.3500000000000000E+04   2.1271304810953675E+03   2.4681627640206525E+03   1.5394742698899108E+04  -4.8670662295031697E-02   1.5630535980736963E+06
   3.3600000000000000E+04   2.1230412680593190E+03   2.4649543669320610E+03   1.5305643048286853E+04  -4.9791444352044023E-02   1.5605220037213657E+06
   3.3700000000000000E+04   2.1189733030922334E+03   2.4617315182779394E+03   1.5218726015904413E+04  -5.0908536820487370E-02   1.5579850695488756E+06
   3.3800000000000000E+04   2.1140133291071529E+03   2.4584944542110802E+03   1.5087299904081123E+04  -5.2021945157044863E-02   1.5554429473906045E+06
   3.3900000000000000E+04   2.1107381753980603E+03   2.4552434086881885E+03   1.5042952883819438E+04  -5.3131674895799445E-02   1.5528957823129601E+06
   3.4000000000000000E+04   2.1063468814141861E+03   2.4519786134949695E+03   1.4942833734439277E+04  -5.4237731686933639E-02   1.5503437173916202E+06
   3.4100000000000000E+04   2.1021928695726619E+03   2.4487002982636968E+03   1.4855786284802329E+04  -5.5340121277379792E-02   1.5477868984540703E+06
   3.4200000000000000E+04   2.0986743954365238E+03   2.4454086904881301E+03   1.4801295050267705E+04  -5.6438849472119954E-02   1.5452254623028599E+06
   3.4300000000000000E+04   2.0948772856903565E+03   2.4421040155547562E+03   1.4733624434607176E+04  -5.7533922230935744E-02   1.5426595509017643E+06
   3.4400000000000000E+04   2.0901367886346297E+03   2.4387864967475966E+03   1.4620397659492359E+04  -5.8625345552308687E-02   1.5400892949093883E+06
   3.4500000000000000E+04   2.0867169926849788E+03   2.4354563552764785E+03   1.4572797643869781E+04  -5.9713125550819861E-02   1.5375148348840047E+06
   3.4600000000000000E+04   2.0819132133999769E+03   2.4321138102931423E+03   1.4458712872172948E+04  -6.0797268437800180E-02   1.5349363024883172E+06
   3.4700000000000000E+04   2.0779891730176560E+03   2.4287590789071023E+03   1.4388164392380782E+04  -6.1877780501980215E-02   1.5323538275788906E+06
   3.4800000000000000E+04   2.0741051981822725E+03   2.4253923762059580E+03   1.4320246367720392E+04  -6.2954668128840208E-02   1.5297675405698004E+06
   3.4900000000000000E+04   2.0697555230671037E+03   2.4220139152684005E+03   1.4230964510868203E+04  -6.4027937761910389E-02   1.5271775677713084E+06
   3.5000000000000000E+04   2.0666042704615575E+03   2.4186239071886780E+03   1.4199033161070953E+04  -6.5097595960820431E-02   1.5245840337635770E+06
   3.5100000000000000E+04   2.0633498797166435E+03   2.4152225610890996E+03   1.4162648721334388E+04  -6.6163649362599969E-02   1.5219870684035947E+06
   3.5200000000000000E+04   2.0593179221947626E+03   2.4118100841369946E+03   1.4090196229689029E+04  -6.7226104681678195E-02   1.5193867882004844E+06
   3.5300000000000000E+04   2.0547623349831365E+03   2.4083866815614392E+03   1.3994121980658638E+04  -6.8284968709884208E-02   1.5167833196368548E+06
   3.5400000000000000E+04   2.0511178691230002E+03   2.4049525566697562E+03   1.3941089828075583E+04  -6.9340248316446751E-02   1.5141767759246109E+06
   3.5500000000000000E+04   2.0455427478833790E+03   2.4015079108660825E+03   1.3800190585771945E+04  -7.0391950467344408E-02   1.5115672802636181E+06
   3.5600000000000000E+04   2.0428453172288598E+03   2.3980529436605170E+03   1.3791514770210932E+04  -7.1440082167255600E-02   1.5089549449697274E+06
   3.5700000000000000E+04   2.0371864791942505E+03   2.3945878526941751E+03   1.3649141717001237E+04  -7.2484650536958267E-02   1.5063398854192505E+06
   3.5800000000000000E+04   2.0309035276040211E+03   2.3911128337456316E+03   1.3481382646577542E+04  -7.3525662735930405E-02   1.5037222131168253E+06
   3.5900000000000000E+04   2.0282554590574075E+03   2.3876280807555263E+03   1.3475483096369968E+04  -7.4563126039749475E-02   1.5011020426435329E+06
   3.6000000000000000E+04   2.0254890739102457E+03   2.3841337858303846E+03   1.3464681824208854E+04  -7.5597047743343096E-02   1.4984794801451950E+06
   3.6100000000000000E+04   2.0225238917373674E+03   2.3806301392690771E+03   1.3445398864858998E+04  -7.6627435257738352E-02   1.4958546394757470E+06
   3.6200000000000000E+04   2.0178546789580028E+03   2.3771173295685853E+03   1.3351450026185463E+04  -7.7654296032662259E-02   1.4932276238101074E+06
   3.6300000000000000E+04   2.0147523794898470E+03   2.3735955434432421E+03   1.3326733652699206E+04  -7.8677637595241601E-02   1.4905985371766752E+06
   3.6400000000000000E+04   2.0085095067619586E+03   2.3700649658392349E+03   1.3166162744936262E+04  -7.9697467550002898E-02   1.4879674890290892E+06
   3.6500000000000000E+04   2.0059329172588707E+03   2.3665257799421997E+03   1.3164686417259054E+04  -8.0713793520822641E-02   1.4853345759598124E+06
   3.6600000000000000E+04   1.9995400694565778E+03   2.3629781672048989E+03   1.3000479470507265E+04  -8.1726623267026968E-02   1.4826999045897864E+06
   3.6700000000000000E+04   1.9979940664673802E+03   2.3594223073432645E+03   1.3043008921877408E+04  -8.2735964528591915E-02   1.4800635710238353E+06
   3.6800000000000000E+04   1.9913292285935643E+03   2.3558583783681938E+03   1.2869449947067382E+04  -8.3741825180943225E-02   1.4774256745709593E+06
   3.6900000000000000E+04   1.9876713928665572E+03   2.3522865565858128E+03   1.2823308412785243E+04  -8.4744213118856507E-02   1.4747863131869116E+06
   3.7000000000000000E+04   1.9815443997747486E+03   2.3487070166177368E+03   1.2675765510955540E+04  -8.5743136314507265E-02   1.4721455857577028E+06
   3.7100000000000000E+04   1.9790123149992328E+03   2.3451199314078185E+03   1.2676658491657070E+04  -8.6738602759420788E-02   1.4695035807996169E+06
   3.7200000000000000E+04   1.9744690018973033E+03   2.3415254722442764E+03   1.2595526398782611E+04  -8.7730620541872084E-02   1.4668603945983918E+06
   3.7300000000000000E+04   1.9704629370289601E+03   2.3379238087683589E+03   1.2536823833702605E+04  -8.8719197808186059E-02   1.4642161221427168E+06
   3.7400000000000000E+04   1.9669076480010074E+03   2.3343151089807634E+03   1.2496703873282393E+04  -8.9704342704687648E-02   1.4615708503943905E+06
   3.7500000000000000E+04   1.9629679057097196E+03   2.3306995392676636E+03   1.2441378374683538E+04  -9.0686063493801261E-02   1.4589246695875598E+06
   3.7600000000000000E+04   1.9600593485102659E+03   2.3270772644024519E+03   1.2427757200107939E+04  -9.1664368457301471E-02   1.4562776687217434E+06
   3.7700000000000000E+04   1.9537337945875363E+03   2.3234484475605523E+03   1.2278116962576292E+04  -9.2639265915662489E-02   1.4536299355786578E+06
   3.7800000000000000E+04   1.9498149180248718E+03   2.3198132503384049E+03   1.2224937486228082E+04  -9.3610764286108386E-02   1.4509815567408721E+06
   3.7900000000000000E+04   1.9462627023507325E+03   2.3161718327506310E+03   1.2186449265106128E+04  -9.4578871947163384E-02   1.4483326131436471E+06
   3.8000000000000000E+04   1.9420656270397817E+03   2.3125243532639270E+03   1.2123007882527130E+04  -9.5543597432151073E-02   1.4456831957103396E+06
   3.8100000000000000E+04   1.9376592688148512E+03   2.3088709687875448E+03   1.2051897161371275E+04  -9.6504949235695303E-02   1.4430333786134743E+06
   3.8200000000000000E+04   1.9311210680182310E+03   2.3052118346982729E+03   1.1899901138266443E+04  -9.7462935929819638E-02   1.4403832504647186E+06
   3.8300000000000000E+04   1.9282832971220780E+03   2.3015471048501440E+03   1.1889807551487684E+04  -9.8417566144597401E-02   1.4377328876396695E+06
   3.8400000000000000E+04   1.9269307405218972E+03   2.2978769315776813E+03   1.1936636105605121E+04  -9.9368848490752129E-02   1.4350823676389144E+06
   3.8500000000000000E+04   1.9217060172976319E+03   2.2942014657246586E+03   1.1835797672679002E+04  -1.0031679171445670E-01   1.4324317757030325E+06
   3.8600000000000000E+04   1.9163724400258518E+03   2.2905208566343636E+03   1.1731951407805689E+04  -1.0126140450383446E-01   1.4297811805327702E+06
   3.8700000000000000E+04   1.9125446006547768E+03   2.2868352521802258E+03   1.1685235515017703E+04  -1.0220269566310813E-01   1.4271306630042242E+06
   3.8800000000000000E+04   1.9072745249021764E+03   2.2831447987644447E+03   1.1585337320242566E+04  -1.0314067399650066E-01   1.4244802985175687E+06
   3.8900000000000000E+04   1.9029480792536963E+03   2.2794496413314291E+03   1.1520999521992990E+04  -1.0407534832758483E-01   1.4218301570523775E+06
   3.9000000000000000E+04   1.8982825514415513E+03   2.2757499233873859E+03   1.1444741167272690E+04  -1.0500672757668301E-01   1.4191803163285647E+06
   3.9100000000000000E+04   1.8949352751927472E+03   2.2720457869987958E+03   1.1416758679088172E+04  -1.0593482064476785E-01   1.4165308464735416E+06
   3.9200000000000000E+04   1.8918757224761291E+03   2.2683373728097517E+03   1.1399334838491452E+04  -1.0685963647151164E-01   1.4138818166264766E+06
   3.9300000000000000E+04   1.8869612942333722E+03   2.2646248200528585E+03   1.1314990962199698E+04  -1.0778118403528691E-01   1.4112332971222282E+06
   3.9400000000000000E+04   1.8817770867770478E+03   2.2609082665641909E+03   1.1221776519973750E+04  -1.0869947239186557E-01   1.4085853616516732E+06
   3.9500000000000000E+04   1.8785669316755345E+03   2.2571878487795393E+03   1.1199271513391594E+04  -1.0961451053896985E-01   1.4059380720858844E+06
   3.9600000000000000E+04   1.8742869803878907E+03   2.2534637017616469E+03   1.1138968820887341E+04  -1.1052630757107176E-01   1.4032914958695660E+06
   3.9700000000000000E+04   1.8695651395599327E+03   2.2497359592024836E+03   1.1063521199480891E+04  -1.1143487260199317E-01   1.4006457038112364E+06
   3.9800000000000000E+04   1.8656461297857891E+03   2.2460047534337696E+03   1.1016577028110840E+04  -1.1234021476490592E-01   1.3980007614525994E+06
   3.9900000000000000E+04   1.8623021636072276E+03   2.2422702154353597E+03   1.0989830996333641E+04  -1.1324234319298179E-01   1.3953567269763181E+06
   4.0000000000000000E+04   1.8562535982718341E+03   2.2385324748517246E+03   1.0869771300124348E+04  -1.1414126707744246E-01   1.3927136662738274E+06
   4.0100000000000000E+04   1.8507476044859773E+03   2.2347916600001390E+03   1.0769689705867562E+04  -1.1503699564820953E-01   1.3900716464585960E+06
   4.0200000000000000E+04   1.8496007039452466E+03   2.2310478978747997E+03   1.0818136371470853E+04  -1.1592953811585442E-01   1.3874307230570829E+06
   4.0300000000000000E+04   1.8451425946740696E+03   2.2273013141650536E+03   1.0753878732410894E+04  -1.1681890374899870E-01   1.3847909592861030E+06
   4.0400000000000000E+04   1.8414160712621367E+03   2.2235520332613796E+03   1.0714732075761081E+04  -1.1770510183561365E-01   1.3821524174792729E+06
   4.0500000000000000E+04   1.8370479345865253E+03   2.2198001782613719E+03   1.0654096481623947E+04  -1.1858814164432072E-01   1.3795151527372189E+06
   4.0600000000000000E+04   1.8328500806137872E+03   2.2160458709876748E+03   1.0599489752537718E+04  -1.1946803250179107E-01   1.3768792256980957E+06
   4.0700000000000000E+04   1.8277258397853195E+03   2.2122892319957728E+03   1.0514412646393290E+04  -1.2034478377339587E-01   1.3742446940384915E+06
   4.0800000000000000E+04   1.8225581755315015E+03   2.2085303805777949E+03   1.0428665713244771E+04  -1.2121840480515621E-01   1.3716116146089169E+06
   4.0900000000000000E+04   1.8224751157426224E+03   2.2047694347762140E+03   1.0510586296409258E+04  -1.2208890496244337E-01   1.3689800413440375E+06
   4.1000000000000000E+04   1.8171661242046209E+03   2.2010065113954556E+03   1.0419941739150880E+04  -1.2295629364932814E-01   1.3663500294904292E+06
   4.1100000000000000E+04   1.8133370565073915E+03   2.1972417260055522E+03   1.0378461530771292E+04  -1.2382058025053169E-01   1.3637216334984812E+06
   4.1200000000000000E+04   1.8103817854762337E+03   2.1934751929634267E+03   1.0365690086608212E+04  -1.2468177424752482E-01   1.3610949112145768E+06
   4.1300000000000000E+04   1.8046765008138650E+03   2.1897070254007876E+03   1.0263375395099898E+04  -1.2553988500567856E-01   1.3584699071638437E+06
   4.1400000000000000E+04   1.8014945550693290E+03   2.1859373352609023E+03   1.0243277829883900E+04  -1.2639492204516348E-01   1.3558466797402196E+06
   4.1500000000000000E+04   1.7969765506267379E+03   2.1821662332825317E+03   1.0180183237883521E+04  -1.2724689478940060E-01   1.3532252782217928E+06
   4.1600000000000000E+04   1.7921908490871872E+03   2.1783938290286601E+03   1.0108926364796067E+04  -1.2809581275856061E-01   1.3506057553020264E+06
   4.1700000000000000E+04   1.7877716001345316E+03   2.1746202308782599E+03   1.0049729999994783E+04  -1.2894168539541426E-01   1.3479881567154948E+06
   4.1800000000000000E+04   1.7836187403338408E+03   2.1708455460509058E+03   9.9992065144781645E+03  -1.2978452222013234E-01   1.3453725316292243E+06
   4.1900000000000000E+04   1.7781809195995713E+03   2.1670698806081168E+03   9.9088498247488224E+03  -1.3062433275288526E-01   1.3427589326024805E+06
   4.2000000000000000E+04   1.7751472331831726E+03   2.1632933394643019E+03   9.8936048152245512E+03  -1.3146112653319375E-01   1.3401474073416924E+06
   4.2100000000000000E+04   1.7709129138949484E+03   2.1595160263881266E+03   9.8411842209857950E+03  -1.3229491304252858E-01   1.3375379946549619E+06
   4.2200000000000000E+04   1.7679162367856595E+03   2.1557380440247762E+03   9.8271015686803148E+03  -1.3312570183976014E-01   1.3349307490770181E+06
   4.2300000000000000E+04   1.7634871886496437E+03   2.1519594938971650E+03   9.7689151754656195E+03  -1.3395350248375903E-01   1.3323257121501944E+06
   4.2400000000000000E+04   1.7580727306104170E+03   2.1481804764147505E+03   9.6810626208604626E+03  -1.3477832453339583E-01   1.3297229329104379E+06
   4.2500000000000000E+04   1.7542044090004529E+03   2.1444010908785554E+03   9.6405685209278763E+03  -1.3560017750884104E-01   1.3271224515659984E+06
   4.2600000000000000E+04   1.7496482807876785E+03   2.1406214355011293E+03   9.5795186172994563E+03  -1.3641907100766515E-01   1.3245243137771825E+06
   4.2700000000000000E+04   1.7483576382266697E+03   2.1368416074020652E+03   9.6167760896594791E+03  -1.3723501456938861E-01   1.3219285584669139E+06
   4.2800000000000000E+04   1.7399887703206136E+03   2.1330617026278082E+03   9.4422767479515387E+03  -1.3804801779158196E-01   1.3193352320132086E+06
   4.2900000000000000E+04   1.7368824013081467E+03   2.1292818161508735E+03   9.4248665365114757E+03  -1.3885809023311568E-01   1.3167443760935315E+06
   4.3000000000000000E+04   1.7329936156176350E+03   2.1255020418857694E+03   9.3844646944062933E+03  -1.3966524149156009E-01   1.3141560317550525E+06
   4.3100000000000000E+04   1.7305821677118875E+03   2.1217224726900345E+03   9.3874628345347592E+03  -1.4046948112578586E-01   1.3115702374166315E+06
   4.3200000000000000E+04   1.7253019674282343E+03   2.1179432003781785E+03   9.3064387126646088E+03  -1.4127081871401320E-01   1.3089870328966132E+06
   4.3300000000000000E+04   1.7225734450193779E+03   2.1141643157318108E+03   9.3000209684703350E+03  -1.4206926387316268E-01   1.3064064593981067E+06
   4.3400000000000000E+04   1.7181437053196594E+03   2.1103859084969690E+03   9.2441512797650230E+03  -1.4286482614275478E-01   1.3038285535232988E+06
   4.3500000000000000E+04   1.7147786701007578E+03   2.1066080674069626E+03   9.2192331792519071E+03  -1.4365751513970978E-01   1.3012533572514006E+06
   4.3600000000000000E+04   1.7098546624399603E+03   2.1028308801778071E+03   9.1494981693607770E+03  -1.4444734042289828E-01   1.2986809020394441E+06
   4.3700000000000000E+04   1.7072119974476348E+03   2.0990544335236473E+03   9.1453364472041540E+03  -1.4523431157054076E-01   1.2961112267161806E+06
   4.3800000000000000E+04   1.7030733702251850E+03   2.0952788131666066E+03   9.0983274559859783E+03  -1.4601843819955740E-01   1.2935443714885579E+06
   4.3900000000000000E+04   1.6994714398599685E+03   2.0915041038322661E+03   9.0667227949761455E+03  -1.4679972983011902E-01   1.2909803661297632E+06
   4.4000000000000000E+04   1.6939477324468803E+03   2.0877303892755999E+03   8.9808580889637542E+03  -1.4757819607914580E-01   1.2884192516734314E+06
   4.4100000000000000E+04   1.6894110065113500E+03   2.0839577522745881E+03   8.9233055439013642E+03  -1.4835384650550842E-01   1.2858610587624691E+06
   4.4200000000000000E+04   1.6838702217037514E+03   2.0801862746434931E+03   8.8383089644910724E+03  -1.4912669066807718E-01   1.2833058214308382E+06
   4.4300000000000000E+04   1.6810150711631034E+03   2.0764160372407141E+03   8.8277140221283134E+03  -1.4989673812572285E-01   1.2807535751173494E+06
   4.4400000000000000E+04   1.6772626638101387E+03   2.0726471199783391E+03   8.7923882068707317E+03  -1.5066399845666564E-01   1.2782043527663450E+06
   4.4500000000000000E+04   1.6738898749079319E+03   2.0688796018228745E+03   8.7675106007012891E+03  -1.5142848118107630E-01   1.2756581867907299E+06
   4.4600000000000000E+04   1.6690621969878653E+03   2.0651135608117524E+03   8.7029190950358425E+03  -1.5219019585782545E-01   1.2731151071503698E+06
   4.4700000000000000E+04   1.6659958349693691E+03   2.0613490740557236E+03   8.6864065657615447E+03  -1.5294915202643342E-01   1.2705751471616335E+06
   4.4800000000000000E+04   1.6599719233341984E+03   2.0575862177464965E+03   8.5900718341803858E+03  -1.5370535920707096E-01   1.2680383357651727E+06
   4.4900000000000000E+04   1.6560465211393757E+03   2.0538250671677861E+03   8.5505613398997448E+03  -1.5445882693925875E-01   1.2655047071715877E+06
   4.5000000000000000E+04   1.6554885725132438E+03   2.0500656966976535E+03   8.6012597430716942E+03  -1.5520956472381731E-01   1.2629742873996103E+06
   4.5100000000000000E+04   1.6514242913838098E+03   2.0463081798211701E+03   8.5577637750346621E+03  -1.5595758208091748E-01   1.2604471077403883E+06
   4.5200000000000000E+04   1.6444993406190331E+03   2.0425525891344157E+03   8.4385101705342240E+03  -1.5670288851137973E-01   1.2579231970744536E+06
   4.5300000000000000E+04   1.6422027605070180E+03   2.0387989963501871E+03   8.4421409921026170E+03  -1.5744549347732506E-01   1.2554025837995117E+06
   4.5400000000000000E+04   1.6365993502030406E+03   2.0350474723138732E+03   8.3588231089586970E+03  -1.5818540649892388E-01   1.2528852977353716E+06
   4.5500000000000000E+04   1.6315763946488712E+03   2.0312980869988430E+03   8.2913138632991540E+03  -1.5892263701894738E-01   1.2503713625391345E+06
   4.5600000000000000E+04   1.6308064365672653E+03   2.0275509095222271E+03   8.3341881213604629E+03  -1.5965719449951604E-01   1.2478608070984259E+06
   4.5700000000000000E+04   1.6278300110046280E+03   2.0238060081487447E+03   8.3197269033380162E+03  -1.6038908838340099E-01   1.2453536579415922E+06
   4.5800000000000000E+04   1.6220084431363071E+03   2.0200634503012334E+03   8.2314250871917375E+03  -1.6111832813272289E-01   1.2428499430204942E+06
   4.5900000000000000E+04   1.6189797476270230E+03   2.0163233025610893E+03   8.2155267173177544E+03  -1.6184492315155283E-01   1.2403496860744606E+06
   4.6000000000000000E+04   1.6148010703968928E+03   2.0125856306803992E+03   8.1700642890006811E+03  -1.6256888284396165E-01   1.2378529122853884E+06
   4.6100000000000000E+04   1.6081558997846257E+03   2.0088504995922794E+03   8.0623616695991950E+03  -1.6329021665272037E-01   1.2353596482614041E+06
   4.6200000000000000E+04   1.6037923416332228E+03   2.0051179734062846E+03   8.0129266491470034E+03  -1.6400893392385016E-01   1.2328699182974442E+06
   4.6300000000000000E+04   1.6022148788163001E+03   2.0013881154286212E+03   8.0332385107776363E+03  -1.6472504406142183E-01   1.2303837444106501E+06
   4.6400000000000000E+04   1.5991964889392300E+03   1.9976609881591576E+03   8.0174079362381244E+03  -1.6543855641145686E-01   1.2279011519080987E+06
   4.6500000000000000E+04   1.5945848124160243E+03   1.9939366533032546E+03   7.9616538068616010E+03  -1.6614948031997614E-01   1.2254221619735351E+06
   4.6600000000000000E+04   1.5904970834652142E+03   1.9902151717785864E+03   7.9191598247122993E+03  -1.6685782513300101E-01   1.2229468009133437E+06
   4.6700000000000000E+04   1.5853678512913359E+03   1.9864966037186798E+03   7.8511645779005948E+03  -1.6756360015785271E-01   1.2204750854159389E+06
   4.6800000000000000E+04   1.5840567184626709E+03   1.9827810084829280E+03   7.8772165537444498E+03  -1.6826681470185248E-01   1.2180070427999562E+06
   4.6900000000000000E+04   1.5789489454203331E+03   1.9790684446632797E+03   7.8097869249765890E+03  -1.6896747807232165E-01   1.2155426944550832E+06
   4.7000000000000000E+04   1.5735357628401907E+03   1.9753589700860925E+03   7.7354864722272278E+03  -1.6966559951853180E-01   1.2130820577343220E+06
   4.7100000000000000E+04   1.5724768799578510E+03   1.9716526418251981E+03   7.7669500274123657E+03  -1.7036118830910410E-01   1.2106251550864826E+06
   4.7200000000000000E+04   1.5694449932474679E+03   1.9679495162052610E+03   7.7504478299214879E+03  -1.7105425369331023E-01   1.2081720085564628E+06
   4.7300000000000000E+04   1.5637464567971142E+03   1.9642496488067538E+03   7.6693232160621801E+03  -1.7174480488172172E-01   1.2057226361763112E+06
   4.7400000000000000E+04   1.5593658374208521E+03   1.9605530944772190E+03   7.6204302709145386E+03  -1.7243285110425990E-01   1.2032770592253148E+06
   4.7500000000000000E+04   1.5566391130264608E+03   1.9568599073314051E+03   7.6111104515584884E+03  -1.7311840153279690E-01   1.2008352949965682E+06
   4.7600000000000000E+04   1.5550228330229095E+03   1.9531701407640037E+03   7.6283930761667525E+03  -1.7380146535855395E-01   1.1983973640205797E+06
   4.7700000000000000E+04   1.5541824591896570E+03   1.9494838474497501E+03   7.6646672391305619E+03  -1.7448205171470318E-01   1.1959632810811468E+06
   4.7800000000000000E+04   1.5449642919487540E+03   1.9458010793575859E+03   7.4997936349007286E+03  -1.7516016977311616E-01   1.1935330695582721E+06
   4.7900000000000000E+04   1.5415830764028751E+03   1.9421218877491456E+03   7.4747868362683794E+03  -1.7583582864761468E-01   1.1911067470844747E+06
   4.8000000000000000E+04   1.5372824325407735E+03   1.9384463231881596E+03   7.4282345658067052E+03  -1.7650903743267080E-01   1.1886843273939027E+06
   4.8100000000000000E+04   1.5313379911411557E+03   1.9347744355482137E+03   7.3438918038209649E+03  -1.7717980522275659E-01   1.1862658309891424E+06
   4.8200000000000000E+04   1.5294038891216030E+03   1.9311062740158427E+03   7.3523124503344470E+03  -1.7784814107364394E-01   1.1838512709339566E+06
   4.8300000000000000E+04   1.5249321063041184E+03   1.9274418870997533E+03   7.3022275654119630E+03  -1.7851405404110496E-01   1.1814406670316819E+06
   4.8400000000000000E+04   1.5237696602957515E+03   1.9237813226338581E+03   7.3282853688284813E+03  -1.7917755314221184E-01   1.1790340334472347E+06
   4.8500000000000000E+04   1.5195559373000453E+03   1.9201246277879065E+03   7.2839861122385164E+03  -1.7983864741338662E-01   1.1766313875368375E+06
   4.8600000000000000E+04   1.5154225421102378E+03   1.9164718490659154E+03   7.2416647804234826E+03  -1.8049734581365187E-01   1.1742327428168226E+06
   4.8700000000000000E+04   1.5118822210452315E+03   1.9128230323197422E+03   7.2129427916730983E+03  -1.8115365732137972E-01   1.1718381159841442E+06
   4.8800000000000000E+04   1.5066430036255126E+03   1.9091782227519827E+03   7.1458343899089477E+03  -1.8180759089559270E-01   1.1694475199243887E+06
   4.8900000000000000E+04   1.5059145453894459E+03   1.9055374649203843E+03   7.1807107274435957E+03  -1.8245915545661306E-01   1.1670609724230173E+06
   4.9000000000000000E+04   1.5011728497205181E+03   1.9019008027467044E+03   7.1247384326055271E+03  -1.8310835992476349E-01   1.1646784857345137E+06
   4.9100000000000000E+04   1.4978179690894851E+03   1.8982682795180747E+03   7.1001576604390730E+03  -1.8375521316231649E-01   1.1623000718223555E+06
   4.9200000000000000E+04   1.4918586468145977E+03   1.8946399379002078E+03   7.0175428613836102E+03  -1.8439972407024480E-01   1.1599257492418063E+06
   4.9300000000000000E+04   1.4886168200166217E+03   1.8910158199342532E+03   6.9955391465880020E+03  -1.8504190147212096E-01   1.1575555259050995E+06
   4.9400000000000000E+04   1.4856516637565783E+03   1.8873959670484367E+03   6.9795960655499630E+03  -1.8568175419151794E-01   1.1551894180314962E+06
   4.9500000000000000E+04   1.4814072177967380E+03   1.8837804200622506E+03   6.9354666148540709E+03  -1.8631929103265860E-01   1.1528274346899448E+06
   4.9600000000000000E+04   1.4787496033715938E+03   1.8801692191935276E+03   6.9261674755506365E+03  -1.8695452079976566E-01   1.1504695949001438E+06
   4.9700000000000000E+04   1.4753847047099837E+03   1.8765624040582281E+03   6.9013095016978114E+03  -1.8758745221966225E-01   1.1481159037519812E+06
   4.9800000000000000E+04   1.4703266351832051E+03   1.8729600136847162E+03   6.8396291559404390E+03  -1.8821809405787124E-01   1.1457663779678592E+06
   4.9900000000000000E+04   1.4676993398255129E+03   1.8693620865120188E+03   6.8307591951262893E+03  -1.8884645502186592E-01   1.1434210288736294E+06
   5.0000000000000000E+04   1.4629892590601357E+03   1.8657686603982165E+03   6.7769093975152591E+03  -1.8947254379976952E-01   1.1410798641539204E+06


