#Te   kappa_tot   kappa_e_ph  kappa_e_e mu Ce
#[K]  [W/(K*m)]   [W/(K*m)]   [W/(K*m)]   [eV]  [J/(m^3*K)]
   3.0000000000000000E+02   4.2027476513404635E-95   9.0257973923989309E-18   4.2027476513404635E-95  -5.4190416326480308E+00   1.0800199781666689E-11
   4.0000000000000000E+02   1.9422580018301278E-70   5.1325114799650829E-13   1.9422580018301278E-70  -5.4190416326480308E+00   2.6144725233532286E-07
   5.0000000000000000E+02   1.8575297497468826E-55   4.0638078276463474E-10   1.8575297497468826E-55  -5.4190416326480308E+00   1.1983670977949047E-04
   6.0000000000000000E+02   1.6930214005635920E-37   8.6594337002465339E-13   1.6930214005635920E-37  -6.4147698799469159E+00   1.9003538310885658E-09
   7.0000000000000000E+02   1.2054128102135572E-31   2.5282732353376490E-10   1.2054128102135572E-31  -6.4147698799469159E+00   3.2940609959530039E-07
   8.0000000000000000E+02   2.9859137366531361E-27   1.7660729231330983E-08   2.9859137366531361E-27  -6.4147698799469159E+00   1.6478634078759314E-05
   9.0000000000000000E+02   4.0651031241662598E-22   4.7580895012224578E-07   4.0651031241662631E-22  -6.4147698799469159E+00   3.5691909479915960E-04
   1.0000000000000000E+03   4.1632127692284334E-20   6.4435864380371320E-06   4.1632127692284605E-20  -6.2903038490345571E+00  -3.9331822223295024E-03
   1.1000000000000000E+03   1.0981203066901053E-17   6.5406223556258565E-05   1.0981203066902897E-17  -6.3369786106266890E+00   2.7269294788461709E-02
   1.2000000000000000E+03   7.9075201734207331E-16   3.8130474882599151E-04   7.9075201734371316E-16  -6.3467025192917177E+00   1.6842081160815464E-01
   1.3000000000000000E+03   2.7829918513137606E-14   1.6822046317980410E-03   2.7829918513598020E-14  -6.3510782781909816E+00   7.3162267048357543E-01
   1.4000000000000000E+03   5.8034493632191129E-13   6.0010637949754466E-03   5.8034493637803477E-13  -6.3547247439403671E+00   2.5917952037026524E+00
   1.5000000000000000E+03   7.9902222985280826E-12   1.8062383648163712E-02   7.9902223020627012E-12  -6.3580065631148139E+00   7.7589150181561930E+00
   1.6000000000000000E+03   7.8527412268674911E-11   4.7344211875014974E-02   7.8527412398924295E-11  -6.3608629612851653E+00   2.0250961888251169E+01
   1.7000000000000000E+03   5.8531902244724618E-10   1.1072757432321556E-01   5.8531902554131165E-10  -6.3634002937024468E+00   4.7198202600083391E+01
   1.8000000000000000E+03   3.4662960964672174E-09   2.3548099955605467E-01   3.4662961474913295E-09  -6.3656223587684790E+00   1.0006850433338548E+02
   1.9000000000000000E+03   1.6923846249296580E-08   4.6223741782482808E-01   1.6923846868927472E-08  -6.3675842333096853E+00   1.9587288408842238E+02
   2.0000000000000000E+03   7.0159734928865517E-08   8.4759767629912108E-01   7.0159740736324587E-08  -6.3693258005451980E+00   3.5819421775470983E+02
   2.1000000000000000E+03   2.5286894024387019E-07   1.4660577041339831E+00   2.5286898385928298E-07  -6.3708821956918786E+00   6.1789814172536001E+02
   2.2000000000000000E+03   8.0808455752989633E-07   2.4110594910397114E+00   8.0808482836554910E-07  -6.3722833311640708E+00   1.0134608751400509E+03
   2.3000000000000000E+03   2.3263421217979858E-06   3.7950850695682683E+00   2.3263435478189802E-06  -6.3735557957745330E+00   1.5908782275588935E+03
   2.4000000000000000E+03   6.1152340528230109E-06   5.7488235632289841E+00   6.1152405578282322E-06  -6.3747226173343137E+00   2.4031731021147752E+03
   2.5000000000000000E+03   1.4838466509838644E-05   8.4195279568429111E+00   1.4838492661005019E-05  -6.3758021943522394E+00   3.5095553099052645E+03
   2.6000000000000000E+03   3.3548633019471047E-05   1.1968722953207228E+01   3.3548727057401132E-05  -6.3768104326359420E+00   4.9743133548264805E+03
   2.7000000000000000E+03   7.1257306106808547E-05   1.6569462231760262E+01   7.1257612551606768E-05  -6.3777598550414201E+00   6.8655198157431760E+03
   2.8000000000000000E+03   1.4313764790826322E-04   2.2403316276833234E+01   1.4313856243881304E-04  -6.3786608478236744E+00   9.2536388034700522E+03
   2.9000000000000000E+03   2.7357862617182876E-04   2.9657269129006330E+01   2.7358114986862642E-04  -6.3795217199866769E+00   1.2210110305947450E+04
   3.0000000000000000E+03   5.0006458532187879E-04   3.8520666783927688E+01   5.0007107710555441E-04  -6.3803489406835325E+00   1.5805976699780755E+04
   3.1000000000000000E+03   8.7803758776666414E-04   4.9182326489395358E+01   8.7805326339293784E-04  -6.3811476288542019E+00   2.0110603079384513E+04
   3.2000000000000000E+03   1.4858541717357708E-03   6.1827892871679843E+01   1.4858898807915959E-03  -6.3819216422505329E+00   2.5190526746871725E+04
   3.3000000000000000E+03   2.4314781856587526E-03   7.6637487065743244E+01   2.4315553316348599E-03  -6.3826738667676608E+00   3.1108459479830275E+04
   3.4000000000000000E+03   3.8626795730335385E-03   9.3783679429753164E+01   3.8628386722299431E-03  -6.3834063351440617E+00   3.7922454367912600E+04
   3.5000000000000000E+03   5.9668015435664530E-03   1.1342978841891866E+02   5.9671154346005641E-03  -6.3841204272678960E+00   4.5685240997284629E+04
   3.6000000000000000E+03   8.9837431925985679E-03   1.3572850020052911E+02   8.9843378575653852E-03  -6.3848169777489394E+00   5.4443722201985060E+04
   3.7000000000000000E+03   1.3220121680486469E-02   1.6082078894581502E+02   1.3221208517496223E-02  -6.3854963723623772E+00   6.4238624781636230E+04
   3.8000000000000000E+03   1.9039227402626278E-02   1.8883511109212117E+02   1.9041147218966641E-02  -6.3861586482019783E+00   7.5104289879523451E+04
   3.9000000000000000E+03   2.6885861581184625E-02   2.1988684485013331E+02   2.6889149353802655E-02  -6.3868035715770031E+00   8.7068587997940500E+04
   4.0000000000000000E+03   3.7283834407397104E-02   2.5407794492062175E+02   3.7289306304305943E-02  -6.3874306917981745E+00   1.0015294227064586E+05
   4.1000000000000000E+03   5.0853257572268620E-02   2.9149678082020773E+02   5.0862130757862049E-02  -6.3880393986730146E+00   1.1437244399253470E+05
   4.2000000000000000E+03   6.8305128142000598E-02   3.3221813203567228E+02   6.8319174786474077E-02  -6.3886289577449160E+00   1.2973604338895319E+05
   4.3000000000000000E+03   9.0515714146580301E-02   3.7630331159130560E+02   9.0537491966466419E-02  -6.3891985557330262E+00   1.4624680300076472E+05
   4.4000000000000000E+03   1.1848683199438265E-01   4.2380039817789907E+02   1.1851996800746253E-01  -6.3897473181517608E+00   1.6390219840812465E+05
   4.5000000000000000E+03   1.5336059451692266E-01   4.7474455278792232E+02   1.5341015184613033E-01  -6.3902743417678805E+00   1.8269445504727177E+05
   4.6000000000000000E+03   1.9652715186094227E-01   5.2915840614340368E+02   1.9660016831629099E-01  -6.3907787066559436E+00   2.0261090844157155E+05
   4.7000000000000000E+03   2.4952892526974482E-01   5.8705249962354412E+02   2.4963503360193709E-01  -6.3912594938178486E+00   2.2363438328313574E+05
   4.8000000000000000E+03   3.1460374068057684E-01   6.4842576786536029E+02   3.1475645447279160E-01  -6.3917158018750460E+00   2.4574357839936847E+05
   4.9000000000000000E+03   3.9389967082970756E-01   7.1326605624387935E+02   3.9411732128673427E-01  -6.3921467461411625E+00   2.6891345318212133E+05
   5.0000000000000000E+03   4.9011798440695947E-01   7.8155065868660449E+02   4.9042553500786829E-01  -6.3925514771689302E+00   2.9311561144089338E+05
   5.1000000000000000E+03   6.0656576768476911E-01   8.5324687645573874E+02   6.0699727675830817E-01  -6.3929291779680986E+00   3.1831867553893838E+05
   5.2000000000000000E+03   7.4705292528797140E-01   9.2831258669423323E+02   7.4765459498446574E-01  -6.3932790718879104E+00   3.4448864986851375E+05
   5.3000000000000000E+03   9.1604436066828998E-01   1.0066968194002974E+03   9.1687867495579367E-01  -6.3936004249354399E+00   3.7158926901190414E+05
   5.4000000000000000E+03   1.1186874062186647E+00   1.0883403386085029E+03   1.1198384700440112E+00  -6.3938925467029293E+00   3.9958233024906536E+05
   5.5000000000000000E+03   1.3608837116480788E+00   1.1731762239822453E+03   1.3624641692619903E+00  -6.3941547926861642E+00   4.2842800821944611E+05
   5.6000000000000000E+03   1.6493442893322483E+00   1.2611304514633491E+03   1.6515041761056648E+00  -6.3943865638207917E+00   4.5808515049139532E+05
   5.7000000000000000E+03   1.9916391018863278E+00   1.3521224697528066E+03   1.9945770588769476E+00  -6.3945873069460051E+00   4.8851155436250672E+05
   5.8000000000000000E+03   2.3962408028283027E+00   1.4460657714081171E+03   2.4002181465786636E+00  -6.3947565138771827E+00   5.1966422496621939E+05
   5.9000000000000000E+03   2.8719942992896463E+00   1.5428684565878566E+03   2.8773503838373311E+00  -6.3948937200148785E+00   5.5149961265874445E+05
   6.0000000000000000E+03   3.4303295150764090E+00   1.6424337865954365E+03   3.4375089755779542E+00  -6.3949985052721816E+00   5.8397383351798868E+05
   6.1000000000000000E+03   4.0819228875055327E+00   1.7446607286115809E+03   4.0914956195213117E+00  -6.3950704903653133E+00   6.1704286987137154E+05
   6.2000000000000000E+03   4.8393028706103918E+00   1.8494444867496525E+03   4.8519987322929712E+00  -6.3951093368136354E+00   6.5066275415576447E+05
   6.3000000000000000E+03   5.7158620851598156E+00   1.9566770198678587E+03   5.7326082306411017E+00  -6.3951147460123217E+00   6.8478973532837711E+05
   6.4000000000000000E+03   6.7260123206263405E+00   2.0662475459366310E+03   6.7479782195008173E+00  -6.3950864557548073E+00   7.1938042912352120E+05
   6.5000000000000000E+03   7.8851778948099369E+00   2.1780430285300099E+03   7.9138283592978542E+00  -6.3950242404646076E+00   7.5439195299780241E+05
   6.6000000000000000E+03   9.2097818001859206E+00   2.2919486476470288E+03   9.2469389547234240E+00  -6.3949279086451511E+00   7.8978204640862497E+05
   6.7000000000000000E+03   1.0703178205499880E+01   2.4078482514445022E+03   1.0750967563339577E+01  -6.3947973020683273E+00   8.2550917772913654E+05
   6.8000000000000000E+03   1.2407384562293521E+01   2.5256247900724311E+03   1.2468637994383846E+01  -6.3946322931084039E+00   8.6153263775231503E+05
   6.9000000000000000E+03   1.4331085425708745E+01   2.6451607283022740E+03   1.4409152057668388E+01  -6.3944327842783153E+00   8.9781262203101406E+05
   7.0000000000000000E+03   1.6496872413114787E+01   2.7663384388252798E+03   1.6595840587404794E+01  -6.3941987059113288E+00   9.3431030138575926E+05
   7.1000000000000000E+03   1.8915522847100021E+01   2.8890405732736281E+03   1.9040185361204063E+01  -6.3939300155814491E+00   9.7098788156202075E+05
   7.2000000000000000E+03   2.1643242396472896E+01   3.0131504129600371E+03   2.1799828998050131E+01  -6.3936266957850547E+00   1.0078086562296393E+06
   7.3000000000000000E+03   2.4658427895064960E+01   3.1385521965993048E+03   2.4853694051016429E+01  -6.3932887532453888E+00   1.0447370467567246E+06
   7.4000000000000000E+03   2.7996714706926443E+01   3.2651314266924351E+03   2.8238847365625801E+01  -6.3929162172897112E+00   1.0817386368775934E+06
   7.5000000000000000E+03   3.1696027878600965E+01   3.3927751533699843E+03   3.1994931339594068E+01  -6.3925091388060373E+00   1.1187801999679564E+06
   7.6000000000000000E+03   3.5766433880897949E+01   3.5213722363869924E+03   3.6133439751624032E+01  -6.3920675889680325E+00   1.1558297169199912E+06
   7.7000000000000000E+03   4.0235170480201447E+01   3.6508135854978368E+03   4.0683538790618819E+01  -6.3915916577280862E+00   1.1928563934549983E+06
   7.8000000000000000E+03   4.5126686375167118E+01   3.7809923779535575E+03   4.5671785688505203E+01  -6.3910814537013811E+00   1.2298306616031765E+06
   7.9000000000000000E+03   5.0466398501940787E+01   3.9118042568523169E+03   5.1125977505691772E+01  -6.3905371018475545E+00   1.2667241896332758E+06
   8.0000000000000000E+03   5.6280539654689314E+01   4.0431475062118193E+03   5.7075022934516021E+01  -6.3899587438184273E+00   1.3035098738348098E+06
   8.1000000000000000E+03   6.2497536415845389E+01   4.1749232084783371E+03   6.3447326726849589E+01  -6.3893465356396639E+00   1.3401618386395092E+06
   8.2000000000000000E+03   6.9315003198794358E+01   4.3070353795385445E+03   7.0448765986748469E+01  -6.3887006482903459E+00   1.3766554208684722E+06
   8.3000000000000000E+03   7.6710983965228507E+01   4.4393910877469134E+03   7.8059828006260219E+01  -6.3880212655005471E+00   1.4129671607841286E+06
   8.4000000000000000E+03   8.4527804651073410E+01   4.5719005525199545E+03   8.6120039163466728E+01  -6.3873085837513131E+00   1.4490747869237491E+06
   8.5000000000000000E+03   9.3177802265303015E+01   4.7044772265592273E+03   9.5060591049143753E+01  -6.3865628113473401E+00   1.4849571949169638E+06
   8.6000000000000000E+03   1.0218112016425169E+02   4.8370378613175044E+03   1.0438625157346054E+02  -6.3857841677214404E+00   1.5205944248724668E+06
   8.7000000000000000E+03   1.1195553949401520E+02   4.9695025572431468E+03   1.1453586301483702E+02  -6.3849728823913106E+00   1.5559676456264311E+06
   8.8000000000000000E+03   1.2239183750301984E+02   5.1017947979877854E+03   1.2540018248056859E+02  -6.3841291949595051E+00   1.5910591241417599E+06
   8.9000000000000000E+03   1.3353980273835367E+02   5.2338414724239738E+03   1.3703623884553352E+02  -6.3832533537224263E+00   1.6258522041708895E+06
   9.0000000000000000E+03   1.4556965183946818E+02   5.3655728818838897E+03   1.4962913659509036E+02  -6.3823456157282985E+00   1.6603312750280572E+06
   9.1000000000000000E+03   1.5839893367329341E+02   5.4969227364483513E+03   1.6309877638557919E+02  -6.3814062459077672E+00   1.6944817463542824E+06
   9.2000000000000000E+03   1.7174932536590882E+02   5.6278281395203931E+03   1.7715574117631095E+02  -6.3804355166102251E+00   1.7282900186140854E+06
   9.3000000000000000E+03   1.8584854157980936E+02   5.7582295623806285E+03   1.9204691176993290E+02  -6.3794337069083173E+00   1.7617434567890521E+06
   9.4000000000000000E+03   2.0042842015216169E+02   5.8880708083088430E+03   2.0749137328162359E+02  -6.3784011025979348E+00   1.7948303513762762E+06
   9.5000000000000000E+03   2.1605630129119410E+02   6.0172989695121696E+03   2.2410290923320360E+02  -6.3773379951549520E+00   1.8275398991495448E+06
   9.6000000000000000E+03   2.3281679771829479E+02   6.1458643749573457E+03   2.4198358702478473E+02  -6.3762446816193048E+00   1.8598621694041709E+06
   9.7000000000000000E+03   2.4972667125379974E+02   6.2737205314743833E+03   2.6007917356083556E+02  -6.3751214642472416E+00   1.8917880670318087E+06
   9.8000000000000000E+03   2.6769106214356219E+02   6.4008240588466579E+03   2.7937489564106977E+02  -6.3739686499896857E+00   1.9233093104605915E+06
   9.9000000000000000E+03   2.8661574296169357E+02   6.5271346194679936E+03   2.9977948555091137E+02  -6.3727865499126679E+00   1.9544184008717500E+06
   1.0000000000000000E+04   3.0652307370947693E+02   6.6526148420934387E+03   3.2132846861164228E+02  -6.3715754793132007E+00   1.9851085864575983E+06
   1.0100000000000000E+04   3.2728588480058210E+02   6.7772302425380649E+03   3.4389316766205383E+02  -6.3703357570817749E+00   2.0153738315965408E+06
   1.0200000000000000E+04   3.4877524664895117E+02   6.9009491405790368E+03   3.6734071433101730E+02  -6.3690677052386624E+00   2.0452088041899079E+06
   1.0300000000000000E+04   3.7113231383485538E+02   7.0237425730591258E+03   3.9183684769529447E+02  -6.3677716489918836E+00   2.0746088219380809E+06
   1.0400000000000000E+04   3.9434785521466665E+02   7.1455842054903933E+03   4.1738218890468130E+02  -6.3664479162155638E+00   2.1035698420778224E+06
   1.0500000000000000E+04   4.1845386137385691E+02   7.2664502413134705E+03   4.4402391491705617E+02  -6.3650968372181200E+00   2.1320884246533895E+06
   1.0600000000000000E+04   4.4341401789017721E+02   7.3863193300416597E+03   4.7173299711021531E+02  -6.3637187443365235E+00   2.1601617151845577E+06
   1.0700000000000000E+04   4.6927510028197810E+02   7.5051724736765136E+03   5.0057446524676499E+02  -6.3623139719942738E+00   2.1877873990906011E+06
   1.0800000000000000E+04   4.9600870459877910E+02   7.6229929335551515E+03   5.3052886447764911E+02  -6.3608828561797699E+00   2.2149636987789525E+06
   1.0900000000000000E+04   5.2361087700414225E+02   7.7397661363718480E+03   5.6160456487014733E+02  -6.3594257343303751E+00   2.2416893309637383E+06
   1.1000000000000000E+04   5.5209594088209121E+02   7.8554795805953363E+03   5.9383138064196248E+02  -6.3579429451006026E+00   2.2679634829520150E+06
   1.1100000000000000E+04   5.8136431359356277E+02   7.9701227434141692E+03   6.2710737967568400E+02  -6.3564348281302614E+00   2.2937858037470588E+06
   1.1200000000000000E+04   6.1149496308438586E+02   8.0836869885042006E+03   6.6153731860810740E+02  -6.3549017238126284E+00   2.3191563602858917E+06
   1.1300000000000000E+04   6.4145474541288786E+02   8.1961654744622410E+03   6.9591933117532506E+02  -6.3533439732944501E+00   2.3440756242894828E+06
   1.1400000000000000E+04   6.7311937394029974E+02   8.3075530654995091E+03   7.3246754695210109E+02  -6.3517619179543088E+00   2.3685444563151221E+06
   1.1500000000000000E+04   7.0534772440000154E+02   8.4178462424164336E+03   7.6985540776020741E+02  -6.3501558995764986E+00   2.3925640697871880E+06
   1.1600000000000000E+04   7.3910235312912357E+02   8.5270430164552563E+03   8.0924570835182521E+02  -6.3485262598873575E+00   2.4161360250603445E+06
   1.1700000000000000E+04   7.7317452809968006E+02   8.6351428440868367E+03   8.4921132027124747E+02  -6.3468733406132198E+00   2.4392622004765896E+06
   1.1800000000000000E+04   8.0840714095119336E+02   8.7421465442470162E+03   8.9077966068248145E+02  -6.3451974833065483E+00   2.4619447689751876E+06
   1.1900000000000000E+04   8.4485429243746830E+02   8.8480562180612033E+03   9.3404094324090738E+02  -6.3434990289981652E+00   2.4841861929693841E+06
   1.2000000000000000E+04   8.8162126023130895E+02   8.9528751700625671E+03   9.7792055339876799E+02  -6.3417783182552228E+00   2.5059892020621006E+06
   1.2100000000000000E+04   9.1901479633881638E+02   9.0566078319614298E+03   1.0228032497786062E+03  -6.3400356911232540E+00   2.5273567584726652E+06
   1.2200000000000000E+04   9.5693891462885210E+02   9.1592596895015558E+03   1.0685819619400879E+03  -6.3382714867204317E+00   2.5482920622532438E+06
   1.2300000000000000E+04   9.9575730406910282E+02   9.2608372108952626E+03   1.1157237919657362E+03  -6.3364860432955581E+00   2.5687985367223984E+06
   1.2400000000000000E+04   1.0353603079634177E+03   9.3613477779817131E+03   1.1641103176368945E+03  -6.3346796981700804E+00   2.5888797885188358E+06
   1.2500000000000000E+04   1.0754889570894652E+03   9.4607996202633167E+03   1.2134297613462727E+03  -6.3328527875062708E+00   2.6085396148579922E+06
   1.2600000000000000E+04   1.1162155075909029E+03   9.5592017512706607E+03   1.2637861684242189E+03  -6.3310056461912998E+00   2.6277819858925445E+06
   1.2700000000000000E+04   1.1570462621208130E+03   9.6565639071333808E+03   1.3145559125035395E+03  -6.3291386078952003E+00   2.6466110221329881E+06
   1.2800000000000000E+04   1.1998587342509752E+03   9.7528964883965891E+03   1.3681803322072751E+03  -6.3272520047810694E+00   2.6650309927497827E+06
   1.2900000000000000E+04   1.2428772684150019E+03   9.8482105037375350E+03   1.4223873306171240E+03  -6.3253461675340583E+00   2.6830462939184397E+06
   1.3000000000000000E+04   1.2843825003850357E+03   9.9425175163076983E+03   1.4749129557615763E+03  -6.3234214253323699E+00   2.7006614441512981E+06
   1.3100000000000000E+04   1.3280463284988523E+03   1.0035829593154964E+04   1.5305900755163009E+03  -6.3214781055285121E+00   2.7178810654084357E+06
   1.3200000000000000E+04   1.3738573788421661E+03   1.0128159256028897E+04   1.5894638456830860E+03  -6.3195165338521235E+00   2.7347098854167336E+06
   1.3300000000000000E+04   1.4164570042299219E+03   1.0219519435422008E+04   1.6443720577143617E+03  -6.3175370342071515E+00   2.7511527004603292E+06
   1.3400000000000000E+04   1.4634806533650858E+03   1.0309923426920806E+04   1.7055865119115529E+03  -6.3155399284979437E+00   2.7672144121111529E+06
   1.3500000000000000E+04   1.5072278207627999E+03   1.0399384849202157E+04   1.7627041575409062E+03  -6.3135255367741676E+00   2.7828999625877296E+06
   1.3600000000000000E+04   1.5534020488660990E+03   1.0487917604947845E+04   1.8234847310523560E+03  -6.3114941770569271E+00   2.7982143707802016E+06
   1.3700000000000000E+04   1.5999300430857422E+03   1.0575535843964390E+04   1.8851226194484163E+03  -6.3094461651648732E+00   2.8131627012912873E+06
   1.3800000000000000E+04   1.6488055675267324E+03   1.0662253927518004E+04   1.9504170807822188E+03  -6.3073818149750451E+00   2.8277500558611504E+06
   1.3900000000000000E+04   1.6960702557938403E+03   1.0748086396157205E+04   2.0138618138271324E+03  -6.3053014380171239E+00   2.8419815748484805E+06
   1.4000000000000000E+04   1.7437322091231006E+03   1.0833047938316111E+04   2.0782570631082626E+03  -6.3032053436473419E+00   2.8558624305753945E+06
   1.4100000000000000E+04   1.7916035941492914E+03   1.0917153361539788E+04   2.1433460667002391E+03  -6.3010938389035624E+00   2.8693978175949208E+06
   1.4200000000000000E+04   1.8375184242430578E+03   1.1000417565340318E+04   2.2060124900882870E+03  -6.2989672284763216E+00   2.8825929394046851E+06
   1.4300000000000000E+04   1.8854283301757268E+03   1.1082855515735189E+04   2.2719320682874622E+03  -6.2968258147377751E+00   2.8954530088648992E+06
   1.4400000000000000E+04   1.9340360531226061E+03   1.1164482221968472E+04   2.3392705766067252E+03  -6.2946698975678563E+00   2.9079832498467276E+06
   1.4500000000000000E+04   1.9824218283268990E+03   1.1245312714338641E+04   2.4066950227096386E+03  -6.2924997744411968E+00   2.9201888778622909E+06
   1.4600000000000000E+04   2.0315382535243523E+03   1.1325362024074107E+04   2.4756124879219178E+03  -6.2903157403112075E+00   2.9320751019110777E+06
   1.4700000000000000E+04   2.0824960001251943E+03   1.1404645164429699E+04   2.5477094947926535E+03  -6.2881180876390683E+00   2.9436471198275234E+06
   1.4800000000000000E+04   2.1321483592179948E+03   1.1483177113509753E+04   2.6183041336432980E+03  -6.2859071063067722E+00   2.9549101099539422E+06
   1.4900000000000000E+04   2.1819844147363970E+03   1.1560972798369752E+04   2.6896144267812715E+03  -6.2836830835881647E+00   2.9658692468153411E+06
   1.5000000000000000E+04   2.2320003097782296E+03   1.1638047080328311E+04   2.7616410296657796E+03  -6.2814463041779121E+00   2.9765296660022922E+06
   1.5100000000000000E+04   2.2818404127059985E+03   1.1714414741683111E+04   2.8338419647174014E+03  -6.2791970501625336E+00   2.9868964674220243E+06
   1.5200000000000000E+04   2.3319404306379547E+03   1.1790090473902323E+04   2.9068886125941685E+03  -6.2769356008754817E+00   2.9969747495690668E+06
   1.5300000000000000E+04   2.3824278875487430E+03   1.1865088866251326E+04   2.9809901109708176E+03  -6.2746622330710471E+00   3.0067695484048952E+06
   1.5400000000000000E+04   2.4307982230308253E+03   1.1939424396358752E+04   3.0522108112829724E+03  -6.2723772207214692E+00   3.0162858847976131E+06
   1.5500000000000000E+04   2.4810817691093466E+03   1.2013111421031135E+04   3.1268798802981505E+03  -6.2700808351618758E+00   3.0255287143620313E+06
   1.5600000000000000E+04   2.5314197232912420E+03   1.2086164168766023E+04   3.2020902840829376E+03  -6.2677733449163577E+00   3.0345029775933814E+06
   1.5700000000000000E+04   2.5795118316532589E+03   1.2158596732527778E+04   3.2741378171721558E+03  -6.2654550158139353E+00   3.0432135534249498E+06
   1.5800000000000000E+04   2.6338610174898140E+03   1.2230423063918919E+04   3.3567473830329650E+03  -6.2631261108725980E+00   3.0516652934759837E+06
   1.5900000000000000E+04   2.6851598931211979E+03   1.2301656967769455E+04   3.4349218486085460E+03  -6.2607868903572941E+00   3.0598629832395623E+06
   1.6000000000000000E+04   2.7345557280945227E+03   1.2372312097555570E+04   3.5104411876761005E+03  -6.2584376118088940E+00   3.0678113534926763E+06
   1.6100000000000000E+04   2.7858358219635998E+03   1.2442401952071577E+04   3.5895253656760533E+03  -6.2560785298413384E+00   3.0755151180731575E+06
   1.6200000000000000E+04   2.8326212131430862E+03   1.2511939871699466E+04   3.6615786243194752E+03  -6.2537098964024525E+00   3.0829788995594638E+06
   1.6300000000000000E+04   2.8825014117256187E+03   1.2580939036307569E+04   3.7392182057317386E+03  -6.2513319606000683E+00   3.0902072812340530E+06
   1.6400000000000000E+04   2.9354642889480961E+03   1.2649412463533647E+04   3.8225341432256741E+03  -6.2489449686150920E+00   3.0972048071234822E+06
   1.6500000000000000E+04   2.9865518749218236E+03   1.2717373006726119E+04   3.9031746327327264E+03  -6.2465491639912978E+00   3.1039759452681066E+06
   1.6600000000000000E+04   3.0360224428058691E+03   1.2784833354738548E+04   3.9815154220510258E+03  -6.2441447873455198E+00   3.1105251066866186E+06
   1.6700000000000000E+04   3.0850420615925495E+03   1.2851806031239032E+04   4.0595188229204578E+03  -6.2417320764835802E+00   3.1168566609398406E+06
   1.6800000000000000E+04   3.1349651140163742E+03   1.2918303394646109E+04   4.1395308342428125E+03  -6.2393112664292794E+00   3.1229749036012539E+06
   1.6900000000000000E+04   3.1832032779979572E+03   1.2984337638728923E+04   4.2170410702493073E+03  -6.2368825893374416E+00   3.1288840824754434E+06
   1.7000000000000000E+04   3.2311781465718227E+03   1.3049920793085292E+04   4.2945029113359378E+03  -6.2344462746098364E+00   3.1345883809595150E+06
   1.7100000000000000E+04   3.2810414452078498E+03   1.3115064724562906E+04   4.3757340912758618E+03  -6.2320025487502759E+00   3.1400919287670292E+06
   1.7200000000000000E+04   3.3254359163711697E+03   1.3179781138219265E+04   4.4476336661895430E+03  -6.2295516355385203E+00   3.1453987788258195E+06
   1.7300000000000000E+04   3.3767913149148653E+03   1.3244081579375466E+04   4.5323993165922939E+03  -6.2270937558563526E+00   3.1505129589055995E+06
   1.7400000000000000E+04   3.4287335201769383E+03   1.3307977435011264E+04   4.6187247435672443E+03  -6.2246291278904788E+00   3.1554384022840802E+06
   1.7500000000000000E+04   3.4777976229200581E+03   1.3371479936343558E+04   4.7003026440867588E+03  -6.2221579669296512E+00   3.1601789937058161E+06
   1.7600000000000000E+04   3.5245506122741008E+03   1.3434600160693060E+04   4.7780717937563477E+03  -6.2196804855385475E+00   3.1647385701867784E+06
   1.7700000000000000E+04   3.5706291924615930E+03   1.3497349034072386E+04   4.8549802201410548E+03  -6.2171968934998043E+00   3.1691208909383100E+06
   1.7800000000000000E+04   3.6184329686631963E+03   1.3559737333921314E+04   4.9354691107679555E+03  -6.2147073977560856E+00   3.1733296739261504E+06
   1.7900000000000000E+04   3.6659621864245596E+03   1.3621775691406245E+04   5.0158547638186628E+03  -6.2122122025839204E+00   3.1773685592511790E+06
   1.8000000000000000E+04   3.7141268941935004E+03   1.3683474594595087E+04   5.0978421582940573E+03  -6.2097115094488426E+00   3.1812411402755869E+06
   1.8100000000000000E+04   3.7607439084808871E+03   1.3744844391159735E+04   5.1773156637143957E+03  -6.2072055170923024E+00   3.1849509452646188E+06
   1.8200000000000000E+04   3.8079312010979997E+03   1.3805895291359053E+04   5.2582604782775743E+03  -6.2046944215316699E+00   3.1885014569937633E+06
   1.8300000000000000E+04   3.8530456932261468E+03   1.3866637371147994E+04   5.3356267282429044E+03  -6.2021784160312876E+00   3.1918960807882538E+06
   1.8400000000000000E+04   3.8998359285176016E+03   1.3927080575044405E+04   5.4165756516901765E+03  -6.1996576911893593E+00   3.1951381839865218E+06
   1.8500000000000000E+04   3.9476049944650240E+03   1.3987234719375703E+04   5.4998121594024587E+03  -6.1971324348800190E+00   3.1982310704456083E+06
   1.8600000000000000E+04   3.9856282783864776E+03   1.4047109495114228E+04   5.5644447996620829E+03  -6.1946028323692550E+00   3.2011779670497570E+06
   1.8700000000000000E+04   4.0353392814321810E+03   1.4106714471425377E+04   5.6521952528440243E+03  -6.1920690661410136E+00   3.2039820920626284E+06
   1.8800000000000000E+04   4.0871013796622642E+03   1.4166059098211479E+04   5.7444550618683679E+03  -6.1895313161290524E+00   3.2066465607089191E+06
   1.8900000000000000E+04   4.1320254399941223E+03   1.4225152709418840E+04   5.8236353623697250E+03  -6.1869897596299843E+00   3.2091744606105355E+06
   1.9000000000000000E+04   4.1764197266825995E+03   1.4284004526247545E+04   5.9021021799403070E+03  -6.1844445712453338E+00   3.2115688182667061E+06
   1.9100000000000000E+04   4.2207323108827677E+03   1.4342623659680658E+04   5.9807374943256336E+03  -6.1818959230843911E+00   3.2138325921879001E+06
   1.9200000000000000E+04   4.2631397189649897E+03   1.4401019113971459E+04   6.0558578560902824E+03  -6.1793439845613500E+00   3.2159687234166414E+06
   1.9300000000000000E+04   4.3046752064540315E+03   1.4459199789076823E+04   6.1295000401809020E+03  -6.1767889225981625E+00   3.2179800795132564E+06
   1.9400000000000000E+04   4.3481999745695466E+03   1.4517174483749868E+04   6.2074673964494941E+03  -6.1742309015376060E+00   3.2198694689156921E+06
   1.9500000000000000E+04   4.3956858596775719E+03   1.4574951898138959E+04   6.2938634005693020E+03  -6.1716700832302225E+00   3.2216396561418693E+06
   1.9600000000000000E+04   4.4384451898411025E+03   1.4632540636678395E+04   6.3709163743575718E+03  -6.1691066269763644E+00   3.2232933627759479E+06
   1.9700000000000000E+04   4.4809097932693512E+03   1.4689949210691067E+04   6.4476523783898620E+03  -6.1665406895551467E+00   3.2248332609372153E+06
   1.9800000000000000E+04   4.5230778083568684E+03   1.4747186040624509E+04   6.5240574924219763E+03  -6.1639724253693933E+00   3.2262619587414423E+06
   1.9900000000000000E+04   4.5649464867137585E+03   1.4804259459002524E+04   6.6001158855745362E+03  -6.1614019862717013E+00   3.2275820387381567E+06
   2.0000000000000000E+04   4.6065154064978460E+03   1.4861177712498620E+04   6.6758165260368687E+03  -6.1588295217093938E+00   3.2287960208723121E+06
   2.0100000000000000E+04   4.6476026910618448E+03   1.4917948964212654E+04   6.7507655445318896E+03  -6.1562551787534554E+00   3.2299063859600341E+06
   2.0200000000000000E+04   4.6883859090099249E+03   1.4974581296150678E+04   6.8253239706067570E+03  -6.1536791020116306E+00   3.2309155688381013E+06
   2.0300000000000000E+04   4.7229406955570594E+03   1.5031082710962146E+04   6.8868775893652146E+03  -6.1511014338022703E+00   3.2318259511586474E+06
   2.0400000000000000E+04   4.7630764558865130E+03   1.5087461134385929E+04   6.9604856023963312E+03  -6.1485223140094476E+00   3.2326398777412227E+06
   2.0500000000000000E+04   4.8106372932673003E+03   1.5143724416877847E+04   7.0502614143584115E+03  -6.1459418802278645E+00   3.2333596575975674E+06
   2.0600000000000000E+04   4.8486796012348750E+03   1.5199880335509652E+04   7.1198841193335484E+03  -6.1433602677628238E+00   3.2339875406189272E+06
   2.0700000000000000E+04   4.8881463753894559E+03   1.5255936595921894E+04   7.1927816427884145E+03  -6.1407776095723081E+00   3.2345257584802164E+06
   2.0800000000000000E+04   4.9273230882509752E+03   1.5311900833673868E+04   7.2652624259108170E+03  -6.1381940364118464E+00   3.2349764604795291E+06
   2.0900000000000000E+04   4.9659690906909082E+03   1.5367780616158370E+04   7.3367916103374791E+03  -6.1356096767186150E+00   3.2353418120783744E+06
   2.1000000000000000E+04   5.0044617610284213E+03   1.5423583443621266E+04   7.4081804506217668E+03  -6.1330246568142694E+00   3.2356238809605255E+06
   2.1100000000000000E+04   5.0423170968440581E+03   1.5479316751040458E+04   7.4783583488817812E+03  -6.1304391007311034E+00   3.2358247363699088E+06
   2.1200000000000000E+04   5.0816808236288625E+03   1.5534987909184118E+04   7.5520454443067629E+03  -6.1278531303279431E+00   3.2359464005392659E+06
   2.1300000000000000E+04   5.1194539295500635E+03   1.5590604225652640E+04   7.6224080268225143E+03  -6.1252668653770783E+00   3.2359908405878996E+06
   2.1400000000000000E+04   5.1514567744929882E+03   1.5646172946419345E+04   7.6801108576265806E+03  -6.1226804234193892E+00   3.2359600284876009E+06
   2.1500000000000000E+04   5.1821904665761804E+03   1.5701701256332739E+04   7.7350751556648947E+03  -6.1200939199961715E+00   3.2358558398184143E+06
   2.1600000000000000E+04   5.2166443480823473E+03   1.5757196280560507E+04   7.7984235972816277E+03  -6.1175074684752468E+00   3.2356801650903299E+06
   2.1700000000000000E+04   5.2630973810251608E+03   1.5812665085071209E+04   7.8888157819346243E+03  -6.1149211802248615E+00   3.2354348248722637E+06
   2.1800000000000000E+04   5.2989919091197153E+03   1.5868114677768775E+04   7.9557228287573625E+03  -6.1123351644977477E+00   3.2351216394830626E+06
   2.1900000000000000E+04   5.3295516870452493E+03   1.5923552008814393E+04   8.0107033126989218E+03  -6.1097495286050281E+00   3.2347423777577719E+06
   2.2000000000000000E+04   5.3623902423875397E+03   1.5978983971532463E+04   8.0709076675870710E+03  -6.1071643778292328E+00   3.2342987660150616E+06
   2.2100000000000000E+04   5.3966963479031610E+03   1.6034417402874977E+04   8.1345319539476814E+03  -6.1045798154823121E+00   3.2337925151528111E+06
   2.2200000000000000E+04   5.4251535472349424E+03   1.6089859083887171E+04   8.1849382323276177E+03  -6.1019959429345718E+00   3.2332252948577814E+06
   2.2300000000000000E+04   5.4653957355797384E+03   1.6145315740176582E+04   8.2622847135530119E+03  -6.0994128596147021E+00   3.2325987519687256E+06
   2.2400000000000000E+04   5.5036853449814180E+03   1.6200794042094320E+04   8.3353432475264781E+03  -6.0968306630967000E+00   3.2319144931725501E+06
   2.2500000000000000E+04   5.5381514881088342E+03   1.6256300605218283E+04   8.3997576824359476E+03  -6.0942494490419126E+00   3.2311740944370870E+06
   2.2600000000000000E+04   5.5712903569008940E+03   1.6311841990553421E+04   8.4612048882592244E+03  -6.0916693112280189E+00   3.2303791198961507E+06
   2.2700000000000000E+04   5.6041353386329201E+03   1.6367424704377740E+04   8.5220474960137235E+03  -6.0890903416939395E+00   3.2295310768378275E+06
   2.2800000000000000E+04   5.6417124753768903E+03   1.6423055198912090E+04   8.5939347051129043E+03  -6.0865126305369479E+00   3.2286314756805878E+06
   2.2900000000000000E+04   5.6703869587923591E+03   1.6478739871685808E+04   8.6452424730017738E+03  -6.0839362662025067E+00   3.2276817801711559E+06
   2.3000000000000000E+04   5.7000967451105917E+03   1.6534485066024929E+04   8.6989834326867276E+03  -6.0813613353103486E+00   3.2266834167897706E+06
   2.3100000000000000E+04   5.7364804917217743E+03   1.6590297070828787E+04   8.7683364469116768E+03  -6.0787879227414576E+00   3.2256378125909292E+06
   2.3200000000000000E+04   5.7633474030218622E+03   1.6646182120445959E+04   8.8155092845891431E+03  -6.0762161116670104E+00   3.2245463539235857E+06
   2.3300000000000000E+04   5.7929055875514305E+03   1.6702146394504642E+04   8.8689908752550346E+03  -6.0736459835773795E+00   3.2234104008029499E+06
   2.3400000000000000E+04   5.8269830319469611E+03   1.6758196017773702E+04   8.9331096163088005E+03  -6.0710776182821267E+00   3.2222312873922386E+06
   2.3500000000000000E+04   5.8562188508941790E+03   1.6814337059909743E+04   8.9858893449898351E+03  -6.0685110939389775E+00   3.2210103320380021E+06
   2.3600000000000000E+04   5.8855813869026460E+03   1.6870575535092968E+04   9.0389802685544419E+03  -6.0659464871117867E+00   3.2197488091248889E+06
   2.3700000000000000E+04   5.9135136008695681E+03   1.6926917401920502E+04   9.0887030100086813E+03  -6.0633838727125751E+00   3.2184480069899964E+06
   2.3800000000000000E+04   5.9451117889928792E+03   1.6983368562753651E+04   9.1470987429147845E+03  -6.0608233241464342E+00   3.2171091516939336E+06
   2.3900000000000000E+04   5.9749706495417377E+03   1.7039934863693252E+04   9.2013953872942948E+03  -6.0582649131956074E+00   3.2157334552691518E+06
   2.4000000000000000E+04   6.0039161183678098E+03   1.7096622093940648E+04   9.2535297686147023E+03  -6.0557087101353861E+00   3.2143221261227680E+06
   2.4100000000000000E+04   6.0327914557274335E+03   1.7153435985425036E+04   9.3054949983239512E+03  -6.0531547837341435E+00   3.2128763404214159E+06
   2.4200000000000000E+04   6.0605589209687059E+03   1.7210382212333523E+04   9.3548151145157244E+03  -6.0506032012822928E+00   3.2113972423045719E+06
   2.4300000000000000E+04   6.0860068660392681E+03   1.7267466390764883E+04   9.3985869001190349E+03  -6.0480540285633078E+00   3.2098859638543259E+06
   2.4400000000000000E+04   6.1166242092860357E+03   1.7324694077998545E+04   9.4546736821986906E+03  -6.0455073299696593E+00   3.2083436256716177E+06
   2.4500000000000000E+04   6.1416260822217837E+03   1.7382070772256266E+04   9.4973270330274227E+03  -6.0429631684158522E+00   3.2067713075741483E+06
   2.4600000000000000E+04   6.1718241967020485E+03   1.7439601911937425E+04   9.5523855529571301E+03  -6.0404216054543536E+00   3.2051700885748127E+06
   2.4700000000000000E+04   6.2016130914091418E+03   1.7497292875204810E+04   9.6064550904458411E+03  -6.0378827012466187E+00   3.2035410275465380E+06
   2.4800000000000000E+04   6.2284894696979518E+03   1.7555148979339934E+04   9.6535135062300160E+03  -6.0353465146210548E+00   3.2018851333750235E+06
   2.4900000000000000E+04   6.2480164491146807E+03   1.7613175480378617E+04   9.6828746364062463E+03  -6.0328131030150285E+00   3.2002034354902990E+06
   2.5000000000000000E+04   6.2812939709355705E+03   1.7671377572302266E+04   9.7452416758125892E+03  -6.0302825225908263E+00   3.1984969240943808E+06
   2.5100000000000000E+04   6.3071736213136219E+03   1.7729760386658039E+04   9.7897857394448965E+03  -6.0277548281776845E+00   3.1967665806382690E+06
   2.5200000000000000E+04   6.3327998661686079E+03   1.7788328991739014E+04   9.8336729995995556E+03  -6.0252300733876778E+00   3.1950133681361531E+06
   2.5300000000000000E+04   6.3581756784579657E+03   1.7847088392267739E+04   9.8769070819563622E+03  -6.0227083105288202E+00   3.1932382212285092E+06
   2.5400000000000000E+04   6.3833047173877176E+03   1.7906043528643524E+04   9.9194934466871819E+03  -6.0201895906919765E+00   3.1914420668679443E+06
   2.5500000000000000E+04   6.4081968284447194E+03   1.7965199276334370E+04   9.9614526815303598E+03  -6.0176739637798580E+00   3.1896258144848174E+06
   2.5600000000000000E+04   6.4328333715643466E+03   1.8024560445485960E+04   1.0002736710593888E+04  -6.0151614784490608E+00   3.1877903562824233E+06
   2.5700000000000000E+04   6.4572350372653527E+03   1.8084131780028783E+04   1.0043392655155851E+04  -6.0126521822549472E+00   3.1859365467949891E+06
   2.5800000000000000E+04   6.4813824991366009E+03   1.8143917957508700E+04   1.0083371041855928E+04  -6.0101461215067715E+00   3.1840652860231344E+06
   2.5900000000000000E+04   6.5053046343871074E+03   1.8203923588059581E+04   1.0122739184034819E+04  -6.0076433414705193E+00   3.1821773850958967E+06
   2.6000000000000000E+04   6.5276856989256139E+03   1.8264153214172875E+04   1.0158307990394571E+04  -6.0051438862530029E+00   3.1802736804857114E+06
   2.6100000000000000E+04   6.5493187737951403E+03   1.8324611310043216E+04   1.0191994849038747E+04  -6.0026477988598037E+00   3.1783549929352896E+06
   2.6200000000000000E+04   6.5632663804195263E+03   1.8385302280994427E+04   1.0207009805209027E+04  -6.0001551212242745E+00   3.1764221171957133E+06
   2.6300000000000000E+04   6.5883698613161268E+03   1.8446230462844152E+04   1.0248947337147241E+04  -5.9976658942654728E+00   3.1744758221341600E+06
   2.6400000000000000E+04   6.6164822449742924E+03   1.8507400121635754E+04   1.0298101927503905E+04  -5.9951801578012400E+00   3.1725168931164257E+06
   2.6500000000000000E+04   6.6450712769997081E+03   1.8568815452881816E+04   1.0348352027162216E+04  -5.9926979506641160E+00   3.1705460796823488E+06
   2.6600000000000000E+04   6.6534927941789119E+03   1.8630480581177089E+04   1.0349661409316652E+04  -5.9902193106723560E+00   3.1685641167528075E+06
   2.6700000000000000E+04   6.6712086080115923E+03   1.8692399559681762E+04   1.0373422845397501E+04  -5.9877442746589145E+00   3.1665717461503795E+06
   2.6800000000000000E+04   6.7001925712931052E+03   1.8754576369619153E+04   1.0424363067560644E+04  -5.9852728785004112E+00   3.1645696743992958E+06
   2.6900000000000000E+04   6.7225719653979259E+03   1.8817014919858892E+04   1.0459244584394817E+04  -5.9828051571171628E+00   3.1625586047699652E+06
   2.7000000000000000E+04   6.7408102266513424E+03   1.8879719046374204E+04   1.0484023326489480E+04  -5.9803411445311010E+00   3.1605392161754533E+06
   2.7100000000000000E+04   6.7688960764162475E+03   1.8942692512068345E+04   1.0532549784239151E+04  -5.9778808737788660E+00   3.1585121955168461E+06
   2.7200000000000000E+04   6.7833928127353220E+03   1.9005939006052722E+04   1.0548109044859468E+04  -5.9754243770566893E+00   3.1564781950172377E+06
   2.7300000000000000E+04   6.8050971297821352E+03   1.9069462143436809E+04   1.0581024125938073E+04  -5.9729716856624373E+00   3.1544378645848879E+06
   2.7400000000000000E+04   6.8259649494356281E+03   1.9133265464853626E+04   1.0611831511526418E+04  -5.9705228300535698E+00   3.1523918521345169E+06
   2.7500000000000000E+04   6.8464411923054649E+03   1.9197352436284451E+04   1.0641607077134235E+04  -5.9680778397891858E+00   3.1503407821901394E+06
   2.7600000000000000E+04   6.8684527296396136E+03   1.9261726448481208E+04   1.0675004894107051E+04  -5.9656367436459297E+00   3.1482852559631323E+06
   2.7700000000000000E+04   6.8908993632660822E+03   1.9326390816759067E+04   1.0709364778344074E+04  -5.9631995695890296E+00   3.1462258731973097E+06
   2.7800000000000000E+04   6.9075757738892362E+03   1.9391348780877106E+04   1.0729705753768952E+04  -5.9607663447143180E+00   3.1441632543146810E+06
   2.7900000000000000E+04   6.9278030562307058E+03   1.9456603504380735E+04   1.0758533331211358E+04  -5.9583370954221344E+00   3.1420979424570850E+06
   2.8000000000000000E+04   6.9501224919183724E+03   1.9522158074662046E+04   1.0792316728066718E+04  -5.9559118473013726E+00   3.1400305345305367E+06
   2.8100000000000000E+04   6.9609569142699020E+03   1.9588015502586793E+04   1.0798344760648835E+04  -5.9534906252019670E+00   3.1379615667182906E+06
   2.8200000000000000E+04   6.9790559958932681E+03   1.9654178722420125E+04   1.0821797691157326E+04  -5.9510734531913920E+00   3.1358915966786812E+06
   2.8300000000000000E+04   6.9965764364754841E+03   1.9720650591322548E+04   1.0843778302459292E+04  -5.9486603546995829E+00   3.1338211599289947E+06
   2.8400000000000000E+04   7.0249189641951580E+03   1.9787433889559266E+04   1.0891671461027270E+04  -5.9462513523740199E+00   3.1317507699100715E+06
   2.8500000000000000E+04   7.0410205378489700E+03   1.9854531320141617E+04   1.0910059324855059E+04  -5.9438464681811718E+00   3.1296809678063411E+06
   2.8600000000000000E+04   7.0585573619106999E+03   1.9921945508629109E+04   1.0931816215884890E+04  -5.9414457234499460E+00   3.1276122399438955E+06
   2.8700000000000000E+04   7.0787481015644962E+03   1.9989679003193112E+04   1.0959852807893776E+04  -5.9390491388137656E+00   3.1255450730405180E+06
   2.8800000000000000E+04   7.0972596726467373E+03   2.0057734274494542E+04   1.0983775900516675E+04  -5.9366567342394987E+00   3.1234799655819754E+06
   2.8900000000000000E+04   7.1144030343864306E+03   2.0126113715583106E+04   1.1004339705729009E+04  -5.9342685290564807E+00   3.1214173947232086E+06
   2.9000000000000000E+04   7.1310956577484603E+03   2.0194819641749869E+04   1.1023747197404064E+04  -5.9318845420144513E+00   3.1193578163532936E+06
   2.9100000000000000E+04   7.1525588091586733E+03   2.0263854290673960E+04   1.1054469004882581E+04  -5.9295047912256029E+00   3.1173016986404378E+06
   2.9200000000000000E+04   7.1542173690931122E+03   2.0333219822452687E+04   1.1037882035320266E+04  -5.9271292941645752E+00   3.1152494776113238E+06
   2.9300000000000000E+04   7.1746704161544967E+03   2.0402918319381188E+04   1.1066031990039603E+04  -5.9247580677843814E+00   3.1132015907056900E+06
   2.9400000000000000E+04   7.1990384182604184E+03   2.0472951786161208E+04   1.1103399755506778E+04  -5.9223911284584432E+00   3.1111584657790745E+06
   2.9500000000000000E+04   7.2150274020943161E+03   2.0543322150128588E+04   1.1120749881757323E+04  -5.9200284919226283E+00   3.1091205324715571E+06
   2.9600000000000000E+04   7.2297168366167853E+03   2.0614031260960634E+04   1.1134945291396054E+04  -5.9176701734491370E+00   3.1070881999002364E+06
   2.9700000000000000E+04   7.2461539673460120E+03   2.0685080891080128E+04   1.1153217947711413E+04  -5.9153161877305829E+00   3.1050618679757030E+06
   2.9800000000000000E+04   7.2619762282534393E+03   2.0756472735539577E+04   1.1169961880867000E+04  -5.9129665489959038E+00   3.1030419162457031E+06
   2.9900000000000000E+04   7.2778271078613598E+03   2.0828208412597272E+04   1.1186703634709318E+04  -5.9106212708364847E+00   3.1010287491149884E+06
   3.0000000000000000E+04   7.2920750621588304E+03   2.0900289463239387E+04   1.1199594237337053E+04  -5.9082803664959584E+00   3.0990227283296809E+06
   3.0100000000000000E+04   7.2977371289233779E+03   2.0972717351929052E+04   1.1192219339089330E+04  -5.9059438486383717E+00   3.0970242181759733E+06
   3.0200000000000000E+04   7.3127235149728958E+03   2.1045493466702512E+04   1.1206761308834168E+04  -5.9036117294061379E+00   3.0950336083202246E+06
   3.0300000000000000E+04   7.3301203483770723E+03   2.1118619119020128E+04   1.1226894407355052E+04  -5.9012840205939128E+00   3.0930512120067328E+06
   3.0400000000000000E+04   7.3495875446784739E+03   2.1192095544435528E+04   1.1251802163434049E+04  -5.8989607334747349E+00   3.0910774020786309E+06
   3.0500000000000000E+04   7.3649517630588143E+03   2.1265923902815193E+04   1.1267018030571940E+04  -5.8966418788289650E+00   3.0891125034610932E+06
   3.0600000000000000E+04   7.3809858349408805E+03   2.1340105278246596E+04   1.1283735726641540E+04  -5.8943274671182166E+00   3.0871568328574486E+06
   3.0700000000000000E+04   7.3935144938296189E+03   2.1414640679890810E+04   1.1292206784667982E+04  -5.8920175082534749E+00   3.0852107330823117E+06
   3.0800000000000000E+04   7.4083650195829832E+03   2.1489531041859860E+04   1.1306044528265196E+04  -5.8897120117979762E+00   3.0832745162760695E+06
   3.0900000000000000E+04   7.4218970871590518E+03   2.1564777223674111E+04   1.1316758377127770E+04  -5.8874109869237401E+00   3.0813484639008301E+06
   3.1000000000000000E+04   7.4356830685264176E+03   2.1640380010735054E+04   1.1328014099629265E+04  -5.8851144423680841E+00   3.0794328953120895E+06
   3.1100000000000000E+04   7.4497370936162979E+03   2.1716340114584349E+04   1.1339842024862699E+04  -5.8828223864915961E+00   3.0775280879914286E+06
   3.1200000000000000E+04   7.4628259037623920E+03   2.1792658173310829E+04   1.1349387129480214E+04  -5.8805348272781250E+00   3.0756343461874542E+06
   3.1300000000000000E+04   7.4725979280767933E+03   2.1869334751940391E+04   1.1351235183023300E+04  -5.8782517723492891E+00   3.0737519266769900E+06
   3.1400000000000000E+04   7.4854442689606421E+03   2.1946370342841532E+04   1.1360152957563905E+04  -5.8759732289789417E+00   3.0718811017663926E+06
   3.1500000000000000E+04   7.4956982072691435E+03   2.2023765366243286E+04   1.1363073750047486E+04  -5.8736992040642022E+00   3.0700221480106185E+06
   3.1600000000000000E+04   7.5097865301711154E+03   2.2101520170572756E+04   1.1374775784949425E+04  -5.8714297041834209E+00   3.0681753003921816E+06
   3.1700000000000000E+04   7.5235753491472806E+03   2.2179635033066548E+04   1.1385744803629183E+04  -5.8691647355382122E+00   3.0663408327678395E+06
   3.1800000000000000E+04   7.5325011057611364E+03   2.2258110159943582E+04   1.1385555515906406E+04  -5.8669043040983553E+00   3.0645189775801767E+06
   3.1900000000000000E+04   7.5445768156503054E+03   2.2336945687301981E+04   1.1392550038947333E+04  -5.8646484154279115E+00   3.0627099603720997E+06
   3.2000000000000000E+04   7.5605685385626639E+03   2.2416141681318979E+04   1.1408430622172431E+04  -5.8623970748301355E+00   3.0609140113919708E+06
   3.2100000000000000E+04   7.5735905064587214E+03   2.2495698138915242E+04   1.1417502812436307E+04  -5.8601502872894988E+00   3.0591313657379546E+06
   3.2200000000000000E+04   7.5855535121939838E+03   2.2575614988238289E+04   1.1424138309081873E+04  -5.8579080575006834E+00   3.0573622403837605E+06
   3.2300000000000000E+04   7.5978400008434319E+03   2.2655892089286102E+04   1.1431481453227781E+04  -5.8556703898395961E+00   3.0556068457946382E+06
   3.2400000000000000E+04   7.5982559559265674E+03   2.2736529234159829E+04   1.1411999604932187E+04  -5.8534372885082542E+00   3.0538653859880916E+06
   3.2500000000000000E+04   7.6090246444490749E+03   2.2817526148093093E+04   1.1415925411494462E+04  -5.8512087573319684E+00   3.0521380470754472E+06
   3.2600000000000000E+04   7.6257828568487948E+03   2.2898882489663330E+04   1.1433298395794609E+04  -5.8489847999331692E+00   3.0504250320048411E+06
   3.2700000000000000E+04   7.6338940880932214E+03   2.2980597851586987E+04   1.1431213684947010E+04  -5.8467654196444991E+00   3.0487265259950375E+06
   3.2800000000000000E+04   7.6496588571459406E+03   2.3062671761206930E+04   1.1446274158447175E+04  -5.8445506195667676E+00   3.0470427197366753E+06
   3.2900000000000000E+04   7.6610702194900286E+03   2.3145103681117140E+04   1.1451555240941891E+04  -5.8423404025689436E+00   3.0453737747495905E+06
   3.3000000000000000E+04   7.6707530377666326E+03   2.3227893009859334E+04   1.1452968295324092E+04  -5.8401347712591845E+00   3.0437198697652905E+06
   3.3100000000000000E+04   7.6802432400365306E+03   2.3311039082377003E+04   1.1453956160420663E+04  -5.8379337280717678E+00   3.0420811544757583E+06
   3.3200000000000000E+04   7.6808465651184806E+03   2.3394541170980967E+04   1.1435240769450433E+04  -5.8357372751221988E+00   3.0404577959801308E+06
   3.3300000000000000E+04   7.6905479911558205E+03   2.3478398485569734E+04   1.1436753240895006E+04  -5.8335454144100618E+00   3.0388499556724560E+06
   3.3400000000000000E+04   7.7044946822622833E+03   2.3562610174673388E+04   1.1447640476440296E+04  -5.8313581476451475E+00   3.0372577777319346E+06
   3.3500000000000000E+04   7.7139506410724125E+03   2.3647175325753920E+04   1.1448601703271435E+04  -5.8291754764213293E+00   3.0356813891510977E+06
   3.3600000000000000E+04   7.7229729638636527E+03   2.3732092966262149E+04   1.1448618807709721E+04  -5.8269974020426876E+00   3.0341209462956935E+06
   3.3700000000000000E+04   7.7321499560804514E+03   2.3817362064015426E+04   1.1448988909905742E+04  -5.8248239256683974E+00   3.0325765769001702E+06
   3.3800000000000000E+04   7.7422483120661072E+03   2.3902981527956399E+04   1.1451387503025042E+04  -5.8226550482837665E+00   3.0310483917343873E+06
   3.3900000000000000E+04   7.7488102982721803E+03   2.3988950208917286E+04   1.1446072844591208E+04  -5.8204907706712410E+00   3.0295365311881755E+06
   3.4000000000000000E+04   7.7648233012130067E+03   2.4075266900265800E+04   1.1461380082940381E+04  -5.8183310934393857E+00   3.0280410955887893E+06
   3.4100000000000000E+04   7.7720507868586192E+03   2.4161930338680279E+04   1.1457542998227309E+04  -5.8161760169939223E+00   3.0265622150443955E+06
   3.4200000000000000E+04   7.7794157999268973E+03   2.4248939204560964E+04   1.1454040055970871E+04  -5.8140255416825939E+00   3.0250999797164286E+06
   3.4300000000000000E+04   7.7759173826865081E+03   2.4336292123245777E+04   1.1427096301619849E+04  -5.8118796675633675E+00   3.0236545097132418E+06
   3.4400000000000000E+04   7.7915505522943404E+03   2.4423987665307992E+04   1.1441542408356045E+04  -5.8097383946072645E+00   3.0222258853175496E+06
   3.4500000000000000E+04   7.7984212816466643E+03   2.4512024347411942E+04   1.1437096571872302E+04  -5.8076017226404018E+00   3.0208142052628095E+06
   3.4600000000000000E+04   7.8091184380220739E+03   2.4600400633049492E+04   1.1440903674596542E+04  -5.8054696513440112E+00   3.0194195518692574E+06
   3.4700000000000000E+04   7.8136308494179730E+03   2.4689114933462293E+04   1.1431472373069513E+04  -5.8033421801674763E+00   3.0180420377296102E+06
   3.4800000000000000E+04   7.8216700426836578E+03   2.4778165607836992E+04   1.1429639745004735E+04  -5.8012193085891690E+00   3.0166817008782225E+06
   3.4900000000000000E+04   7.8281963162895909E+03   2.4867550964721002E+04   1.1424615243576323E+04  -5.7991010357976629E+00   3.0153386330607771E+06
   3.5000000000000000E+04   7.8395807074479471E+03   2.4957269262224025E+04   1.1429961819472685E+04  -5.7969873609525493E+00   3.0140129215282714E+06
   3.5100000000000000E+04   7.8471975575648266E+03   2.5047318709073017E+04   1.1427318241892208E+04  -5.7948782830395515E+00   3.0127046024754727E+06
   3.5200000000000000E+04   7.8438533885317456E+03   2.5137697465183905E+04   1.1401537597321694E+04  -5.7927738009574474E+00   3.0114137660171734E+06
   3.5300000000000000E+04   7.8456860988743338E+03   2.5228403642537603E+04   1.1386834955918797E+04  -5.7906739134601111E+00   3.0101404513381361E+06
   3.5400000000000000E+04   7.8529871973630034E+03   2.5319435305816256E+04   1.1383722670255229E+04  -5.7885786192144915E+00   3.0088847166968519E+06
   3.5500000000000000E+04   7.8734256125931252E+03   2.5410790473221583E+04   1.1408211560749305E+04  -5.7864879167716126E+00   3.0076466161789820E+06
   3.5600000000000000E+04   7.8746195265800943E+03   2.5502467117233886E+04   1.1392328218438408E+04  -5.7844018045665822E+00   3.0064261997656464E+06
   3.5700000000000000E+04   7.8798500104752729E+03   2.5594463165311994E+04   1.1384980810954188E+04  -5.7823202809475616E+00   3.0052235017189919E+06
   3.5800000000000000E+04   7.8877186514120995E+03   2.5686776500653814E+04   1.1383190493281800E+04  -5.7802433441757897E+00   3.0040385523146270E+06
   3.5900000000000000E+04   7.8954840749450850E+03   2.5779404963076191E+04   1.1381222418771204E+04  -5.7781709923675946E+00   3.0028714012278989E+06
   3.6000000000000000E+04   7.9041053132681945E+03   2.5872346349477746E+04   1.1381066729654769E+04  -5.7761032236393071E+00   3.0017220709370705E+06
   3.6100000000000000E+04   7.9073037866996092E+03   2.5965598414956556E+04   1.1369726704382902E+04  -5.7740400359333819E+00   3.0005905917824614E+06
   3.6200000000000000E+04   7.9166631046042066E+03   2.6059158873272831E+04   1.1371179810075140E+04  -5.7719814271632979E+00   2.9994769786898359E+06
   3.6300000000000000E+04   7.9221633920014374E+03   2.6153025397786372E+04   1.1364714423853513E+04  -5.7699273951266088E+00   2.9983812662195563E+06
   3.6400000000000000E+04   7.9273442123744589E+03   2.6247195622096508E+04   1.1357655127894066E+04  -5.7678779375629183E+00   2.9973034619825520E+06
   3.6500000000000000E+04   7.9324155184863712E+03   2.6341667140858634E+04   1.1350436916024039E+04  -5.7658330521248820E+00   2.9962435816770564E+06
   3.6600000000000000E+04   7.9374280855704665E+03   2.6436437510422526E+04   1.1343165288394051E+04  -5.7637927364361801E+00   2.9952016141750151E+06
   3.6700000000000000E+04   7.9395057096790833E+03   2.6531504249822246E+04   1.1329983111983214E+04  -5.7617569879755992E+00   2.9941776031598682E+06
   3.6800000000000000E+04   7.9358734516603899E+03   2.6626864841234776E+04   1.1305308819112146E+04  -5.7597258042219162E+00   2.9931715306456354E+06
   3.6900000000000000E+04   7.9426696861773517E+03   2.6722516730907457E+04   1.1301909066213913E+04  -5.7576991825669834E+00   2.9921833869599686E+06
   3.7000000000000000E+04   7.9647832558225200E+03   2.6818457329906356E+04   1.1329526491700986E+04  -5.7556771203157027E+00   2.9912131824369258E+06
   3.7100000000000000E+04   7.9691252775718422E+03   2.6914684014687438E+04   1.1321201538337917E+04  -5.7536596147729782E+00   2.9902609125182056E+06
   3.7200000000000000E+04   7.9727802519579982E+03   2.7011194128016152E+04   1.1311568102659585E+04  -5.7516466631567766E+00   2.9893265578251565E+06
   3.7300000000000000E+04   7.9734460696426449E+03   2.7107984979708297E+04   1.1296015927443395E+04  -5.7496382625981370E+00   2.9884101075017452E+06
   3.7400000000000000E+04   7.9811679280644785E+03   2.7205053847135950E+04   1.1294704107176478E+04  -5.7476344102570556E+00   2.9875115359735237E+06
   3.7500000000000000E+04   7.9850178233944043E+03   2.7302397976311906E+04   1.1285698823364091E+04  -5.7456351031486506E+00   2.9866308495528586E+06
   3.7600000000000000E+04   7.9887474144517837E+03   2.7400014582273587E+04   1.1276533044320662E+04  -5.7436403383170074E+00   2.9857680166714443E+06
   3.7700000000000000E+04   7.9922782338725965E+03   2.7497900850044385E+04   1.1267052519450885E+04  -5.7416501127192774E+00   2.9849230028624306E+06
   3.7800000000000000E+04   7.9962299022064071E+03   2.7596053935243301E+04   1.1258488407240176E+04  -5.7396644232836351E+00   2.9840957824181230E+06
   3.7900000000000000E+04   7.9916775780585667E+03   2.7694470964749831E+04   1.1233193096095951E+04  -5.7376832669382596E+00   2.9832863268110612E+06
   3.8000000000000000E+04   7.9849761390613512E+03   2.7793149037652896E+04   1.1203841617861406E+04  -5.7357066404953949E+00   2.9824946163712717E+06
   3.8100000000000000E+04   7.9769210525997714E+03   2.7892085225677132E+04   1.1172037544053577E+04  -5.7337345407962843E+00   2.9817205938672805E+06
   3.8200000000000000E+04   7.9794058992919245E+03   2.7991276574181229E+04   1.1161063403482594E+04  -5.7317669645662326E+00   2.9809642342545511E+06
   3.8300000000000000E+04   7.9876974233232640E+03   2.8090720102462132E+04   1.1161514174411872E+04  -5.7298039086175008E+00   2.9802254982379558E+06
   3.8400000000000000E+04   7.9969388044685047E+03   2.8190412804859396E+04   1.1163854523931943E+04  -5.7278453696464249E+00   2.9795043323780634E+06
   3.8500000000000000E+04   8.0033066579732240E+03   2.8290351651337616E+04   1.1160637727259527E+04  -5.7258913442913837E+00   2.9788007154941256E+06
   3.8600000000000000E+04   8.0059844258340108E+03   2.8390533587894097E+04   1.1150316248781186E+04  -5.7239418292776909E+00   2.9781145659749028E+06
   3.8700000000000000E+04   8.0203078130208032E+03   2.8490955537648042E+04   1.1162628382497258E+04  -5.7219968212147414E+00   2.9774458461615387E+06
   3.8800000000000000E+04   8.0226096468994992E+03   2.8591614401352737E+04   1.1151699572001020E+04  -5.7200563166829577E+00   2.9767945159996576E+06
   3.8900000000000000E+04   8.0226338080400183E+03   2.8692507057961120E+04   1.1136472603261094E+04  -5.7181203122917381E+00   2.9761605215058331E+06
   3.9000000000000000E+04   8.0131145024292036E+03   2.8793630365471217E+04   1.1103028364636939E+04  -5.7161888045925133E+00   2.9755437833002224E+06
   3.9100000000000000E+04   8.0139857592053531E+03   2.8894981161538344E+04   1.1089699656521310E+04  -5.7142617901077548E+00   2.9749442660255590E+06
   3.9200000000000000E+04   8.0292103298492275E+03   2.8996556264026236E+04   1.1103906513302451E+04  -5.7123392653888923E+00   2.9743618858824368E+06
   3.9300000000000000E+04   8.0185023196590364E+03   2.9098352471779945E+04   1.1068636878794332E+04  -5.7104212269583892E+00   2.9737965800568252E+06
   3.9400000000000000E+04   8.0149003103615078E+03   2.9200366565392538E+04   1.1047102963431644E+04  -5.7085076712517671E+00   2.9732483067151443E+06
   3.9500000000000000E+04   8.0137157446887604E+03   2.9302595307627416E+04   1.1030297234889451E+04  -5.7065985947335207E+00   2.9727169988460951E+06
   3.9600000000000000E+04   8.0216266047137351E+03   2.9405035444005880E+04   1.1030805069618456E+04  -5.7046939939261163E+00   2.9722025528290593E+06
   3.9700000000000000E+04   8.0335023367957729E+03   2.9507683703839495E+04   1.1038839708787418E+04  -5.7027938652071120E+00   2.9717049207634921E+06
   3.9800000000000000E+04   8.0358676956879654E+03   2.9610536800411450E+04   1.1028968971501437E+04  -5.7008982050410069E+00   2.9712240297236918E+06
   3.9900000000000000E+04   8.0314763280483094E+03   2.9713591431885030E+04   1.1006491067112491E+04  -5.6990070098343457E+00   2.9707598048969386E+06
   4.0000000000000000E+04   8.0343879117199813E+03   2.9816844281812027E+04   1.0997845660434819E+04  -5.6971202759936626E+00   2.9703121581243104E+06
   4.0100000000000000E+04   8.0345674346317810E+03   2.9920292019692355E+04   1.0984173860078208E+04  -5.6952379999544887E+00   2.9698810109511819E+06
   4.0200000000000000E+04   8.0376409333035472E+03   3.0023931301807708E+04   1.0976002552745400E+04  -5.6933601780653982E+00   2.9694662946556839E+06
   4.0300000000000000E+04   8.0413624426788410E+03   3.0127758771601086E+04   1.0969115298849796E+04  -5.6914868067039555E+00   2.9690679387493841E+06
   4.0400000000000000E+04   8.0413606686972089E+03   3.0231771060219464E+04   1.0955388857593385E+04  -5.6896178823056820E+00   2.9686858136718753E+06
   4.0500000000000000E+04   8.0425775479443382E+03   3.0335964787496618E+04   1.0944023295943527E+04  -5.6877534011612028E+00   2.9683198915150431E+06
   4.0600000000000000E+04   8.0393445732480022E+03   3.0440336561981083E+04   1.0924532032799758E+04  -5.6858933597060357E+00   2.9679700395005359E+06
   4.0700000000000000E+04   8.0410550480892625E+03   3.0544882981962870E+04   1.0914280282320427E+04  -5.6840377542887586E+00   2.9676361806435497E+06
   4.0800000000000000E+04   8.0431835662290732E+03   3.0649600635879968E+04   1.0904884369179732E+04  -5.6821865812579633E+00   2.9673182363968962E+06
   4.0900000000000000E+04   8.0443799662984839E+03   3.0754486102886589E+04   1.0893862423711011E+04  -5.6803398369622249E+00   2.9670161038302197E+06
   4.1000000000000000E+04   8.0443270191841821E+03   3.0859535953415230E+04   1.0880645431963936E+04  -5.6784975177501300E+00   2.9667297014275822E+06
   4.1100000000000000E+04   8.0294008854232334E+03   3.0964746749677215E+04   1.0840401816493451E+04  -5.6766596199992350E+00   2.9664589348093476E+06
   4.1200000000000000E+04   8.0298232307416438E+03   3.1070115046323455E+04   1.0828314744349669E+04  -5.6748261400581228E+00   2.9662036853975561E+06
   4.1300000000000000E+04   8.0381651878883413E+03   3.1175637390932607E+04   1.0830695807515785E+04  -5.6729970742753864E+00   2.9659638789230320E+06
   4.1400000000000000E+04   8.0380765095340230E+03   3.1281310324603757E+04   1.0817839191748766E+04  -5.6711724189706141E+00   2.9657394169732523E+06
   4.1500000000000000E+04   8.0373214145287384E+03   3.1387130382266831E+04   1.0803876618885939E+04  -5.6693521705503569E+00   2.9655301884546475E+06
   4.1600000000000000E+04   8.0363956854775233E+03   3.1493094093539094E+04   1.0789709663857606E+04  -5.6675363253342121E+00   2.9653360924599268E+06
   4.1700000000000000E+04   8.0354382843184239E+03   3.1599197982968039E+04   1.0775589654338994E+04  -5.6657248796997495E+00   2.9651570268613314E+06
   4.1800000000000000E+04   8.0331166093584197E+03   3.1705438570764552E+04   1.0759125598453675E+04  -5.6639178299665618E+00   2.9649929110767790E+06
   4.1900000000000000E+04   8.0324104512585000E+03   3.1811812373034005E+04   1.0745666986041411E+04  -5.6621151725411920E+00   2.9648436065769983E+06
   4.2000000000000000E+04   8.0306559560444566E+03   3.1918315902606679E+04   1.0730436312455364E+04  -5.6603169037432446E+00   2.9647090418604156E+06
   4.2100000000000000E+04   8.0349110571435313E+03   3.2024945669201814E+04   1.0726019958827117E+04  -5.6585230199792624E+00   2.9645890762730544E+06
   4.2200000000000000E+04   8.0348138617057139E+03   3.2131698180190015E+04   1.0713925108579104E+04  -5.6567335175978286E+00   2.9644836248222399E+06
   4.2300000000000000E+04   8.0331133119384540E+03   3.2238569940909973E+04   1.0699078696173585E+04  -5.6549483929764994E+00   2.9643925675087571E+06
   4.2400000000000000E+04   8.0316870548389234E+03   3.2345557455198628E+04   1.0684822729441878E+04  -5.6531676424928428E+00   2.9643158059873274E+06
   4.2500000000000000E+04   8.0299241271613910E+03   3.2452657225860094E+04   1.0670074237609277E+04  -5.6513912625244140E+00   2.9642532296419917E+06
   4.2600000000000000E+04   8.0282572204529615E+03   3.2559865755073668E+04   1.0655598754408824E+04  -5.6496192494777624E+00   2.9642047156584859E+06
   4.2700000000000000E+04   8.0259122789510393E+03   3.2667179544959912E+04   1.0640033834228107E+04  -5.6478515997304441E+00   2.9641701629183376E+06
   4.2800000000000000E+04   8.0248895276359435E+03   3.2774595097921432E+04   1.0626894296859475E+04  -5.6460883096890031E+00   2.9641494468909893E+06
   4.2900000000000000E+04   8.0230268188653827E+03   3.2882108917196230E+04   1.0612380644626923E+04  -5.6443293757309929E+00   2.9641424647584190E+06
   4.3000000000000000E+04   8.0213195273393239E+03   3.2989717507077519E+04   1.0598239640992117E+04  -5.6425747943209288E+00   2.9641491016155370E+06
   4.3100000000000000E+04   8.0189552189172064E+03   3.3097417373672521E+04   1.0583053543854026E+04  -5.6408245618363599E+00   2.9641692305808240E+06
   4.3200000000000000E+04   8.0169051789959212E+03   3.3205205025055482E+04   1.0568517198934062E+04  -5.6390786747128088E+00   2.9642027464989405E+06
   4.3300000000000000E+04   8.0054687522444519E+03   3.3313076971796116E+04   1.0537811176197847E+04  -5.6373371293858057E+00   2.9642495210510371E+06
   4.3400000000000000E+04   8.0099086842474535E+03   3.3421029727427085E+04   1.0534733819705341E+04  -5.6355999222618820E+00   2.9643094476717273E+06
   4.3500000000000000E+04   8.0104312532806298E+03   3.3529059808634003E+04   1.0524947608434593E+04  -5.6338670498345147E+00   2.9643824079051046E+06
   4.3600000000000000E+04   8.0085677850143138E+03   3.3637163736036397E+04   1.0511130082603280E+04  -5.6321385084812770E+00   2.9644682826809734E+06
   4.3700000000000000E+04   8.0059225341731990E+03   3.3745338034094333E+04   1.0496064379988562E+04  -5.6304142947246181E+00   2.9645669411492334E+06
   4.3800000000000000E+04   8.0034715271446303E+03   3.3853579231931515E+04   1.0481432440009727E+04  -5.6286944050000676E+00   2.9646782742410032E+06
   4.3900000000000000E+04   7.9781006288329663E+03   3.3961883863555064E+04   1.0427708873668131E+04  -5.6269788357431381E+00   2.9648021722884858E+06
   4.4000000000000000E+04   7.9783711827918987E+03   3.4070248468016267E+04   1.0417996589372024E+04  -5.6252675835052743E+00   2.9649384805502202E+06
   4.4100000000000000E+04   7.9863580452522865E+03   3.4178669590268466E+04   1.0421496872817976E+04  -5.6235606446930140E+00   2.9650871217224728E+06
   4.4200000000000000E+04   7.9849192159413888E+03   3.4287143780991108E+04   1.0409008278348399E+04  -5.6218580158577955E+00   2.9652479290246330E+06
   4.4300000000000000E+04   7.9818627290561917E+03   3.4395667597381354E+04   1.0393864064838608E+04  -5.6201596934641254E+00   2.9654208130455599E+06
   4.4400000000000000E+04   7.9789060087679645E+03   3.4504237603237132E+04   1.0378986885043532E+04  -5.6184656740344536E+00   2.9656056284200451E+06
   4.4500000000000000E+04   7.9756789609926236E+03   3.4612850369520238E+04   1.0363749898151358E+04  -5.6167759540332840E+00   2.9658022848058776E+06
   4.4600000000000000E+04   7.9723830142587985E+03   3.4721502474374436E+04   1.0348494535268374E+04  -5.6150905300410372E+00   2.9660106139539038E+06
   4.4700000000000000E+04   7.9690064915061694E+03   3.4830190503784630E+04   1.0333201027109617E+04  -5.6134093985801741E+00   2.9662305137112257E+06
   4.4800000000000000E+04   7.9543591666559305E+03   3.4938911051906463E+04   1.0299101818719273E+04  -5.6117325561151885E+00   2.9664618814983224E+06
   4.4900000000000000E+04   7.9507168505677828E+03   3.5047660720960215E+04   1.0283596113272140E+04  -5.6100599992844620E+00   2.9667045372018809E+06
   4.5000000000000000E+04   7.9453107466783176E+03   3.5156436122248517E+04   1.0265242832910864E+04  -5.6083917245235142E+00   2.9669584217266561E+06
   4.5100000000000000E+04   7.9416031522886033E+03   3.5265233875662794E+04   1.0249827167865253E+04  -5.6067277284997061E+00   2.9672233544873446E+06
   4.5200000000000000E+04   7.9357200628844657E+03   3.5374050610796636E+04   1.0230890784240868E+04  -5.6050680076775246E+00   2.9674992537378548E+06
   4.5300000000000000E+04   7.9317983286482377E+03   3.5482882966549092E+04   1.0215317309959037E+04  -5.6034125586953616E+00   2.9677859605238508E+06
   4.5400000000000000E+04   7.9529778390581905E+03   3.5591727591957730E+04   1.0241426378663902E+04  -5.6017613780756728E+00   2.9680833596691582E+06
   4.5500000000000000E+04   7.9412706144782123E+03   3.5700581146113567E+04   1.0213077001762425E+04  -5.6001144624278547E+00   2.9683913357558195E+06
   4.5600000000000000E+04   7.9283798568195598E+03   3.5809440298714333E+04   1.0182928505893478E+04  -5.5984718083033442E+00   2.9687097513056677E+06
   4.5700000000000000E+04   7.9285241287657336E+03   3.5918301730076368E+04   1.0174397452799465E+04  -5.5968334123405183E+00   2.9690384905682327E+06
   4.5800000000000000E+04   7.9243813999832964E+03   3.6027162131676567E+04   1.0158886987595217E+04  -5.5951992711198013E+00   2.9693774049274730E+06
   4.5900000000000000E+04   7.9200950586618274E+03   3.6136018206314286E+04   1.0143233582607603E+04  -5.5935693812216014E+00   2.9697263893161826E+06
   4.6000000000000000E+04   7.9157406497491902E+03   3.6244866668214629E+04   1.0127561444829471E+04  -5.5919437393132867E+00   2.9700852949741622E+06
   4.6100000000000000E+04   7.9137932124635227E+03   3.6353704243660926E+04   1.0115914131229170E+04  -5.5903223419462895E+00   2.9704540274949283E+06
   4.6200000000000000E+04   7.9118268081262895E+03   3.6462527670820455E+04   1.0104312510765498E+04  -5.5887051857879655E+00   2.9708324271790446E+06
   4.6300000000000000E+04   7.9073173991487038E+03   3.6571333700366245E+04   1.0088647042344028E+04  -5.5870922674187371E+00   2.9712203994566775E+06
   4.6400000000000000E+04   7.9027807779319010E+03   3.6680119095346272E+04   1.0073028190502939E+04  -5.5854835835349377E+00   2.9716177846678798E+06
   4.6500000000000000E+04   7.8981857167774433E+03   3.6788880631847984E+04   1.0057404724838290E+04  -5.5838791307169870E+00   2.9720244773536706E+06
   4.6600000000000000E+04   7.8936053870545320E+03   3.6897615098804286E+04   1.0041894765860472E+04  -5.5822789056612185E+00   2.9724403395887748E+06
   4.6700000000000000E+04   7.8854663080179771E+03   3.7006319298647679E+04   1.0020725838873570E+04  -5.5806829049480511E+00   2.9728652551066172E+06
   4.6800000000000000E+04   7.8833150451281217E+03   3.7114990047106512E+04   1.0009318980808761E+04  -5.5790911252738278E+00   2.9732990968648386E+06
   4.6900000000000000E+04   7.8793392590618632E+03   3.7223624173689284E+04   9.9950489224602770E+03  -5.5775035633058989E+00   2.9737417271546102E+06
   4.7000000000000000E+04   7.8748344865842355E+03   3.7332218521897332E+04   9.9800118545662681E+03  -5.5759202156826442E+00   2.9741930191468443E+06
   4.7100000000000000E+04   7.8698821339219458E+03   3.7440769949326328E+04   9.9643422390243686E+03  -5.5743410790714192E+00   2.9746528461138001E+06
   4.7200000000000000E+04   7.8499538932334235E+03   3.7549275327922864E+04   9.9248085750617793E+03  -5.5727661501395795E+00   2.9751211028589690E+06
   4.7300000000000000E+04   7.8539345080977264E+03   3.7657731544129725E+04   9.9236133205964707E+03  -5.5711954255834657E+00   2.9755976307526873E+06
   4.7400000000000000E+04   7.8468358053135444E+03   3.7766135499238932E+04   9.9047994871323390E+03  -5.5696289020414511E+00   2.9760823355440088E+06
   4.7500000000000000E+04   7.8438377178783103E+03   3.7874484109315446E+04   9.8926044790877440E+03  -5.5680665762388513E+00   2.9765750590058654E+06
   4.7600000000000000E+04   7.8424448737819603E+03   3.7982774305700092E+04   9.8830311167835807E+03  -5.5665084448140449E+00   2.9770756964992401E+06
   4.7700000000000000E+04   7.8372011371128719E+03   3.8091003034924026E+04   9.8674161121110119E+03  -5.5649545044633664E+00   2.9775841221939903E+06
   4.7800000000000000E+04   7.8318873705345295E+03   3.8199167258990557E+04   9.8517739066366903E+03  -5.5634047518831560E+00   2.9781002104672655E+06
   4.7900000000000000E+04   7.8264673575152528E+03   3.8307263955545692E+04   9.8360470973770971E+03  -5.5618591837697533E+00   2.9786238253141828E+06
   4.8000000000000000E+04   7.8210248961315856E+03   3.8415290117991986E+04   9.8203679096779160E+03  -5.5603177968484632E+00   2.9791548416083613E+06
   4.8100000000000000E+04   7.8155352222867732E+03   3.8523242755915082E+04   9.8046967623956534E+03  -5.5587805877286902E+00   2.9796931556233899E+06
   4.8200000000000000E+04   7.8099814407185986E+03   3.8631118894712272E+04   9.7890067182709481E+03  -5.5572475531937044E+00   2.9802386215330274E+06
   4.8300000000000000E+04   7.8045172578888951E+03   3.8738915576275096E+04   9.7735385720187624E+03  -5.5557186899108730E+00   2.9807911149940901E+06
   4.8400000000000000E+04   7.7911336168831640E+03   3.8846629858926994E+04   9.7457558377944879E+03  -5.5541939945475400E+00   2.9813505329949041E+06
   4.8500000000000000E+04   7.7907876365553511E+03   3.8954258817356713E+04   9.7384645062391246E+03  -5.5526734638869906E+00   2.9819167201488889E+06
   4.8600000000000000E+04   7.7837777027984794E+03   3.9061799543287736E+04   9.7208309996969710E+03  -5.5511570945386159E+00   2.9824895845343354E+06
   4.8700000000000000E+04   7.7778236672050325E+03   3.9169249144981019E+04   9.7049276479071104E+03  -5.5496448832856942E+00   2.9830689819566621E+06
   4.8800000000000000E+04   7.7702166473868238E+03   3.9276604747895770E+04   9.6865349049643100E+03  -5.5481368267955844E+00   2.9836548000778412E+06
   4.8900000000000000E+04   7.7534952460938621E+03   3.9383863494501420E+04   9.6540955824249668E+03  -5.5466329217935906E+00   2.9842469059433877E+06
   4.9000000000000000E+04   7.7649442592186651E+03   3.9491022544560437E+04   9.6654110867442832E+03  -5.5451331649760638E+00   2.9848451878707563E+06
   4.9100000000000000E+04   7.7589903492836229E+03   3.9598079075196372E+04   9.6498086374113263E+03  -5.5436375530393320E+00   2.9854495136576700E+06
   4.9200000000000000E+04   7.7529733966740641E+03   3.9705030281010637E+04   9.6341855110341257E+03  -5.5421460826797349E+00   2.9860597827266390E+06
   4.9300000000000000E+04   7.7468752706294499E+03   3.9811873374090319E+04   9.6185135057245789E+03  -5.5406587506515672E+00   2.9866758532276354E+06
   4.9400000000000000E+04   7.7408121101704883E+03   3.9918605584380588E+04   9.6029712471227158E+03  -5.5391755536221838E+00   2.9872976045750543E+06
   4.9500000000000000E+04   7.7347431706773132E+03   4.0025224159527032E+04   9.5874951299001586E+03  -5.5376964883169029E+00   2.9879249269259186E+06
   4.9600000000000000E+04   7.7284077150183512E+03   4.0131726365135131E+04   9.5716845242392465E+03  -5.5362215514320567E+00   2.9885577004594468E+06
   4.9700000000000000E+04   7.7221145615994401E+03   4.0238109484815868E+04   9.5560136455204265E+03  -5.5347507396639841E+00   2.9891957954611215E+06
   4.9800000000000000E+04   7.7159617763007436E+03   4.0344370820227625E+04   9.5406313779715492E+03  -5.5332840497380031E+00   2.9898391033101724E+06
   4.9900000000000000E+04   7.7096171191493440E+03   4.0450507691377199E+04   9.5250288286371288E+03  -5.5318214782924882E+00   2.9904875054865601E+06
   5.0000000000000000E+04   7.7032541712012753E+03   4.0556517436287075E+04   9.5094712385083294E+03  -5.5303630221107198E+00   2.9911408736388190E+06


