#Te   kappa_tot   kappa_e_ph  kappa_e_e mu Ce
#[K]  [W/(K*m)]   [W/(K*m)]   [W/(K*m)]   [eV]  [J/(m^3*K)]
   3.0000000000000000E+02   2.0309904844597977E-30   2.0656614321436902E-30   1.2100444300080459E-28  -5.7180367394043827E+00   1.8314100768626013E-23
   4.0000000000000000E+02   1.7970498658233676E-22   1.8408460351981345E-22   7.5533823340728874E-21  -5.7180367394043827E+00   4.0550033793365140E-16
   5.0000000000000000E+02   1.1968535830052800E-17   1.2340659394220114E-17   3.9691016196919063E-16  -5.7180367394043827E+00   1.0900886549305048E-11
   6.0000000000000000E+02   2.1067949981248687E-14   2.1850558383009274E-14   5.8822071171224224E-13  -5.7180367394043827E+00   9.9743742852748574E-09
   7.0000000000000000E+02   4.5671804704324825E-12   4.7627421523721395E-12   1.1122988270642706E-10  -5.7180367394043827E+00   1.3124086577065848E-06
   8.0000000000000000E+02   2.6509167764962000E-10   2.7779803038259903E-10   5.7956793321774811E-09  -5.7180367394043827E+00   5.1241630236935359E-05
   9.0000000000000000E+02   6.3624370782056947E-09   6.6988957492361467E-09   1.2667619047367953E-07  -5.7180367394043827E+00   8.8915646378889205E-04
   1.0000000000000000E+03   5.1833123377511786E-08   5.2830540259834878E-08   2.7454637673774622E-06  -5.0565575498918411E+00   1.7590963209859196E-05
   1.1000000000000000E+03   6.5091696105283569E-07   6.6578507823896845E-07   2.9147658336042101E-05  -5.0565575498918411E+00   1.9377045433934965E-04
   1.2000000000000000E+03   5.3159907925711671E-06   5.4582649796584360E-06   2.0394484037698218E-04  -5.0565575498918411E+00   1.4585055370883511E-03
   1.3000000000000000E+03   2.9790043286916438E-05   3.0951573633598984E-05   7.9382232326220511E-04  -5.1392424485809078E+00   1.1466516425016520E-02
   1.4000000000000000E+03   1.3716072388259603E-04   1.4286477801396492E-04   3.4353524560642970E-03  -5.1185712239086385E+00   2.9229729133753327E-02
   1.5000000000000000E+03   5.0949944241918815E-04   5.3221967804368360E-04   1.1934983144075506E-02  -5.1004839023204065E+00   1.4048685441271344E-01
   1.6000000000000000E+03   1.5876887708527584E-03   1.6644876740534319E-03   3.4410496493839156E-02  -5.0888563384422563E+00   4.3927710882097637E-01
   1.7000000000000000E+03   4.3272803765888566E-03   4.5531431370425543E-03   8.7233180490431383E-02  -5.0765827987930985E+00   1.1527931220590566E+00
   1.8000000000000000E+03   1.0544228075873973E-02   1.1134946054086063E-02   1.9875713138475307E-01  -5.0638247773156850E+00   2.7196729845198293E+00
   1.9000000000000000E+03   2.3375688117083772E-02   2.4776109598673299E-02   4.1356021622569467E-01  -5.0505015270386355E+00   5.8473367378836958E+00
   2.0000000000000000E+03   4.7812987603064752E-02   5.0863039851890897E-02   7.9733515871034943E-01  -5.0367745419047116E+00   1.1687560566920562E+01
   2.1000000000000000E+03   9.1183376831100851E-02   9.7443934016593847E-02   1.4192453949512689E+00  -5.0227649423709675E+00   2.1861531356956743E+01
   2.2000000000000000E+03   1.6380470058200830E-01   1.7586811402551475E-01   2.3880491118688187E+00  -5.0085030085516733E+00   3.8695333009403036E+01
   2.3000000000000000E+03   2.7936577993996403E-01   3.0136729722911332E-01   3.8266319968910447E+00  -4.9940442539896495E+00   6.5242005026141683E+01
   2.4000000000000000E+03   4.5530061305860975E-01   4.9354457316618183E-01   5.8757290328263165E+00  -4.9794441922277182E+00   1.0546395554472821E+02
   2.5000000000000000E+03   7.1311740805950063E-01   7.7674253917476577E-01   8.7058150852748284E+00  -4.9647532901229914E+00   1.6424438779238378E+02
   2.6000000000000000E+03   1.0780732431896640E+00   1.1802783168480946E+00   1.2449738817891886E+01  -4.9500169678468628E+00   2.4749266013303972E+02
   2.7000000000000000E+03   1.5797101310882928E+00   1.7385421745445566E+00   1.7291175172776516E+01  -4.9352718138707408E+00   3.6223312596633923E+02
   2.8000000000000000E+03   2.2514499044790734E+00   2.4909753337290237E+00   2.3414241213326676E+01  -4.9205531549946011E+00   5.1647900338031423E+02
   2.9000000000000000E+03   3.1304041605053818E+00   3.4819400584442501E+00   3.1006448301560681E+01  -4.9058937946755661E+00   7.1930272360803997E+02
   3.0000000000000000E+03   4.2551021677419500E+00   4.7604841183171729E+00   4.0081261842249916E+01  -4.8913180200886188E+00   9.8089590759187263E+02
   3.1000000000000000E+03   5.6681532907346748E+00   6.3800546144866104E+00   5.0797949591635223E+01  -4.8768501184087469E+00   1.3122897434385861E+03
   3.2000000000000000E+03   7.4143245134952123E+00   8.3981292683955608E+00   6.3291476679713675E+01  -4.8625086992895055E+00   1.7255208418236655E+03
   3.3000000000000000E+03   9.5400743922204487E+00   1.0875831585220885E+01   7.7675975052925750E+01  -4.8483107952951690E+00   2.2333528382903196E+03
   3.4000000000000000E+03   1.2095141834341923E+01   1.3877491059542930E+01   9.4173588596844269E+01  -4.8342693385578741E+00   2.8493844424819608E+03
   3.5000000000000000E+03   1.5128055519217671E+01   1.7470207131975300E+01   1.1284080073432204E+02  -4.8203952109936870E+00   3.5877649478236135E+03
   3.6000000000000000E+03   1.8681644810833387E+01   2.1723392623725683E+01   1.3341957652197078E+02  -4.8066970077392037E+00   4.4632138825791781E+03
   3.7000000000000000E+03   2.2811220024027339E+01   2.6708311064843109E+01   1.5633434112505799E+02  -4.7931810371515704E+00   5.4908749053986148E+03
   3.8000000000000000E+03   2.7556331374811712E+01   3.2497623476759351E+01   1.8123099443290738E+02  -4.7798518727897052E+00   6.6862667407576082E+03
   3.9000000000000000E+03   3.2962125742510629E+01   3.9164937651466943E+01   2.0812489859658817E+02  -4.7667125111232531E+00   8.0650704261500041E+03
   4.0000000000000000E+03   3.9079635121290039E+01   4.6784360909382144E+01   2.3729796543143928E+02  -4.7537643715325686E+00   9.6432256913339170E+03
   4.1000000000000000E+03   4.5941471029985216E+01   5.5430087018362613E+01   2.6837841683791618E+02  -4.7410079665716705E+00   1.1436597265053198E+04
   4.2000000000000000E+03   5.3593380228619502E+01   6.5175968489006451E+01   3.0157339469158973E+02  -4.7284425471231453E+00   1.3461100238851552E+04
   4.3000000000000000E+03   6.2094998980248342E+01   7.6095131790193207E+01   3.3750587905548014E+02  -4.7160665360977143E+00   1.5732518649309439E+04
   4.4000000000000000E+03   7.1406749072640082E+01   8.8259606195732459E+01   3.7396220159209810E+02  -4.7038776467159122E+00   1.8266418131080249E+04
   4.5000000000000000E+03   8.1624140552392475E+01   1.0173997256651616E+02   4.1283093907004070E+02  -4.6918729416489446E+00   2.1078128225872282E+04
   4.6000000000000000E+03   9.2743054601389787E+01   1.1660504233332736E+02   4.5320230357184192E+02  -4.6800489710140036E+00   2.4182603379434051E+04
   4.7000000000000000E+03   1.0481137069819114E+02   1.3292156507258861E+02   4.9560992873445537E+02  -4.6684018906559563E+00   2.7594386626049865E+04
   4.8000000000000000E+03   1.1783765272977880E+02   1.5075395374811663E+02   5.3968676612584795E+02  -4.6569274424337337E+00   3.1327633608479238E+04
   4.9000000000000000E+03   1.3188281443670053E+02   1.7016406197225982E+02   5.8623260352308898E+02  -4.6456211710701050E+00   3.5395936557348527E+04
   5.0000000000000000E+03   1.4682497099160128E+02   1.9121096952827506E+02   6.3250903392583245E+02  -4.6344783748676459E+00   3.9812328269647980E+04
   5.1000000000000000E+03   1.6279992712294410E+02   2.1395081473133823E+02   6.8094961152620158E+02  -4.6234942141336077E+00   4.4589257292014474E+04
   5.2000000000000000E+03   1.7977418904489534E+02   2.3843665115703163E+02   7.3070161150750528E+02  -4.6126637407503628E+00   4.9738526333384871E+04
   5.3000000000000000E+03   1.9775987377964461E+02   2.6471833497880772E+02   7.8183792720166298E+02  -4.6019819277458174E+00   5.5271313698700738E+04
   5.4000000000000000E+03   2.1666275117452673E+02   2.9284245042125519E+02   8.3287347674431601E+02  -4.5914437432194655E+00   6.1198053061944491E+04
   5.5000000000000000E+03   2.3656985931268767E+02   3.2285224976898240E+02   8.8519929620309676E+02  -4.5810441306287997E+00   6.7528522345611404E+04
   5.6000000000000000E+03   2.5752521131645113E+02   3.5478763483243409E+02   9.3938396073044953E+02  -4.5707780728585243E+00   7.4271748993835979E+04
   5.7000000000000000E+03   2.7954917089690952E+02   3.8868515559675279E+02   9.9560757421896017E+02  -4.5606406020773989E+00   8.1436020176567719E+04
   5.8000000000000000E+03   3.0267443615708498E+02   4.2457803296086297E+02   1.0541847828983068E+03  -4.5506268145234197E+00   8.9028902445730317E+04
   5.9000000000000000E+03   3.2666585315410475E+02   4.6249620279528790E+02   1.1122824690193479E+03  -4.5407318852890652E+00   9.7057236044910402E+04
   6.0000000000000000E+03   3.5153757536493981E+02   5.0246638203177901E+02   1.1703253841511630E+03  -4.5309510929632841E+00   1.0552709415298291E+05
   6.1000000000000000E+03   3.7752733784794088E+02   5.4451214696134548E+02   1.2310594140846410E+03  -4.5212798245599233E+00   1.1444384585200837E+05
   6.2000000000000000E+03   4.0427424651651734E+02   5.8865402620423458E+02   1.2906928476956227E+03  -4.5117135829103159E+00   1.2381211052715129E+05
   6.3000000000000000E+03   4.3191600895733876E+02   6.3490960564940235E+02   1.3509176022767083E+03  -4.5022479940558995E+00   1.3363583202910950E+05
   6.4000000000000000E+03   4.6057972185295182E+02   6.8329364417125635E+02   1.4130737463574424E+03  -4.4928788171050167E+00   1.4391824031089095E+05
   6.5000000000000000E+03   4.8998451548266002E+02   7.3381819375922885E+02   1.4746098843394607E+03  -4.4836019442329276E+00   1.5466188425124329E+05
   6.6000000000000000E+03   5.2011971185815821E+02   7.8649272877385954E+02   1.5357049907117814E+03  -4.4744134105385962E+00   1.6586867753167395E+05
   6.7000000000000000E+03   5.5115714654720739E+02   8.4132427139466768E+02   1.5980510713836368E+03  -4.4653093841879041E+00   1.7753985544065514E+05
   6.8000000000000000E+03   5.8289143331155060E+02   8.9831752977473354E+02   1.6600452479061253E+03  -4.4562861836630532E+00   1.8967607623583195E+05
   6.9000000000000000E+03   6.1548333717588378E+02   9.5747502250788068E+02   1.7231703207743715E+03  -4.4473402605131573E+00   2.0227737521181957E+05
   7.0000000000000000E+03   6.4889178476714392E+02   1.0187972157559166E+03   1.7871842051103029E+03  -4.4384682141394389E+00   2.1534323255239500E+05
   7.1000000000000000E+03   6.8250491968488359E+02   1.0822826469353979E+03   1.8476848025105594E+03  -4.4296667807063388E+00   2.2887259418225789E+05
   7.2000000000000000E+03   7.1785701077344834E+02   1.1479280526188627E+03   1.9160746022331821E+03  -4.4209328380699153E+00   2.4286383774866525E+05
   7.3000000000000000E+03   7.5322724845811513E+02   1.2157284870976191E+03   1.9799294503564422E+03  -4.4122633996173368E+00   2.5731488210791774E+05
   7.4000000000000000E+03   7.8875784045644014E+02   1.2856774371442580E+03   2.0407489775102606E+03  -4.4036556105705813E+00   2.7222319133918639E+05
   7.5000000000000000E+03   8.2527320367600805E+02   1.3577669351508002E+03   2.1043039611261615E+03  -4.3951067504506245E+00   2.8758574092429533E+05
   7.6000000000000000E+03   8.6230754603178593E+02   1.4319876626294842E+03   2.1675563730124618E+03  -4.3866142281490612E+00   3.0339908238012961E+05
   7.7000000000000000E+03   8.9991818041439967E+02   1.5083290458233105E+03   2.2310132963703991E+03  -4.3781755745354829E+00   3.1965939734393964E+05
   7.8000000000000000E+03   9.3855105505110430E+02   1.5867793487886954E+03   2.2974520648458547E+03  -4.3697884412253671E+00   3.3636251614551438E+05
   7.9000000000000000E+03   9.7708335707286278E+02   1.6673257623092140E+03   2.3602088785219139E+03  -4.3614506018122086E+00   3.5350381610689074E+05
   8.0000000000000000E+03   1.0167439051091383E+03   1.7499544776419107E+03   2.4266637934784162E+03  -4.3531599401625334E+00   3.7107846509121399E+05
   8.1000000000000000E+03   1.0552481226601240E+03   1.8346507622913468E+03   2.4839687142462590E+03  -4.3449144510319515E+00   3.8908125096062606E+05
   8.2000000000000000E+03   1.0964361073272780E+03   1.9213990269268602E+03   2.5536799529470309E+03  -4.3367122363688742E+00   4.0750669678378175E+05
   8.3000000000000000E+03   1.1376278188745616E+03   2.0101828848765549E+03   2.6208546141841616E+03  -4.3285514997700307E+00   4.2634903636693739E+05
   8.4000000000000000E+03   1.1786735690148855E+03   2.1009852061735523E+03   2.6849663732281856E+03  -4.3204305415520912E+00   4.4560231475806289E+05
   8.5000000000000000E+03   1.2191994124392152E+03   2.1937881697563721E+03   2.7444039626989693E+03  -4.3123477581356005E+00   4.6526032000205363E+05
   8.6000000000000000E+03   1.2605979830501828E+03   2.2885733065705354E+03   2.8064592878023363E+03  -4.3043016365005258E+00   4.8531660360893200E+05
   8.7000000000000000E+03   1.3022912884307977E+03   2.3853215381060877E+03   2.8682333296907018E+03  -4.2962907492578477E+00   5.0576456709489541E+05
   8.8000000000000000E+03   1.3434814686878790E+03   2.4840132125585706E+03   2.9260261601510006E+03  -4.2883137521853794E+00   5.2659743620285124E+05
   8.9000000000000000E+03   1.3861802480994320E+03   2.5846281351570633E+03   2.9895004266167994E+03  -4.2803693799153866E+00   5.4780823296342371E+05
   9.0000000000000000E+03   1.4302668032617360E+03   2.6871455963609387E+03   3.0578407107412022E+03  -4.2724564434704027E+00   5.6938989786863059E+05
   9.1000000000000000E+03   1.4737977870233103E+03   2.7915443934885734E+03   3.1221267649754645E+03  -4.2645738247187657E+00   5.9133521070682677E+05
   9.2000000000000000E+03   1.5164042542252848E+03   2.8978028527070933E+03   3.1810084204375066E+03  -4.2567204745264666E+00   6.1363684442239103E+05
   9.3000000000000000E+03   1.5592943406756381E+03   3.0058988476845821E+03   3.2400570018471617E+03  -4.2488954102929624E+00   6.3628734555920761E+05
   9.4000000000000000E+03   1.6015797265200472E+03   3.1158098102810836E+03   3.2955479338013033E+03  -4.2410977085585486E+00   6.5927921167242189E+05
   9.5000000000000000E+03   1.6479587809742068E+03   3.2275127488026810E+03   3.3672847420387434E+03  -4.2333265068525199E+00   6.8260483795173396E+05
   9.6000000000000000E+03   1.6921217534037492E+03   3.3409842563926773E+03   3.4286376988824400E+03  -4.2255809981487209E+00   7.0625657042472810E+05
   9.7000000000000000E+03   1.7357677436201359E+03   3.4562005209386189E+03   3.4870071407723553E+03  -4.2178604284013375E+00   7.3022664837994834E+05
   9.8000000000000000E+03   1.7787007623105167E+03   3.5731373320449884E+03   3.5418037079399442E+03  -4.2101640928485935E+00   7.5450735187444207E+05
   9.9000000000000000E+03   1.8228896493065879E+03   3.6917700904332978E+03   3.6009202822055918E+03  -4.2024913353967079E+00   7.7909080774275924E+05
   1.0000000000000000E+04   1.8669851761160573E+03   3.8120738111456458E+03   3.6590030744593282E+03  -4.1948415436914814E+00   8.0396921558389801E+05
   1.0100000000000000E+04   1.9130366894664912E+03   3.9340231311331468E+03   3.7238896965885206E+03  -4.1872141485022434E+00   8.2913468505068356E+05
   1.0200000000000000E+04   1.9587084646740730E+03   4.0575923115999203E+03   3.7866032551385824E+03  -4.1796086194095210E+00   8.5457937866614666E+05
   1.0300000000000000E+04   2.0032257309002086E+03   4.1827552462059502E+03   3.8444090233309826E+03  -4.1720244654210594E+00   8.8029537604267360E+05
   1.0400000000000000E+04   2.0453939988190241E+03   4.3094854613635625E+03   3.8932153786598478E+03  -4.1644612297354149E+00   9.0627479967892356E+05
   1.0500000000000000E+04   2.0920028570290560E+03   4.4377561227683182E+03   3.9577045988695349E+03  -4.1569184894339140E+00   9.3250975963517837E+05
   1.0600000000000000E+04   2.1390202420162686E+03   4.5675400390769546E+03   4.0230516595460322E+03  -4.1493958530164665E+00   9.5899239910826273E+05
   1.0700000000000000E+04   2.1839366460153374E+03   4.6988096664576942E+03   4.0804853922298757E+03  -4.1418929585533988E+00   9.8571482779649051E+05
   1.0800000000000000E+04   2.2296163498918318E+03   4.8315371128462757E+03   4.1402006914611966E+03  -4.1344094715292883E+00   1.0126692585616824E+06
   1.0900000000000000E+04   2.2747708548774340E+03   4.9656941442251618E+03   4.1977474267789376E+03  -4.1269450839188915E+00   1.0398478316910862E+06
   1.1000000000000000E+04   2.3204984521690121E+03   5.1012521894563006E+03   4.2569205791322347E+03  -4.1194995120309477E+00   1.0672428028180024E+06
   1.1100000000000000E+04   2.3648474858911804E+03   5.2381823458805929E+03   4.3111934232896638E+03  -4.1120724946600387E+00   1.0948464051828270E+06
   1.1200000000000000E+04   2.4104004121266721E+03   5.3764553872185779E+03   4.3692414301022081E+03  -4.1046637924705474E+00   1.1226509330317455E+06
   1.1300000000000000E+04   2.4551794094556417E+03   5.5160417696059094E+03   4.4245283129192476E+03  -4.0972731858404776E+00   1.1506486928789713E+06
   1.1400000000000000E+04   2.4991261643231178E+03   5.6569116390016898E+03   4.4769779326862354E+03  -4.0899004733213022E+00   1.1788321170980502E+06
   1.1500000000000000E+04   2.5439705994394412E+03   5.7990348420910786E+03   4.5321913927532541E+03  -4.0825454719460348E+00   1.2071935416216888E+06
   1.1600000000000000E+04   2.5866544424813487E+03   5.9423809318129070E+03   4.5804942938755730E+03  -4.0752080138409061E+00   1.2357254921142026E+06
   1.1700000000000000E+04   2.6309772821562619E+03   6.0869191793130967E+03   4.6339164707222035E+03  -4.0678879465334186E+00   1.2644204979002648E+06
   1.1800000000000000E+04   2.6761645688353633E+03   6.2326185840069566E+03   4.6899279322692128E+03  -4.0605851317202371E+00   1.2932711073525650E+06
   1.1900000000000000E+04   2.7202756873865051E+03   6.3794478841439723E+03   4.7425636305293438E+03  -4.0532994440350789E+00   1.3222699516664029E+06
   1.2000000000000000E+04   2.7643502883094789E+03   6.5273755673227315E+03   4.7950654575895805E+03  -4.0460307695086071E+00   1.3514097507434788E+06
   1.2100000000000000E+04   2.8080312670329345E+03   6.6763698857664795E+03   4.8463842587924992E+03  -4.0387790064924873E+00   1.3806832239425262E+06
   1.2200000000000000E+04   2.8499989984295248E+03   6.8263988643584271E+03   4.8926744246726166E+03  -4.0315440621171037E+00   1.4100832168322408E+06
   1.2300000000000000E+04   2.8932908114506595E+03   6.9774303182263757E+03   4.9429592191377242E+03  -4.0243258539857019E+00   1.4396025734459814E+06
   1.2400000000000000E+04   2.9402373307687562E+03   7.1294318640581268E+03   5.0038787999220403E+03  -4.0171243080182109E+00   1.4692342574545587E+06
   1.2500000000000000E+04   2.9828524690359504E+03   7.2823709344836307E+03   5.0522490592672320E+03  -4.0099393578351901E+00   1.4989712810403407E+06
   1.2600000000000000E+04   3.0256207046780164E+03   7.4362147937015316E+03   5.1011643760755878E+03  -4.0027709446038156E+00   1.5288067168785813E+06
   1.2700000000000000E+04   3.0669430618685487E+03   7.5909305520610515E+03   5.1461132110201734E+03  -3.9956190161138063E+00   1.5587337260600391E+06
   1.2800000000000000E+04   3.1127474471812620E+03   7.7464851812091292E+03   5.2037584681073758E+03  -3.9884835260073639E+00   1.5887455035586965E+06
   1.2900000000000000E+04   3.1519125430355907E+03   7.9028455309651636E+03   5.2429865918982559E+03  -3.9813644337791634E+00   1.6188353483164366E+06
   1.3000000000000000E+04   3.1941112272868390E+03   8.0599783432198619E+03   5.2908282746703971E+03  -3.9742617030822296E+00   1.6489966376406383E+06
   1.3100000000000000E+04   3.2354594142428095E+03   8.2178502710160301E+03   5.3364984379038351E+03  -3.9671753026520014E+00   1.6792228130599703E+06
   1.3200000000000000E+04   3.2791316295200240E+03   8.3764278937030358E+03   5.3886233456037617E+03  -3.9601052050742251E+00   1.7095073313702382E+06
   1.3300000000000000E+04   3.3238002403990058E+03   8.5356777330547302E+03   5.4435062491538538E+03  -3.9530513860149079E+00   1.7398438545182133E+06
   1.3400000000000000E+04   3.3608211354851423E+03   8.6955662722231609E+03   5.4780954222995533E+03  -3.9460138248363625E+00   1.7702259809514179E+06
   1.3500000000000000E+04   3.4020904713016535E+03   8.8560599704990491E+03   5.5242548098856441E+03  -3.9389925030570700E+00   1.8006474863800551E+06
   1.3600000000000000E+04   3.4473106153509948E+03   9.0171252823686518E+03   5.5809454289263786E+03  -3.9319874049677423E+00   1.8311021431001455E+06
   1.3700000000000000E+04   3.4901191748852052E+03   9.1787286728618019E+03   5.6314037645962881E+03  -3.9249985163992185E+00   1.8615838905711451E+06
   1.3800000000000000E+04   3.5277415779909711E+03   9.3408366369094419E+03   5.6685909043740194E+03  -3.9180258254925278E+00   1.8920866437958456E+06
   1.3900000000000000E+04   3.5666069888234019E+03   9.5034157135897913E+03   5.7092876784769978E+03  -3.9110693210047480E+00   1.9226044885738085E+06
   1.4000000000000000E+04   3.6091116302701880E+03   9.6664325056321177E+03   5.7595155840599464E+03  -3.9041289932330803E+00   1.9531315578040520E+06
   1.4100000000000000E+04   3.6444699692750428E+03   9.8298536959608955E+03   5.7918163496853413E+03  -3.8972048335528222E+00   1.9836620080990240E+06
   1.4200000000000000E+04   3.6837590163876853E+03   9.9936460627380820E+03   5.8343649450098819E+03  -3.8902968333392698E+00   2.0141901746023980E+06
   1.4300000000000000E+04   3.7237800856924136E+03   1.0157776498099482E+04   5.8789783851287802E+03  -3.8834049847377683E+00   2.0447103767952183E+06
   1.4400000000000000E+04   3.7769551797187733E+03   1.0322212023429644E+04   5.9564556592624640E+03  -3.8765292798936812E+00   2.0752170967914169E+06
   1.4500000000000000E+04   3.8150668427816281E+03   1.0486919806348398E+04   5.9965799987776236E+03  -3.8696697111063774E+00   2.1057048170708781E+06
   1.4600000000000000E+04   3.8595112987341272E+03   1.0651867176106898E+04   6.0525394224045222E+03  -3.8628262703671963E+00   2.1361681649270211E+06
   1.4700000000000000E+04   3.8969045513952092E+03   1.0817021639004261E+04   6.0913565946815925E+03  -3.8559989490514366E+00   2.1666018300698409E+06
   1.4800000000000000E+04   3.9275767220613302E+03   1.0982350895525860E+04   6.1141610872561887E+03  -3.8491877385343853E+00   2.1970005400467282E+06
   1.4900000000000000E+04   3.9519596737146539E+03   1.1147822853088071E+04   6.1223713218175535E+03  -3.8423926289592383E+00   2.2273591484523169E+06
   1.5000000000000000E+04   3.9829961085686668E+03   1.1313405642832975E+04   6.1471668723874318E+03  -3.8356136100071487E+00   2.2576726160400920E+06
   1.5100000000000000E+04   4.0178124234745678E+03   1.1479067633345248E+04   6.1813648306983332E+03  -3.8288506704351950E+00   2.2879359167028535E+06
   1.5200000000000000E+04   4.0531192361199919E+03   1.1644777444131154E+04   6.2170437822580625E+03  -3.8221037976913488E+00   2.3181441411078200E+06
   1.5300000000000000E+04   4.0940954856886756E+03   1.1810503960434329E+04   6.2663000677548007E+03  -3.8153729782995041E+00   2.3482924627214433E+06
   1.5400000000000000E+04   4.1294802868721781E+03   1.1976216346439725E+04   6.3026905631211957E+03  -3.8086581977054692E+00   2.3783761123574208E+06
   1.5500000000000000E+04   4.1638903316604255E+03   1.2141884056983437E+04   6.3371162442181821E+03  -3.8019594396609091E+00   2.4083904534716355E+06
   1.5600000000000000E+04   4.1937603032603156E+03   1.2307476851824529E+04   6.3614014053289256E+03  -3.7952766869164098E+00   2.4383308418313530E+06
   1.5700000000000000E+04   4.2212380180147893E+03   1.2472964806300564E+04   6.3806466923336275E+03  -3.7886099205284234E+00   2.4681928184720157E+06
   1.5800000000000000E+04   4.2582600879538277E+03   1.2638318323651676E+04   6.4220611579055249E+03  -3.7819591200902760E+00   2.4979719141758545E+06
   1.5900000000000000E+04   4.3075041238304011E+03   1.2803508146183891E+04   6.4914239675590152E+03  -3.7753242636551638E+00   2.5276638216844476E+06
   1.6000000000000000E+04   4.3445440118282631E+03   1.2968505366150621E+04   6.5332206414206003E+03  -3.7687053277361642E+00   2.5572642331324569E+06
   1.6100000000000000E+04   4.3726533391490912E+03   1.3133281435439379E+04   6.5551563531131414E+03  -3.7621022869982008E+00   2.5867690050468156E+06
   1.6200000000000000E+04   4.3987746997421564E+03   1.3297808176424425E+04   6.5730803599907194E+03  -3.7555151146430750E+00   2.6161739755867254E+06
   1.6300000000000000E+04   4.4398720072857268E+03   1.3462057790898943E+04   6.6247597843566300E+03  -3.7489437821784573E+00   2.6454751339699710E+06
   1.6400000000000000E+04   4.4767684282169312E+03   1.3626002867965177E+04   6.6672747150392597E+03  -3.7423882589558248E+00   2.6746685658014817E+06
   1.6500000000000000E+04   4.5069109015484000E+03   1.3789616394773358E+04   6.6950925571358612E+03  -3.7358485130945689E+00   2.7037503470134521E+06
   1.6600000000000000E+04   4.5213015713172308E+03   1.3952871762174927E+04   6.6887209389439349E+03  -3.7293245104808959E+00   2.7327167694786107E+06
   1.6700000000000000E+04   4.5486733288777632E+03   1.4115742774346729E+04   6.7113448941649831E+03  -3.7228162156148938E+00   2.7615640358263669E+06
   1.6800000000000000E+04   4.5819211380564966E+03   1.4278203654042058E+04   6.7470809589216196E+03  -3.7163235908404744E+00   2.7902885664103520E+06
   1.6900000000000000E+04   4.6094722384377137E+03   1.4440229050922986E+04   6.7707742340219747E+03  -3.7098465970384309E+00   2.8188867820816352E+06
   1.7000000000000000E+04   4.6380495619847215E+03   1.4601794046053956E+04   6.7970274215455356E+03  -3.7033851929333825E+00   2.8473552132834117E+06
   1.7100000000000000E+04   4.6659983237282986E+03   1.4762874159136358E+04   6.8222633617399697E+03  -3.6969393357098164E+00   2.8756904686825401E+06
   1.7200000000000000E+04   4.6979147774706626E+03   1.4923445352647210E+04   6.8562774261487893E+03  -3.6905089805500570E+00   2.9038892516899980E+06
   1.7300000000000000E+04   4.7348335016619976E+03   1.5083484037615028E+04   6.9011689297039911E+03  -3.6840940810193041E+00   2.9319482923210673E+06
   1.7400000000000000E+04   4.7608287730534685E+03   1.5242967077433883E+04   6.9231252385429607E+03  -3.6776945888345955E+00   2.9598644130394529E+06
   1.7500000000000000E+04   4.7897338563334824E+03   1.5401871792002230E+04   6.9515555885405001E+03  -3.6713104539418260E+00   2.9876345472809547E+06
   1.7600000000000000E+04   4.8170904709886263E+03   1.5560175961049443E+04   6.9770249355479400E+03  -3.6649416244387418E+00   3.0152556874498436E+06
   1.7700000000000000E+04   4.8493192259549432E+03   1.5717857828009539E+04   7.0129861011658186E+03  -3.6585880468829659E+00   3.0427249014981333E+06
   1.7800000000000000E+04   4.8765778509037600E+03   1.5874896102131075E+04   7.0388185674125225E+03  -3.6522496660609689E+00   3.0700392584153307E+06
   1.7900000000000000E+04   4.8976147418650526E+03   1.6031269960170155E+04   7.0520401923942636E+03  -3.6459264247570577E+00   3.0971960850253496E+06
   1.8000000000000000E+04   4.9243748783772835E+03   1.6186959050424539E+04   7.0774746974204427E+03  -3.6396182646004509E+00   3.1241925793140591E+06
   1.8100000000000000E+04   4.9488481242058842E+03   1.6341943491890657E+04   7.0984920064051266E+03  -3.6333251251411967E+00   3.1510261422575978E+06
   1.8200000000000000E+04   4.9685705297812965E+03   1.6496203877146254E+04   7.1100936304491543E+03  -3.6270469445432174E+00   3.1776941912538018E+06
   1.8300000000000000E+04   4.9921618156694549E+03   1.6649721272122537E+04   7.1299745960308419E+03  -3.6207836591993043E+00   3.2041942543922248E+06
   1.8400000000000000E+04   5.0246274246350358E+03   1.6802477217684071E+04   7.1682174007353015E+03  -3.6145352041931345E+00   3.2305238925051522E+06
   1.8500000000000000E+04   5.0468965797002757E+03   1.6954453728090433E+04   7.1859721909925483E+03  -3.6083015126832292E+00   3.2566807971125399E+06
   1.8600000000000000E+04   5.0696572234143032E+03   1.7105633292885919E+04   7.2050406949805702E+03  -3.6020825167500172E+00   3.2826626093400051E+06
   1.8700000000000000E+04   5.0861454693786518E+03   1.7255998874289802E+04   7.2117976752829227E+03  -3.5958781466257852E+00   3.3084672019248148E+06
   1.8800000000000000E+04   5.1115594264162155E+03   1.7405533907848483E+04   7.2368314293186095E+03  -3.5896883313107084E+00   3.3340924158752123E+06
   1.8900000000000000E+04   5.1323489397328221E+03   1.7554222300589285E+04   7.2528830068552452E+03  -3.5835129983418459E+00   3.3595361384408702E+06
   1.9000000000000000E+04   5.1485987494375195E+03   1.7702048429672534E+04   7.2602150587334136E+03  -3.5773520738701459E+00   3.3847964301385693E+06
   1.9100000000000000E+04   5.1682988552798506E+03   1.7848997140150896E+04   7.2747532836890077E+03  -3.5712054825064290E+00   3.4098713781284494E+06
   1.9200000000000000E+04   5.1941858676306838E+03   1.7995053744674853E+04   7.3018216222248575E+03  -3.5650731480144455E+00   3.4347590491286605E+06
   1.9300000000000000E+04   5.2122525231988775E+03   1.8140204018687720E+04   7.3137127874234984E+03  -3.5589549923867976E+00   3.4594576837299825E+06
   1.9400000000000000E+04   5.2276848183552465E+03   1.8284434199810039E+04   7.3207546753043544E+03  -3.5528509366150094E+00   3.4839655671144519E+06
   1.9500000000000000E+04   5.2472081604365931E+03   1.8427730984350448E+04   7.3361384590889347E+03  -3.5467609004585077E+00   3.5082810270254710E+06
   1.9600000000000000E+04   5.2745975908347909E+03   1.8570081524389148E+04   7.3671411856584609E+03  -3.5406848025216116E+00   3.5324024547822429E+06
   1.9700000000000000E+04   5.2939306262646614E+03   1.8711473424226740E+04   7.3826663879243624E+03  -3.5346225601765577E+00   3.5563283510393449E+06
   1.9800000000000000E+04   5.3122947984445173E+03   1.8851894737435217E+04   7.3965865170138868E+03  -3.5285740897944811E+00   3.5800571865202179E+06
   1.9900000000000000E+04   5.3277759199277698E+03   1.8991333962474164E+04   7.4052140341125760E+03  -3.5225393065144281E+00   3.6035876338173365E+06
   2.0000000000000000E+04   5.3433841630004526E+03   1.9129780039958954E+04   7.4143934803176207E+03  -3.5165181247053807E+00   3.6269182860515867E+06
   2.0100000000000000E+04   5.3527600783295538E+03   1.9267222347482249E+04   7.4119155025156542E+03  -3.5105104575812254E+00   3.6500478668906083E+06
   2.0200000000000000E+04   5.3756492857646344E+03   1.9403650695902259E+04   7.4356437495988321E+03  -3.5045162174317674E+00   3.6729751845505885E+06
   2.0300000000000000E+04   5.3913923810984697E+03   1.9539055324432313E+04   7.4459445656811949E+03  -3.4985353154687324E+00   3.6956990826773359E+06
   2.0400000000000000E+04   5.4063037744068242E+03   1.9673426897229725E+04   7.4549382643138815E+03  -3.4925676622877901E+00   3.7182184133253396E+06
   2.0500000000000000E+04   5.4217727631943562E+03   1.9806756497765786E+04   7.4652662031674345E+03  -3.4866131675605350E+00   3.7405321600072184E+06
   2.0600000000000000E+04   5.4423989459413815E+03   1.9939035623462794E+04   7.4856112403291127E+03  -3.4806717398804730E+00   3.7626393640399673E+06
   2.0700000000000000E+04   5.4512795054939679E+03   2.0070256182493726E+04   7.4840105853493642E+03  -3.4747432874560826E+00   3.7845390464433166E+06
   2.0800000000000000E+04   5.4763337112888375E+03   2.0200410486709447E+04   7.5131494230530052E+03  -3.4688277174177489E+00   3.8062303855710803E+06
   2.0900000000000000E+04   5.4765044299547926E+03   2.0329491247996400E+04   7.4957683759029360E+03  -3.4629249364338173E+00   3.8277125110110203E+06
   2.1000000000000000E+04   5.5038571305456453E+03   2.0457491571813891E+04   7.5296150446122529E+03  -3.4570348503255746E+00   3.8489847101012105E+06
   2.1100000000000000E+04   5.5431455936252369E+03   2.0584404952305096E+04   7.5859574579386835E+03  -3.4511573642982443E+00   3.8700462713344912E+06
   2.1200000000000000E+04   5.5552203531573887E+03   2.0710225266901831E+04   7.5915425680150029E+03  -3.4452923830180113E+00   3.8908965080650514E+06
   2.1300000000000000E+04   5.5666122626417591E+03   2.0834946770637111E+04   7.5961179737176453E+03  -3.4394398106120199E+00   3.9115348383691371E+06
   2.1400000000000000E+04   5.5746915173072875E+03   2.0958564089747841E+04   7.5948061124327751E+03  -3.4335995504373433E+00   3.9319607039868892E+06
   2.1500000000000000E+04   5.5907308210994552E+03   2.1081072217107885E+04   7.6085217990339725E+03  -3.4277715055430389E+00   3.9521736517804828E+06
   2.1600000000000000E+04   5.6045783150369152E+03   2.1202466505703567E+04   7.6183956796323155E+03  -3.4219555784391100E+00   3.9721731668842598E+06
   2.1700000000000000E+04   5.6143076296361123E+03   2.1322742662897894E+04   7.6209015451628575E+03  -3.4161516711735294E+00   3.9919588935166663E+06
   2.1800000000000000E+04   5.6236120095062579E+03   2.1441896744860831E+04   7.6228813716754512E+03  -3.4103596854862395E+00   4.0115304676848627E+06
   2.1900000000000000E+04   5.6323856049103697E+03   2.1559925149897910E+04   7.6241413003081025E+03  -3.4045795225781457E+00   4.0308875426063919E+06
   2.2000000000000000E+04   5.6500581917595482E+03   2.1676824612803448E+04   7.6419233460649466E+03  -3.3988110832651119E+00   4.0500299612579914E+06
   2.2100000000000000E+04   5.6585747034731703E+03   2.1792592199400740E+04   7.6431682917018052E+03  -3.3930542682089988E+00   4.0689574389828495E+06
   2.2200000000000000E+04   5.6691040672124545E+03   2.1907225299782738E+04   7.6483195481525272E+03  -3.3873089776866263E+00   4.0876698511183597E+06
   2.2300000000000000E+04   5.6740095588318609E+03   2.2020721622598616E+04   7.6434811166673753E+03  -3.3815751117438073E+00   4.1061670282012909E+06
   2.2400000000000000E+04   5.6822495096336443E+03   2.2133079188475131E+04   7.6449444083146200E+03  -3.3758525700413129E+00   4.1244489320230358E+06
   2.2500000000000000E+04   5.6639554224517215E+03   2.2244296324926832E+04   7.5988005029127207E+03  -3.3701412522399172E+00   4.1425155067982380E+06
   2.2600000000000000E+04   5.6570663285715900E+03   2.2354371659127290E+04   7.5736869336517866E+03  -3.3644410576153638E+00   4.1603667982470607E+06
   2.2700000000000000E+04   5.6631273682841602E+03   2.2463304112821745E+04   7.5720960700471724E+03  -3.3587518854433944E+00   4.1780028009625939E+06
   2.2800000000000000E+04   5.6778295615895458E+03   2.2571092895535232E+04   7.5861493393130650E+03  -3.3530736347687342E+00   4.1954236716917977E+06
   2.2900000000000000E+04   5.6756573938889678E+03   2.2677737498863295E+04   7.5703130274300593E+03  -3.3474062045591020E+00   4.2126294825044563E+06
   2.3000000000000000E+04   5.6834981018470362E+03   2.2783237690350528E+04   7.5725415288835657E+03  -3.3417494937052084E+00   4.2296204364016950E+06
   2.3100000000000000E+04   5.7050305255411504E+03   2.2887593507389072E+04   7.5992399826367055E+03  -3.3361034010207566E+00   4.2463967108309735E+06
   2.3200000000000000E+04   5.7162797418175087E+03   2.2990805251356145E+04   7.6078427875677553E+03  -3.3304678253194524E+00   4.2629585829515094E+06
   2.3300000000000000E+04   5.7211538951356843E+03   2.3092873481348779E+04   7.6053428339096754E+03  -3.3248426653379961E+00   4.2793063341503674E+06
   2.3400000000000000E+04   5.7199330086788314E+03   2.3193799008811762E+04   7.5923082245311662E+03  -3.3192278199670997E+00   4.2954402480112230E+06
   2.3500000000000000E+04   5.7309086847676590E+03   2.3293582890474911E+04   7.6009720913115480E+03  -3.3136231878664542E+00   4.3113607069269801E+06
   2.3600000000000000E+04   5.7374910415722434E+03   2.3392226424132630E+04   7.6020787988398743E+03  -3.3080286680807811E+00   4.3270680612899205E+06
   2.3700000000000000E+04   5.7414869634992110E+03   2.3489731141227381E+04   7.5988353424108527E+03  -3.3024441595007969E+00   4.3425627764649997E+06
   2.3800000000000000E+04   5.7456307762343604E+03   2.3586098801634085E+04   7.5960459654441620E+03  -3.2968695610942151E+00   4.3578453173808819E+06
   2.3900000000000000E+04   5.7519118260675114E+03   2.3681331388709761E+04   7.5971745541365326E+03  -3.2913047722137856E+00   4.3729160786909526E+06
   2.4000000000000000E+04   5.7539364458576883E+03   2.3775431102011778E+04   7.5910640123918865E+03  -3.2857496920582498E+00   4.3877756193602234E+06
   2.4100000000000000E+04   5.7684999832240210E+03   2.3868400352662662E+04   7.6069406031868111E+03  -3.2802042200573571E+00   4.4024245465331245E+06
   2.4200000000000000E+04   5.7639096593270733E+03   2.3960241757796110E+04   7.5896981963300423E+03  -3.2746682559103881E+00   4.4168633766964618E+06
   2.4300000000000000E+04   5.7679667179191702E+03   2.4050958134624543E+04   7.5876601860583396E+03  -3.2691416994706310E+00   4.4310927051637257E+06
   2.4400000000000000E+04   5.7646970688119336E+03   2.4140552494888620E+04   7.5731425275202455E+03  -3.2636244507453922E+00   4.4451131896409709E+06
   2.4500000000000000E+04   5.7665405583792726E+03   2.4229028039800243E+04   7.5676515974467893E+03  -3.2581164100499969E+00   4.4589254799084049E+06
   2.4600000000000000E+04   5.7930035035837145E+03   2.4316388154070020E+04   7.6047074780866760E+03  -3.2526174778152845E+00   4.4725303050345052E+06
   2.4700000000000000E+04   5.7980766319450540E+03   2.4402636401517051E+04   7.6050364872859736E+03  -3.2471275549341292E+00   4.4859283308385788E+06
   2.4800000000000000E+04   5.7928418538578881E+03   2.4487776518897161E+04   7.5878209401748600E+03  -3.2416465424534189E+00   4.4991202826665957E+06
   2.4900000000000000E+04   5.7958995796067493E+03   2.4571812410881801E+04   7.5850244141091080E+03  -3.2361743416510649E+00   4.5121069459614102E+06
   2.5000000000000000E+04   5.8067100697749747E+03   2.4654748145321497E+04   7.5956433104273128E+03  -3.2307108541899985E+00   4.5248891668615919E+06
   2.5100000000000000E+04   5.8072604183415360E+03   2.4736587948142733E+04   7.5888489884237461E+03  -3.2252559821181963E+00   4.5374676310771769E+06
   2.5200000000000000E+04   5.8064386290089615E+03   2.4817336197660585E+04   7.5798809102425412E+03  -3.2198096276376384E+00   4.5498433032991476E+06
   2.5300000000000000E+04   5.8067276404608392E+03   2.4896997420918993E+04   7.5729722393196571E+03  -3.2143716935663593E+00   4.5620169485322703E+06
   2.5400000000000000E+04   5.8061275968278906E+03   2.4975576287164680E+04   7.5647132617166244E+03  -3.2089420827608919E+00   4.5739894819904985E+06
   2.5500000000000000E+04   5.8006082325707666E+03   2.5053077604655795E+04   7.5482830485896447E+03  -3.2035206986938287E+00   4.5857618211070355E+06
   2.5600000000000000E+04   5.7995014117254968E+03   2.5129506315040508E+04   7.5395018303926390E+03  -3.1981074451457769E+00   4.5973348269197047E+06
   2.5700000000000000E+04   5.7941170670980500E+03   2.5204867488895870E+04   7.5236634193883037E+03  -3.1927022262823845E+00   4.6087094932188597E+06
   2.5800000000000000E+04   5.7883128204838740E+03   2.5279166321339861E+04   7.5073019507601093E+03  -3.1873049467313308E+00   4.6198867174526043E+06
   2.5900000000000000E+04   5.7810899028139420E+03   2.5352408127063634E+04   7.4887418903539165E+03  -3.1819155114283229E+00   4.6308675106009925E+06
   2.6000000000000000E+04   5.7800884511767044E+03   2.5424598336417228E+04   7.4807886823658646E+03  -3.1765338258096101E+00   4.6416528821037645E+06
   2.6100000000000000E+04   5.7775649078467104E+03   2.5495742490916091E+04   7.4704321174940687E+03  -3.1711597957734754E+00   4.6522438189003291E+06
   2.6200000000000000E+04   5.7817515000668645E+03   2.5565846238821723E+04   7.4714244848530925E+03  -3.1657933276417429E+00   4.6626413431442641E+06
   2.6300000000000000E+04   5.7663720141696413E+03   2.5634915330796521E+04   7.4399243061473271E+03  -3.1604343281212617E+00   4.6728465322333658E+06
   2.6400000000000000E+04   5.7693862742092260E+03   2.5702955616503834E+04   7.4392235928277578E+03  -3.1550827045734389E+00   4.6828603787775273E+06
   2.6500000000000000E+04   5.7803268566673596E+03   2.5769973039540564E+04   7.4518010920911438E+03  -3.1497383646677064E+00   4.6926840094069457E+06
   2.6600000000000000E+04   5.7718289889876432E+03   2.5835973633859165E+04   7.4322042737438424E+03  -3.1444012165355328E+00   4.7023184844321972E+06
   2.6700000000000000E+04   5.7654145720752758E+03   2.5900963520481106E+04   7.4162265401557197E+03  -3.1390711690014435E+00   4.7117648972289031E+06
   2.6800000000000000E+04   5.7681002638477767E+03   2.5964948902325690E+04   7.4154355115068975E+03  -3.1337481311209814E+00   4.7210243948812885E+06
   2.6900000000000000E+04   5.7640453628393043E+03   2.6027936061723893E+04   7.4036228476654587E+03  -3.1284320126427483E+00   4.7300980752991578E+06
   2.7000000000000000E+04   5.7599354420278387E+03   2.6089931356264609E+04   7.3918519675543002E+03  -3.1231227238543942E+00   4.7389870473808432E+06
   2.7100000000000000E+04   5.7566849156826802E+03   2.6150941214496928E+04   7.3816238559849680E+03  -3.1178201753515862E+00   4.7476924934174931E+06
   2.7200000000000000E+04   5.7490323343522796E+03   2.6210972133445022E+04   7.3642933069651253E+03  -3.1125242784230527E+00   4.7562156071929708E+06
   2.7300000000000000E+04   5.7438472654287852E+03   2.6270030674564048E+04   7.3511495461777049E+03  -3.1072349448580603E+00   4.7645575085489051E+06
   2.7400000000000000E+04   5.7422460488035667E+03   2.6328123460420371E+04   7.3439941320012731E+03  -3.1019520869849271E+00   4.7727193898930894E+06
   2.7500000000000000E+04   5.7368766810674269E+03   2.6385257171334510E+04   7.3307912289559972E+03  -3.0966756176710071E+00   4.7807024316824349E+06
   2.7600000000000000E+04   5.7252694652356467E+03   2.6441438541877971E+04   7.3075461076153415E+03  -3.0914054502456940E+00   4.7885078661366459E+06
   2.7700000000000000E+04   5.7239616033732855E+03   2.6496674358200169E+04   7.3012104116339433E+03  -3.0861414986929403E+00   4.7961368693998670E+06
   2.7800000000000000E+04   5.7284264934192670E+03   2.6550971454664901E+04   7.3043563402070604E+03  -3.0808836775742385E+00   4.8035906247818731E+06
   2.7900000000000000E+04   5.7237422200001902E+03   2.6604336710231433E+04   7.2927217342731037E+03  -3.0756319018361173E+00   4.8108704321862115E+06
   2.8000000000000000E+04   5.7053871794202996E+03   2.6656777046530289E+04   7.2590522619546837E+03  -3.0703860871951667E+00   4.8179774676998425E+06
   2.8100000000000000E+04   5.6914521804285077E+03   2.6708299424055247E+04   7.2327217888816667E+03  -3.0651461498300177E+00   4.8249129572255928E+06
   2.8200000000000000E+04   5.6822621656560295E+03   2.6758910839398890E+04   7.2141994209119011E+03  -3.0599120064198386E+00   4.8316782220174978E+06
   2.8300000000000000E+04   5.6651626344485285E+03   2.6808618323203264E+04   7.1830823230366714E+03  -3.0546835744138616E+00   4.8382744110783041E+06
   2.8400000000000000E+04   5.6568341639290675E+03   2.6857428936120199E+04   7.1662150611182942E+03  -3.0494607715693451E+00   4.8447028573443275E+06
   2.8500000000000000E+04   5.6591180770592809E+03   2.6905349767649754E+04   7.1664732578032927E+03  -3.0442435164906159E+00   4.8509647641832428E+06
   2.8600000000000000E+04   5.6625972911850922E+03   2.6952387932122725E+04   7.1687186346462959E+03  -3.0390317281285313E+00   4.8570614297129763E+06
   2.8700000000000000E+04   5.6488529285966979E+03   2.6998550567341234E+04   7.1434661052726706E+03  -3.0338253262040102E+00   4.8629941111297952E+06
   2.8800000000000000E+04   5.6498322155584183E+03   2.7043844831121136E+04   7.1418666757391902E+03  -3.0286242308615030E+00   4.8687641154448753E+06
   2.8900000000000000E+04   5.6475583580463490E+03   2.7088277899731995E+04   7.1351444134270087E+03  -3.0234283629770276E+00   4.8743726610757504E+06
   2.9000000000000000E+04   5.6392085247903096E+03   2.7131856964779523E+04   7.1188155110982134E+03  -3.0182376438886327E+00   4.8798210617470779E+06
   2.9100000000000000E+04   5.6248362056814149E+03   2.7174589231550395E+04   7.0930099848780656E+03  -3.0130519956274289E+00   4.8851105878447983E+06
   2.9200000000000000E+04   5.5997694752614161E+03   2.7216481916123448E+04   7.0503794263284735E+03  -3.0078713406865618E+00   4.8902425355885616E+06
   2.9300000000000000E+04   5.6058928251205198E+03   2.7257542243939370E+04   7.0573311778689858E+03  -3.0026956022907370E+00   4.8952181562075047E+06
   2.9400000000000000E+04   5.5967860021772312E+03   2.7297777446814176E+04   7.0402229821917181E+03  -2.9975247040881952E+00   4.9000388212357443E+06
   2.9500000000000000E+04   5.6275387120124296E+03   2.7337194761837647E+04   7.0862993613067092E+03  -2.9923585704972413E+00   4.9047057137913192E+06
   2.9600000000000000E+04   5.5832290950974029E+03   2.7375801428608145E+04   7.0136452319023201E+03  -2.9871971264367190E+00   4.9092202087081624E+06
   2.9700000000000000E+04   5.5837704743527256E+03   2.7413604687490304E+04   7.0120219400230189E+03  -2.9820402974030231E+00   4.9135835624358868E+06
   2.9800000000000000E+04   5.5799928918224714E+03   2.7450611777712158E+04   7.0036526810238465E+03  -2.9768880094700916E+00   4.9177971043487499E+06
   2.9900000000000000E+04   5.5640032315445496E+03   2.7486829935729726E+04   6.9761446665141611E+03  -2.9717401893664159E+00   4.9218620915679066E+06
   3.0000000000000000E+04   5.5602996159705572E+03   2.7522266393109079E+04   6.9680483906178970E+03  -2.9665967643595406E+00   4.9257798051476143E+06
   3.0100000000000000E+04   5.5517520693010310E+03   2.7556928375102416E+04   6.9524202852999406E+03  -2.9614576623715476E+00   4.9295515751533685E+06
   3.0200000000000000E+04   5.5358506369317720E+03   2.7590823098526806E+04   6.9253623367437776E+03  -2.9563228118250762E+00   4.9331786574564250E+06
   3.0300000000000000E+04   5.5282275822100173E+03   2.7623957770334855E+04   6.9113590714392139E+03  -2.9511921417203042E+00   4.9366624312702036E+06
   3.0400000000000000E+04   5.4981468567701922E+03   2.7656339586553091E+04   6.8624105955714258E+03  -2.9460655818274746E+00   4.9400040760083711E+06
   3.0500000000000000E+04   5.4889526020656494E+03   2.7687975729563546E+04   6.8461564976912650E+03  -2.9409430622633570E+00   4.9432049692643192E+06
   3.0600000000000000E+04   5.4811366334209551E+03   2.7718873367671593E+04   6.8321220845598318E+03  -2.9358245138762844E+00   4.9462663623445900E+06
   3.0700000000000000E+04   5.4637962528351090E+03   2.7749039653121708E+04   6.8033853682095914E+03  -2.9307098680536323E+00   4.9491895550674107E+06
   3.0800000000000000E+04   5.4601023094510037E+03   2.7778481720904834E+04   6.7958945137170649E+03  -2.9255990567988226E+00   4.9519757944988012E+06
   3.0900000000000000E+04   5.4594876205646933E+03   2.7807206687291557E+04   6.7932257524117495E+03  -2.9204920126928338E+00   4.9546264019638486E+06
   3.1000000000000000E+04   5.4481768952462435E+03   2.7835221648304410E+04   6.7740612095588867E+03  -2.9153886688171782E+00   4.9571426455992050E+06
   3.1100000000000000E+04   5.4375053786722447E+03   2.7862533678869284E+04   6.7559636810338889E+03  -2.9102889589079228E+00   4.9595258167475592E+06
   3.1200000000000000E+04   5.4212954956754747E+03   2.7889149831373088E+04   6.7294063821135596E+03  -2.9051928172786847E+00   4.9617771782467654E+06
   3.1300000000000000E+04   5.4208597535409008E+03   2.7915077134369876E+04   6.7272275177558904E+03  -2.9001001787821208E+00   4.9638980421667919E+06
   3.1400000000000000E+04   5.4073688809445775E+03   2.7940322591645036E+04   6.7050078230031359E+03  -2.8950109788869414E+00   4.9658895867136139E+06
   3.1500000000000000E+04   5.3909378179502564E+03   2.7964893180896910E+04   6.6783599860967206E+03  -2.8899251536009025E+00   4.9677531701274393E+06
   3.1600000000000000E+04   5.3862631001394875E+03   2.7988795852774721E+04   6.6698285528006163E+03  -2.8848426395093059E+00   4.9694899896231620E+06
   3.1700000000000000E+04   5.3710645068487229E+03   2.8012037529744273E+04   6.6452294425852488E+03  -2.8797633737364938E+00   4.9711013442898560E+06
   3.1800000000000000E+04   5.3581314728711195E+03   2.8034625105307005E+04   6.6241813898435830E+03  -2.8746872940228658E+00   4.9725885033967616E+06
   3.1900000000000000E+04   5.3539371532395098E+03   2.8056565442730371E+04   6.6165505685376575E+03  -2.8696143386093582E+00   4.9739527056069346E+06
   3.2000000000000000E+04   5.3433385026155220E+03   2.8077865374654368E+04   6.5991933754366773E+03  -2.8645444464299636E+00   4.9751951041442892E+06
   3.2100000000000000E+04   5.3422096594220457E+03   2.8098531701265616E+04   6.5963316564980787E+03  -2.8594775567652069E+00   4.9763170907632252E+06
   3.2200000000000000E+04   5.3444544227215629E+03   2.8118571190497565E+04   6.5986498485113907E+03  -2.8544136096271688E+00   4.9773198099652510E+06
   3.2300000000000000E+04   5.3328718836570606E+03   2.8137990576483651E+04   6.5799393912006944E+03  -2.8493525454899680E+00   4.9782045370704290E+06
   3.2400000000000000E+04   5.3202372495531035E+03   2.8156796559195041E+04   6.5596938597956814E+03  -2.8442943054437788E+00   4.9789724333619876E+06
   3.2500000000000000E+04   5.3042622987568629E+03   2.8174995803171176E+04   6.5344457788180953E+03  -2.8392388310023047E+00   4.9796248200469613E+06
   3.2600000000000000E+04   5.2914033847275923E+03   2.8192594937637557E+04   6.5140013318789024E+03  -2.8341860644108094E+00   4.9801628484934988E+06
   3.2700000000000000E+04   5.2811462378406650E+03   2.8209600554883047E+04   6.4975607941733178E+03  -2.8291359482995944E+00   4.9805877196123311E+06
   3.2800000000000000E+04   5.2623644235787951E+03   2.8226019210126535E+04   6.4682909010474523E+03  -2.8240884258765004E+00   4.9809006849831901E+06
   3.2900000000000000E+04   5.2504698481121268E+03   2.8241857420891560E+04   6.4495029007571484E+03  -2.8190434409269201E+00   4.9811029072370259E+06
   3.3000000000000000E+04   5.2438888486396772E+03   2.8257121666202947E+04   6.4387826940580981E+03  -2.8140009377367874E+00   4.9811956277156407E+06
   3.3100000000000000E+04   5.2377391595585368E+03   2.8271818386123392E+04   6.4287531885427661E+03  -2.8089608611310797E+00   4.9811799694762826E+06
   3.3200000000000000E+04   5.2268001624141707E+03   2.8285953981007337E+04   6.4115548222223924E+03  -2.8039231563968086E+00   4.9810571913480237E+06
   3.3300000000000000E+04   5.2090128952946143E+03   2.8299534811504880E+04   6.3841190900271295E+03  -2.7988877694755443E+00   4.9808284332067585E+06
   3.3400000000000000E+04   5.2013645140561921E+03   2.8312567197455901E+04   6.3719739876823942E+03  -2.7938546467323886E+00   4.9804948571964065E+06
   3.3500000000000000E+04   5.1892119057799418E+03   2.8325057417637159E+04   6.3531166435293198E+03  -2.7888237350329881E+00   4.9800576771349013E+06
   3.3600000000000000E+04   5.1645354778677547E+03   2.8337011709635353E+04   6.3155746001169755E+03  -2.7837949818590375E+00   4.9795179856753359E+06
   3.3700000000000000E+04   5.1482802016394617E+03   2.8348436268922407E+04   6.2907203196165174E+03  -2.7787683351157644E+00   4.9788769847266944E+06
   3.3800000000000000E+04   5.1468665951853736E+03   2.8359337248777570E+04   6.2880736706388279E+03  -2.7737437432474437E+00   4.9781358123779856E+06
   3.3900000000000000E+04   5.1247223501852141E+03   2.8369720759719272E+04   6.2545473002147246E+03  -2.7687211551603865E+00   4.9772956003283504E+06
   3.4000000000000000E+04   5.1137659984310376E+03   2.8379592869471835E+04   6.2377579730837551E+03  -2.7637005203384515E+00   4.9763575033103842E+06
   3.4100000000000000E+04   5.1010426072279670E+03   2.8388959602442079E+04   6.2183875241693386E+03  -2.7586817887660398E+00   4.9753225812064353E+06
   3.4200000000000000E+04   5.0749079183940703E+03   2.8397826939015515E+04   6.1791732274408196E+03  -2.7536649107740772E+00   4.9741920349631310E+06
   3.4300000000000000E+04   5.1158706211231229E+03   2.8406200816198743E+04   6.2396044622862837E+03  -2.7486498373865511E+00   4.9729669409709200E+06
   3.4400000000000000E+04   5.0734296309278861E+03   2.8414087126345647E+04   6.1762129704730687E+03  -2.7436365199354706E+00   4.9716484283559853E+06
   3.4500000000000000E+04   5.0659741975664574E+03   2.8421491717838369E+04   6.1648192369937979E+03  -2.7386249104073994E+00   4.9702375598156406E+06
   3.4600000000000000E+04   5.0522792653868510E+03   2.8428420394058892E+04   6.1442270610026781E+03  -2.7336149611354315E+00   4.9687354511755491E+06
   3.4700000000000000E+04   5.0384387626476428E+03   2.8434878913599587E+04   6.1234698614456975E+03  -2.7286066249531999E+00   4.9671432118993886E+06
   3.4800000000000000E+04   5.0252002993335373E+03   2.8440872990185835E+04   6.1036505485244224E+03  -2.7235998552333811E+00   4.9654619146000519E+06
   3.4900000000000000E+04   5.0125725638353142E+03   2.8446408292212473E+04   6.0847778996988063E+03  -2.7185946057721888E+00   4.9636925943822274E+06
   3.5000000000000000E+04   4.9961818909468784E+03   2.8451490442803515E+04   6.0604114845264357E+03  -2.7135908308663743E+00   4.9618363095964529E+06
   3.5100000000000000E+04   4.9825315090601416E+03   2.8456125019384512E+04   6.0401292828248652E+03  -2.7085884851977258E+00   4.9598941732144868E+06
   3.5200000000000000E+04   4.9718449857156329E+03   2.8460317554076879E+04   6.0242438801112730E+03  -2.7035875240255751E+00   4.9578671993409703E+06
   3.5300000000000000E+04   4.9593391950660898E+03   2.8464073533001418E+04   6.0057260590105061E+03  -2.6985879029557789E+00   4.9557564566409849E+06
   3.5400000000000000E+04   4.9463336270103619E+03   2.8467398396603447E+04   5.9865168240449730E+03  -2.6935895780947412E+00   4.9535629448142396E+06
   3.5500000000000000E+04   4.9341980846943543E+03   2.8470297539589621E+04   5.9686222799888574E+03  -2.6885925060494062E+00   4.9512877185633853E+06
   3.5600000000000000E+04   4.9210429051869105E+03   2.8472776310480440E+04   5.9492756410944703E+03  -2.6835966437732455E+00   4.9489318259230098E+06
   3.5700000000000000E+04   4.9142866110662044E+03   2.8474840011977420E+04   5.9393140153363665E+03  -2.6786019487202695E+00   4.9464962136411937E+06
   3.5800000000000000E+04   4.9027123534721704E+03   2.8476493900942602E+04   5.9223446247090214E+03  -2.6736083788450316E+00   4.9439819153085751E+06
   3.5900000000000000E+04   4.8886364315403998E+03   2.8477743187795662E+04   5.9017636519446514E+03  -2.6686158923716059E+00   4.9413899577890122E+06
   3.6000000000000000E+04   4.8752477095348286E+03   2.8478593037416664E+04   5.8822253179693498E+03  -2.6636244481401223E+00   4.9387212974341298E+06
   3.6100000000000000E+04   4.8560326111572567E+03   2.8479048568370126E+04   5.8542562403218772E+03  -2.6586340052987292E+00   4.9359769789518351E+06
   3.6200000000000000E+04   4.8439086585339437E+03   2.8479114853433788E+04   5.8366417406461369E+03  -2.6536445234961179E+00   4.9331578800906269E+06
   3.6300000000000000E+04   4.8312758136660395E+03   2.8478796919147488E+04   5.8183232882659886E+03  -2.6486559626890069E+00   4.9302650634700172E+06
   3.6400000000000000E+04   4.8106509865564822E+03   2.8478099746659060E+04   5.7884649938469147E+03  -2.6436682834501646E+00   4.9272993916529892E+06
   3.6500000000000000E+04   4.7982578162126028E+03   2.8477028270704850E+04   5.7705751126319137E+03  -2.6386814465448736E+00   4.9242619459937857E+06
   3.6600000000000000E+04   4.7876133210638618E+03   2.8475587380771842E+04   5.7552453040377031E+03  -2.6336954133544692E+00   4.9211535742104398E+06
   3.6700000000000000E+04   4.7751623925913937E+03   2.8473781920200589E+04   5.7373355625962686E+03  -2.6287101454913042E+00   4.9179752790083466E+06
   3.6800000000000000E+04   4.7612665266117556E+03   2.8471616687069916E+04   5.7173746728018459E+03  -2.6237256051067739E+00   4.9147279582565892E+06
   3.6900000000000000E+04   4.7487342809144211E+03   2.8469096433812963E+04   5.6994144233749039E+03  -2.6187417546988061E+00   4.9114125350720184E+06
   3.7000000000000000E+04   4.7421772073192606E+03   2.8466225867432880E+04   5.6900864359589305E+03  -2.6137585571503585E+00   4.9080298922489490E+06
   3.7100000000000000E+04   4.7347055500949682E+03   2.8463009649726548E+04   5.6794606641550645E+03  -2.6087759757679221E+00   4.9045810377362901E+06
   3.7200000000000000E+04   4.7204522099210471E+03   2.8459452397321609E+04   5.6591045916660460E+03  -2.6037939742430196E+00   4.9010668070264524E+06
   3.7300000000000000E+04   4.7074612878084145E+03   2.8455558681917017E+04   5.6405967473973715E+03  -2.5988125166907108E+00   4.8974880609103553E+06
   3.7400000000000000E+04   4.6943434872140760E+03   2.8451333030142905E+04   5.6219383214050267E+03  -2.5938315675340786E+00   4.8938457532155560E+06
   3.7500000000000000E+04   4.6861592835635438E+03   2.8446779924011928E+04   5.6103813046645200E+03  -2.5888510916197416E+00   4.8901407304677963E+06
   3.7600000000000000E+04   4.6726475351140407E+03   2.8441903800988825E+04   5.5912137175466642E+03  -2.5838710541793488E+00   4.8863738991725594E+06
   3.7700000000000000E+04   4.6560958113369788E+03   2.8436709054164468E+04   5.5677303424981319E+03  -2.5788914208295841E+00   4.8825460912970118E+06
   3.7800000000000000E+04   4.6438738799750163E+03   2.8431200032437020E+04   5.5504728173626117E+03  -2.5739121575721540E+00   4.8786581652536429E+06
   3.7900000000000000E+04   4.6290039998469547E+03   2.8425381040411237E+04   5.5294636788171028E+03  -2.5689332306783008E+00   4.8747109723192193E+06
   3.8000000000000000E+04   4.6160432681776147E+03   2.8419256339267275E+04   5.5112104622051911E+03  -2.5639546069583017E+00   4.8707053566919919E+06
   3.8100000000000000E+04   4.6070538964066209E+03   2.8412830145999258E+04   5.4986419455364467E+03  -2.5589762533764464E+00   4.8666421554777892E+06
   3.8200000000000000E+04   4.5942023749088048E+03   2.8406106634679367E+04   5.4805949637315634E+03  -2.5539981374745744E+00   4.8625221987426886E+06
   3.8300000000000000E+04   4.5752702003885943E+03   2.8399089935710323E+04   5.4539327171103778E+03  -2.5490202269870426E+00   4.8583462748622186E+06
   3.8400000000000000E+04   4.5674309673485523E+03   2.8391784136523980E+04   5.4430654701347848E+03  -2.5440424900332372E+00   4.8541153037725771E+06
   3.8500000000000000E+04   4.5542643844278255E+03   2.8384193281899275E+04   5.4246540600541166E+03  -2.5390648951560775E+00   4.8498299557096111E+06
   3.8600000000000000E+04   4.5364877925344590E+03   2.8376321373809009E+04   5.3997371697439921E+03  -2.5340874111680090E+00   4.8454911020259019E+06
   3.8700000000000000E+04   4.5231370811489433E+03   2.8368172372034380E+04   5.3811257066757325E+03  -2.5291100073050075E+00   4.8410995027502319E+06
   3.8800000000000000E+04   4.5088145242412329E+03   2.8359750193927579E+04   5.3611671822481312E+03  -2.5241326530340729E+00   4.8366559809910292E+06
   3.8900000000000000E+04   4.4961957913618771E+03   2.8351058715129449E+04   5.3436446599159881E+03  -2.5191553182457334E+00   4.8321612827670705E+06
   3.9000000000000000E+04   4.4841682235181415E+03   2.8342101769531033E+04   5.3269807251972834E+03  -2.5141779731385507E+00   4.8276161822362700E+06
   3.9100000000000000E+04   4.4709533981299373E+03   2.8332883149619018E+04   5.3086653726613431E+03  -2.5092005882576092E+00   4.8230214111651564E+06
   3.9200000000000000E+04   4.4575408161237438E+03   2.8323406606541605E+04   5.2900968315600994E+03  -2.5042231344175110E+00   4.8183778011643644E+06
   3.9300000000000000E+04   4.4459398018865741E+03   2.8313675850743799E+04   5.2741030043594637E+03  -2.4992455828564020E+00   4.8136860347635178E+06
   3.9400000000000000E+04   4.4327011662264595E+03   2.8303694551757715E+04   5.2558273475178930E+03  -2.4942679050434435E+00   4.8089468946333928E+06
   3.9500000000000000E+04   4.4121390489955229E+03   2.8293466338843999E+04   5.2272935314662764E+03  -2.4892900728328300E+00   4.8041610851234579E+06
   3.9600000000000000E+04   4.4049486701359629E+03   2.8282994800977809E+04   5.2175600823180575E+03  -2.4843120583482716E+00   4.7993293396417778E+06
   3.9700000000000000E+04   4.3877914624411142E+03   2.8272283487307304E+04   5.1938673839146413E+03  -2.4793338340600157E+00   4.7944523849626463E+06
   3.9800000000000000E+04   4.3760282430499183E+03   2.8261335907333316E+04   5.1777605654099816E+03  -2.4743553727463294E+00   4.7895309412892442E+06
   3.9900000000000000E+04   4.3470782006107784E+03   2.8250155531092532E+04   5.1376495827368535E+03  -2.4693766474550007E+00   4.7845656857574275E+06
   4.0000000000000000E+04   4.3436978668704824E+03   2.8238745789622601E+04   5.1333054550055094E+03  -2.4643976315803542E+00   4.7795573617904317E+06
   4.0100000000000000E+04   4.3750331773989083E+03   2.8227110075149409E+04   5.1775173965046406E+03  -2.4594182988247293E+00   4.7745065965588484E+06
   4.0200000000000000E+04   4.3569607660346974E+03   2.8215251741277385E+04   5.1526215757911068E+03  -2.4544386231599931E+00   4.7694141573307635E+06
   4.0300000000000000E+04   4.3275555501607341E+03   2.8203174103275087E+04   5.1119430623864273E+03  -2.4494585788275360E+00   4.7642806949509596E+06
   4.0400000000000000E+04   4.3098456399441166E+03   2.8190880438731467E+04   5.0876498513884426E+03  -2.4444781404922797E+00   4.7591068163511790E+06
   4.0500000000000000E+04   4.2993720537248009E+03   2.8178373987105122E+04   5.0734663859720085E+03  -2.4394972829346555E+00   4.7538932328551980E+06
   4.0600000000000000E+04   4.2865352967504441E+03   2.8165657950753277E+04   5.0560101688604263E+03  -2.4345159813586350E+00   4.7486406499675922E+06
   4.0700000000000000E+04   4.2734765134193249E+03   2.8152735494669982E+04   5.0382658029481954E+03  -2.4295342111606932E+00   4.7433496550763641E+06
   4.0800000000000000E+04   4.2588307087918056E+03   2.8139609747147224E+04   5.0183385530299220E+03  -2.4245519480838520E+00   4.7380209411281040E+06
   4.0900000000000000E+04   4.2455272022824756E+03   2.8126283799884728E+04   5.0002981473173668E+03  -2.4195691681406366E+00   4.7326550823329659E+06
   4.1000000000000000E+04   4.2315867979405339E+03   2.8112760708285274E+04   4.9813961203686931E+03  -2.4145858476131079E+00   4.7272527970442185E+06
   4.1100000000000000E+04   4.2236097468518992E+03   2.8099043491750854E+04   4.9707743631811700E+03  -2.4096019630528405E+00   4.7218146088945009E+06
   4.1200000000000000E+04   4.2099450857101092E+03   2.8085135133888671E+04   4.9522904906651938E+03  -2.4046174912424330E+00   4.7163412242328515E+06
   4.1300000000000000E+04   4.1944804487874962E+03   2.8071038583082041E+04   4.9313398460383205E+03  -2.3996324093110100E+00   4.7108332299063075E+06
   4.1400000000000000E+04   4.1823501789494239E+03   2.8056756752605696E+04   4.9150198252249274E+03  -2.3946466946572174E+00   4.7052912063541263E+06
   4.1500000000000000E+04   4.1651312019852039E+03   2.8042292520653013E+04   4.8916965460902975E+03  -2.3896603248337165E+00   4.6997158427522583E+06
   4.1600000000000000E+04   4.1536837272414050E+03   2.8027648731179423E+04   4.8763575061090605E+03  -2.3846732777781980E+00   4.6941075924013499E+06
   4.1700000000000000E+04   4.1358046692428552E+03   2.8012828193748494E+04   4.8521787283702752E+03  -2.3796855316208698E+00   4.6884671711629378E+06
   4.1800000000000000E+04   4.1308337147489365E+03   2.7997833684103141E+04   4.8457868802417424E+03  -2.3746970647999635E+00   4.6827950581834875E+06
   4.1900000000000000E+04   4.1161728994969635E+03   2.7982667944104825E+04   4.8260751833005143E+03  -2.3697078559077256E+00   4.6770919584801355E+06
   4.2000000000000000E+04   4.1083295225052416E+03   2.7967333682573932E+04   4.8157509786671208E+03  -2.3647178839214296E+00   4.6713583001312958E+06
   4.2100000000000000E+04   4.0958608933721680E+03   2.7951833575139044E+04   4.7990842195238374E+03  -2.3597271280108716E+00   4.6655946599643864E+06
   4.2200000000000000E+04   4.0823684608644089E+03   2.7936170264448538E+04   4.7810299315804250E+03  -2.3547355674998554E+00   4.6598017267275732E+06
   4.2300000000000000E+04   4.0692092478109134E+03   2.7920346361007410E+04   4.7634513639785446E+03  -2.3497431820972161E+00   4.6539799492354300E+06
   4.2400000000000000E+04   4.0549362822329254E+03   2.7904364443028342E+04   4.7443661562790376E+03  -2.3447499517043089E+00   4.6481298482123585E+06
   4.2500000000000000E+04   4.0402216279861505E+03   2.7888227056731637E+04   4.7246977722079000E+03  -2.3397558564149987E+00   4.6422520570092853E+06
   4.2600000000000000E+04   4.0259538244673008E+03   2.7871936716910983E+04   4.7056617765299097E+03  -2.3347608766311807E+00   4.6363470855474165E+06
   4.2700000000000000E+04   4.0109458390195628E+03   2.7855495907052864E+04   4.6856361341875127E+03  -2.3297649929857687E+00   4.6304153584171580E+06
   4.2800000000000000E+04   4.0002377914610411E+03   2.7838907079457113E+04   4.6714959978195166E+03  -2.3247681862656848E+00   4.6244574927887805E+06
   4.2900000000000000E+04   3.9921823520487305E+03   2.7822172655800368E+04   4.6609832927482421E+03  -2.3197704375273775E+00   4.6184740214931872E+06
   4.3000000000000000E+04   3.9747569005875425E+03   2.7805295027519485E+04   4.6377168528394595E+03  -2.3147717281353182E+00   4.6124654320208132E+06
   4.3100000000000000E+04   3.9622872507925131E+03   2.7788276555665409E+04   4.6212198162739378E+03  -2.3097720395694883E+00   4.6064321659853635E+06
   4.3200000000000000E+04   3.9499040958908945E+03   2.7771119571551364E+04   4.6048556613421570E+03  -2.3047713535793948E+00   4.6003748201749697E+06
   4.3300000000000000E+04   3.9400641666591428E+03   2.7753826376957964E+04   4.5919605575065170E+03  -2.2997696521455571E+00   4.5942938658874352E+06
   4.3400000000000000E+04   3.9271074274365469E+03   2.7736399244425822E+04   4.5748449941466461E+03  -2.2947669174795209E+00   4.5881896877946043E+06
   4.3500000000000000E+04   3.9445510901519910E+03   2.7718840417285071E+04   4.5990179004411029E+03  -2.2897631319083329E+00   4.5820629487465099E+06
   4.3600000000000000E+04   3.9078398101470129E+03   2.7701152110558756E+04   4.5496677233419987E+03  -2.2847582781440776E+00   4.5759139822839592E+06
   4.3700000000000000E+04   3.8895134255061012E+03   2.7683336510552588E+04   4.5253219138317863E+03  -2.2797523389758436E+00   4.5697432786996951E+06
   4.3800000000000000E+04   3.8769703566588569E+03   2.7665395775580957E+04   4.5088280303683332E+03  -2.2747452974622462E+00   4.5635513643678743E+06
   4.3900000000000000E+04   3.8629154014461565E+03   2.7647332035992855E+04   4.4903058322484685E+03  -2.2697371368159018E+00   4.5573386790519487E+06
   4.4000000000000000E+04   3.8435880062315759E+03   2.7629147394805736E+04   4.4646862331138827E+03  -2.2647278405574660E+00   4.5511056572427647E+06
   4.4100000000000000E+04   3.8355939501043931E+03   2.7610843927469668E+04   4.4543794923840105E+03  -2.2597173922845921E+00   4.5448527695310982E+06
   4.4200000000000000E+04   3.8237991906224847E+03   2.7592423682757872E+04   4.4389563805155358E+03  -2.2547057759414639E+00   4.5385804403389497E+06
   4.4300000000000000E+04   3.8094936906362368E+03   2.7573888682356879E+04   4.4201653355088820E+03  -2.2496929755107660E+00   4.5322891720515136E+06
   4.4400000000000000E+04   3.7936417591882982E+03   2.7555240921838922E+04   4.3993130230853312E+03  -2.2446789753217189E+00   4.5259793378716325E+06
   4.4500000000000000E+04   3.7818099785045288E+03   2.7536482370423393E+04   4.3838846557533661E+03  -2.2396637598190412E+00   4.5196513472823137E+06
   4.4600000000000000E+04   3.7775594077322712E+03   2.7517614971513922E+04   4.3786513066373918E+03  -2.2346473136784808E+00   4.5133056466388525E+06
   4.4700000000000000E+04   3.7653272644190843E+03   2.7498640642717561E+04   4.3627023204085972E+03  -2.2296296216912905E+00   4.5069427197833266E+06
   4.4800000000000000E+04   3.7522546152539471E+03   2.7479561276463286E+04   4.3456390603883083E+03  -2.2246106689182450E+00   4.5005629623118415E+06
   4.4900000000000000E+04   3.7409287572396574E+03   2.7460378740103584E+04   4.3309318128270752E+03  -2.2195904406126346E+00   4.4941667649535900E+06
   4.5000000000000000E+04   3.7285244386001668E+03   2.7441094876186591E+04   4.3147913102507837E+03  -2.2145689222202676E+00   4.4877544712669263E+06
   4.5100000000000000E+04   3.7166273254725675E+03   2.7421711502471640E+04   4.2993427705352915E+03  -2.2095460992639566E+00   4.4813265469013695E+06
   4.5200000000000000E+04   3.7029679114941960E+03   2.7402230412624438E+04   4.2815501080035492E+03  -2.2045219575360364E+00   4.4748834536496904E+06
   4.5300000000000000E+04   3.6915023925689416E+03   2.7382653376398048E+04   4.2667040754100890E+03  -2.1994964830598631E+00   4.4684254361779643E+06
   4.5400000000000000E+04   3.6782363133477529E+03   2.7362982139644122E+04   4.2494656808087630E+03  -2.1944696619742960E+00   4.4619529470307669E+06
   4.5500000000000000E+04   3.6620301039137348E+03   2.7343218424578103E+04   4.2283219766179600E+03  -2.1894414805337163E+00   4.4554664778812164E+06
   4.5600000000000000E+04   3.6495661686092189E+03   2.7323363930463878E+04   4.2121853711994463E+03  -2.1844119253005134E+00   4.4489662162300181E+06
   4.5700000000000000E+04   3.6526184062150628E+03   2.7303420333367470E+04   4.2167270255555413E+03  -2.1793809829140982E+00   4.4424526449768841E+06
   4.5800000000000000E+04   3.6588895968272723E+03   2.7283389286669455E+04   4.2255671247127439E+03  -2.1743486402063890E+00   4.4359261574347010E+06
   4.5900000000000000E+04   3.6462909357232243E+03   2.7263272421321813E+04   4.2092518541642530E+03  -2.1693148842018211E+00   4.4293870995842973E+06
   4.6000000000000000E+04   3.6300362396419223E+03   2.7243071346102832E+04   4.1880823799073969E+03  -2.1642797021173492E+00   4.4228357261293661E+06
   4.6100000000000000E+04   3.6199153888396386E+03   2.7222787647703299E+04   4.1750930502124884E+03  -2.1592430812854340E+00   4.4162725477748429E+06
   4.6200000000000000E+04   3.6128810126552667E+03   2.7202422891062579E+04   4.1662155911259460E+03  -2.1542050091925478E+00   4.4096978107562438E+06
   4.6300000000000000E+04   3.5963143615720173E+03   2.7181978619785263E+04   4.1446761480222467E+03  -2.1491654735561840E+00   4.4031118874217346E+06
   4.6400000000000000E+04   3.5830862745734489E+03   2.7161456356138904E+04   4.1275898686142564E+03  -2.1441244622093469E+00   4.3965151463070279E+06
   4.6500000000000000E+04   3.5644475543490721E+03   2.7140857601301235E+04   4.1033458150428187E+03  -2.1390819631005478E+00   4.3899079521830352E+06
   4.6600000000000000E+04   3.5550444708519872E+03   2.7120183836019249E+04   4.0913596181503149E+03  -2.1340379644863243E+00   4.3832905338413706E+06
   4.6700000000000000E+04   3.5465488397103636E+03   2.7099436520188243E+04   4.0805813899048940E+03  -2.1289924546232153E+00   4.3766633360355394E+06
   4.6800000000000000E+04   3.5282614240807352E+03   2.7078617093590285E+04   4.0568576309216091E+03  -2.1239454219987732E+00   4.3700265792384567E+06
   4.6900000000000000E+04   3.5176861569063617E+03   2.7057726975884772E+04   4.0433486225599650E+03  -2.1188968552160672E+00   4.3633807010552352E+06
   4.7000000000000000E+04   3.5125990900166389E+03   2.7036767567092720E+04   4.0370959443564320E+03  -2.1138467431091787E+00   4.3567259137955559E+06
   4.7100000000000000E+04   3.4955176775375126E+03   2.7015740247420315E+04   4.0150129245605140E+03  -2.1087950745506987E+00   4.3500626034418456E+06
   4.7200000000000000E+04   3.4857921174894027E+03   2.6994646377903693E+04   4.0026504276288069E+03  -2.1037418386442321E+00   4.3433910634448584E+06
   4.7300000000000000E+04   3.4801427910462139E+03   2.6973487300475346E+04   3.9956672554837905E+03  -2.0986870246473983E+00   4.3367115833637975E+06
   4.7400000000000000E+04   3.4656416963666547E+03   2.6952264338030283E+04   3.9770252422617996E+03  -2.0936306218948242E+00   4.3300244938593926E+06
   4.7500000000000000E+04   3.4538527397865300E+03   2.6930978794899238E+04   3.9619685423820979E+03  -2.0885726199136494E+00   4.3233300771524888E+06
   4.7600000000000000E+04   3.4414242419284783E+03   2.6909631956992216E+04   3.9460814768024898E+03  -2.0835130083850322E+00   4.3166286116829310E+06
   4.7700000000000000E+04   3.4325159588924789E+03   2.6888225091940803E+04   3.9348314395807542E+03  -2.0784517771056303E+00   4.3099203721640445E+06
   4.7800000000000000E+04   3.4190545735825140E+03   2.6866759449401703E+04   3.9176080242953353E+03  -2.0733889160261221E+00   4.3032057203625543E+06
   4.7900000000000000E+04   3.4068526922780902E+03   2.6845236261114511E+04   3.9020508885527947E+03  -2.0683244151741920E+00   4.2964849242621604E+06
   4.8000000000000000E+04   3.3952519162094563E+03   2.6823656741605479E+04   3.8872929092022055E+03  -2.0632582648855440E+00   4.2897581570461718E+06
   4.8100000000000000E+04   3.3833918942318596E+03   2.6802022087594447E+04   3.8722053139509303E+03  -2.0581904554188850E+00   4.2830258616398489E+06
   4.8200000000000000E+04   3.3661865900877779E+03   2.6780333478937147E+04   3.8501338469781449E+03  -2.0531209773024353E+00   4.2762881584850121E+06
   4.8300000000000000E+04   3.3533353080588422E+03   2.6758592078433496E+04   3.8337768515375424E+03  -2.0480498211414258E+00   4.2695454387079766E+06
   4.8400000000000000E+04   3.3451058379727128E+03   2.6736799032279530E+04   3.8234693738779524E+03  -2.0429769777335989E+00   4.2627979071500236E+06
   4.8500000000000000E+04   3.3307195838415028E+03   2.6714955470034718E+04   3.8051286259062626E+03  -2.0379024379537083E+00   4.2560458109131074E+06
   4.8600000000000000E+04   3.3196083679897424E+03   2.6693062504909456E+04   3.7910748295693811E+03  -2.0328261927920184E+00   4.2492894399139108E+06
   4.8700000000000000E+04   3.3106801817239548E+03   2.6671121234129583E+04   3.7798752299283656E+03  -2.0277482334313017E+00   4.2425290811251113E+06
   4.8800000000000000E+04   3.2995073119222570E+03   2.6649132738899090E+04   3.7657566971843648E+03  -2.0226685511313462E+00   4.2357649257129161E+06
   4.8900000000000000E+04   3.2873566106461203E+03   2.6627098084681507E+04   3.7503743136305698E+03  -2.0175871372674403E+00   4.2289972542212643E+06
   4.9000000000000000E+04   3.2820447132720592E+03   2.6605018321557767E+04   3.7438990925991570E+03  -2.0125039834073974E+00   4.2222262976802001E+06
   4.9100000000000000E+04   3.2817533936887003E+03   2.6582894484184548E+04   3.7439584545979342E+03  -2.0074190811960300E+00   4.2154522838933505E+06
   4.9200000000000000E+04   3.2704931762448946E+03   2.6560727591990297E+04   3.7297468456125712E+03  -2.0023324223551584E+00   4.2086754843249172E+06
   4.9300000000000000E+04   3.2583350513370256E+03   2.6538518649606376E+04   3.7143773012598608E+03  -1.9972439987991222E+00   4.2018961207178328E+06
   4.9400000000000000E+04   3.2468633080631894E+03   2.6516268646820761E+04   3.6999097519999432E+03  -1.9921538025192631E+00   4.1951144587630089E+06
   4.9500000000000000E+04   3.2351703554132523E+03   2.6493978559004609E+04   3.6851644882565947E+03  -1.9870618256994421E+00   4.1883306671017003E+06
   4.9600000000000000E+04   3.2247285251835342E+03   2.6471649346827468E+04   3.6720511680795580E+03  -1.9819680604850132E+00   4.1815450527431723E+06
   4.9700000000000000E+04   3.2086668248346773E+03   2.6449281957151623E+04   3.6516646858714230E+03  -1.9768724993293598E+00   4.1747577309429082E+06
   4.9800000000000000E+04   3.1993032513253543E+03   2.6426877322430264E+04   3.6399666310914740E+03  -1.9717751346088555E+00   4.1679690505806711E+06
   4.9900000000000000E+04   3.1914920432666149E+03   2.6404436361674274E+04   3.6302826302132689E+03  -1.9666759590079006E+00   4.1611791208300116E+06
   5.0000000000000000E+04   3.1815852108415593E+03   2.6381959979849573E+04   3.6178921478901693E+03  -1.9615749651338914E+00   4.1543881901940019E+06


