#Te   kappa_tot   kappa_e_ph  kappa_e_e mu Ce
#[K]  [W/(K*m)]   [W/(K*m)]   [W/(K*m)]   [eV]  [J/(m^3*K)]
   3.0000000000000000E+02   2.3280683640608462E-70   3.2620196866473808E-25   2.3280683640608462E-70  -3.8966626807457958E+00   5.2402049325787323E-18
   4.0000000000000000E+02   7.4554064274178959E-52   5.3562549225794616E-19   7.4554064274178959E-52  -3.8966626807457958E+00   2.6554722871244252E-12
   5.0000000000000000E+02   9.6451476028934066E-41   3.4089353362101006E-15   9.6451476028934066E-41  -3.8966626807457958E+00   8.1337886051745101E-09
   6.0000000000000000E+02   2.8601721361617505E-33   1.3580443234017619E-12   2.8601721361617505E-33  -3.8966626807457958E+00   1.8763685511089758E-06
   7.0000000000000000E+02   9.1558209117217873E-28   1.1118835117849441E-10   9.1558209117217873E-28  -3.8966626807457958E+00   9.6693614955869759E-05
   8.0000000000000000E+02   1.0240126190735495E-21   2.2480765735768631E-08   1.0240126190735962E-21  -4.2363679362884739E+00   8.3756452709212324E-05
   9.0000000000000000E+02   1.7554612672200502E-18   4.0464317189035865E-07   1.7554612672276661E-18  -4.2363679362884739E+00   1.3628198588090477E-03
   1.0000000000000000E+03   5.8338095241932689E-16   4.4371592067292540E-06   5.8338095249602764E-16  -4.2045205685813469E+00   1.1814940824797948E-02
   1.1000000000000000E+03   7.5740305143170545E-14   2.9214376929751329E-05   7.5740305339532565E-14  -4.2058475422358104E+00   7.5888470953094381E-02
   1.2000000000000000E+03   4.2727154263459268E-12   1.4108079264564454E-04   4.2727155557476498E-12  -4.2058475422358104E+00   3.5950507830140555E-01
   1.3000000000000000E+03   1.2911197559271504E-10   5.3626971846800267E-04   1.2911200667764429E-10  -4.2066769007698506E+00   1.3433468311131289E+00
   1.4000000000000000E+03   2.3700061417929218E-09   1.6884166971062578E-03   2.3700094685409966E-09  -4.2074647913771885E+00   4.1744831734717716E+00
   1.5000000000000000E+03   2.9272362339866056E-08   4.5707303772354168E-03   2.9272549810273178E-08  -4.2084392876546843E+00   1.1177975535381918E+01
   1.6000000000000000E+03   2.6208383259423597E-07   1.0941543084776692E-02   2.6209011046382922E-07  -4.2094915362947480E+00   2.6512277003184199E+01
   1.7000000000000000E+03   1.8010744286928926E-06   2.3663503557260077E-02   1.8012115223403191E-06  -4.2105800693706765E+00   5.6884891943814409E+01
   1.8000000000000000E+03   9.8804659336448755E-06   4.7015595716313814E-02   9.8825427791209191E-06  -4.2116660107011823E+00   1.1224207070250526E+02
   1.9000000000000000E+03   4.5491257570469207E-05   8.6956159520167844E-02   4.5515068853441856E-05  -4.2127156675958277E+00   2.0633523878935694E+02
   2.0000000000000000E+03   1.7802963918488814E-04   1.5130291174855490E-01   1.7823936343403836E-04  -4.2137096019639646E+00   3.5708952401184177E+02
   2.1000000000000000E+03   6.0866971829684306E-04   2.4980787202663091E-01   6.1015639571209888E-04  -4.2146293476194900E+00   5.8673936985295472E+02
   2.2000000000000000E+03   1.8448952377256083E-03   3.9412056280927199E-01   1.8535718871320155E-03  -4.2154648615488979E+00   9.2170228765619538E+02
   2.3000000000000000E+03   5.0771064908377407E-03   5.9764401862026584E-01   5.1206070808836402E-03  -4.2162079635557168E+00   1.3922328258119273E+03
   2.4000000000000000E+03   1.2766072580209053E-02   8.7529975258219195E-01   1.2955018951697749E-02  -4.2168549280059011E+00   2.0318635727402566E+03
   2.5000000000000000E+03   2.9552579158770735E-02   1.2432220760029404E+00   3.0272177811621732E-02  -4.2174040135705040E+00   2.8767152145946425E+03
   2.6000000000000000E+03   6.3513892857984672E-02   1.7184062113292271E+00   6.5951522509744800E-02  -4.2178555037216796E+00   3.9647016787673319E+03
   2.7000000000000000E+03   1.2792736727251391E-01   2.3183334232324477E+00   1.3539877251847166E-01  -4.2182110183003081E+00   5.3347027996289153E+03
   2.8000000000000000E+03   2.4302151567364802E-01   3.0605945797002758E+00   2.6398262501784175E-01  -4.2184731490518148E+00   7.0257409191479210E+03
   2.9000000000000000E+03   4.3577918681766664E-01   3.9625299562342908E+00   4.8962577595299123E-01  -4.2186452571460356E+00   9.0762025581526777E+03
   3.0000000000000000E+03   7.4165468849380134E-01   5.0408988291125114E+00   8.6959617285102098E-01  -4.2187311795810727E+00   1.1523130510510373E+04
   3.1000000000000000E+03   1.2022866434750712E+00   6.3115885470230877E+00   1.4852006697679332E+00  -4.2187350570751958E+00   1.4401614334358497E+04
   3.2000000000000000E+03   1.8579927469701927E+00   7.7893688881803875E+00   2.4400055827114606E+00  -4.2186612125787715E+00   1.7744277147237721E+04
   3.3000000000000000E+03   2.7623099547650605E+00   9.4876942378855968E+00   3.8968705932322067E+00  -4.2185140500342042E+00   2.1580875407907068E+04
   3.4000000000000000E+03   3.9593259603547204E+00   1.1418553510516142E+01   6.0609191822962591E+00  -4.2182979784459151E+00   2.5938000010929871E+04
   3.5000000000000000E+03   5.4689482665247819E+00   1.3592365707951915E+01   9.1508217338902451E+00  -4.2180173511362824E+00   3.0838880836944081E+04
   3.6000000000000000E+03   7.3093373475019670E+00   1.6017917624167531E+01   1.3444253804865506E+01  -4.2176764303116414E+00   3.6303280387946623E+04
   3.7000000000000000E+03   9.5189585417550528E+00   1.8702339193923127E+01   1.9385757616261404E+01  -4.2172793490972547E+00   4.2347467337956674E+04
   3.8000000000000000E+03   1.2093467373287893E+01   2.1651111662521529E+01   2.7395559466579822E+01  -4.2168301064753138E+00   4.8984259991273873E+04
   3.9000000000000000E+03   1.5022672681294473E+01   2.4868103312257677E+01   3.7945051899483360E+01  -4.2163325394439166E+00   5.6223131338082741E+04
   4.0000000000000000E+03   1.8290551808085475E+01   2.8355627922889926E+01   5.1528679530953504E+01  -4.2157903255480766E+00   6.4070352957100600E+04
   4.1000000000000000E+03   2.1900950289416297E+01   3.2114521085917829E+01   6.8863137475094746E+01  -4.2152069727557153E+00   7.2529183753361140E+04
   4.2000000000000000E+03   2.5882878056781632E+01   3.6144230132397105E+01   9.1168950648930362E+01  -4.2145858219886625E+00   8.1600077878043754E+04
   4.3000000000000000E+03   3.0146800351358152E+01   4.0442913710584079E+01   1.1841598890009170E+02  -4.2139300445916490E+00   9.1280916871338617E+04
   4.4000000000000000E+03   3.4740776674334398E+01   4.5007547682842763E+01   1.5229687712069349E+02  -4.2132426473943267E+00   1.0156725109758161E+05
   4.5000000000000000E+03   3.9618093756959432E+01   4.9834034418418831E+01   1.9325968242208026E+02  -4.2125264803042546E+00   1.1245254072548104E+05
   4.6000000000000000E+03   4.4761893352083220E+01   5.4917312946474226E+01   2.4205823131628770E+02  -4.2117842337759042E+00   1.2392840717023429E+05
   4.7000000000000000E+03   5.0188053529131075E+01   6.0251468128347234E+01   3.0048487795283307E+02  -4.2110184489346683E+00   1.3598486554401612E+05
   4.8000000000000000E+03   5.5857957539402044E+01   6.5829837105130764E+01   3.6874896268118277E+02  -4.2102315201078602E+00   1.4861056491278674E+05
   4.9000000000000000E+03   6.1815544092364355E+01   7.1645111867998935E+01   4.5055710207896163E+02  -4.2094257024177049E+00   1.6179300223801562E+05
   5.0000000000000000E+03   6.7981021360360202E+01   7.7689436985857071E+01   5.4400300511852095E+02  -4.2086031200071270E+00   1.7551873092789779E+05
   5.1000000000000000E+03   7.4373344373620654E+01   8.3954501724925507E+01   6.5169340608452171E+02  -4.2077657660397110E+00   1.8977355788421267E+05
   5.2000000000000000E+03   8.0982246231537019E+01   9.0431626284295163E+01   7.7500917372198739E+02  -4.2069155121909816E+00   2.0454272034106861E+05
   5.3000000000000000E+03   8.7774037834379612E+01   9.7111841779666292E+01   9.1283759270156986E+02  -4.2060541156086515E+00   2.1981104776059670E+05
   5.4000000000000000E+03   9.4792585161087374E+01   1.0398596382190689E+02   1.0721954022360674E+03  -4.2051832201781210E+00   2.3556310854340871E+05
   5.5000000000000000E+03   1.0199783889395509E+02   1.1104465985675068E+02   1.2519663396326234E+03  -4.2043043653809855E+00   2.5178334491136600E+05
   5.6000000000000000E+03   1.0934383112884427E+02   1.1827851025572087E+02   1.4475086645997978E+03  -4.2034189913570286E+00   2.6845618513361557E+05
   5.7000000000000000E+03   1.1685573700853574E+02   1.2567806335301695E+02   1.6646632810300855E+03  -4.2025284414352413E+00   2.8556614665924362E+05
   5.8000000000000000E+03   1.2454901165151270E+02   1.3323388475768903E+02   1.9106955809475951E+03  -4.2016339687776778E+00   3.0309792862804775E+05
   5.9000000000000000E+03   1.3235284214468084E+02   1.4093660116169974E+02   2.1730991852146076E+03  -4.2007367417578578E+00   3.2103647856206144E+05
   6.0000000000000000E+03   1.4031478190791611E+02   1.4877693892541359E+02   2.4669364672720726E+03  -4.1998378461753720E+00   3.3936706221411814E+05
   6.1000000000000000E+03   1.4835931788879668E+02   1.5674575786736904E+02   2.7728921662328598E+03  -4.1989382915834028E+00   3.5807531155561894E+05
   6.2000000000000000E+03   1.5656983924899907E+02   1.6483408049051067E+02   3.1228572268100129E+03  -4.1980390141360866E+00   3.7714726865384966E+05
   6.3000000000000000E+03   1.6485321927635869E+02   1.7303311705485734E+02   3.4872155081076939E+03  -4.1971408813341471E+00   3.9656941181172902E+05
   6.4000000000000000E+03   1.7326665997957235E+02   1.8133428677413377E+02   3.8944769024656189E+03  -4.1962446948722709E+00   4.1632868769251491E+05
   6.5000000000000000E+03   1.8176752784823117E+02   1.8972923549989500E+02   4.3315599625344157E+03  -4.1953511944356165E+00   4.3641251925317949E+05
   6.6000000000000000E+03   1.9033215238681029E+02   1.9820985020058760E+02   4.7889254328804800E+03  -4.1944610621290579E+00   4.5680882065690658E+05
   6.7000000000000000E+03   1.9896601459362483E+02   2.0676827048185726E+02   5.2728158767825144E+03  -4.1935749242172440E+00   4.7750599534468394E+05
   6.8000000000000000E+03   2.0767691066017613E+02   2.1539689750850309E+02   5.7944350319776722E+03  -4.1926933553956838E+00   4.9849293611226935E+05
   6.9000000000000000E+03   2.1644921470335834E+02   2.2408840052892558E+02   6.3493360976090862E+03  -4.1918168813217251E+00   5.1975902004227112E+05
   7.0000000000000000E+03   2.2527249732904767E+02   2.3283572127440669E+02   6.9350695917289841E+03  -4.1909459809873804E+00   5.4129409561186424E+05
   7.1000000000000000E+03   2.3412849594566600E+02   2.4163207648480852E+02   7.5394612404708305E+03  -4.1900810901994490E+00   5.6308847127899993E+05
   7.2000000000000000E+03   2.4304460952685019E+02   2.5047095873680581E+02   8.1972466743678378E+03  -4.1892226036359643E+00   5.8513289801005705E+05
   7.3000000000000000E+03   2.5199067754214417E+02   2.5934613580289380E+02   8.8849404295644763E+03  -4.1883708773771806E+00   6.0741855183393601E+05
   7.4000000000000000E+03   2.6095993331346875E+02   2.6825164871708876E+02   9.6003379843494477E+03  -4.1875262314365829E+00   6.2993701236879011E+05
   7.5000000000000000E+03   2.6995157255062963E+02   2.7718180870823102E+02   1.0348993243401623E+04  -4.1866889518173327E+00   6.5268024331286724E+05
   7.6000000000000000E+03   2.7897985354662558E+02   2.8613119316215324E+02   1.1162221717197624E+04  -4.1858592925686882E+00   6.7564057153053349E+05
   7.7000000000000000E+03   2.8800743739460711E+02   2.9509464075066791E+02   1.1991958887252940E+04  -4.1850374776842800E+00   6.9881065914810984E+05
   7.8000000000000000E+03   2.9701473760599339E+02   3.0406724586197259E+02   1.2805721023821890E+04  -4.1842237033167100E+00   7.2218348999889323E+05
   7.9000000000000000E+03   3.0605008141767166E+02   3.1304435243164676E+02   1.3697960710647019E+04  -4.1834181392012582E+00   7.4575233769587020E+05
   8.0000000000000000E+03   3.1506357793316459E+02   3.2202154730424786E+02   1.4581446892666403E+04  -4.1826209310286950E+00   7.6951074565736263E+05
   8.1000000000000000E+03   3.2407604565200569E+02   3.3099465317848660E+02   1.5504194727548167E+04  -4.1818322009198354E+00   7.9345251231964142E+05
   8.2000000000000000E+03   3.3311388909737980E+02   3.3995972128371488E+02   1.6542226249619136E+04  -4.1810520504311084E+00   8.1757165518827410E+05
   8.3000000000000000E+03   3.4210871385830660E+02   3.4891302378699942E+02   1.7542732042941287E+04  -4.1802805607127480E+00   8.4186240568910015E+05
   8.4000000000000000E+03   3.5108751216761385E+02   3.5785104606709262E+02   1.8575649262282252E+04  -4.1795177947234166E+00   8.6631917636808835E+05
   8.5000000000000000E+03   3.6005080217314656E+02   3.6677047886671954E+02   1.9652136724925422E+04  -4.1787637980211363E+00   8.9093655047717073E+05
   8.6000000000000000E+03   3.6898148185844889E+02   3.7566821041002231E+02   2.0729810085020479E+04  -4.1780186006615461E+00   9.1570925701942132E+05
   8.7000000000000000E+03   3.7788815406444030E+02   3.8454131849681909E+02   2.1841277257642083E+04  -4.1772822175142812E+00   9.4063215931984340E+05
   8.8000000000000000E+03   3.8676778160341405E+02   3.9338706265639854E+02   2.2985795635085880E+04  -4.1765546503194040E+00   9.6570023479399248E+05
   8.9000000000000000E+03   3.9562601544753466E+02   4.0220287635104165E+02   2.4194205063307574E+04  -4.1758358878455999E+00   9.9090856160205754E+05
   9.0000000000000000E+03   4.0441913521840667E+02   4.1098635930036460E+02   2.5309133043205362E+04  -4.1751259074720393E+00   1.0162523033577815E+06
   9.1000000000000000E+03   4.1321768263968499E+02   4.1973526992737220E+02   2.6611386684331956E+04  -4.1744246761375194E+00   1.0417266987205080E+06
   9.2000000000000000E+03   4.2195841111039306E+02   4.2844751795314056E+02   2.7860079715246786E+04  -4.1737321509732057E+00   1.0673270449188009E+06
   9.3000000000000000E+03   4.3065829202738729E+02   4.3712115716255357E+02   2.9127925001612515E+04  -4.1730482799353732E+00   1.0930486934558034E+06
   9.4000000000000000E+03   4.3930558020594816E+02   4.4575437836559075E+02   3.0365717916668465E+04  -4.1723730034664070E+00   1.1188870308224980E+06
   9.5000000000000000E+03   4.4790570583204584E+02   4.5434550253771391E+02   3.1600988712369039E+04  -4.1717062541783889E+00   1.1448374804328745E+06
   9.6000000000000000E+03   4.5646941849639325E+02   4.6289297418587768E+02   3.2894007146009855E+04  -4.1710479583559064E+00   1.1708954850608073E+06
   9.7000000000000000E+03   4.6502186529634901E+02   4.7139535491905343E+02   3.4393897254590149E+04  -4.1703980362724140E+00   1.1970565045488840E+06
   9.8000000000000000E+03   4.7348192455697568E+02   4.7985131724256479E+02   3.5670736034732858E+04  -4.1697564027438974E+00   1.2233160111464600E+06
   9.9000000000000000E+03   4.8193068107032525E+02   4.8825963857900229E+02   3.7179472264890406E+04  -4.1691229679198045E+00   1.2496694790707347E+06
   1.0000000000000000E+04   4.9029444046417825E+02   4.9661919551299553E+02   3.8497875207570360E+04  -4.1684976376785210E+00   1.2761123842659292E+06
   1.0100000000000000E+04   4.9863829946514568E+02   5.0492895826563762E+02   4.0023934707855347E+04  -4.1678803143392171E+00   1.3026401975981898E+06
   1.0200000000000000E+04   5.0689046476579409E+02   5.1318798539314264E+02   4.1306747817302843E+04  -4.1672708969782120E+00   1.3292483823909818E+06
   1.0300000000000000E+04   5.1511992208936988E+02   5.2139541871109850E+02   4.2798392486463512E+04  -4.1666692817453539E+00   1.3559323958018445E+06
   1.0400000000000000E+04   5.2329634537840570E+02   5.2955047844307933E+02   4.4308591965833359E+04  -4.1660753625758646E+00   1.3826876791908529E+06
   1.0500000000000000E+04   5.3141046071703852E+02   5.3765245858619198E+02   4.5772867391524036E+04  -4.1654890315858077E+00   1.4095096621351137E+06
   1.0600000000000000E+04   5.3945601216733053E+02   5.4570072249026077E+02   4.7140943353364724E+04  -4.1649101790720957E+00   1.4363937632823717E+06
   1.0700000000000000E+04   5.4747508020164355E+02   5.5369469864979465E+02   4.8738367486293952E+04  -4.1643386942243268E+00   1.4633353827968813E+06
   1.0800000000000000E+04   5.5542427100574946E+02   5.6163387669859469E+02   5.0235892900072147E+04  -4.1637744652829669E+00   1.4903299104683104E+06
   1.0900000000000000E+04   5.6331273853174389E+02   5.6951780360430405E+02   5.1702380207039445E+04  -4.1632173799348289E+00   1.5173727205537965E+06
   1.1000000000000000E+04   5.7114873050741039E+02   5.7734608005572136E+02   5.3208307538039007E+04  -4.1626673254712614E+00   1.5444591733701259E+06
   1.1100000000000000E+04   5.7892711220632975E+02   5.8511835703755889E+02   5.4712887306608762E+04  -4.1621241890254135E+00   1.5715846214933267E+06
   1.1200000000000000E+04   5.8665437899614847E+02   5.9283433258591162E+02   5.6276936740573314E+04  -4.1615878578886401E+00   1.5987444028538733E+06
   1.1300000000000000E+04   5.9430822558347984E+02   6.0049374871768464E+02   5.7695746427801321E+04  -4.1610582198268409E+00   1.6259338491501408E+06
   1.1400000000000000E+04   6.0189790603848826E+02   6.0809638852804767E+02   5.9048637072235586E+04  -4.1605351630013923E+00   1.6531482852897255E+06
   1.1500000000000000E+04   6.0946298357438661E+02   6.1564207344885961E+02   6.0722705531138417E+04  -4.1600185763646182E+00   1.6803830323991580E+06
   1.1600000000000000E+04   6.1696449032027033E+02   6.2313066066181784E+02   6.2348178717629198E+04  -4.1595083497388492E+00   1.7076334075243729E+06
   1.1700000000000000E+04   6.2439759082325088E+02   6.3056204065938709E+02   6.3869676859775762E+04  -4.1590043740537572E+00   1.7348947295662842E+06
   1.1800000000000000E+04   6.3177263372576419E+02   6.3793613494795613E+02   6.5389877862565358E+04  -4.1585065413463065E+00   1.7621623192433845E+06
   1.1900000000000000E+04   6.3908953428738175E+02   6.4525289388522378E+02   6.6907400891402329E+04  -4.1580147450771614E+00   1.7894315035334711E+06
   1.2000000000000000E+04   6.4633603308027068E+02   6.5251229464834330E+02   6.8284382617351177E+04  -4.1575288799724861E+00   1.8166976184582342E+06
   1.2100000000000000E+04   6.5354871532462494E+02   6.5971433932313414E+02   6.9928925125845766E+04  -4.1570488423403091E+00   1.8439560082830461E+06
   1.2200000000000000E+04   6.6068325144019593E+02   6.6685905311094018E+02   7.1340148364669702E+04  -4.1565745301496415E+00   1.8712020346957101E+06
   1.2300000000000000E+04   6.6776831484501611E+02   6.7394648264744171E+02   7.2843619889462367E+04  -4.1561058429909137E+00   1.8984310733464321E+06
   1.2400000000000000E+04   6.7479914268762491E+02   6.8097669442556685E+02   7.4385858521635062E+04  -4.1556426822737107E+00   1.9256385212848419E+06
   1.2500000000000000E+04   6.8176811709981530E+02   6.8794977331956704E+02   7.5873229591237599E+04  -4.1551849512267802E+00   1.9528197961657152E+06
   1.2600000000000000E+04   6.8866843851065732E+02   6.9486582120470894E+02   7.7215202560070029E+04  -4.1547325548189233E+00   1.9799703437474058E+06
   1.2700000000000000E+04   6.9556290020991150E+02   7.0172495566238501E+02   7.9209583405205485E+04  -4.1542854001940324E+00   2.0070856351448169E+06
   1.2800000000000000E+04   7.0236501561781563E+02   7.0852730877785120E+02   8.0756429688023811E+04  -4.1538433961569581E+00   2.0341611742862167E+06
   1.2900000000000000E+04   7.0910445903755624E+02   7.1527302600975975E+02   8.2223844607401086E+04  -4.1534064536480937E+00   2.0611924997534724E+06
   1.3000000000000000E+04   7.1578689252039294E+02   7.2196226513972306E+02   8.3682582110715477E+04  -4.1529744856642656E+00   2.0881751836601722E+06
   1.3100000000000000E+04   7.2241077295528987E+02   7.2859519529432896E+02   8.5108194322619340E+04  -4.1525474071005499E+00   2.1151048385306112E+06
   1.3200000000000000E+04   7.2897994189293502E+02   7.3517199603013910E+02   8.6550541560567435E+04  -4.1521251349875596E+00   2.1419771189166526E+06
   1.3300000000000000E+04   7.3549156064914109E+02   7.4169285648597440E+02   8.7966910609082217E+04  -4.1517075883332524E+00   2.1687877233939343E+06
   1.3400000000000000E+04   7.4194703269316904E+02   7.4815797459152384E+02   8.9373495730326671E+04  -4.1512946882415660E+00   2.1955323959716903E+06
   1.3500000000000000E+04   7.4833636239928694E+02   7.5456755633347370E+02   9.0619927136771541E+04  -4.1508863578728832E+00   2.2222069298425172E+06
   1.3600000000000000E+04   7.5467813164815016E+02   7.6092181507465386E+02   9.1973121393892055E+04  -4.1504825223649258E+00   2.2488071696036211E+06
   1.3700000000000000E+04   7.6097455638946883E+02   7.6722097092021761E+02   9.3467321953210310E+04  -4.1500831089118551E+00   2.2753290123939277E+06
   1.3800000000000000E+04   7.6720214467016660E+02   7.7346525013073415E+02   9.4746001398861816E+04  -4.1496880467642763E+00   2.3017684099027249E+06
   1.3900000000000000E+04   7.7337816398168138E+02   7.7965488458076914E+02   9.6064187286599408E+04  -4.1492972670710468E+00   2.3281213717804519E+06
   1.4000000000000000E+04   7.7951486895558980E+02   7.8579011125187833E+02   9.7611382426045704E+04  -4.1489107031165418E+00   2.3543839659776310E+06
   1.4100000000000000E+04   7.8557646096007090E+02   7.9187117177226378E+02   9.8825088430147211E+04  -4.1485282899647649E+00   2.3805523209622428E+06
   1.4200000000000000E+04   7.9158991931316302E+02   7.9789831198189177E+02   1.0012190007334008E+05  -4.1481499647361479E+00   2.4066226268356345E+06
   1.4300000000000000E+04   7.9755248024842183E+02   8.0387178153782429E+02   1.0145582617533657E+05  -4.1477756664098271E+00   2.4325911383677386E+06
   1.4400000000000000E+04   8.0346408463025227E+02   8.0979183354642259E+02   1.0282308335887703E+05  -4.1474053358631977E+00   2.4584541738907574E+06
   1.4500000000000000E+04   8.0931394489571392E+02   8.1565872422533459E+02   1.0404207073201248E+05  -4.1470389158323471E+00   2.4842081196601274E+06
   1.4600000000000000E+04   8.1511247176550307E+02   8.2147271259280421E+02   1.0527787727396046E+05  -4.1466763508329825E+00   2.5098494285396785E+06
   1.4700000000000000E+04   8.2084862274947989E+02   8.2723406018105129E+02   1.0634102146765038E+05  -4.1463175871208691E+00   2.5353746231683837E+06
   1.4800000000000000E+04   8.2655138102745889E+02   8.3294303076870449E+02   1.0771400816229744E+05  -4.1459625728500313E+00   2.5607802939042733E+06
   1.4900000000000000E+04   8.3218287134069419E+02   8.3859989014440202E+02   1.0875275355015694E+05  -4.1456112577168085E+00   2.5860631038728328E+06
   1.5000000000000000E+04   8.3777636940902630E+02   8.4420490587878203E+02   1.1001803045091729E+05  -4.1452635931971642E+00   2.6112197867187359E+06
   1.5100000000000000E+04   8.4330749453619103E+02   8.4975834712155302E+02   1.1108726686738851E+05  -4.1449195324280224E+00   2.6362471473373976E+06
   1.5200000000000000E+04   8.4879091220820214E+02   8.5526048441658293E+02   1.1220793328547817E+05  -4.1445790300490986E+00   2.6611420656608054E+06
   1.5300000000000000E+04   8.5422246030278779E+02   8.6071158952692281E+02   1.1330321006433971E+05  -4.1442420423215198E+00   2.6859014941098918E+06
   1.5400000000000000E+04   8.5961156447079793E+02   8.6611193527921125E+02   1.1453497925511902E+05  -4.1439085270091960E+00   2.7105224591195253E+06
   1.5500000000000000E+04   8.6493066835169020E+02   8.7146179541806237E+02   1.1540948836149323E+05  -4.1435784434183800E+00   2.7350020604855921E+06
   1.5600000000000000E+04   8.7020940788903215E+02   8.7676144447716331E+02   1.1644716069512011E+05  -4.1432517522394505E+00   2.7593374743251526E+06
   1.5700000000000000E+04   8.7544697371486598E+02   8.8201115765736972E+02   1.1763137741374312E+05  -4.1429284155864847E+00   2.7835259506878448E+06
   1.5800000000000000E+04   8.8062731865183559E+02   8.8721121071789480E+02   1.1866877854818890E+05  -4.1426083969181464E+00   2.8075648153119981E+06
   1.5900000000000000E+04   8.8575594887387956E+02   8.9236187987335529E+02   1.1965230089579328E+05  -4.1422916611167944E+00   2.8314514681271780E+06
   1.6000000000000000E+04   8.9082785354143857E+02   8.9746344170714053E+02   1.2048448629471562E+05  -4.1419781742511903E+00   2.8551833859486459E+06
   1.6100000000000000E+04   8.9586138899356149E+02   9.0251617308540415E+02   1.2149596158957720E+05  -4.1416679036555957E+00   2.8787581192371999E+06
   1.6200000000000000E+04   9.0085599084260525E+02   9.0752035107918482E+02   1.2267421268644863E+05  -4.1413608179693213E+00   2.9021732935907068E+06
   1.6300000000000000E+04   9.0577793966035540E+02   9.1247625290121618E+02   1.2338940127494685E+05  -4.1410568868599000E+00   2.9254266111978297E+06
   1.6400000000000000E+04   9.1067108624717605E+02   9.1738415583708320E+02   1.2444906380207096E+05  -4.1407560812208146E+00   2.9485158473877735E+06
   1.6500000000000000E+04   9.1551469887248777E+02   9.2224433718981766E+02   1.2546413445057129E+05  -4.1404583730528648E+00   2.9714388524969658E+06
   1.6600000000000000E+04   9.2030398513958460E+02   9.2705707422765852E+02   1.2633837770188486E+05  -4.1401637354246086E+00   2.9941935499115363E+06
   1.6700000000000000E+04   9.2507415904002028E+02   9.3182264413963526E+02   1.2773311879300032E+05  -4.1398721423141902E+00   3.0167779389289813E+06
   1.6800000000000000E+04   9.2975614969669198E+02   9.3654132398375907E+02   1.2833201014138767E+05  -4.1395835688861640E+00   3.0391900894409488E+06
   1.6900000000000000E+04   9.3440687336661904E+02   9.4121339065797588E+02   1.2921090535570859E+05  -4.1392979910564636E+00   3.0614281468775910E+06
   1.7000000000000000E+04   9.3901526824836117E+02   9.4583912085441659E+02   1.3015482998574049E+05  -4.1390153858087961E+00   3.0834903267860059E+06
   1.7100000000000000E+04   9.4356988829614920E+02   9.5041879103162239E+02   1.3093871925548658E+05  -4.1387357309573511E+00   3.1053749164297753E+06
   1.7200000000000000E+04   9.4807305584471578E+02   9.5495267738428720E+02   1.3160097511573692E+05  -4.1384590051072623E+00   3.1270802758191903E+06
   1.7300000000000000E+04   9.5253657120938510E+02   9.5944105580983933E+02   1.3236363703649779E+05  -4.1381851878127796E+00   3.1486048337856550E+06
   1.7400000000000000E+04   9.5695395880361923E+02   9.6388420188831253E+02   1.3309674589374432E+05  -4.1379142593400049E+00   3.1699470889335414E+06
   1.7500000000000000E+04   9.6132592573768613E+02   9.6828239085874941E+02   1.3380861537698840E+05  -4.1376462006273309E+00   3.1911056111173965E+06
   1.7600000000000000E+04   9.6565300717907667E+02   9.7263589758927060E+02   1.3450429896855901E+05  -4.1373809935227337E+00   3.2120790346629363E+06
   1.7700000000000000E+04   9.6992330638166254E+02   9.7694499656692369E+02   1.3494781117118895E+05  -4.1371186203882999E+00   3.2328660652657985E+06
   1.7800000000000000E+04   9.7417678279807456E+02   9.8120996186944808E+02   1.3590894731999325E+05  -4.1368590643770462E+00   3.2534654726044387E+06
   1.7900000000000000E+04   9.7836645712450979E+02   9.8543106715198076E+02   1.3647076033368002E+05  -4.1366023092352009E+00   3.2738760922521334E+06
   1.8000000000000000E+04   9.8251794548018927E+02   9.8960858563143495E+02   1.3712558720291598E+05  -4.1363483392231020E+00   3.2940968275724659E+06
   1.8100000000000000E+04   9.8662312411136020E+02   9.9374279006225470E+02   1.3771005871015418E+05  -4.1360971393524695E+00   3.3141266428007088E+06
   1.8200000000000000E+04   9.9066862646605512E+02   9.9783395273066276E+02   1.3795921565715023E+05  -4.1358486950305036E+00   3.3339645676445668E+06
   1.8300000000000000E+04   9.9469954313462063E+02   1.0018823454305643E+03   1.3874416560751179E+05  -4.1356029923366942E+00   3.3536096919758134E+06
   1.8400000000000000E+04   9.9868207757120615E+02   1.0058882394591305E+03   1.3940327353328903E+05  -4.1353600176669119E+00   3.3730611692983429E+06
   1.8500000000000000E+04   1.0026167194837623E+03   1.0098519055911518E+03   1.3994034012671970E+05  -4.1351197580893171E+00   3.3923182125064847E+06
   1.8600000000000000E+04   1.0064794764127797E+03   1.0137736140755097E+03   1.3988525902237225E+05  -4.1348822009884509E+00   3.4113800940297213E+06
   1.8700000000000000E+04   1.0103405804143404E+03   1.0176536346149645E+03   1.4059471400743816E+05  -4.1346473342629650E+00   3.4302461443157690E+06
   1.8800000000000000E+04   1.0141540225052905E+03   1.0214922363583785E+03   1.4117201831407842E+05  -4.1344151461278837E+00   3.4489157524967338E+06
   1.8900000000000000E+04   1.0179254028271453E+03   1.0252896878820452E+03   1.4172026351117776E+05  -4.1341856252727922E+00   3.4673883637558408E+06
   1.9000000000000000E+04   1.0216591360385188E+03   1.0290462571822493E+03   1.4231992268717141E+05  -4.1339587606641084E+00   3.4856634794272515E+06
   1.9100000000000000E+04   1.0253503526029695E+03   1.0327622116554965E+03   1.4287145645530583E+05  -4.1337345417428102E+00   3.5037406527219797E+06
   1.9200000000000000E+04   1.0289954972116439E+03   1.0364378180949855E+03   1.4330070749122821E+05  -4.1335129581080645E+00   3.5216194948107675E+06
   1.9300000000000000E+04   1.0325999537493092E+03   1.0400733426696190E+03   1.4370718518580869E+05  -4.1332939997545068E+00   3.5392996661794763E+06
   1.9400000000000000E+04   1.0361644759887186E+03   1.0436690509129619E+03   1.4410047286641071E+05  -4.1330776569931453E+00   3.5567808799755541E+06
   1.9500000000000000E+04   1.0396810287232358E+03   1.0472252077121973E+03   1.4432056594258928E+05  -4.1328639203722739E+00   3.5740628988223439E+06
   1.9600000000000000E+04   1.0431824991881606E+03   1.0507420772970600E+03   1.4499694697334117E+05  -4.1326527805983710E+00   3.5911455375853628E+06
   1.9700000000000000E+04   1.0466124932239850E+03   1.0542199232185351E+03   1.4503712068814374E+05  -4.1324442287733865E+00   3.6080286564109293E+06
   1.9800000000000000E+04   1.0500308182014394E+03   1.0576590083439539E+03   1.4558821072378557E+05  -4.1322382561179083E+00   3.6247121645749561E+06
   1.9900000000000000E+04   1.0533969893910239E+03   1.0610595948393352E+03   1.4586644063926520E+05  -4.1320348540898033E+00   3.6411960170431533E+06
   2.0000000000000000E+04   1.0567211460546432E+03   1.0644219441592516E+03   1.4606241605588637E+05  -4.1318340142655856E+00   3.6574802158668744E+06
   2.0100000000000000E+04   1.0600068901180307E+03   1.0677463170276803E+03   1.4624060232887944E+05  -4.1316357284985932E+00   3.6735648059650650E+06
   2.0200000000000000E+04   1.0632793674556128E+03   1.0710329734289621E+03   1.4687453378801406E+05  -4.1314399887608104E+00   3.6894498762613838E+06
   2.0300000000000000E+04   1.0664796640899697E+03   1.0742821725948679E+03   1.4683740361802245E+05  -4.1312467871033052E+00   3.7051355578866866E+06
   2.0400000000000000E+04   1.0696642814101522E+03   1.0774941729851535E+03   1.4719961563064315E+05  -4.1310561158144381E+00   3.7206220239733038E+06
   2.0500000000000000E+04   1.0728031496439880E+03   1.0806692322795748E+03   1.4738535174648295E+05  -4.1308679672221027E+00   3.7359094873543163E+06
   2.0600000000000000E+04   1.0758948441785476E+03   1.0838076073582979E+03   1.4736483202509856E+05  -4.1306823338519445E+00   3.7509982008947814E+06
   2.0700000000000000E+04   1.0789593771532752E+03   1.0869095542944267E+03   1.4751007869412043E+05  -4.1304992082098249E+00   3.7658884562498168E+06
   2.0800000000000000E+04   1.0819879708323376E+03   1.0899753283323721E+03   1.4765085871698419E+05  -4.1303185829993367E+00   3.7805805816025618E+06
   2.0900000000000000E+04   1.0849877483202692E+03   1.0930051838796510E+03   1.4791478204926458E+05  -4.1301404509240811E+00   3.7950749425241314E+06
   2.1000000000000000E+04   1.0879620314454769E+03   1.0959993744877511E+03   1.4835819494812333E+05  -4.1299648048260726E+00   3.8093719402384674E+06
   2.1100000000000000E+04   1.0908807442168663E+03   1.0989581528426011E+03   1.4841793243152555E+05  -4.1297916375275454E+00   3.8234720104298890E+06
   2.1200000000000000E+04   1.0937784894213862E+03   1.1018817707466997E+03   1.4873167181835126E+05  -4.1296209419298293E+00   3.8373756230710382E+06
   2.1300000000000000E+04   1.0966215585038813E+03   1.1047704791044735E+03   1.4867185287050187E+05  -4.1294527110133545E+00   3.8510832794865854E+06
   2.1400000000000000E+04   1.0994452248857579E+03   1.1076245279108432E+03   1.4888462922123063E+05  -4.1292869377387751E+00   3.8645955144677870E+06
   2.1500000000000000E+04   1.1022308075822996E+03   1.1104441662359902E+03   1.4902134701927149E+05  -4.1291236150667343E+00   3.8779128943369598E+06
   2.1600000000000000E+04   1.1050537357718802E+03   1.1132296422063785E+03   1.5046387636010957E+05  -4.1289627360963115E+00   3.8910360133425933E+06
   2.1700000000000000E+04   1.1077690731033636E+03   1.1159812029985528E+03   1.5053944331429800E+05  -4.1288042938079226E+00   3.9039654965063492E+06
   2.1800000000000000E+04   1.1104511742184623E+03   1.1186990948196687E+03   1.5061501965209315E+05  -4.1286482812215439E+00   3.9167019974931232E+06
   2.1900000000000000E+04   1.1130912799655955E+03   1.1213835628932163E+03   1.5052576910943654E+05  -4.1284946913966962E+00   3.9292461965466128E+06
   2.2000000000000000E+04   1.1157316852019217E+03   1.1240348514480065E+03   1.5104133313278199E+05  -4.1283435173335690E+00   3.9415988013440319E+06
   2.2100000000000000E+04   1.1183132039834177E+03   1.1266532037009706E+03   1.5107328497352789E+05  -4.1281947520719280E+00   3.9537605447184406E+06
   2.2200000000000000E+04   1.1208423769395138E+03   1.1292388618482646E+03   1.5074150478462267E+05  -4.1280483885328607E+00   3.9657321857357332E+06
   2.2300000000000000E+04   1.1233659252731368E+03   1.1317920670458695E+03   1.5088953840393471E+05  -4.1279044196968027E+00   3.9775145065168287E+06
   2.2400000000000000E+04   1.1258504889383544E+03   1.1343130593991425E+03   1.5090768442650579E+05  -4.1277628385046254E+00   3.9891083130967151E+06
   2.2500000000000000E+04   1.1283116797868556E+03   1.1368020779500100E+03   1.5107266320245556E+05  -4.1276236378378970E+00   4.0005144343900853E+06
   2.2600000000000000E+04   1.1307313549842124E+03   1.1392593606625067E+03   1.5105481036898616E+05  -4.1274868105583957E+00   4.0117337205069205E+06
   2.2700000000000000E+04   1.1331196838091878E+03   1.1416851444109898E+03   1.5103284808437183E+05  -4.1273523494685875E+00   4.0227670431370423E+06
   2.2800000000000000E+04   1.1354767223476622E+03   1.1440796649667147E+03   1.5100366067815199E+05  -4.1272202473313913E+00   4.0336152943377132E+06
   2.2900000000000000E+04   1.1377722044094169E+03   1.1464431569858666E+03   1.5043227908968434E+05  -4.1270904968504070E+00   4.0442793862324581E+06
   2.3000000000000000E+04   1.1401140498910215E+03   1.1487758539960089E+03   1.5120816350052142E+05  -4.1269630907094532E+00   4.0547602485402543E+06
   2.3100000000000000E+04   1.1423692647010594E+03   1.1510779883864111E+03   1.5099297700974529E+05  -4.1268380214934908E+00   4.0650588304905384E+06
   2.3200000000000000E+04   1.1446076919185093E+03   1.1533497913943925E+03   1.5100869606259474E+05  -4.1267152817479280E+00   4.0751760983676054E+06
   2.3300000000000000E+04   1.1468106427164159E+03   1.1555914930937643E+03   1.5092440549165680E+05  -4.1265948639786307E+00   4.0851130346415718E+06
   2.3400000000000000E+04   1.1489833937239966E+03   1.1578033223847385E+03   1.5082852047769903E+05  -4.1264767606123627E+00   4.0948706387676666E+06
   2.3500000000000000E+04   1.1511264544009612E+03   1.1599855069846628E+03   1.5072605012733958E+05  -4.1263609639374863E+00   4.1044499258665857E+06
   2.3600000000000000E+04   1.1532396758750879E+03   1.1621382734108258E+03   1.5061069571556663E+05  -4.1262474663214448E+00   4.1138519248611880E+06
   2.3700000000000000E+04   1.1553244803031632E+03   1.1642618469782872E+03   1.5050296828940953E+05  -4.1261362599339551E+00   4.1230776794852987E+06
   2.3800000000000000E+04   1.1573648939612076E+03   1.1663564517844629E+03   1.5012971474744569E+05  -4.1260273369249569E+00   4.1321282474204884E+06
   2.3900000000000000E+04   1.1593927606200316E+03   1.1684223107005218E+03   1.5002523451307652E+05  -4.1259206893850688E+00   4.1410046983208512E+06
   2.4000000000000000E+04   1.1614008700916813E+03   1.1704596453624908E+03   1.5006143875889850E+05  -4.1258163093258275E+00   4.1497081144119729E+06
   2.4100000000000000E+04   1.1633716483537319E+03   1.1724686761632206E+03   1.4994093070798053E+05  -4.1257141886401092E+00   4.1582395908134016E+06
   2.4200000000000000E+04   1.1653126079015403E+03   1.1744496222407208E+03   1.4978645116858368E+05  -4.1256143192010262E+00   4.1666002325089695E+06
   2.4300000000000000E+04   1.1672250899317082E+03   1.1764027014730614E+03   1.4961700468969133E+05  -4.1255166927432834E+00   4.1747911560333506E+06
   2.4400000000000000E+04   1.1691046773192750E+03   1.1783281304651891E+03   1.4935717750720968E+05  -4.1254213010411229E+00   4.1828134869107576E+06
   2.4500000000000000E+04   1.1709489504010644E+03   1.1802261245478171E+03   1.4896610971336637E+05  -4.1253281356710545E+00   4.1906683612790643E+06
   2.4600000000000000E+04   1.1727819180909182E+03   1.1820968977654836E+03   1.4882929599042807E+05  -4.1252371881700478E+00   4.1983569235738805E+06
   2.4700000000000000E+04   1.1745903803221470E+03   1.1839406628705553E+03   1.4872762467661427E+05  -4.1251484499959634E+00   4.2058803274013577E+06
   2.4800000000000000E+04   1.1763480925105034E+03   1.1857576313159243E+03   1.4823932996319109E+05  -4.1250619125473635E+00   4.2132397336681988E+06
   2.4900000000000000E+04   1.1781187990798146E+03   1.1875480132491459E+03   1.4837637729867545E+05  -4.1249775671436959E+00   4.2204363111074250E+06
   2.5000000000000000E+04   1.1798415998445141E+03   1.1893120175069032E+03   1.4816662194554851E+05  -4.1248954050055531E+00   4.2274712351404428E+06
   2.5100000000000000E+04   1.1815333991919490E+03   1.1910498516087559E+03   1.4787707836304573E+05  -4.1248154172744256E+00   4.2343456883501923E+06
   2.5200000000000000E+04   1.1831902145128670E+03   1.1927617217507523E+03   1.4744428044049730E+05  -4.1247375950522658E+00   4.2410608589112656E+06
   2.5300000000000000E+04   1.1848549231162815E+03   1.1944478328025270E+03   1.4753056594818670E+05  -4.1246619293223796E+00   4.2476179403382447E+06
   2.5400000000000000E+04   1.1864738232160457E+03   1.1961083883021033E+03   1.4729790911924592E+05  -4.1245884109692108E+00   4.2540181324936152E+06
   2.5500000000000000E+04   1.1880677068903353E+03   1.1977435904485642E+03   1.4706672237044468E+05  -4.1245170308969685E+00   4.2602626385362241E+06
   2.5600000000000000E+04   1.1896295701850947E+03   1.1993536401032111E+03   1.4672730321670650E+05  -4.1244477798319110E+00   4.2663526669637430E+06
   2.5700000000000000E+04   1.1911557366356390E+03   1.2009387367814259E+03   1.4622355559109425E+05  -4.1243806485002805E+00   4.2722894295110395E+06
   2.5800000000000000E+04   1.1926798646257546E+03   1.2024990786534327E+03   1.4606020749708923E+05  -4.1243156274701525E+00   4.2780741422376977E+06
   2.5900000000000000E+04   1.1941811781685929E+03   1.2040348625369722E+03   1.4591859419756680E+05  -4.1242527073293633E+00   4.2837080235528983E+06
   2.6000000000000000E+04   1.1956529515501768E+03   1.2055462838982251E+03   1.4569559799106608E+05  -4.1241918785471094E+00   4.2891922951405337E+06
   2.6100000000000000E+04   1.1970706361468390E+03   1.2070335368481485E+03   1.4502848589221050E+05  -4.1241331315332692E+00   4.2945281808239184E+06
   2.6200000000000000E+04   1.1985167951828796E+03   1.2084968141420470E+03   1.4513035842920773E+05  -4.1240764565790755E+00   4.2997169065791918E+06
   2.6300000000000000E+04   1.1999138681536747E+03   1.2099363071752305E+03   1.4485689076677850E+05  -4.1240218439757710E+00   4.3047597000564290E+06
   2.6400000000000000E+04   1.2012759504133528E+03   1.2113522059846705E+03   1.4441557801210461E+05  -4.1239692838959519E+00   4.3096577901390251E+06
   2.6500000000000000E+04   1.2026238958895390E+03   1.2127446992458424E+03   1.4410671797294088E+05  -4.1239187664924373E+00   4.3144124068276845E+06
   2.6600000000000000E+04   1.2039570197685339E+03   1.2141139742745020E+03   1.4391528890554354E+05  -4.1238702817994097E+00   4.3190247807108024E+06
   2.6700000000000000E+04   1.2052462575127045E+03   1.2154602170242301E+03   1.4342419079211919E+05  -4.1238238198312782E+00   4.3234961428503646E+06
   2.6800000000000000E+04   1.2065411708094673E+03   1.2167836120883655E+03   1.4333492220994909E+05  -4.1237793705035841E+00   4.3278277243719520E+06
   2.6900000000000000E+04   1.2077991155888926E+03   1.2180843426995491E+03   1.4304022419698493E+05  -4.1237369236725474E+00   4.3320207562498143E+06
   2.7000000000000000E+04   1.2090298571540020E+03   1.2193625907300680E+03   1.4267722747677972E+05  -4.1236964691548454E+00   4.3360764686069945E+06
   2.7100000000000000E+04   1.2102442933230489E+03   1.2206185366929553E+03   1.4239560088229424E+05  -4.1236579967276068E+00   4.3399960911108172E+06
   2.7200000000000000E+04   1.2114334496647332E+03   1.2218523597454512E+03   1.4206791379136685E+05  -4.1236214960295356E+00   4.3437808522712663E+06
   2.7300000000000000E+04   1.2126045267139586E+03   1.2230642376873084E+03   1.4179103369685274E+05  -4.1235869567191301E+00   4.3474319791949661E+06
   2.7400000000000000E+04   1.2137482903577998E+03   1.2242543469652690E+03   1.4143619020059289E+05  -4.1235543683559994E+00   4.3509506974755889E+06
   2.7500000000000000E+04   1.2149145210715749E+03   1.2254228626736692E+03   1.4167640210883616E+05  -4.1235237204799944E+00   4.3543382309224727E+06
   2.7600000000000000E+04   1.2160174873799310E+03   1.2265699585581933E+03   1.4134419264504933E+05  -4.1234950025518655E+00   4.3575958010386564E+06
   2.7700000000000000E+04   1.2171115214214390E+03   1.2276958070182534E+03   1.4117558505530393E+05  -4.1234682039730473E+00   4.3607246273527732E+06
   2.7800000000000000E+04   1.2181719894635587E+03   1.2288005791093069E+03   1.4083622531295809E+05  -4.1234433141251943E+00   4.3637259265835052E+06
   2.7900000000000000E+04   1.2192092222028957E+03   1.2298844445469865E+03   1.4046418975672472E+05  -4.1234203223306443E+00   4.3666009127656696E+06
   2.8000000000000000E+04   1.2202321147015045E+03   1.2309475717103198E+03   1.4017524005547157E+05  -4.1233992178721932E+00   4.3693507969817165E+06
   2.8100000000000000E+04   1.2212299281058783E+03   1.2319901276466790E+03   1.3982484333196279E+05  -4.1233799899337589E+00   4.3719767873370964E+06
   2.8200000000000000E+04   1.2222072510591090E+03   1.2330122780733295E+03   1.3947179816605619E+05  -4.1233626277388167E+00   4.3744800881937779E+06
   2.8300000000000000E+04   1.2231630954213376E+03   1.2340141873839868E+03   1.3910126450222696E+05  -4.1233471204317436E+00   4.3768619006240983E+06
   2.8400000000000000E+04   1.2240929407757562E+03   1.2349960186533483E+03   1.3865349998339935E+05  -4.1233334570778171E+00   4.3791234218826564E+06
   2.8500000000000000E+04   1.2250300333738323E+03   1.2359579336398294E+03   1.3855228834825972E+05  -4.1233216267818724E+00   4.3812658452932322E+06
   2.8600000000000000E+04   1.2259250824348189E+03   1.2369000927933605E+03   1.3816359153057160E+05  -4.1233116185300949E+00   4.3832903600731613E+06
   2.8700000000000000E+04   1.2267978827063444E+03   1.2378226552582526E+03   1.3774054797837426E+05  -4.1233034213284512E+00   4.3851981511909841E+06
   2.8800000000000000E+04   1.2276373363469647E+03   1.2387257788800205E+03   1.3714333740876598E+05  -4.1232970241235813E+00   4.3869903991844552E+06
   2.8900000000000000E+04   1.2284456455651846E+03   1.2396096202103922E+03   1.3640240940549495E+05  -4.1232924158423572E+00   4.3886682800104283E+06
   2.9000000000000000E+04   1.2292952766110600E+03   1.2404743345135100E+03   1.3640766990217601E+05  -4.1232895853720937E+00   4.3902329648826793E+06
   2.9100000000000000E+04   1.2301040231897171E+03   1.2413200757713817E+03   1.3613994836015059E+05  -4.1232885216001236E+00   4.3916856202006564E+06
   2.9200000000000000E+04   1.2308961549061823E+03   1.2421469966919401E+03   1.3589685031317978E+05  -4.1232892132951173E+00   4.3930274072550265E+06
   2.9300000000000000E+04   1.2316581274877794E+03   1.2429552487121823E+03   1.3551203919747911E+05  -4.1232916493246305E+00   4.3942594822677867E+06
   2.9400000000000000E+04   1.2323912144482997E+03   1.2437449820080585E+03   1.3500191727312736E+05  -4.1232958184375699E+00   4.3953829961640341E+06
   2.9500000000000000E+04   1.2331139214018542E+03   1.2445163454994631E+03   1.3458808564832754E+05  -4.1233017093828437E+00   4.3963990943987723E+06
   2.9600000000000000E+04   1.2338012969042431E+03   1.2452694868572096E+03   1.3397189218009761E+05  -4.1233093109093550E+00   4.3973089171174131E+06
   2.9700000000000000E+04   1.2345097001668255E+03   1.2460045525106875E+03   1.3381683039607108E+05  -4.1233186117264724E+00   4.3981135985958120E+06
   2.9800000000000000E+04   1.2351934485542531E+03   1.2467216876545754E+03   1.3358002443915137E+05  -4.1233296005435491E+00   4.3988142676183591E+06
   2.9900000000000000E+04   1.2358580689209900E+03   1.2474210362570109E+03   1.3332523635152981E+05  -4.1233422660106314E+00   4.3994120468020067E+06
   3.0000000000000000E+04   1.2364717023273738E+03   1.2481027410660884E+03   1.3268322422387596E+05  -4.1233565967975325E+00   4.3999080532290153E+06
   3.0100000000000000E+04   1.2371020182100374E+03   1.2487669436178167E+03   1.3243566094244746E+05  -4.1233725815740625E+00   4.4003033976361779E+06
   3.0200000000000000E+04   1.2377031853805822E+03   1.2494137842448679E+03   1.3205160884934751E+05  -4.1233902089309495E+00   4.4005991848106496E+06
   3.0300000000000000E+04   1.2382961729074439E+03   1.2500434020828122E+03   1.3176928258223142E+05  -4.1234094675182265E+00   4.4007965131993387E+06
   3.0400000000000000E+04   1.2388498676316106E+03   1.2506559350795776E+03   1.3123548094694465E+05  -4.1234303459266188E+00   4.4008964751007548E+06
   3.0500000000000000E+04   1.2393839906493970E+03   1.2512515200026680E+03   1.3067430094365851E+05  -4.1234528327666160E+00   4.4009001562951598E+06
   3.0600000000000000E+04   1.2398927689625043E+03   1.2518302924476616E+03   1.3002155174847851E+05  -4.1234769166487135E+00   4.4008086363711962E+06
   3.0700000000000000E+04   1.2404510842476959E+03   1.2523923868471772E+03   1.3009732240062414E+05  -4.1235025861240873E+00   4.4006229879731461E+06
   3.0800000000000000E+04   1.2409482571735198E+03   1.2529379364780659E+03   1.2968079538453347E+05  -4.1235298298032292E+00   4.4003442776058828E+06
   3.0900000000000000E+04   1.2414065640159097E+03   1.2534670734709839E+03   1.2902127050114021E+05  -4.1235586362570862E+00   4.3999735650702491E+06
   3.1000000000000000E+04   1.2419067091032662E+03   1.2539799288185918E+03   1.2899012222098418E+05  -4.1235889940566040E+00   4.3995119031587001E+06
   3.1100000000000000E+04   1.2423563134224298E+03   1.2544766323840729E+03   1.2858629952028906E+05  -4.1236208917925055E+00   4.3989603383280551E+06
   3.1200000000000000E+04   1.2427965461957986E+03   1.2549573129104458E+03   1.2825314807081483E+05  -4.1236543180159586E+00   4.3983199096704870E+06
   3.1300000000000000E+04   1.2432137409403842E+03   1.2554220980286798E+03   1.2784341018709152E+05  -4.1236892613176916E+00   4.3975916501105018E+06
   3.1400000000000000E+04   1.2436192207233573E+03   1.2558711142669717E+03   1.2747625098878525E+05  -4.1237257102884186E+00   4.3967765850825077E+06
   3.1500000000000000E+04   1.2440051898808588E+03   1.2563044870600024E+03   1.2706817952357736E+05  -4.1237636534793154E+00   4.3958757333077062E+06
   3.1600000000000000E+04   1.2443722144084229E+03   1.2567223407568597E+03   1.2662464479661589E+05  -4.1238030795404228E+00   4.3948901068014372E+06
   3.1700000000000000E+04   1.2446742380040505E+03   1.2571247986316416E+03   1.2567392727242829E+05  -4.1238439770229141E+00   4.3938207101670206E+06
   3.1800000000000000E+04   1.2450642611036269E+03   1.2575119828914642E+03   1.2578070545708542E+05  -4.1238863345175085E+00   4.3926685406335993E+06
   3.1900000000000000E+04   1.2453917291069245E+03   1.2578840146853991E+03   1.2540206019339888E+05  -4.1239301406940232E+00   4.3914345895229625E+06
   3.2000000000000000E+04   1.2457020771019709E+03   1.2582410141148584E+03   1.2500209891530567E+05  -4.1239753841233977E+00   4.3901198398674699E+06
   3.2100000000000000E+04   1.2459965710565755E+03   1.2585831002413679E+03   1.2459274548739273E+05  -4.1240220534952314E+00   4.3887252681582924E+06
   3.2200000000000000E+04   1.2462758187736390E+03   1.2589103910971755E+03   1.2417908087830705E+05  -4.1240701374002366E+00   4.3872518432375267E+06
   3.2300000000000000E+04   1.2465410473319400E+03   1.2592230036933099E+03   1.2377216236365888E+05  -4.1241196245280003E+00   4.3857005275983801E+06
   3.2400000000000000E+04   1.2467600705417235E+03   1.2595210540294765E+03   1.2305638978983440E+05  -4.1241705035681102E+00   4.3840722755141733E+06
   3.2500000000000000E+04   1.2470033677701188E+03   1.2598046571035181E+03   1.2272050175772356E+05  -4.1242227631706134E+00   4.3823680347237429E+06
   3.2600000000000000E+04   1.2472110680604958E+03   1.2600739269200365E+03   1.2217953764325393E+05  -4.1242763920844103E+00   4.3805887455646480E+06
   3.2700000000000000E+04   1.2474279479432275E+03   1.2603289765003094E+03   1.2186389495480417E+05  -4.1243313790386367E+00   4.3787353413299788E+06
   3.2800000000000000E+04   1.2476217510462661E+03   1.2605699178914786E+03   1.2146232490489788E+05  -4.1243877127624300E+00   4.3768087474832805E+06
   3.2900000000000000E+04   1.2477999972716784E+03   1.2607968621757725E+03   1.2104629330166428E+05  -4.1244453820046960E+00   4.3748098828068282E+06
   3.3000000000000000E+04   1.2479421408024104E+03   1.2610099194796328E+03   1.2042348262535612E+05  -4.1245043755934390E+00   4.3727396586300218E+06
   3.3100000000000000E+04   1.2481214386549493E+03   1.2612091989835026E+03   1.2027590667639812E+05  -4.1245646822973345E+00   4.3705989788043769E+06
   3.3200000000000000E+04   1.2482788432828202E+03   1.2613948089306530E+03   1.2005005924021188E+05  -4.1246262909641667E+00   4.3683887401148686E+06
   3.3300000000000000E+04   1.2484007542258444E+03   1.2615668566366796E+03   1.1962089965481526E+05  -4.1246891904614786E+00   4.3661098323069364E+06
   3.3400000000000000E+04   1.2485162937160810E+03   1.2617254484988075E+03   1.1925704608344623E+05  -4.1247533696568155E+00   4.3637631374240965E+06
   3.3500000000000000E+04   1.2486079768138623E+03   1.2618706900050001E+03   1.1879784977184310E+05  -4.1248188174770517E+00   4.3613495307017267E+06
   3.3600000000000000E+04   1.2486983857945047E+03   1.2620026857433750E+03   1.1844747356961794E+05  -4.1248855228095094E+00   4.3588698794243354E+06
   3.3700000000000000E+04   1.2487696829646382E+03   1.2621215394111268E+03   1.1804344369263796E+05  -4.1249534746601455E+00   4.3563250443257894E+06
   3.3800000000000000E+04   1.2488201267361173E+03   1.2622273538239838E+03   1.1757053965310907E+05  -4.1250226619756116E+00   4.3537158784268489E+06
   3.3900000000000000E+04   1.2488753229060021E+03   1.2623202309251335E+03   1.1725484352620042E+05  -4.1250930738014073E+00   4.3510432280127881E+06
   3.4000000000000000E+04   1.2488988566389473E+03   1.2624002717944627E+03   1.1677370393434461E+05  -4.1251646991632764E+00   4.3483079313979084E+06
   3.4100000000000000E+04   1.2489165486581683E+03   1.2624675766575567E+03   1.1635402485354981E+05  -4.1252375271660435E+00   4.3455108209825484E+06
   3.4200000000000000E+04   1.2489189874147141E+03   1.2625222448947757E+03   1.1591253095030067E+05  -4.1253115468947712E+00   4.3426527206947049E+06
   3.4300000000000000E+04   1.2488440757380902E+03   1.2625643750502172E+03   1.1492067367843605E+05  -4.1253867474938284E+00   4.3397344475304168E+06
   3.4400000000000000E+04   1.2488848267789515E+03   1.2625940648406720E+03   1.1501985470393018E+05  -4.1254631181273771E+00   4.3367568115971126E+06
   3.4500000000000000E+04   1.2488262294894173E+03   1.2626114111645734E+03   1.1438240605538640E+05  -4.1255406480386485E+00   4.3337206164400931E+06
   3.4600000000000000E+04   1.2487818743948767E+03   1.2626165101107249E+03   1.1396994069976028E+05  -4.1256193264115728E+00   4.3306266570885153E+06
   3.4700000000000000E+04   1.2487084196869314E+03   1.2626094569673101E+03   1.1341823116443565E+05  -4.1256991425684868E+00   4.3274757228937708E+06
   3.4800000000000000E+04   1.2486799519860626E+03   1.2625903462304802E+03   1.1333763984021082E+05  -4.1257800858119555E+00   4.3242685952833807E+06
   3.4900000000000000E+04   1.2486025602412394E+03   1.2625592716131141E+03   1.1295173318331070E+05  -4.1258621454840920E+00   4.3210060486223064E+06
   3.5000000000000000E+04   1.2484904779435478E+03   1.2625163260534202E+03   1.1238105524731173E+05  -4.1259453109467756E+00   4.3176888508562641E+06
   3.5100000000000000E+04   1.2484037390938311E+03   1.2624616017237254E+03   1.1211247581141857E+05  -4.1260295716607658E+00   4.3143177623283798E+06
   3.5200000000000000E+04   1.2482762375859745E+03   1.2623951900387274E+03   1.1161011579587334E+05  -4.1261149170670350E+00   4.3108935367160877E+06
   3.5300000000000000E+04   1.2480936982145263E+03   1.2623171816642187E+03   1.1076682622477430E+05  -4.1262013366856598E+00   4.3074169214037219E+06
   3.5400000000000000E+04   1.2479816885989871E+03   1.2622276665251989E+03   1.1057415804134724E+05  -4.1262888200169359E+00   4.3038886549353385E+06
   3.5500000000000000E+04   1.2478192321152424E+03   1.2621267338145994E+03   1.1007554253104985E+05  -4.1263773566600310E+00   4.3003094708932843E+06
   3.5600000000000000E+04   1.2476899359691013E+03   1.2620144720014046E+03   1.0992347341740123E+05  -4.1264669362536566E+00   4.2966800953711895E+06
   3.5700000000000000E+04   1.2474871577452786E+03   1.2618909688386095E+03   1.0929001830840306E+05  -4.1265575484167565E+00   4.2930012473004507E+06
   3.5800000000000000E+04   1.2472903502217800E+03   1.2617563113718438E+03   1.0879169763971014E+05  -4.1266491828671334E+00   4.2892736384554980E+06
   3.5900000000000000E+04   1.2471779657744380E+03   1.2616105859472418E+03   1.0902060092637425E+05  -4.1267418293621407E+00   4.2854979759276398E+06
   3.6000000000000000E+04   1.2469718184568958E+03   1.2614538782193526E+03   1.0861696901020256E+05  -4.1268354776789105E+00   4.2816749576630546E+06
   3.6100000000000000E+04   1.2467553439458140E+03   1.2612862731591663E+03   1.0821850263104442E+05  -4.1269301176341147E+00   4.2778052759447237E+06
   3.6200000000000000E+04   1.2465275325115945E+03   1.2611078550622071E+03   1.0781693322248396E+05  -4.1270257391235177E+00   4.2738896163982786E+06
   3.6300000000000000E+04   1.2462731162830196E+03   1.2609187075559182E+03   1.0729843935718745E+05  -4.1271223320428883E+00   4.2699286580283828E+06
   3.6400000000000000E+04   1.2460477460086684E+03   1.2607189136077011E+03   1.0707504702999588E+05  -4.1272198863473193E+00   4.2659230732527599E+06
   3.6500000000000000E+04   1.2457858258396122E+03   1.2605085555327207E+03   1.0665981951480587E+05  -4.1273183920709906E+00   4.2618735275580771E+06
   3.6600000000000000E+04   1.2454444134575169E+03   1.2602877150008758E+03   1.0574590089758394E+05  -4.1274178392283085E+00   4.2577806802837132E+06
   3.6700000000000000E+04   1.2452249006964969E+03   1.2600564730451799E+03   1.0579146024656018E+05  -4.1275182179523213E+00   4.2536451850686353E+06
   3.6800000000000000E+04   1.2449343890023499E+03   1.2598149100681615E+03   1.0539865495202143E+05  -4.1276195183365383E+00   4.2494676863944624E+06
   3.6900000000000000E+04   1.2446175672337476E+03   1.2595631058504264E+03   1.0489246381736069E+05  -4.1277217306128735E+00   4.2452488258313192E+06
   3.7000000000000000E+04   1.2443223834752041E+03   1.2593011395568494E+03   1.0461326607798701E+05  -4.1278248449934631E+00   4.2409892358402060E+06
   3.7100000000000000E+04   1.2440009908237578E+03   1.2590290897444768E+03   1.0422033042108321E+05  -4.1279288517695534E+00   4.2366895449452847E+06
   3.7200000000000000E+04   1.2436408955721167E+03   1.2587470343692114E+03   1.0362868434803074E+05  -4.1280337412521471E+00   4.2323503725568298E+06
   3.7300000000000000E+04   1.2432749411680377E+03   1.2584550507933261E+03   1.0306945521863938E+05  -4.1281395038313509E+00   4.2279723342625806E+06
   3.7400000000000000E+04   1.2429192427595981E+03   1.2581532157921349E+03   1.0265101814923737E+05  -4.1282461299368185E+00   4.2235560386378365E+06
   3.7500000000000000E+04   1.2425767082110863E+03   1.2578416055607013E+03   1.0238946557527890E+05  -4.1283536100179745E+00   4.2191020876656305E+06
   3.7600000000000000E+04   1.2422193583031544E+03   1.2575202957209831E+03   1.0209283340924740E+05  -4.1284619345835560E+00   4.2146110767543046E+06
   3.7700000000000000E+04   1.2418390765556101E+03   1.2571893613291265E+03   1.0170670437476508E+05  -4.1285710942609599E+00   4.2100835977924895E+06
   3.7800000000000000E+04   1.2414491837358369E+03   1.2568488768803345E+03   1.0132111059887690E+05  -4.1286810795984659E+00   4.2055202331893099E+06
   3.7900000000000000E+04   1.2410487709427355E+03   1.2564989163176008E+03   1.0092956395890405E+05  -4.1287918813025621E+00   4.2009215614901911E+06
   3.8000000000000000E+04   1.2406417800082586E+03   1.2561395530369625E+03   1.0055762257791196E+05  -4.1289034900995008E+00   4.1962881548478147E+06
   3.8100000000000000E+04   1.2402311556852828E+03   1.2557708598936867E+03   1.0022366732048798E+05  -4.1290158967155293E+00   4.1916205794935166E+06
   3.8200000000000000E+04   1.2397638037198865E+03   1.2553929092097883E+03   9.9582838524604769E+04  -4.1291290919955488E+00   4.1869193953210618E+06
   3.8300000000000000E+04   1.2394038733858893E+03   1.2550057727793246E+03   9.9696772596726791E+04  -4.1292430668042162E+00   4.1821851572883218E+06
   3.8400000000000000E+04   1.2389487827011917E+03   1.2546095218745488E+03   9.9254378908003011E+04  -4.1293578120259786E+00   4.1774184127175733E+06
   3.8500000000000000E+04   1.2385002139833200E+03   1.2542042272530698E+03   9.8913072547120231E+04  -4.1294733186639183E+00   4.1726197059334004E+06
   3.8600000000000000E+04   1.2380391569227129E+03   1.2537899591626253E+03   9.8549968462335193E+04  -4.1295895777211138E+00   4.1677895732368547E+06
   3.8700000000000000E+04   1.2375665872647214E+03   1.2533667873474285E+03   9.8171216154799142E+04  -4.1297065802401898E+00   4.1629285457014386E+06
   3.8800000000000000E+04   1.2370862854489030E+03   1.2529347810549496E+03   9.7800351070144796E+04  -4.1298243173824210E+00   4.1580371501969867E+06
   3.8900000000000000E+04   1.2365963147988139E+03   1.2524940090399064E+03   9.7424787041312855E+04  -4.1299427802695243E+00   4.1531159056173447E+06
   3.9000000000000000E+04   1.2360123183482015E+03   1.2520445395722702E+03   9.6527015963866797E+04  -4.1300619601814086E+00   4.1481653281957945E+06
   3.9100000000000000E+04   1.2355691397919786E+03   1.2515864404401075E+03   9.6546953544917764E+04  -4.1301818483188963E+00   4.1431859257573648E+06
   3.9200000000000000E+04   1.2350457999308942E+03   1.2511197789579624E+03   9.6129914416985805E+04  -4.1303024360409841E+00   4.1381782026064750E+06
   3.9300000000000000E+04   1.2345226870446002E+03   1.2506446219709530E+03   9.5766988659018156E+04  -4.1304237147462217E+00   4.1331426571468571E+06
   3.9400000000000000E+04   1.2339831388287271E+03   1.2501610358594035E+03   9.5357118180809251E+04  -4.1305456758133889E+00   4.1280797819046266E+06
   3.9500000000000000E+04   1.2334227908111727E+03   1.2496690865459111E+03   9.4875186164566680E+04  -4.1306683107399014E+00   4.1229900640582023E+06
   3.9600000000000000E+04   1.2328840572647773E+03   1.2491688394996261E+03   9.4571749553722708E+04  -4.1307916110627252E+00   4.1178739870213238E+06
   3.9700000000000000E+04   1.2323278922287723E+03   1.2486603597411554E+03   9.4214728305001787E+04  -4.1309155683385947E+00   4.1127320264086425E+06
   3.9800000000000000E+04   1.2317629619787137E+03   1.2481437118487165E+03   9.3855116992981784E+04  -4.1310401742231138E+00   4.1075646557095898E+06
   3.9900000000000000E+04   1.2311907700281479E+03   1.2476189599618542E+03   9.3501289808292815E+04  -4.1311654203718922E+00   4.1023723396263705E+06
   4.0000000000000000E+04   1.2305919088175983E+03   1.2470861677880082E+03   9.3041715328429986E+04  -4.1312912985591739E+00   4.0971555413805731E+06
   4.0100000000000000E+04   1.2299789614803065E+03   1.2465453986055047E+03   9.2550051844445639E+04  -4.1314178005394266E+00   4.0919147165021645E+06
   4.0200000000000000E+04   1.2293986608594089E+03   1.2459967152700060E+03   9.2289533176260069E+04  -4.1315449181659929E+00   4.0866503165286691E+06
   4.0300000000000000E+04   1.2288363153431023E+03   1.2454401802181462E+03   9.2173848291178641E+04  -4.1316726433119895E+00   4.0813627874659928E+06
   4.0400000000000000E+04   1.2282262175813917E+03   1.2448758554736307E+03   9.1833178188186881E+04  -4.1318009679691619E+00   4.0760525725305621E+06
   4.0500000000000000E+04   1.2275941577813453E+03   1.2443038026495394E+03   9.1414275449096240E+04  -4.1319298840897272E+00   4.0707201056951839E+06
   4.0600000000000000E+04   1.2269802602135289E+03   1.2437240829548591E+03   9.1139575622176286E+04  -4.1320593837247444E+00   4.0653658204032616E+06
   4.0700000000000000E+04   1.2263570612148083E+03   1.2431367571986887E+03   9.0855611550462578E+04  -4.1321894590043939E+00   4.0599901436531926E+06
   4.0800000000000000E+04   1.2257151365870764E+03   1.2425418857928209E+03   9.0510791991822189E+04  -4.1323201020192926E+00   4.0545934954262869E+06
   4.0900000000000000E+04   1.2249821122256183E+03   1.2419395287596890E+03   8.9716125339011996E+04  -4.1324513050577920E+00   4.0491762959651030E+06
   4.1000000000000000E+04   1.2243922051509403E+03   1.2413297457317578E+03   8.9734070743261866E+04  -4.1325830602896074E+00   4.0437389552264339E+06
   4.1100000000000000E+04   1.2237274371808469E+03   1.2407125959606092E+03   8.9389452581503865E+04  -4.1327153600821935E+00   4.0382818824227573E+06
   4.1200000000000000E+04   1.2230547227190041E+03   1.2400881383173657E+03   8.9042367656592513E+04  -4.1328481967634474E+00   4.0328054810326989E+06
   4.1300000000000000E+04   1.2223751967594544E+03   1.2394564312989232E+03   8.8698553701312136E+04  -4.1329815627601416E+00   4.0273101499578515E+06
   4.1400000000000000E+04   1.2216871683850454E+03   1.2388175330306783E+03   8.8348818917863522E+04  -4.1331154505188143E+00   4.0217962818235867E+06
   4.1500000000000000E+04   1.2209691751959294E+03   1.2381715012714164E+03   8.7881675421367414E+04  -4.1332498525651031E+00   4.0162642682214603E+06
   4.1600000000000000E+04   1.2202434584564003E+03   1.2375183934165314E+03   8.7414148173125446E+04  -4.1333847614641970E+00   4.0107144933937499E+06
   4.1700000000000000E+04   1.2196073017438441E+03   1.2368582665021515E+03   8.7443305008308816E+04  -4.1335201698405912E+00   4.0051473389130416E+06
   4.1800000000000000E+04   1.2188751495533704E+03   1.2361911772085448E+03   8.7015494315543765E+04  -4.1336560703583416E+00   3.9995631802094947E+06
   4.1900000000000000E+04   1.2181556327409157E+03   1.2355171818637859E+03   8.6688820437857663E+04  -4.1337924557210490E+00   3.9939623901444580E+06
   4.2000000000000000E+04   1.2174375556863392E+03   1.2348363364483928E+03   8.6404682700361911E+04  -4.1339293187311696E+00   3.9883453366971184E+06
   4.2100000000000000E+04   1.2167034992659826E+03   1.2341486965971835E+03   8.6074866867726945E+04  -4.1340666521911738E+00   3.9827123829881339E+06
   4.2200000000000000E+04   1.2159613656363451E+03   1.2334543176037830E+03   8.5739262262619275E+04  -4.1342044489628478E+00   3.9770638879089593E+06
   4.2300000000000000E+04   1.2152327417999068E+03   1.2327532544244177E+03   8.5504468359056496E+04  -4.1343427019870660E+00   3.9714002073831731E+06
   4.2400000000000000E+04   1.2144541891039728E+03   1.2320455616809600E+03   8.5056631425554879E+04  -4.1344814042640303E+00   3.9657216925961124E+06
   4.2500000000000000E+04   1.2136724358806982E+03   1.2313312936628206E+03   8.4627945306227455E+04  -4.1346205487741674E+00   3.9600286893995190E+06
   4.2600000000000000E+04   1.2129165687271413E+03   1.2306105043326927E+03   8.4358161102749829E+04  -4.1347601286165423E+00   3.9543215414210577E+06
   4.2700000000000000E+04   1.2120901177961382E+03   1.2298832473283517E+03   8.3781176741890202E+04  -4.1349001369297715E+00   3.9486005882795248E+06
   4.2800000000000000E+04   1.2113449324606440E+03   1.2291495759658033E+03   8.3625606412781068E+04  -4.1350405668920081E+00   3.9428661637410428E+06
   4.2900000000000000E+04   1.2106267619644500E+03   1.2284095432420040E+03   8.3628395608645122E+04  -4.1351814117011960E+00   3.9371185982313124E+06
   4.3000000000000000E+04   1.2098385556403421E+03   1.2276632018397486E+03   8.3326998937912154E+04  -4.1353226646738994E+00   3.9313582201545984E+06
   4.3100000000000000E+04   1.2090413176328084E+03   1.2269106041284601E+03   8.3013141783478291E+04  -4.1354643191266973E+00   3.9255853521606736E+06
   4.3200000000000000E+04   1.2082196082840394E+03   1.2261518021678528E+03   8.2614579103410782E+04  -4.1356063684157158E+00   3.9198003117735353E+06
   4.3300000000000000E+04   1.2074402578606293E+03   1.2253868477119554E+03   8.2443596451334597E+04  -4.1357488059959371E+00   3.9140034171821545E+06
   4.3400000000000000E+04   1.2065847046801675E+03   1.2246157922104510E+03   8.1947507686891578E+04  -4.1358916253421238E+00   3.9081949783449769E+06
   4.3500000000000000E+04   1.2057225536547298E+03   1.2238386868122207E+03   8.1452807500177441E+04  -4.1360348199883594E+00   3.9023753047039709E+06
   4.3600000000000000E+04   1.2049221269442937E+03   1.2230555823673094E+03   8.1268941814952646E+04  -4.1361783834885006E+00   3.8965446987796547E+06
   4.3700000000000000E+04   1.2040844663909879E+03   1.2222665294311641E+03   8.0943077725871335E+04  -4.1363223094952710E+00   3.8907034620240200E+06
   4.3800000000000000E+04   1.2031914319870509E+03   1.2214715782657386E+03   8.0396738350966436E+04  -4.1364665916811676E+00   3.8848518922856180E+06
   4.3900000000000000E+04   1.2023613705111768E+03   1.2206707788420688E+03   8.0160285033088061E+04  -4.1366112237384565E+00   3.8789902805432826E+06
   4.4000000000000000E+04   1.2014477896197159E+03   1.2198641808451962E+03   7.9581450337836577E+04  -4.1367561994978255E+00   3.8731189201534963E+06
   4.4100000000000000E+04   1.2006335174675160E+03   1.2190518336727250E+03   7.9466248419807060E+04  -4.1369015127306366E+00   3.8672380956929093E+06
   4.4200000000000000E+04   1.1997703196367904E+03   1.2182337864408410E+03   7.9161771451816981E+04  -4.1370471573268928E+00   3.8613480895668897E+06
   4.4300000000000000E+04   1.1989742260477360E+03   1.2174100879851505E+03   7.9174129366983252E+04  -4.1371931272161504E+00   3.8554491820725454E+06
   4.4400000000000000E+04   1.1980988178893547E+03   1.2165807868622364E+03   7.8865190432103467E+04  -4.1373394163279551E+00   3.8495416480897209E+06
   4.4500000000000000E+04   1.1972178679200249E+03   1.2157459313548234E+03   7.8557198219399885E+04  -4.1374860187302787E+00   3.8436257624901002E+06
   4.4600000000000000E+04   1.1963305061959738E+03   1.2149055694704177E+03   7.8246225782957350E+04  -4.1376329284515316E+00   3.8377017927612723E+06
   4.4700000000000000E+04   1.1954390963794333E+03   1.2140597489459878E+03   7.7942192629567100E+04  -4.1377801395992364E+00   3.8317700057845628E+06
   4.4800000000000000E+04   1.1945399241302946E+03   1.2132085172497721E+03   7.7629096144248251E+04  -4.1379276463402164E+00   3.8258306638103789E+06
   4.4900000000000000E+04   1.1935640076833283E+03   1.2123519215830358E+03   7.7018642195809080E+04  -4.1380754428808544E+00   3.8198840272166352E+06
   4.5000000000000000E+04   1.1927071490829089E+03   1.2114900088821953E+03   7.6929328657992926E+04  -4.1382235234670786E+00   3.8139303518062215E+06
   4.5100000000000000E+04   1.1918746869427778E+03   1.2106228258209051E+03   7.6962876737299215E+04  -4.1383718823843614E+00   3.8079698895057640E+06
   4.5200000000000000E+04   1.1909613344260590E+03   1.2097504188129512E+03   7.6681010284730786E+04  -4.1385205139972703E+00   3.8020028918641037E+06
   4.5300000000000000E+04   1.1900296832896640E+03   1.2088728340134355E+03   7.6345754321416636E+04  -4.1386694127099206E+00   3.7960296066444861E+06
   4.5400000000000000E+04   1.1891008733944211E+03   1.2079901173194621E+03   7.6044446736810700E+04  -4.1388185729066489E+00   3.7900502750408985E+06
   4.5500000000000000E+04   1.1881665410723419E+03   1.2071023143759214E+03   7.5742276726630182E+04  -4.1389679891299878E+00   3.7840651400846182E+06
   4.5600000000000000E+04   1.1872234832353154E+03   1.2062094705726970E+03   7.5426164766536938E+04  -4.1391176558631431E+00   3.7780744382959791E+06
   4.5700000000000000E+04   1.1861925710929672E+03   1.2053116310503974E+03   7.4780439299176694E+04  -4.1392675677079618E+00   3.7720784053174038E+06
   4.5800000000000000E+04   1.1853155903050279E+03   1.2044088406996125E+03   7.4770117527362454E+04  -4.1394177192662989E+00   3.7660772717186725E+06
   4.5900000000000000E+04   1.1843637666716727E+03   1.2035011441644508E+03   7.4481634112833824E+04  -4.1395681052190865E+00   3.7600712679811441E+06
   4.6000000000000000E+04   1.1834068542294142E+03   1.2025885858425700E+03   7.4193070990946886E+04  -4.1397187202472798E+00   3.7540606181390160E+06
   4.6100000000000000E+04   1.1823799927932077E+03   1.2016712098895443E+03   7.3651755065200923E+04  -4.1398695591504504E+00   3.7480455476430180E+06
   4.6200000000000000E+04   1.1814584240186127E+03   1.2007490602170674E+03   7.3540088451801988E+04  -4.1400206166886386E+00   3.7420262755427067E+06
   4.6300000000000000E+04   1.1804676717523107E+03   1.1998221804977045E+03   7.3179397863352191E+04  -4.1401718877207525E+00   3.7360030187903550E+06
   4.6400000000000000E+04   1.1795124986970786E+03   1.1988906141652274E+03   7.2974405911804730E+04  -4.1403233671452355E+00   3.7299759937310331E+06
   4.6500000000000000E+04   1.1785107470145567E+03   1.1979544044153367E+03   7.2609906199039382E+04  -4.1404750498605400E+00   3.7239454110789075E+06
   4.6600000000000000E+04   1.1775411623931591E+03   1.1970135942094819E+03   7.2386068284717679E+04  -4.1406269308639869E+00   3.7179114795458768E+06
   4.6700000000000000E+04   1.1765101701154517E+03   1.1960682262746434E+03   7.1949196837883341E+04  -4.1407790051726616E+00   3.7118744080743208E+06
   4.6800000000000000E+04   1.1756005323318927E+03   1.1951183431053071E+03   7.1984597897012820E+04  -4.1409312678432073E+00   3.7058343985770922E+06
   4.6900000000000000E+04   1.1747012296530729E+03   1.1941639869649746E+03   7.2075394118866679E+04  -4.1410837139718071E+00   3.6997916532543139E+06
   4.7000000000000000E+04   1.1736973936026363E+03   1.1932051998880950E+03   7.1789816479041561E+04  -4.1412363387139637E+00   3.6937463695015609E+06
   4.7100000000000000E+04   1.1726896110832613E+03   1.1922420236810713E+03   7.1506768183905355E+04  -4.1413891372647313E+00   3.6876987450831486E+06
   4.7200000000000000E+04   1.1715727388616071E+03   1.1912744999236852E+03   7.0839592674685060E+04  -4.1415421048587078E+00   3.6816489737511287E+06
   4.7300000000000000E+04   1.1706454509141965E+03   1.1903026699705060E+03   7.0886039465727372E+04  -4.1416952367700448E+00   3.6755972452523536E+06
   4.7400000000000000E+04   1.1696085299881254E+03   1.1893265749518014E+03   7.0546877723817655E+04  -4.1418485282926527E+00   3.6695437490624883E+06
   4.7500000000000000E+04   1.1686034747986885E+03   1.1883462557762759E+03   7.0339916415051324E+04  -4.1420019747995473E+00   3.6634886714529484E+06
   4.7600000000000000E+04   1.1675966480123200E+03   1.1873617531305631E+03   7.0141777371760836E+04  -4.1421555716637428E+00   3.6574321932582231E+06
   4.7700000000000000E+04   1.1665630268607304E+03   1.1863731074833092E+03   6.9862360967601504E+04  -4.1423093143768943E+00   3.6513745003855014E+06
   4.7800000000000000E+04   1.1654803075149389E+03   1.1853803590827540E+03   6.9423813336259816E+04  -4.1424631983911118E+00   3.6453157688668477E+06
   4.7900000000000000E+04   1.1644662624799187E+03   1.1843835479607767E+03   6.9245112982995401E+04  -4.1426172192375859E+00   3.6392561761205038E+06
   4.8000000000000000E+04   1.1634299335239621E+03   1.1833827139322734E+03   6.9002056055813140E+04  -4.1427713724475268E+00   3.6331958949650764E+06
   4.8100000000000000E+04   1.1623199406268282E+03   1.1823778965991946E+03   6.8516523242298106E+04  -4.1429256536707717E+00   3.6271350996905598E+06
   4.8200000000000000E+04   1.1612883039548747E+03   1.1813691353475194E+03   6.8319390403071797E+04  -4.1430800584978389E+00   3.6210739569971026E+06
   4.8300000000000000E+04   1.1602688967868307E+03   1.1803564693531423E+03   6.8178018722301058E+04  -4.1432345826576702E+00   3.6150126358728381E+06
   4.8400000000000000E+04   1.1592040985787532E+03   1.1793399375787956E+03   6.7893654158442543E+04  -4.1433892218396489E+00   3.6089513023204831E+06
   4.8500000000000000E+04   1.1581460366432129E+03   1.1783195787784966E+03   6.7646333048999397E+04  -4.1435439718320319E+00   3.6028901170731089E+06
   4.8600000000000000E+04   1.1570355729881990E+03   1.1772954314958304E+03   6.7235054659640140E+04  -4.1436988284033012E+00   3.5968292417279929E+06
   4.8700000000000000E+04   1.1560519643993186E+03   1.1762675340683850E+03   6.7266291065727186E+04  -4.1438537874405785E+00   3.5907688357268772E+06
   4.8800000000000000E+04   1.1549789040792296E+03   1.1752359246245508E+03   6.7007519552075784E+04  -4.1440088447716708E+00   3.5847090540637872E+06
   4.8900000000000000E+04   1.1539007396391373E+03   1.1742006410888864E+03   6.6744707682014996E+04  -4.1441639963430186E+00   3.5786500519230547E+06
   4.9000000000000000E+04   1.1527986729244776E+03   1.1731617211803073E+03   6.6415364650293530E+04  -4.1443192381010610E+00   3.5725919808530402E+06
   4.9100000000000000E+04   1.1517332532157329E+03   1.1721192024140778E+03   6.6220544798699440E+04  -4.1444745660317892E+00   3.5665349918790869E+06
   4.9200000000000000E+04   1.1505411941725904E+03   1.1710731221033184E+03   6.5623056583581012E+04  -4.1446299761805188E+00   3.5604792316510519E+06
   4.9300000000000000E+04   1.1495334772985257E+03   1.1700235173580777E+03   6.5640730741406209E+04  -4.1447854645727835E+00   3.5544248463413403E+06
   4.9400000000000000E+04   1.1484032441368506E+03   1.1689704250906789E+03   6.5271435666748235E+04  -4.1449410273923064E+00   3.5483719816826787E+06
   4.9500000000000000E+04   1.1473106428813308E+03   1.1679138820104019E+03   6.5036376969905963E+04  -4.1450966607239499E+00   3.5423207790919575E+06
   4.9600000000000000E+04   1.1462211696822847E+03   1.1668539246287978E+03   6.4822786574238322E+04  -4.1452523607316536E+00   3.5362713764524204E+06
   4.9700000000000000E+04   1.1451163249696397E+03   1.1657905892616225E+03   6.4571382875140254E+04  -4.1454081236980258E+00   3.5302239151944788E+06
   4.9800000000000000E+04   1.1440021867551941E+03   1.1647239120244085E+03   6.4301919121645522E+04  -4.1455639458067761E+00   3.5241785285579958E+06
   4.9900000000000000E+04   1.1428924038553182E+03   1.1636539288392344E+03   6.4057492742804199E+04  -4.1457198233800483E+00   3.5181353533879113E+06
   5.0000000000000000E+04   1.1417129335578215E+03   1.1625806754322182E+03   6.3606949014157923E+04  -4.1458757527399834E+00   3.5120945215127044E+06


