#Te   kappa_tot   kappa_e_ph  kappa_e_e mu Ce
#[K]  [W/(K*m)]   [W/(K*m)]   [W/(K*m)]   [eV]  [J/(m^3*K)]
   3.0000000000000000E+02   1.1119989163950335E-77   1.5896919171169827E-31   1.1119989163950335E-77  -5.6390239424589490E+00   9.9535030365085443E-25
   4.0000000000000000E+02   2.9967466805634810E-57   2.8836059989921597E-23   2.9967466805634810E-57  -5.6390239424589490E+00   4.6083893578671543E-17
   5.0000000000000000E+02   7.4550982914897127E-33   2.8385334173130884E-18   7.4550982914897332E-33  -5.6390239424589490E+00   1.9341503629798302E-12
   6.0000000000000000E+02   6.5134399019759553E-37   6.3540054900248910E-15   6.5134399019759544E-37  -5.6390239424589490E+00   2.3844919728049122E-09
   7.0000000000000000E+02   9.7755959962710804E-28   1.6242166764887965E-12   9.7755959962710858E-28  -5.6390239424589490E+00   3.8841014574078465E-07
   8.0000000000000000E+02   2.6365144826672491E-24   1.0674726852881582E-10   2.6365144826673142E-24  -5.6390239424589490E+00   1.7802479883545838E-05
   9.0000000000000000E+02   5.6842592935588515E-21   2.8373609833129502E-09   5.6842592935702394E-21  -5.6390239424589490E+00   3.4997753654015715E-04
   1.0000000000000000E+03   2.5551712659019485E-18   4.0067063590401103E-08   2.5551712660648980E-18  -5.6390239424589490E+00   3.8027851035144920E-03
   1.1000000000000000E+03   6.2683177734045944E-16   4.7700107722761685E-07   6.2683177816418513E-16  -4.9771028462007445E+00   2.8665379301593574E-04
   1.2000000000000000E+03   6.7224245222106718E-14   7.3384085600013447E-06   6.7224245837921328E-14  -5.1425831202652974E+00   2.1092854385871126E-03
   1.3000000000000000E+03   2.9846795110832903E-12   4.0546156864174720E-05   2.9846797307912264E-12  -5.1425831202652974E+00   1.1888873977971831E-02
   1.4000000000000000E+03   8.5058339348584630E-11   1.8753959797997345E-04   8.5058377926700665E-11  -5.1012130517491583E+00   4.2992866778981044E-02
   1.5000000000000000E+03   1.4329351603842826E-09   6.7690411685464638E-04   1.4329381937644458E-09  -5.0882849053378658E+00   1.3844287245727288E-01
   1.6000000000000000E+03   1.6857401864524031E-08   2.0791213035265812E-03   1.6857538544524956E-08  -5.0740639442854425E+00   4.2722585467017976E-01
   1.7000000000000000E+03   1.4729522737094609E-07   5.5897108866188568E-03   1.4729910886968057E-07  -5.0598429832330201E+00   1.1082683272408254E+00
   1.8000000000000000E+03   1.0056783689979715E-06   1.3448918462688444E-02   1.0057535768758104E-06  -5.0449756148600358E+00   2.6226011914149474E+00
   1.9000000000000000E+03   5.5750500052411867E-06   2.9480066036309600E-02   5.5761045164989182E-06  -5.0301890474021169E+00   5.6572276141054756E+00
   2.0000000000000000E+03   2.5901148967450271E-05   5.9708325211849066E-02   2.5912389622104764E-05  -5.0152812785715950E+00   1.1306293544162466E+01
   2.1000000000000000E+03   1.0343240889894522E-04   1.1303053957130166E-01   1.0352714490590992E-04  -5.0003129090547702E+00   2.1210247081984352E+01
   2.2000000000000000E+03   3.6242266239832412E-04   2.0188243173830009E-01   3.6307445964080254E-04  -4.9853445395379454E+00   3.7634945760464426E+01
   2.3000000000000000E+03   1.1333250876337728E-03   3.4285369502404034E-01   1.1370837917300464E-03  -4.9704064703642707E+00   6.3627751102593137E+01
   2.4000000000000000E+03   3.2073597345619407E-03   5.5722650600919732E-01   3.2259279673316254E-03  -4.9555391019912856E+00   1.0311557791304550E+02
   2.5000000000000000E+03   8.3106583493456187E-03   8.7139690413115889E-01   8.3906816871488817E-03  -4.9407727347621355E+00   1.6097494804624068E+02
   2.6000000000000000E+03   1.9907530890828019E-02   1.3171572492386732E+00   2.0213030888680403E-02  -4.9261225188484010E+00   2.4310924195786879E+02
   2.7000000000000000E+03   4.4442910690655202E-02   1.9318647810577139E+00   4.5489402914607985E-02  -4.9116073919645524E+00   3.5653909332220047E+02
   2.8000000000000000E+03   9.3097419488125235E-02   2.7584706358549562E+00   9.6349170298153305E-02  -4.8972437667964561E+00   5.0927087488723333E+02
   2.9000000000000000E+03   1.8404128855035434E-01   3.8454150455664982E+00   1.9329224137273932E-01  -4.8830417434585032E+00   7.1045039465934485E+02
   3.0000000000000000E+03   3.4503591220765301E-01   5.2464364383441193E+00   3.6932484351986483E-01  -4.8690107908079270E+00   9.7019551470623549E+02
   3.1000000000000000E+03   6.1606903994995266E-01   7.0202613008827086E+00   6.7533351024078947E-01  -4.8551562745304890E+00   1.2996515942242268E+03
   3.2000000000000000E+03   1.0515706299000858E+00   9.2302466129334242E+00   1.1867759848942738E+00  -4.8414829290548171E+00   1.7108092805404974E+03
   3.3000000000000000E+03   1.7217069165003378E+00   1.1943948753624282E+01   2.0116897552510116E+00  -4.8279940684809333E+00   2.2165124340762495E+03
   3.4000000000000000E+03   2.7123430891419749E+00   1.5232635842047106E+01   3.2999335854991148E+00  -4.8146907975088533E+00   2.8303460800153298E+03
   3.5000000000000000E+03   4.1235012588154900E+00   1.9170804948479386E+01   5.2534885962234936E+00  -4.8015740630243027E+00   3.5664789969354511E+03
   3.6000000000000000E+03   6.0664590241292258E+00   2.3835633078989492E+01   8.1375696440048166E+00  -4.7886430759558394E+00   4.4396929772862741E+03
   3.7000000000000000E+03   8.6599285397067742E+00   2.9306468776523683E+01   1.2292225353247376E+01  -4.7758968894177425E+00   5.4651260428888554E+03
   3.8000000000000000E+03   1.2025925130041793E+01   3.5664283689455566E+01   1.8144068861124843E+01  -4.7633336885457069E+00   6.6583257112526107E+03
   3.9000000000000000E+03   1.6285820749744982E+01   4.2991151038906253E+01   2.6217469398946321E+01  -4.7509511850325694E+00   8.0350252135170749E+03
   4.0000000000000000E+03   2.1556980981930838E+01   5.1369730990453512E+01   3.7144386669848984E+01  -4.7387466960354523E+00   9.6111076653749424E+03
   4.1000000000000000E+03   2.7952993687044831E+01   6.0882766501886913E+01   5.1681364376434757E+01  -4.7267171047221721E+00   1.1402543418896219E+04
   4.2000000000000000E+03   3.5574350048946073E+01   7.1612607862924278E+01   7.0690764053678720E+01  -4.7148590180855612E+00   1.3425232080380574E+04
   4.3000000000000000E+03   4.4456747875030274E+01   8.3640763353984568E+01   9.4895744681917847E+01  -4.7031688853041489E+00   1.5694957804557929E+04
   4.4000000000000000E+03   5.4817413203488897E+01   9.7047458032180757E+01   1.2597406961983305E+02  -4.6916428399279022E+00   1.8227337045186152E+04
   4.5000000000000000E+03   6.6750946761216198E+01   1.1191125011716755E+02   1.6541478562870989E+02  -4.6802769563264297E+00   2.1037664813397241E+04
   4.6000000000000000E+03   8.0213526085955010E+01   1.2830864874164902E+02   2.1399444630948287E+02  -4.6690670918746831E+00   2.4140949280493238E+04
   4.7000000000000000E+03   9.5307849421219572E+01   1.4631379287739801E+02   2.7339662782215214E+02  -4.6580090644940553E+00   2.7551739600107481E+04
   4.8000000000000000E+03   1.1201087015032491E+02   1.6599814464942759E+02   3.4440702550803752E+02  -4.6470985934720064E+00   3.1284185542897801E+04
   4.9000000000000000E+03   1.3072741399694289E+02   1.8743022699319567E+02   4.3211734277274246E+02  -4.6363313389156300E+00   3.5351875698931675E+04
   5.0000000000000000E+03   1.5116970621114265E+02   2.1067539762497137E+02   5.3520490575261829E+02  -4.6257029313418556E+00   3.9767879711896996E+04
   5.1000000000000000E+03   1.7350192412855176E+02   2.3579566056527284E+02   6.5674340871807760E+02  -4.6152090012675995E+00   4.4544628682528237E+04
   5.2000000000000000E+03   1.9778550141770646E+02   2.6284950751831781E+02   7.9902583252430861E+02  -4.6048451693463930E+00   4.9693946717470702E+04
   5.3000000000000000E+03   2.2406584883564696E+02   2.9189180061114268E+02   9.6427668702070457E+02  -4.5946070759585504E+00   5.5226965450213349E+04
   5.4000000000000000E+03   2.5242539702957470E+02   3.2297368411897122E+02   1.1556164409849903E+03  -4.5844903812111752E+00   6.1154167525381024E+04
   5.5000000000000000E+03   2.8283291523544256E+02   3.5614253965739601E+02   1.3740192167795512E+03  -4.5744908142551148E+00   6.7485288523738011E+04
   5.6000000000000000E+03   3.1536214089865672E+02   3.9144195137159744E+02   1.6225851649039109E+03  -4.5646041288997043E+00   7.4229372631291655E+04
   5.7000000000000000E+03   3.5004798630435306E+02   4.2891172449889552E+02   1.9037860606201366E+03  -4.5548261677248130E+00   8.1394701164641723E+04
   5.8000000000000000E+03   3.8692204200287784E+02   4.6858790930070046E+02   2.2201073315402150E+03  -4.5451528374223704E+00   8.8988821010472704E+04
   5.9000000000000000E+03   4.2601258826249756E+02   5.1050285923098181E+02   2.5740318013362585E+03  -4.5355801285231356E+00   9.7018577026032130E+04
   6.0000000000000000E+03   4.6734464884780806E+02   5.5468530643844610E+02   2.9680244792008652E+03  -4.5261041203284096E+00   1.0549002359018184E+05
   6.1000000000000000E+03   5.1093465858042140E+02   6.0116045814411109E+02   3.4042780991604704E+03  -4.5167209932392751E+00   1.1440850619694202E+05
   6.2000000000000000E+03   5.5680628492372102E+02   6.4995010179294286E+02   3.8853497068221041E+03  -4.5074270213590433E+00   1.2377866524097034E+05
   6.3000000000000000E+03   6.0495560690616048E+02   7.0107273085617135E+02   4.4125111317420633E+03  -4.4982185872883464E+00   1.3360441507687731E+05
   6.4000000000000000E+03   6.5534637492597699E+02   7.5454367718904291E+02   4.9848882206272274E+03  -4.4890921845909899E+00   1.4388897267917317E+05
   6.5000000000000000E+03   7.0825305934182245E+02   8.1037524795784066E+02   5.6202354880886514E+03  -4.4800444128622559E+00   1.5463488614103346E+05
   6.6000000000000000E+03   7.6337914636840810E+02   8.6857687826166932E+02   6.3029255854631610E+03  -4.4710719949898339E+00   1.6584403212165859E+05
   6.7000000000000000E+03   8.2083704458844034E+02   9.2915527069997711E+02   7.0411517409802664E+03  -4.4621717574270408E+00   1.7751767354876554E+05
   6.8000000000000000E+03   8.8062896430036164E+02   9.9211455645056481E+02   7.8367508972573796E+03  -4.4533406523854540E+00   1.8965642338555158E+05
   6.9000000000000000E+03   9.4275478804422471E+02   1.0574564394741296E+03   8.6914365140737409E+03  -4.4445757442727514E+00   2.0226030314890106E+05
   7.0000000000000000E+03   1.0072122143756309E+03   1.1251803461019604E+03   9.6067927107499818E+03  -4.4358742109256157E+00   2.1532881453064948E+05
   7.1000000000000000E+03   1.0740129598447479E+03   1.1952835753180468E+03   1.0585829432553690E+04  -4.4272333497743821E+00   2.2886083869988046E+05
   7.2000000000000000E+03   1.1431059617718986E+03   1.2677614367588069E+03   1.1625527531909027E+04  -4.4186505692125531E+00   2.4285479748547997E+05
   7.3000000000000000E+03   1.2145110739624001E+03   1.3426073895016884E+03   1.2729574115138596E+04  -4.4101233898297219E+00   2.5730859211359892E+05
   7.4000000000000000E+03   1.2882256150427502E+03   1.4198131767106781E+03   1.3899791740420307E+04  -4.4016494468774310E+00   2.7221961851139902E+05
   7.5000000000000000E+03   1.3642235120680214E+03   1.4993689439901273E+03   1.5135357056203638E+04  -4.3932264779399217E+00   2.8758488227668474E+05
   7.6000000000000000E+03   1.4421743428280338E+03   1.5812633645767801E+03   1.6395668220070140E+04  -4.3848523303316824E+00   3.0340093627593870E+05
   7.7000000000000000E+03   1.5227368809535469E+03   1.6654837485082576E+03   1.7766369041410107E+04  -4.3765249549328251E+00   3.1966393681837816E+05
   7.8000000000000000E+03   1.6058049402665613E+03   1.7520161450800606E+03   1.9242001218613736E+04  -4.3682424012573957E+00   3.3636968375640496E+05
   7.9000000000000000E+03   1.6908262346601634E+03   1.8408454429908429E+03   2.0747674938416490E+04  -4.3600028186862847E+00   3.5351358452432294E+05
   8.0000000000000000E+03   1.7780059910384250E+03   1.9319554563423296E+03   2.2312700917896036E+04  -4.3518044490697099E+00   3.7109076744786935E+05
   8.1000000000000000E+03   1.8674737274572801E+03   2.0253290095002819E+03   2.3960229051242786E+04  -4.3436456267271755E+00   3.8909604663379258E+05
   8.2000000000000000E+03   1.9590606116490940E+03   2.1209480137645564E+03   2.5666393177141883E+04  -4.3355247765981275E+00   4.0752389125353517E+05
   8.3000000000000000E+03   2.0524201816083773E+03   2.2187935308470369E+03   2.7371551046917259E+04  -4.3274404056114477E+00   4.2636859285271534E+05
   8.4000000000000000E+03   2.1483358784782940E+03   2.3188458400321983E+03   2.9216238566955675E+04  -4.3193911051513396E+00   4.4562413795458974E+05
   8.5000000000000000E+03   2.2463882660204395E+03   2.4210844905145295E+03   3.1132302980708671E+04  -4.3113755442762187E+00   4.6528432318234217E+05
   8.6000000000000000E+03   2.3467386291447119E+03   2.5254883537776086E+03   3.3156196964424758E+04  -4.3033924691022438E+00   4.8534269934784860E+05
   8.7000000000000000E+03   2.4488588435033384E+03   2.6320356654482098E+03   3.5187223729041769E+04  -4.2954406972551951E+00   5.0579266709687636E+05
   8.8000000000000000E+03   2.5529739890116234E+03   2.7407040657082080E+03   3.7271311632393081E+04  -4.2875191160210475E+00   5.2662743764846888E+05
   8.9000000000000000E+03   2.6592479441867899E+03   2.8514706351219406E+03   3.9447826827662029E+04  -4.2796266804966194E+00   5.4784002966372436E+05
   9.0000000000000000E+03   2.7674477738157047E+03   2.9643119196111870E+03   4.1671267206502132E+04  -4.2717624061919892E+00   5.6942342330136057E+05
   9.1000000000000000E+03   2.8775891107814937E+03   3.0792039641689398E+03   4.3948566528181647E+04  -4.2639253727293118E+00   5.9137033704412810E+05
   9.2000000000000000E+03   2.9896984343759891E+03   3.1961223286029249E+03   4.6290386864775282E+04  -4.2561147152123171E+00   6.1367346696535486E+05
   9.3000000000000000E+03   3.1037308611277581E+03   3.3150421100086269E+03   4.8691201047098555E+04  -4.2483296242263169E+00   6.3632536972661025E+05
   9.4000000000000000E+03   3.2196223431753974E+03   3.4359379579052643E+03   5.1140194538664779E+04  -4.2405693421394401E+00   6.5931853622814466E+05
   9.5000000000000000E+03   3.3373763788484130E+03   3.5587840898859758E+03   5.3643126986629839E+04  -4.2328331618697073E+00   6.8264535249273863E+05
   9.6000000000000000E+03   3.4569649361344577E+03   3.6835542992574933E+03   5.6198216356546720E+04  -4.2251204213368609E+00   7.0629818168804096E+05
   9.7000000000000000E+03   3.5783614096186925E+03   3.8102219705680277E+03   5.8804098488061674E+04  -4.2174305053117758E+00   7.3026926202010061E+05
   9.8000000000000000E+03   3.7015375244123852E+03   3.9387600831035620E+03   6.1459029561541203E+04  -4.2097628395600353E+00   7.5455083860595222E+05
   9.9000000000000000E+03   3.8264639510521902E+03   4.0691412195674593E+03   6.4161024572582530E+04  -4.2021168899172663E+00   7.7913509595281119E+05
   1.0000000000000000E+04   3.9531125922292163E+03   4.2013375710441360E+03   6.6908497829639135E+04  -4.1944921595150504E+00   8.0401420722631214E+05
   1.0100000000000000E+04   4.0814132055368632E+03   4.3353209437381793E+03   6.9687660074323241E+04  -4.1868881878562263E+00   8.2918032179940899E+05
   1.0200000000000000E+04   4.2113751335468050E+03   4.4710627623017217E+03   7.2507583930595749E+04  -4.1793045480408244E+00   8.5462552130335453E+05
   1.0300000000000000E+04   4.3431035577175862E+03   4.6085340724873449E+03   7.5407082503096157E+04  -4.1717408439919614E+00   8.8034197196527210E+05
   1.0400000000000000E+04   4.4762997511166514E+03   4.7477055472835391E+03   7.8303976775103642E+04  -4.1641967101476425E+00   9.0632174643407343E+05
   1.0500000000000000E+04   4.6110658381479470E+03   4.8885474890568266E+03   8.1235693427368547E+04  -4.1566718086866601E+00   9.3255699361302867E+05
   1.0600000000000000E+04   4.7473708407211725E+03   5.0310298340439931E+03   8.4200271788164915E+04  -4.1491658282956667E+00   9.5903982681988622E+05
   1.0700000000000000E+04   4.8851835057818034E+03   5.1751221564668076E+03   8.7195761377271119E+04  -4.1416784826280439E+00   9.8576239534666098E+05
   1.0800000000000000E+04   5.0244720957708278E+03   5.3207936717711736E+03   9.0220157748948666E+04  -4.1342095081462578E+00   1.0127168772378733E+06
   1.0900000000000000E+04   5.1652044828679509E+03   5.4680132416658362E+03   9.3271431844827370E+04  -4.1267586628889523E+00   1.0398954686247368E+06
   1.1000000000000000E+04   5.3074435420763630E+03   5.6167493812122048E+03   9.6378976595019281E+04  -4.1193257261627059E+00   1.0672903525481147E+06
   1.1100000000000000E+04   5.4509211543295442E+03   5.7669702609295255E+03   9.9463341408768218E+04  -4.1119104951515002E+00   1.0948938344027291E+06
   1.1200000000000000E+04   5.5957428002446732E+03   5.9186437164244935E+03   1.0256771134384767E+05  -4.1045127855331893E+00   1.1226981809264498E+06
   1.1300000000000000E+04   5.7418752084428234E+03   6.0717372542517460E+03   1.0569011517184932E+05  -4.0971324296300793E+00   1.1506957214534755E+06
   1.1400000000000000E+04   5.8885975194424946E+03   6.2262180582348283E+03   1.0859437741665677E+05  -4.0897692745595933E+00   1.1788788354413004E+06
   1.1500000000000000E+04   6.0379377948200527E+03   6.3820530004081193E+03   1.1198121557533750E+05  -4.0824231825424482E+00   1.2072399563712734E+06
   1.1600000000000000E+04   6.1878000584265874E+03   6.5392086479873115E+03   1.1514606317580481E+05  -4.0750940287450836E+00   1.2357715339797020E+06
   1.1700000000000000E+04   6.3390118805447237E+03   6.6976512735129591E+03   1.1838211815818162E+05  -4.0677817005090580E+00   1.2644661264559713E+06
   1.1800000000000000E+04   6.4911923293785267E+03   6.8573468665651153E+03   1.2156713316228056E+05  -4.0604860970428209E+00   1.2933162805547568E+06
   1.1900000000000000E+04   6.6444783237770725E+03   7.0182611440020919E+03   1.2475876770862725E+05  -4.0532071280346846E+00   1.3223146466558049E+06
   1.2000000000000000E+04   6.7988348219640638E+03   7.1803595616668572E+03   1.2795521113548877E+05  -4.0459447127281223E+00   1.3514539299948327E+06
   1.2100000000000000E+04   6.9541713306258962E+03   7.3436073276185953E+03   1.3113503614319666E+05  -4.0386987794594100E+00   1.3807268676136169E+06
   1.2200000000000000E+04   7.1106965947709932E+03   7.5079694156498517E+03   1.3438345074652269E+05  -4.0314692650411965E+00   1.4101262992066774E+06
   1.2300000000000000E+04   7.2679958319851185E+03   7.6734105780530836E+03   1.3756361020240444E+05  -4.0242561135295398E+00   1.4396450732170965E+06
   1.2400000000000000E+04   7.4262212425800690E+03   7.8398953614551356E+03   1.4074073000062699E+05  -4.0170592762239474E+00   1.4692761570547158E+06
   1.2500000000000000E+04   7.5853368786385681E+03   8.0073881208883276E+03   1.4391318004699261E+05  -4.0098787105885316E+00   1.4990125390591172E+06
   1.2600000000000000E+04   7.7453066398301071E+03   8.1758530349131461E+03   1.4707936129711338E+05  -4.0027143794814544E+00   1.5288473464646831E+06
   1.2700000000000000E+04   7.9060774508979830E+03   8.3452541235003537E+03   1.5023162559354791E+05  -3.9955662514631518E+00   1.5587737152993628E+06
   1.2800000000000000E+04   8.0676460347735656E+03   8.5155552633069747E+03   1.5338037548112127E+05  -3.9884342997175213E+00   1.5887848259453599E+06
   1.2900000000000000E+04   8.2299595679986342E+03   8.6867202035532482E+03   1.5651820776313840E+05  -3.9813185011272365E+00   1.6188740045385298E+06
   1.3000000000000000E+04   8.3929818670430559E+03   8.8587125856287748E+03   1.5964378369180710E+05  -3.9742188368902087E+00   1.6490345967300511E+06
   1.3100000000000000E+04   8.5566154762682781E+03   9.0314959581449712E+03   1.6273365833844463E+05  -3.9671352909784181E+00   1.6792600703672445E+06
   1.3200000000000000E+04   8.7208824628998882E+03   9.2050337963269085E+03   1.6580769743328358E+05  -3.9600678504461655E+00   1.7095439264065064E+06
   1.3300000000000000E+04   8.8857463282106164E+03   9.3792895205833192E+03   1.6886462766932693E+05  -3.9530165052759418E+00   1.7398797269068940E+06
   1.3400000000000000E+04   9.0512694504254396E+03   9.5542265123335364E+03   1.7193888922734925E+05  -3.9459812469913933E+00   1.7702611609586070E+06
   1.3500000000000000E+04   9.2172186026027175E+03   9.7298081349075637E+03   1.7495825195175858E+05  -3.9389620694278995E+00   1.8006819484245027E+06
   1.3600000000000000E+04   9.3836557922541306E+03   9.9059977498405115E+03   1.7795712523816453E+05  -3.9319589674996491E+00   1.8311359225897216E+06
   1.3700000000000000E+04   9.5505431521706341E+03   1.0082758738259112E+04   1.8093386390728576E+05  -3.9249719381243295E+00   1.8616169450036569E+06
   1.3800000000000000E+04   9.7178441831563669E+03   1.0260054514904821E+04   1.8388733162833046E+05  -3.9180009780655185E+00   1.8921190286905251E+06
   1.3900000000000000E+04   9.8867640266240469E+03   1.0437848552042733E+04   1.8726082990859245E+05  -3.9110460859361722E+00   1.9226361777064940E+06
   1.4000000000000000E+04   1.0054805069745749E+04   1.0616104393659731E+04   1.9017101166984209E+05  -3.9041072601951394E+00   1.9531625311331532E+06
   1.4100000000000000E+04   1.0223087230038098E+04   1.0794785675444018E+04   1.9303189728157193E+05  -3.8971844996094918E+00   1.9836923305468699E+06
   1.4200000000000000E+04   1.0391749055723069E+04   1.0973856143515997E+04   1.9590477698768303E+05  -3.8902778032545404E+00   2.0142197817587713E+06
   1.4300000000000000E+04   1.0561151661297970E+04   1.1153279671044525E+04   1.9892907646302701E+05  -3.8833871697432434E+00   2.0447393094752077E+06
   1.4400000000000000E+04   1.0730141746754984E+04   1.1333020277690290E+04   2.0170715618253616E+05  -3.8765125976885604E+00   2.0752453628943798E+06
   1.4500000000000000E+04   1.0899293288503872E+04   1.1513042146110083E+04   2.0445500050750756E+05  -3.8696540850869949E+00   2.1057324094777955E+06
   1.4600000000000000E+04   1.1068571643279713E+04   1.1693309639708532E+04   2.0717202448709108E+05  -3.8628116293185784E+00   2.1361951035553096E+06
   1.4700000000000000E+04   1.1238028906240983E+04   1.1873787320093585E+04   2.0988784768282506E+05  -3.8559852271468813E+00   2.1666280968008861E+06
   1.4800000000000000E+04   1.1407456580289178E+04   1.2054439962612769E+04   2.1254100836307349E+05  -3.8491748741025611E+00   2.1970261659894781E+06
   1.4900000000000000E+04   1.1577021444008198E+04   1.2235232574700247E+04   2.1520078176253731E+05  -3.8423805650998046E+00   2.2273841481312439E+06
   1.5000000000000000E+04   1.1746457421080218E+04   1.2416130410681710E+04   2.1778621725574031E+05  -3.8356022938198744E+00   2.2576969855441204E+06
   1.5100000000000000E+04   1.1915728186781449E+04   1.2597098987354524E+04   2.2029650720143819E+05  -3.8288400525569917E+00   2.2879596558956574E+06
   1.5200000000000000E+04   1.2085480743401191E+04   1.2778104100374168E+04   2.2296321584816638E+05  -3.8220938325265759E+00   2.3181672660004511E+06
   1.5300000000000000E+04   1.2254589907530111E+04   1.2959111837781080E+04   2.2541328285019391E+05  -3.8153636232487709E+00   2.3483149937665975E+06
   1.5400000000000000E+04   1.2423476892284874E+04   1.3140088596957581E+04   2.2780201046456044E+05  -3.8086494133960871E+00   2.3783980363151687E+06
   1.5500000000000000E+04   1.2593038391919543E+04   1.3321001095395663E+04   2.3044020993394594E+05  -3.8019511894834177E+00   2.4084117724637105E+06
   1.5600000000000000E+04   1.2759142619128876E+04   1.3501816386520572E+04   2.3196133814976801E+05  -3.7952689366386116E+00   2.4383516137216059E+06
   1.5700000000000000E+04   1.2928521142144722E+04   1.3682501873007324E+04   2.3461410550934280E+05  -3.7886026386024834E+00   2.4682130130342841E+06
   1.5800000000000000E+04   1.3098320623386307E+04   1.3863025317717555E+04   2.3745421175998478E+05  -3.7819522770352902E+00   2.4979915430042013E+06
   1.5900000000000000E+04   1.3266113873613727E+04   1.4043354857472284E+04   2.3969495764610500E+05  -3.7753178320561269E+00   2.5276829132553646E+06
   1.6000000000000000E+04   1.3434181608635492E+04   1.4223459014879738E+04   2.4209552940091008E+05  -3.7686992822429395E+00   2.5572827771777143E+06
   1.6100000000000000E+04   1.3601831059009062E+04   1.4403306707523823E+04   2.4443829939172845E+05  -3.7620966038619370E+00   2.5867870071498300E+06
   1.6200000000000000E+04   1.3768471307228836E+04   1.4582867261728403E+04   2.4654320587043237E+05  -3.7555097719464063E+00   2.6161914727058290E+06
   1.6300000000000000E+04   1.3934759680164630E+04   1.4762110419862358E+04   2.4863271548894842E+05  -3.7489387592179018E+00   2.6454921517349035E+06
   1.6400000000000000E+04   1.4100498815970104E+04   1.4941006352237966E+04   2.5065288922286654E+05  -3.7423835368568219E+00   2.6746850573591441E+06
   1.6500000000000000E+04   1.4266351359554907E+04   1.5119525665076580E+04   2.5282109896160179E+05  -3.7358440740400640E+00   2.7037663718774482E+06
   1.6600000000000000E+04   1.4430750981651816E+04   1.5297639409668871E+04   2.5465379141465641E+05  -3.7293203380951385E+00   2.7327322514033029E+06
   1.6700000000000000E+04   1.4594994943674517E+04   1.5475319089937624E+04   2.5656708932516878E+05  -3.7228122942689970E+00   2.7615790699475147E+06
   1.6800000000000000E+04   1.4758928034304276E+04   1.5652536671667282E+04   2.5851883322564818E+05  -3.7163199062674357E+00   2.7903031091547939E+06
   1.6900000000000000E+04   1.4921385784458587E+04   1.5829264588394697E+04   2.6016089656866645E+05  -3.7098431357927484E+00   2.8189008703198237E+06
   1.7000000000000000E+04   1.5084308210171901E+04   1.6005475748090274E+04   2.6209296278525560E+05  -3.7033819425437287E+00   2.8473688534934078E+06
   1.7100000000000000E+04   1.5245200145019275E+04   1.6181143540003099E+04   2.6356804606425617E+05  -3.6969362844468394E+00   2.8757036852730666E+06
   1.7200000000000000E+04   1.5407424698927738E+04   1.6356241839910399E+04   2.6560182528413663E+05  -3.6905061175021046E+00   2.9039020199044868E+06
   1.7300000000000000E+04   1.5567811636317227E+04   1.6530745015983688E+04   2.6725371666517964E+05  -3.6840913960142698E+00   2.9319606388308420E+06
   1.7400000000000000E+04   1.5727481460334606E+04   1.6704627933063450E+04   2.6886626872361219E+05  -3.6776920724387030E+00   2.9598763313179691E+06
   1.7500000000000000E+04   1.5886534651726210E+04   1.6877865955997575E+04   2.7047547192532482E+05  -3.6713080970731484E+00   2.9876460843632971E+06
   1.7600000000000000E+04   1.6044703100271190E+04   1.7050434955876444E+04   2.7201004430041387E+05  -3.6649394189053703E+00   3.0152668029226302E+06
   1.7700000000000000E+04   1.6202089995936036E+04   1.7222311310875692E+04   2.7350677123751293E+05  -3.6585859847655176E+00   3.0427356084468947E+06
   1.7800000000000000E+04   1.6358667281134030E+04   1.7393471910911416E+04   2.7496399964461010E+05  -3.6522477399425806E+00   3.0700496263741665E+06
   1.7900000000000000E+04   1.6514416898284879E+04   1.7563894159153115E+04   2.7638280629504973E+05  -3.6459246278761674E+00   3.0972060555927586E+06
   1.8000000000000000E+04   1.6669316174402786E+04   1.7733555974455285E+04   2.7776282320965838E+05  -3.6396165903106081E+00   3.1242022059247792E+06
   1.8100000000000000E+04   1.6823275650484331E+04   1.7902435793601100E+04   2.7908518869220262E+05  -3.6333235675261482E+00   3.1510354038646813E+06
   1.8200000000000000E+04   1.6976345803632837E+04   1.8070512570846862E+04   2.8036975664385560E+05  -3.6270454977995206E+00   3.1777031246514069E+06
   1.8300000000000000E+04   1.7128507048327254E+04   1.8237765780488091E+04   2.8161662438149477E+05  -3.6207823180204199E+00   3.2042028190660602E+06
   1.8400000000000000E+04   1.7279886875173976E+04   1.8404175416291982E+04   2.8286516992171662E+05  -3.6145339633832743E+00   3.2305321264971839E+06
   1.8500000000000000E+04   1.7430180346623205E+04   1.8569721991920247E+04   2.8403841548191378E+05  -3.6083003675413550E+00   3.2566886793871052E+06
   1.8600000000000000E+04   1.7579509556559475E+04   1.8734386540754724E+04   2.8517437938116939E+05  -3.6020814626838353E+00   3.2826702001046827E+06
   1.8700000000000000E+04   1.7727861084035681E+04   1.8898150614899994E+04   2.8627427658752113E+05  -3.5958771794587325E+00   3.3084744600449284E+06
   1.8800000000000000E+04   1.7875215824342376E+04   1.9060996283832410E+04   2.8733769364611129E+05  -3.5896874468958537E+00   3.3340993617123077E+06
   1.8900000000000000E+04   1.8021324555194969E+04   1.9222906134343069E+04   2.8830521069293644E+05  -3.5835121928691356E+00   3.3595428143939180E+06
   1.9000000000000000E+04   1.8166638361983543E+04   1.9383863267596349E+04   2.8929709901333065E+05  -3.5773513437113627E+00   3.3848028156588962E+06
   1.9100000000000000E+04   1.8310838615877601E+04   1.9543851297264708E+04   2.9023570676851162E+05  -3.5712048242912227E+00   3.4098774737018961E+06
   1.9200000000000000E+04   1.8453981313569740E+04   1.9702854348303445E+04   2.9113936793831660E+05  -3.5650725583985929E+00   3.4347648551676078E+06
   1.9300000000000000E+04   1.8596052746054265E+04   1.9860857052853833E+04   2.9200845012242813E+05  -3.5589544682821956E+00   3.4594632451963569E+06
   1.9400000000000000E+04   1.8737040313872429E+04   2.0017844548681733E+04   2.9284347296159988E+05  -3.5528504751119452E+00   3.4839708404132770E+06
   1.9500000000000000E+04   1.8876930269404242E+04   2.0173802475232646E+04   2.9364455563333217E+05  -3.5467604987477754E+00   3.5082860580702326E+06
   1.9600000000000000E+04   1.9015713286725128E+04   2.0328716970367659E+04   2.9441277142733242E+05  -3.5406844578166914E+00   3.5324072448900780E+06
   1.9700000000000000E+04   1.9153373459263850E+04   2.0482574667567944E+04   2.9514749126336403E+05  -3.5346222700210101E+00   3.5563328782567275E+06
   1.9800000000000000E+04   1.9289901520864692E+04   2.0635362690530947E+04   2.9584957419945928E+05  -3.5285738516760072E+00   3.5800614985887231E+06
   1.9900000000000000E+04   1.9425286227205677E+04   2.0787068650627316E+04   2.9651929076043394E+05  -3.5225391182493206E+00   3.6035916848886637E+06
   2.0000000000000000E+04   1.9559518845679740E+04   2.0937680641292027E+04   2.9715738775520859E+05  -3.5165179839756702E+00   3.6269221247415850E+06
   2.0100000000000000E+04   1.9692516410951659E+04   2.1087187234593839E+04   2.9774752123486681E+05  -3.5105103622421323E+00   3.6500514946914879E+06
   2.0200000000000000E+04   1.9824340369410646E+04   2.1235577475944025E+04   2.9830658071216644E+05  -3.5045161654340404E+00   3.6729786028830041E+06
   2.0300000000000000E+04   1.9954981885503785E+04   2.1382840879097588E+04   2.9883497202272579E+05  -3.4985353049349706E+00   3.6957022680865792E+06
   2.0400000000000000E+04   2.0084432566256852E+04   2.1528967421704052E+04   2.9933309865928738E+05  -3.4925676913579262E+00   3.7182213915560949E+06
   2.0500000000000000E+04   2.0212682993735347E+04   2.1673947539255252E+04   2.9980104025445186E+05  -3.4866132343141563E+00   3.7405349574564565E+06
   2.0600000000000000E+04   2.0339728525550192E+04   2.1817772120564470E+04   3.0023983288551925E+05  -3.4806718427213927E+00   3.7626419566913568E+06
   2.0700000000000000E+04   2.0465558556043496E+04   2.1960432501417516E+04   3.0064910734754411E+05  -3.4747434245726718E+00   3.7845414867705372E+06
   2.0800000000000000E+04   2.0590170931680892E+04   2.2101920460264548E+04   3.0103023787387874E+05  -3.4688278873986853E+00   3.8062325971925501E+06
   2.0900000000000000E+04   2.0713556672169638E+04   2.2242228210402649E+04   3.0138302639169042E+05  -3.4629251376513186E+00   3.8277145729972241E+06
   2.1000000000000000E+04   2.0835880340199783E+04   2.2381348395671641E+04   3.0174360147622495E+05  -3.4570350812430424E+00   3.8489866239907388E+06
   2.1100000000000000E+04   2.0960271282362235E+04   2.2519274084598033E+04   3.0276410870982648E+05  -3.4511576236239958E+00   3.8700479848988731E+06
   2.1200000000000000E+04   2.1083386224396676E+04   2.2655998762980387E+04   3.0373989809947187E+05  -3.4452926693966721E+00   3.8908980486387336E+06
   2.1300000000000000E+04   2.1201810565975360E+04   2.2791516328327940E+04   3.0396908858745778E+05  -3.4394401225471052E+00   3.9115362612426998E+06
   2.1400000000000000E+04   2.1318983268867778E+04   2.2925821084712519E+04   3.0417207717575051E+05  -3.4335998868301560E+00   3.9319619555081162E+06
   2.1500000000000000E+04   2.1433271532640472E+04   2.3058907734131451E+04   3.0402117660670524E+05  -3.4277718650759921E+00   3.9521747601746889E+06
   2.1600000000000000E+04   2.1546381763954643E+04   2.3190771372442421E+04   3.0386789773668651E+05  -3.4219559599606693E+00   3.9721741609768686E+06
   2.1700000000000000E+04   2.1658877672139621E+04   2.3321407481579885E+04   3.0382343156645162E+05  -3.4161520736208315E+00   3.9919597177166427E+06
   2.1800000000000000E+04   2.1772404537756887E+04   2.3450811922939400E+04   3.0420538448093622E+05  -3.4103601076537240E+00   4.0115311791510177E+06
   2.1900000000000000E+04   2.1884613038580341E+04   2.3578980931701655E+04   3.0454830714701797E+05  -3.4045799634254168E+00   4.0308881421420802E+06
   2.2000000000000000E+04   2.1995543985176799E+04   2.3705911109403911E+04   3.0486110445510881E+05  -3.3988115418396347E+00   4.0500304204726671E+06
   2.2100000000000000E+04   2.2103773938938612E+04   2.3831599417707919E+04   3.0487354921259894E+05  -3.3930547434918688E+00   4.0689577578959605E+06
   2.2200000000000000E+04   2.2210764899042195E+04   2.3956043171654019E+04   3.0486945901219931E+05  -3.3873094686693856E+00   4.0876700592600959E+06
   2.2300000000000000E+04   2.2319780797980860E+04   2.4079240033391154E+04   3.0545939826899557E+05  -3.3815756175053240E+00   4.1061671258152346E+06
   2.2400000000000000E+04   2.2424303104618226E+04   2.4201188004662716E+04   3.0541920599067450E+05  -3.3758530897475483E+00   4.1244489192452882E+06
   2.2500000000000000E+04   2.2527035402402093E+04   2.4321885420642146E+04   3.0526226055434841E+05  -3.3701417849512683E+00   4.1425153987844721E+06
   2.2600000000000000E+04   2.2629134019752524E+04   2.4441330943523670E+04   3.0520201545821037E+05  -3.3644416025946389E+00   4.1603665644743019E+06
   2.2700000000000000E+04   2.2729749793875908E+04   2.4559523554757598E+04   3.0508243007455405E+05  -3.3587524417705303E+00   4.1780025180927040E+06
   2.2800000000000000E+04   2.2829279667495921E+04   2.4676462550016789E+04   3.0497568491432664E+05  -3.3530742017259207E+00   4.1954232780223852E+06
   2.2900000000000000E+04   2.2927861655131685E+04   2.4792147531085331E+04   3.0490545256937470E+05  -3.3474067814380928E+00   4.2126290088580493E+06
   2.3000000000000000E+04   2.3028620406824990E+04   2.4906578399497539E+04   3.0541904655631172E+05  -3.3417500797302102E+00   4.2296198825712111E+06
   2.3100000000000000E+04   2.3124152314144842E+04   2.5019755350575073E+04   3.0521191540127218E+05  -3.3361039955024911E+00   4.2463960764618572E+06
   2.3200000000000000E+04   2.3218414315594004E+04   2.5131678866251998E+04   3.0498538854044973E+05  -3.3304684275781082E+00   4.2629578675725358E+06
   2.3300000000000000E+04   2.3314643047953577E+04   2.5242349708675731E+04   3.0529353098200168E+05  -3.3248432747802203E+00   4.2793055371669261E+06
   2.3400000000000000E+04   2.3406545333624141E+04   2.5351768913346979E+04   3.0505353448489873E+05  -3.3192284358549342E+00   4.2954393686477644E+06
   2.3500000000000000E+04   2.3497038908563907E+04   2.5459937783294055E+04   3.0477023366062046E+05  -3.3136238097024733E+00   4.3113597443294879E+06
   2.3600000000000000E+04   2.3586513791211037E+04   2.5566857882046745E+04   3.0450922585799126E+05  -3.3080292952230614E+00   4.3270670476093730E+06
   2.3700000000000000E+04   2.3674508594504805E+04   2.5672531027153171E+04   3.0419305935390020E+05  -3.3024447913169186E+00   4.3425616943574129E+06
   2.3800000000000000E+04   2.3761232376058641E+04   2.5776959284493976E+04   3.0385679575141327E+05  -3.2968701971154393E+00   4.3578441658667438E+06
   2.3900000000000000E+04   2.3850780878408299E+04   2.5880144961403075E+04   3.0416506912104262E+05  -3.2913054118270821E+00   4.3729148735546386E+06
   2.4000000000000000E+04   2.3934695062032562E+04   2.5982090600590847E+04   3.0373877635639912E+05  -3.2857503348144093E+00   4.3877743766927719E+06
   2.4100000000000000E+04   2.4017817553177236E+04   2.6082798973375910E+04   3.0336927048886986E+05  -3.2802048654399942E+00   4.4024232310331101E+06
   2.4200000000000000E+04   2.4099589790780909E+04   2.6182273074849560E+04   3.0296591215800232E+05  -3.2746689034902201E+00   4.4168620042073429E+06
   2.4300000000000000E+04   2.4180143408954224E+04   2.6280516116356201E+04   3.0254946958478441E+05  -3.2691423487514752E+00   4.4310912917720182E+06
   2.4400000000000000E+04   2.4268085621359045E+04   2.6377531520285102E+04   3.0345987718399166E+05  -3.2636251012798492E+00   4.4451117517123725E+06
   2.4500000000000000E+04   2.4346107130171131E+04   2.6473322913929940E+04   3.0298870508344786E+05  -3.2581170613625998E+00   4.4589240340594230E+06
   2.4600000000000000E+04   2.4423126128956817E+04   2.6567894123916365E+04   3.0253669893158664E+05  -3.2526181296337526E+00   4.4725287610624135E+06
   2.4700000000000000E+04   2.4498837585966310E+04   2.6661249169198865E+04   3.0205610176152014E+05  -3.2471282067273295E+00   4.4859267583056483E+06
   2.4800000000000000E+04   2.4573298859499475E+04   2.6753392257130388E+04   3.0155547654714948E+05  -3.2416471938552833E+00   4.4991186801158963E+06
   2.4900000000000000E+04   2.4646556691535727E+04   2.6844327776103113E+04   3.0104147380304977E+05  -3.2361749923066272E+00   4.5121053483104706E+06
   2.5000000000000000E+04   2.4716675219678818E+04   2.6934060291140315E+04   3.0022770024539856E+05  -3.2307115038327217E+00   4.5248874628387261E+06
   2.5100000000000000E+04   2.4788478454664881E+04   2.7022594537061446E+04   2.9982730429680127E+05  -3.2252566302619816E+00   4.5374659657350043E+06
   2.5200000000000000E+04   2.4858862116041979E+04   2.7109935414977252E+04   2.9937814409440971E+05  -3.2198102741163472E+00   4.5498415641636727E+06
   2.5300000000000000E+04   2.4927197850570225E+04   2.7196087984607439E+04   2.9879025686781277E+05  -3.2143723379177525E+00   4.5620152080402654E+06
   2.5400000000000000E+04   2.4994773072007549E+04   2.7281057460932025E+04   2.9824979066631757E+05  -3.2089427248045981E+00   4.5739877008656375E+06
   2.5500000000000000E+04   2.5060880110521681E+04   2.7364849207417090E+04   2.9765468909877335E+05  -3.2035213380693972E+00   4.5857600161771784E+06
   2.5600000000000000E+04   2.5126778114663517E+04   2.7447468732199530E+04   2.9718155941673694E+05  -3.1981080815825957E+00   4.5973330152656045E+06
   2.5700000000000000E+04   2.5190581886294989E+04   2.7528921682098855E+04   2.9656492059825495E+05  -3.1927028595228757E+00   4.6087076345152212E+06
   2.5800000000000000E+04   2.5253238486679220E+04   2.7609213837836480E+04   2.9593775721555442E+05  -3.1873055764542007E+00   4.6198848866809802E+06
   2.5900000000000000E+04   2.5314758196897750E+04   2.7688351109586809E+04   2.9530081146725151E+05  -3.1819161374799494E+00   4.6308656477539968E+06
   2.6000000000000000E+04   2.5375138926712967E+04   2.7766339530982394E+04   2.9465312187817344E+05  -3.1765344478961306E+00   4.6416510240372829E+06
   2.6100000000000000E+04   2.5434341419878205E+04   2.7843185255954955E+04   2.9398878806949488E+05  -3.1711604136922840E+00   4.6522419241553023E+06
   2.6200000000000000E+04   2.5492425994633344E+04   2.7918894552779333E+04   2.9331530006822362E+05  -3.1657939411661733E+00   4.6626394687619070E+06
   2.6300000000000000E+04   2.5549392820246627E+04   2.7993473800077056E+04   2.9263198086467362E+05  -3.1604349371164449E+00   4.6728446163648851E+06
   2.6400000000000000E+04   2.5605258816753380E+04   2.8066929482026037E+04   2.9194034917714848E+05  -3.1550833087655556E+00   4.6828584589010831E+06
   2.6500000000000000E+04   2.5660024246829380E+04   2.8139268184277727E+04   2.9123971747602400E+05  -3.1497389638753734E+00   4.6926820629832074E+06
   2.6600000000000000E+04   2.5713704606260733E+04   2.8210496589080780E+04   2.9053136227561760E+05  -3.1444018105930462E+00   4.7023165495606717E+06
   2.6700000000000000E+04   2.5760407598614500E+04   2.8280621471861876E+04   2.8907083799144754E+05  -3.1390717577207243E+00   4.7117629511880316E+06
   2.6800000000000000E+04   2.5804861683064104E+04   2.8349649695762935E+04   2.8747337126389571E+05  -3.1337487143302480E+00   4.7210224557621013E+06
   2.6900000000000000E+04   2.5860704130504517E+04   2.8417588209134094E+04   2.8741969451067841E+05  -3.1284325902640466E+00   4.7300960992502356E+06
   2.7000000000000000E+04   2.5908727435431196E+04   2.8484444039734080E+04   2.8652053395253117E+05  -3.1231232955957111E+00   4.7389851149045797E+06
   2.7100000000000000E+04   2.5958932137734173E+04   2.8550224292508607E+04   2.8600917637202272E+05  -3.1178207411694183E+00   4.7476905815170538E+06
   2.7200000000000000E+04   2.6009567796894509E+04   2.8614936144451673E+04   2.8566483597252372E+05  -3.1125248382146355E+00   4.7562136502032783E+06
   2.7300000000000000E+04   2.6055562047324576E+04   2.8678586841170134E+04   2.8487595718612615E+05  -3.1072354984616983E+00   4.7645555670383042E+06
   2.7400000000000000E+04   2.6099426666048919E+04   2.8741183693526447E+04   2.8395057088989409E+05  -3.1019526342574073E+00   4.7727174613899160E+06
   2.7500000000000000E+04   2.6145953292899881E+04   2.8802734073861026E+04   2.8345392484002595E+05  -3.0966761585264981E+00   4.7807004921541298E+06
   2.7600000000000000E+04   2.6190222949972955E+04   2.8863245411794698E+04   2.8280152643367491E+05  -3.0914059845789907E+00   4.7885059127477631E+06
   2.7700000000000000E+04   2.6232795110769734E+04   2.8922725191728074E+04   2.8206083472972317E+05  -3.0861420264184329E+00   4.7961349209815934E+06
   2.7800000000000000E+04   2.6274055970598456E+04   2.8981180948797984E+04   2.8127743509248400E+05  -3.0808841985492386E+00   4.8035887223158386E+06
   2.7900000000000000E+04   2.6313481837394906E+04   2.9038620265781814E+04   2.8039207072462590E+05  -3.0756324160537600E+00   4.8108685074411463E+06
   2.8000000000000000E+04   2.6352006075441663E+04   2.9095050769455382E+04   2.7951165225823998E+05  -3.0703865944766950E+00   4.8179755617995206E+06
   2.8100000000000000E+04   2.6390831063097376E+04   2.9150480128392257E+04   2.7876928488890029E+05  -3.0651466501333182E+00   4.8249110897482606E+06
   2.8200000000000000E+04   2.6428520507957033E+04   2.9204916048476018E+04   2.7800171533773374E+05  -3.0599124996856690E+00   4.8316763458078383E+06
   2.8300000000000000E+04   2.6464682848319353E+04   2.9258366271218230E+04   2.7716575818182121E+05  -3.0546840605663550E+00   4.8382725455851648E+06
   2.8400000000000000E+04   2.6500125501888986E+04   2.9310838569417770E+04   2.7635012254669622E+05  -3.0494612505547503E+00   4.8447009771588771E+06
   2.8500000000000000E+04   2.6533700319942291E+04   2.9362340745620728E+04   2.7542968804508634E+05  -3.0442439882008085E+00   4.8509629343860643E+06
   2.8600000000000000E+04   2.6567450536000073E+04   2.9412880628541938E+04   2.7462465279616270E+05  -3.0390321925938792E+00   4.8570596021712879E+06
   2.8700000000000000E+04   2.6598259465186693E+04   2.9462466070053968E+04   2.7360118354725646E+05  -3.0338257832856708E+00   4.8629923058510190E+06
   2.8800000000000000E+04   2.6630640115315298E+04   2.9511104943481299E+04   2.7283777516406524E+05  -3.0286246805984542E+00   4.8687623065789575E+06
   2.8900000000000000E+04   2.6661285349090485E+04   2.9558805139859458E+04   2.7198286649245210E+05  -3.0234288052783294E+00   4.8743708687733104E+06
   2.9000000000000000E+04   2.6692098974240365E+04   2.9605574566239942E+04   2.7123444201191171E+05  -3.0182380787649135E+00   4.8798192597977342E+06
   2.9100000000000000E+04   2.6719426943004677E+04   2.9651421142454725E+04   2.7021505742429086E+05  -3.0130524229601683E+00   4.8851088435357166E+06
   2.9200000000000000E+04   2.6747527832755495E+04   2.9696352799673838E+04   2.6936289266116964E+05  -3.0078717605366343E+00   4.8902407756535197E+06
   2.9300000000000000E+04   2.6773610077764715E+04   2.9740377476807451E+04   2.6839221382387448E+05  -3.0026960145521424E+00   4.8952164248433812E+06
   2.9400000000000000E+04   2.6801580909521876E+04   2.9783503119436195E+04   2.6769476613794791E+05  -2.9975251088350956E+00   4.9000370679892795E+06
   2.9500000000000000E+04   2.6828428434114761E+04   2.9825737676586650E+04   2.6696533591277921E+05  -2.9923589676762496E+00   4.9047040072416980E+06
   2.9600000000000000E+04   2.6851588807476484E+04   2.9867089099046127E+04   2.6595215314882295E+05  -2.9871975159828210E+00   4.9092185221454687E+06
   2.9700000000000000E+04   2.6875414032834207E+04   2.9907565337367443E+04   2.6508512288093875E+05  -2.9820406793170151E+00   4.9135819171787193E+06
   2.9800000000000000E+04   2.6898259817482140E+04   2.9947174339442608E+04   2.6420120025660901E+05  -2.9768883837804410E+00   4.9177954490205739E+06
   2.9900000000000000E+04   2.6920288092540337E+04   2.9985924048504214E+04   2.6331558140045509E+05  -2.9717405560141144E+00   4.9218604474064941E+06
   3.0000000000000000E+04   2.6940316110042688E+04   3.0023822401795915E+04   2.6231542594851158E+05  -2.9665971233910997E+00   4.9257781937301401E+06
   3.0100000000000000E+04   2.6959469012600177E+04   3.0060877327830251E+04   2.6130880182124488E+05  -2.9614580137468063E+00   4.9295499689563466E+06
   3.0200000000000000E+04   2.6983284886497462E+04   3.0097096745049435E+04   2.6081169082123268E+05  -2.9563231555331058E+00   4.9331771279210420E+06
   3.0300000000000000E+04   2.7001985559204248E+04   3.0132488560050537E+04   2.5990616228172145E+05  -2.9511924778183345E+00   4.9366608761882139E+06
   3.0400000000000000E+04   2.7020115895611572E+04   3.0167060665864512E+04   2.5901867841045329E+05  -2.9460659102872868E+00   4.9400025672298074E+06
   3.0500000000000000E+04   2.7037371620780821E+04   3.0200820939801200E+04   2.5812040486709154E+05  -2.9409433830871059E+00   4.9432034789127512E+06
   3.0600000000000000E+04   2.7053858797741286E+04   3.0233777242686596E+04   2.5722054027711859E+05  -2.9358248270969840E+00   4.9462648874596711E+06
   3.0700000000000000E+04   2.7070639360631460E+04   3.0265937416445715E+04   2.5641372491720752E+05  -2.9307101736584604E+00   4.9491880926643517E+06
   3.0800000000000000E+04   2.7085629982393577E+04   3.0297309283439070E+04   2.5551172199734632E+05  -2.9255993548451196E+00   4.9519743415441681E+06
   3.0900000000000000E+04   2.7099881086075526E+04   3.0327900643904304E+04   2.5460889759693167E+05  -2.9204923031158385E+00   4.9546249811213743E+06
   3.1000000000000000E+04   2.7113400686799392E+04   3.0357719275631607E+04   2.5370535726389542E+05  -2.9153889516615403E+00   4.9571412798771914E+06
   3.1100000000000000E+04   2.7124791472046731E+04   3.0386772932107633E+04   2.5267920415355917E+05  -2.9102892342510844E+00   4.9595244516400052E+06
   3.1200000000000000E+04   2.7133202730515659E+04   3.0415069340709142E+04   2.5146001970978937E+05  -2.9051930850771437E+00   4.9617758627799582E+06
   3.1300000000000000E+04   2.7147631661698779E+04   3.0442616202513163E+04   2.5081906189460534E+05  -2.9001004391029714E+00   4.9638966951094177E+06
   3.1400000000000000E+04   2.7160016499453879E+04   3.0469421190096691E+04   2.5006007412502178E+05  -2.8950112317541685E+00   4.9658882835855978E+06
   3.1500000000000000E+04   2.7169952841002505E+04   3.0495491946589635E+04   2.4915090508482460E+05  -2.8899253989957359E+00   4.9677518818007000E+06
   3.1600000000000000E+04   2.7179203262999989E+04   3.0520836085009538E+04   2.4824151901055529E+05  -2.8848428774862005E+00   4.9694887396811023E+06
   3.1700000000000000E+04   2.7187775911996701E+04   3.0545461186314329E+04   2.4733204157464657E+05  -2.8797636043079002E+00   4.9711001299950490E+06
   3.1800000000000000E+04   2.7195680622753680E+04   3.0569374799180710E+04   2.4642273733188061E+05  -2.8746875172366986E+00   4.9725872951840851E+06
   3.1900000000000000E+04   2.7201834689417890E+04   3.0592584438260048E+04   2.4542490193968793E+05  -2.8696145545107998E+00   4.9739515004571974E+06
   3.2000000000000000E+04   2.7208663421737307E+04   3.0615097583674735E+04   2.4453602981250006E+05  -2.8645446549848752E+00   4.9751939530702224E+06
   3.2100000000000000E+04   2.7214561609850382E+04   3.0636921679833144E+04   2.4362439239076863E+05  -2.8594777580529973E+00   4.9763159640526157E+06
   3.2200000000000000E+04   2.7219818984807087E+04   3.0658064134641696E+04   2.4271304686045909E+05  -2.8544138036871760E+00   4.9773186774542015E+06
   3.2300000000000000E+04   2.7224454749075128E+04   3.0678532318395813E+04   2.4180299895073465E+05  -2.8493527323602907E+00   4.9782034230957842E+06
   3.2400000000000000E+04   2.7228466818875568E+04   3.0698333563184409E+04   2.4089356116943221E+05  -2.8442944851231582E+00   4.9789713625632003E+06
   3.2500000000000000E+04   2.7231855550857817E+04   3.0717475161971659E+04   2.3998426099931481E+05  -2.8392390035659996E+00   4.9796237621381450E+06
   3.2600000000000000E+04   2.7234634885033392E+04   3.0735964368070043E+04   2.3907569152212277E+05  -2.8341862298954927E+00   4.9801617727604285E+06
   3.2700000000000000E+04   2.7236804378703324E+04   3.0753808393697316E+04   2.3816733206677597E+05  -2.8291361067036118E+00   4.9805867066218210E+06
   3.2800000000000000E+04   2.7238386241977030E+04   3.0771014410228850E+04   2.3726040093770414E+05  -2.8240885772758477E+00   4.9808996762160007E+06
   3.2900000000000000E+04   2.7239379731470970E+04   3.0787589546820102E+04   2.3635435510455584E+05  -2.8190435853600349E+00   4.9811019278902877E+06
   3.3000000000000000E+04   2.7239797171670878E+04   3.0803540889892349E+04   2.3544964855909770E+05  -2.8140010752048883E+00   4.9811946750771059E+06
   3.3100000000000000E+04   2.7239227969215412E+04   3.0818875482884010E+04   2.3451537388182606E+05  -2.8089609916755802E+00   4.9811790691910377E+06
   3.3200000000000000E+04   2.7238744535986316E+04   3.0833600325322892E+04   2.3363066882334423E+05  -2.8039232801381631E+00   4.9810562838806370E+06
   3.3300000000000000E+04   2.7237179845036881E+04   3.0847722371930664E+04   2.3270878428812954E+05  -2.7988878863439730E+00   4.9808275728388363E+06
   3.3400000000000000E+04   2.7235326722701811E+04   3.0861248533284423E+04   2.3180758736202563E+05  -2.7938547568149290E+00   4.9804940126188817E+06
   3.3500000000000000E+04   2.7232891812832120E+04   3.0874185674035438E+04   2.3090510964485732E+05  -2.7888238384197055E+00   4.9800568455880564E+06
   3.3600000000000000E+04   2.7231487864285831E+04   3.0886540613038331E+04   2.3011609234936335E+05  -2.7837950785663819E+00   4.9795171643384444E+06
   3.3700000000000000E+04   2.7228045622455731E+04   3.0898320122800724E+04   2.2922014957785304E+05  -2.7787684251639178E+00   4.9788761999380086E+06
   3.3800000000000000E+04   2.7224201518925023E+04   3.0909530929193003E+04   2.2833435093407484E+05  -2.7737438266606707E+00   4.9781350615668884E+06
   3.3900000000000000E+04   2.7219941197358468E+04   3.0920179711182496E+04   2.2745708699743828E+05  -2.7687212320829353E+00   4.9772948221541625E+06
   3.4000000000000000E+04   2.7214898350064192E+04   3.0930273099544102E+04   2.2656240489916960E+05  -2.7637005907267072E+00   4.9763567537027951E+06
   3.4100000000000000E+04   2.7209320917615292E+04   3.0939817678042451E+04   2.2566737954705232E+05  -2.7586818526585577E+00   4.9753218871562956E+06
   3.4200000000000000E+04   2.7203237286026546E+04   3.0948819981724442E+04   2.2477359654944163E+05  -2.7536649682532932E+00   4.9741913643813338E+06
   3.4300000000000000E+04   2.7196620523815101E+04   3.0957286497447374E+04   2.2387884997531745E+05  -2.7486498884636519E+00   4.9729662912290553E+06
   3.4400000000000000E+04   2.7189560310279761E+04   3.0965223663265348E+04   2.2298884662158834E+05  -2.7436365647047141E+00   4.9716477968439274E+06
   3.4500000000000000E+04   2.7182018507677800E+04   3.0972637868187088E+04   2.2210059509946426E+05  -2.7386249488539121E+00   4.9702369438798670E+06
   3.4600000000000000E+04   2.7174006144009069E+04   3.0979535452185075E+04   2.2121445363922769E+05  -2.7336149933280818E+00   4.9687348784097135E+06
   3.4700000000000000E+04   2.7165537121498284E+04   3.0985922705647488E+04   2.2033096266423076E+05  -2.7286066509678752E+00   4.9671426495637549E+06
   3.4800000000000000E+04   2.7149747666743842E+04   3.0991805869427899E+04   2.1900233278711501E+05  -2.7235998751148176E+00   4.9654613295811191E+06
   3.4900000000000000E+04   2.7147199417868153E+04   3.0997191134453049E+04   2.1856850379595283E+05  -2.7185946195342585E+00   4.9636920449492577E+06
   3.5000000000000000E+04   2.7137309267433255E+04   3.1002084642039037E+04   2.1768746623520713E+05  -2.7135908385694743E+00   4.9618357933109524E+06
   3.5100000000000000E+04   2.7127414235478016E+04   3.1006492482963178E+04   2.1683655546775460E+05  -2.7085884868719750E+00   4.9598937185025997E+06
   3.5200000000000000E+04   2.7116640282540771E+04   3.1010420698274149E+04   2.1595938478903109E+05  -2.7035875197097323E+00   4.9578667730508372E+06
   3.5300000000000000E+04   2.7105466805778142E+04   3.1013875278514552E+04   2.1508641503168040E+05  -2.6985878927360076E+00   4.9557559941942310E+06
   3.5400000000000000E+04   2.7102798234845781E+04   3.1016862163763395E+04   2.1477517290704322E+05  -2.6935895620278787E+00   4.9535625056688972E+06
   3.5500000000000000E+04   2.7084508161136153E+04   3.1019387243693862E+04   2.1351223997693154E+05  -2.6885924841247717E+00   4.9512873002731912E+06
   3.5600000000000000E+04   2.7072068434704241E+04   3.1021456357645751E+04   2.1264434029890908E+05  -2.6835966160669824E+00   4.9489314260649420E+06
   3.5700000000000000E+04   2.7059433241417046E+04   3.1023075294258870E+04   2.1179178737055170E+05  -2.6786019152801051E+00   4.9464958612997327E+06
   3.5800000000000000E+04   2.7046183505082023E+04   3.1024249791803315E+04   2.1092849955202444E+05  -2.6736083396906021E+00   4.9439815765796928E+06
   3.5900000000000000E+04   2.7032537336286823E+04   3.1024985537730277E+04   2.1006761705843269E+05  -2.6686158475716972E+00   4.9413896302292449E+06
   3.6000000000000000E+04   2.7018500280696473E+04   3.1025288169255920E+04   2.0920916714937624E+05  -2.6636243977360183E+00   4.9387210104942638E+06
   3.6100000000000000E+04   2.7004045132485135E+04   3.1025163272827624E+04   2.0835122968826775E+05  -2.6586339493429558E+00   4.9359766663580136E+06
   3.6200000000000000E+04   2.6989209923514660E+04   3.1024616384508019E+04   2.0749579812881647E+05  -2.6536444620142450E+00   4.9331576034180354E+06
   3.6300000000000000E+04   2.6973983419537239E+04   3.1023652989807157E+04   2.0664192148021562E+05  -2.6486558957569071E+00   4.9302648205211619E+06
   3.6400000000000000E+04   2.6958420813560300E+04   3.1022278524089419E+04   2.0579254949824230E+05  -2.6436682110788468E+00   4.9272991801535077E+06
   3.6500000000000000E+04   2.6942477524214108E+04   3.1020498372206115E+04   2.0494477868954765E+05  -2.6386813688347170E+00   4.9242617312439540E+06
   3.6600000000000000E+04   2.6926175397527324E+04   3.1018317868702281E+04   2.0409960634364866E+05  -2.6336953302644672E+00   4.9211534189880947E+06
   3.6700000000000000E+04   2.6909508506325448E+04   3.1015742298367724E+04   2.0325642023242364E+05  -2.6287100571474542E+00   4.9179751158295162E+06
   3.6800000000000000E+04   2.6892935947760703E+04   3.1012776895459265E+04   2.0244097604731168E+05  -2.6237255114941989E+00   4.9147278175175171E+06
   3.6900000000000000E+04   2.6875529020319351E+04   3.1009426844830552E+04   2.0160022972272040E+05  -2.6187416558931602E+00   4.9114123815418556E+06
   3.7000000000000000E+04   2.6857777977112877E+04   3.1005697281176708E+04   2.0076189350828354E+05  -2.6137584532025011E+00   4.9080297896606419E+06
   3.7100000000000000E+04   2.6839731686003688E+04   3.1001593289626104E+04   1.9992842746331435E+05  -2.6087758667042000E+00   4.9045809508954305E+06
   3.7200000000000000E+04   2.6821377353642947E+04   3.0997119906005257E+04   1.9909882839993373E+05  -2.6037938601425821E+00   4.9010667003406165E+06
   3.7300000000000000E+04   2.6802677323814994E+04   3.0992282116449849E+04   1.9827076256837879E+05  -2.5988123975316735E+00   4.8974880323006408E+06
   3.7400000000000000E+04   2.6783683475240272E+04   3.0987084858351584E+04   1.9744682865669634E+05  -2.5938314434249072E+00   4.8938457001603059E+06
   3.7500000000000000E+04   2.6764554228292865E+04   3.0981533019546343E+04   1.9663530731934638E+05  -2.5888509625683569E+00   4.8901407179168165E+06
   3.7600000000000000E+04   2.6744842702435250E+04   3.0975631439496192E+04   1.9581180766625467E+05  -2.5838709202475045E+00   4.8863738913168227E+06
   3.7700000000000000E+04   2.6724887416823763E+04   3.0969384908825508E+04   1.9499441962594111E+05  -2.5788912820560594E+00   4.8825460859042266E+06
   3.7800000000000000E+04   2.6704896825594420E+04   3.0962798169746224E+04   1.9419386775845822E+05  -2.5739120139730254E+00   4.8786581600832976E+06
   3.7900000000000000E+04   2.6684316636533364E+04   3.0955875916160534E+04   1.9338052936494970E+05  -2.5689330823241607E+00   4.8747109993324261E+06
   3.8000000000000000E+04   2.6663458933817426E+04   3.0948622794098545E+04   1.9257077671576297E+05  -2.5639544538590413E+00   4.8707054138989300E+06
   3.8100000000000000E+04   2.6642373465212124E+04   3.0941043401616113E+04   1.9176695254690549E+05  -2.5589760956354786E+00   4.8666422408921281E+06
   3.8200000000000000E+04   2.6620914786889749E+04   3.0933142289245723E+04   1.9096129425519571E+05  -2.5539979750965678E+00   4.8625222758309254E+06
   3.8300000000000000E+04   2.6599196952400009E+04   3.0924923960017230E+04   1.9015951346490564E+05  -2.5490200599936372E+00   4.8583464107102873E+06
   3.8400000000000000E+04   2.6577220749758762E+04   3.0916392870027961E+04   1.8936142086984677E+05  -2.5440423185018370E+00   4.8541153923439709E+06
   3.8500000000000000E+04   2.6555010813382491E+04   3.0907553428366758E+04   1.8856803668731987E+05  -2.5390647191045388E+00   4.8498300992100304E+06
   3.8600000000000000E+04   2.6532499938273031E+04   3.0898409997585772E+04   1.8777575584842198E+05  -2.5340872306704121E+00   4.8454912286883360E+06
   3.8700000000000000E+04   2.6509706395633741E+04   3.0888966893744713E+04   1.8698532402236486E+05  -2.5291098223763555E+00   4.8410996454867125E+06
   3.8800000000000000E+04   2.6486660498236950E+04   3.0879228386676918E+04   1.8619806443467588E+05  -2.5241324637074918E+00   4.8366561378454240E+06
   3.8900000000000000E+04   2.6463338341185441E+04   3.0869198700474721E+04   1.8541260569223319E+05  -2.5191551245342407E+00   4.8321614871297637E+06
   3.9000000000000000E+04   2.6439769170080552E+04   3.0858882013762723E+04   1.8463020659386404E+05  -2.5141777751123087E+00   4.8276163968904261E+06
   3.9100000000000000E+04   2.6415922014529078E+04   3.0848282459654478E+04   1.8384917784215609E+05  -2.5092003859671044E+00   4.8230216697296482E+06
   3.9200000000000000E+04   2.6391013035602424E+04   3.0837404126036748E+04   1.8303165819695819E+05  -2.5042229278937325E+00   4.8183780662176739E+06
   3.9300000000000000E+04   2.6366717925613571E+04   3.0826251056390192E+04   1.8225833119137338E+05  -2.4992453721496557E+00   4.8136863043302028E+06
   3.9400000000000000E+04   2.6342189586442444E+04   3.0814827249331775E+04   1.8148799045594770E+05  -2.4942676901849721E+00   4.8089471667712955E+06
   3.9500000000000000E+04   2.6317431785338871E+04   3.0803136659442353E+04   1.8072063824113383E+05  -2.4892898538350710E+00   4.8041613939528149E+06
   3.9600000000000000E+04   2.6292448317196064E+04   3.0791183197455954E+04   1.7995627979696757E+05  -2.4843118352821021E+00   4.7993296472482672E+06
   3.9700000000000000E+04   2.6267242599848061E+04   3.0778970730241766E+04   1.7919490443107294E+05  -2.4793336069393885E+00   4.7944527257174244E+06
   3.9800000000000000E+04   2.6241818600426610E+04   3.0766503081531228E+04   1.7843652882463622E+05  -2.4743551416055425E+00   4.7895313134924555E+06
   3.9900000000000000E+04   2.6208321637564943E+04   3.0753784031905612E+04   1.7732080777610405E+05  -2.4693764123488759E+00   4.7845660511485860E+06
   4.0000000000000000E+04   2.6190330222546458E+04   3.0740817319210259E+04   1.7692878581973375E+05  -2.4643973925459366E+00   4.7795577551161861E+06
   4.0100000000000000E+04   2.6164247582692744E+04   3.0727606638969952E+04   1.7617827083312595E+05  -2.4594180559200254E+00   4.7745069793196125E+06
   4.0200000000000000E+04   2.6130885792584380E+04   3.0714155644281222E+04   1.7511255486282040E+05  -2.4544383763870954E+00   4.7694145276264641E+06
   4.0300000000000000E+04   2.6101968675345084E+04   3.0700467946652821E+04   1.7426177658914350E+05  -2.4494583282483826E+00   4.7642810878871158E+06
   4.0400000000000000E+04   2.6081617110273735E+04   3.0686547116111356E+04   1.7380389523927405E+05  -2.4444778861133547E+00   4.7591072302068472E+06
   4.0500000000000000E+04   2.6055248317675021E+04   3.0672396681206545E+04   1.7308885249158411E+05  -2.4394970247841279E+00   4.7538937031868165E+06
   4.0600000000000000E+04   2.6028729659971545E+04   3.0658020129957924E+04   1.7237832083476675E+05  -2.4345157194866300E+00   4.7486411006496325E+06
   4.0700000000000000E+04   2.6001348431902468E+04   3.0643420909549866E+04   1.7164106507411849E+05  -2.4295339456394385E+00   4.7433501216635332E+06
   4.0800000000000000E+04   2.5973900620726068E+04   3.0628602426760350E+04   1.7091197432949865E+05  -2.4245516788923029E+00   4.7380214219698003E+06
   4.0900000000000000E+04   2.5946327801320596E+04   3.0613568048907047E+04   1.7018829750101993E+05  -2.4195688953573153E+00   4.7326555757443355E+06
   4.1000000000000000E+04   2.5918483816995329E+04   3.0598321103135113E+04   1.6946360350767657E+05  -2.4145855712236322E+00   4.7272533013942940E+06
   4.1100000000000000E+04   2.5891455637843148E+04   3.0582864877675955E+04   1.6878401537332468E+05  -2.4096016831042211E+00   4.7218151604337441E+06
   4.1200000000000000E+04   2.5863301477508790E+04   3.0567202621553050E+04   1.6806662226018182E+05  -2.4046172078046979E+00   4.7163417454601526E+06
   4.1300000000000000E+04   2.5834998244027171E+04   3.0551337545116858E+04   1.6735304681077812E+05  -2.3996321224003814E+00   4.7108337952897809E+06
   4.1400000000000000E+04   2.5806493805016471E+04   3.0535272820475537E+04   1.6664097144315182E+05  -2.3946464042748175E+00   4.7052917761846436E+06
   4.1500000000000000E+04   2.5777827037128780E+04   3.0519011581617895E+04   1.6593190889595469E+05  -2.3896600310427294E+00   4.6997164154435191E+06
   4.1600000000000000E+04   2.5749165820333139E+04   3.0502556924947588E+04   1.6523264737087785E+05  -2.3846729806270681E+00   4.6941081662787627E+06
   4.1700000000000000E+04   2.5720180906273854E+04   3.0485911909203303E+04   1.6452946440230409E+05  -2.3796852311049017E+00   4.6884677832671069E+06
   4.1800000000000000E+04   2.5689552219578360E+04   3.0469079556503446E+04   1.6376870664638915E+05  -2.3746967609771175E+00   4.6827956683479482E+06
   4.1900000000000000E+04   2.5657446510718088E+04   3.0452062851757171E+04   1.6295822609878672E+05  -2.3697075488216579E+00   4.6770925262943450E+06
   4.2000000000000000E+04   2.5629611374256841E+04   3.0434864743708098E+04   1.6232937071919421E+05  -2.3647175735632264E+00   4.6713589016577695E+06
   4.2100000000000000E+04   2.5601480329182752E+04   3.0417488145059062E+04   1.6169673185365926E+05  -2.3597268143962284E+00   4.6655953328916263E+06
   4.2200000000000000E+04   2.5571955582077615E+04   3.0399935932598702E+04   1.6101677200954556E+05  -2.3547352507077126E+00   4.6598023523667669E+06
   4.2300000000000000E+04   2.5538834392902485E+04   3.0382210947733558E+04   1.6020357804111697E+05  -2.3497428621544341E+00   4.6539806043860950E+06
   4.2400000000000000E+04   2.5512047687479251E+04   3.0364315996715217E+04   1.5964819509905949E+05  -2.3447496286243164E+00   4.6481305314914538E+06
   4.2500000000000000E+04   2.5491868764871939E+04   3.0346253850968875E+04   1.5935751015920556E+05  -2.3397555302364581E+00   4.6422527275501741E+06
   4.2600000000000000E+04   2.5454096052099751E+04   3.0328027247521353E+04   1.5838806246470415E+05  -2.3347605473796582E+00   4.6363477417977583E+06
   4.2700000000000000E+04   2.5423889901442592E+04   3.0309638889227313E+04   1.5772175852644356E+05  -2.3297646606738938E+00   4.6304160385266999E+06
   4.2800000000000000E+04   2.5393348756154788E+04   3.0291091444995676E+04   1.5705035934613188E+05  -2.3247678509317815E+00   4.6244582353236862E+06
   4.2900000000000000E+04   2.5362675449286035E+04   3.0272387550216037E+04   1.5638162171783979E+05  -2.3197700991971115E+00   4.6184747853731690E+06
   4.3000000000000000E+04   2.5331922393698107E+04   3.0253529807382092E+04   1.5571743229360398E+05  -2.3147713868604392E+00   4.6124661357009560E+06
   4.3100000000000000E+04   2.5301159550052427E+04   3.0234520785617649E+04   1.5506029211920162E+05  -2.3097716953508427E+00   4.6064329283385975E+06
   4.3200000000000000E+04   2.5270097301511447E+04   3.0215363021896945E+04   1.5439921871464310E+05  -2.3047710064826918E+00   4.6003755594689921E+06
   4.3300000000000000E+04   2.5238924800505964E+04   3.0196059020669622E+04   1.5374126038272976E+05  -2.2997693021859407E+00   4.5942945806001369E+06
   4.3400000000000000E+04   2.5207606157920112E+04   3.0176611254579559E+04   1.5308499727591148E+05  -2.2947665646602502E+00   4.5881904574793000E+06
   4.3500000000000000E+04   2.5176164519771100E+04   3.0157022164586160E+04   1.5243120875625734E+05  -2.2897627762979229E+00   4.5820636910363194E+06
   4.3600000000000000E+04   2.5144638109290750E+04   3.0137294160382058E+04   1.5178120573525340E+05  -2.2847579197224306E+00   4.5759147364237374E+06
   4.3700000000000000E+04   2.5112018461593565E+04   3.0117429620710238E+04   1.5109836626977299E+05  -2.2797519777884232E+00   4.5697440842922926E+06
   4.3800000000000000E+04   2.5080684084751501E+04   3.0097430893483503E+04   1.5046885656820593E+05  -2.2747449335046706E+00   4.5635521793652754E+06
   4.3900000000000000E+04   2.5049543124125546E+04   3.0077300296394464E+04   1.4985262911808529E+05  -2.2697367701496343E+00   4.5573395021855794E+06
   4.4000000000000000E+04   2.5017339802788902E+04   3.0057040117032098E+04   1.4920474218450984E+05  -2.2647274711944259E+00   4.5511064872395005E+06
   4.4100000000000000E+04   2.4984472405049422E+04   3.0036652613194197E+04   1.4853981596788313E+05  -2.2597170203028014E+00   4.5448535637793196E+06
   4.4200000000000000E+04   2.4952644649503265E+04   3.0016140013100856E+04   1.4791799374029509E+05  -2.2547054012926324E+00   4.5385812802824304E+06
   4.4300000000000000E+04   2.4921334584136854E+04   2.9995504515996414E+04   1.4732025416996315E+05  -2.2496925982514915E+00   4.5322900151186362E+06
   4.4400000000000000E+04   2.4888541965465727E+04   2.9974748292358407E+04   1.4667666485217193E+05  -2.2446785954981237E+00   4.5259801411206350E+06
   4.4500000000000000E+04   2.4856657474563825E+04   2.9953873483815467E+04   1.4607055535261371E+05  -2.2396633774283359E+00   4.5196521928277444E+06
   4.4600000000000000E+04   2.4824187966641231E+04   2.9932882203937941E+04   1.4544998383130468E+05  -2.2346469287076296E+00   4.5133065753771262E+06
   4.4700000000000000E+04   2.4791633820358395E+04   2.9911776538442431E+04   1.4483225403821265E+05  -2.2296292342326929E+00   4.5069436048917128E+06
   4.4800000000000000E+04   2.4758996972207049E+04   2.9890558545106811E+04   1.4421735723180271E+05  -2.2246102789772531E+00   4.5005638445060616E+06
   4.4900000000000000E+04   2.4726279332631886E+04   2.9869230254649145E+04   1.4360528457803483E+05  -2.2195900482232855E+00   4.4941676430198122E+06
   4.5000000000000000E+04   2.4693482786023891E+04   2.9847793670542811E+04   1.4299602715429422E+05  -2.2145685273683426E+00   4.4877553439626433E+06
   4.5100000000000000E+04   2.4660590523580788E+04   2.9826250769505732E+04   1.4238895360194473E+05  -2.2095457020026243E+00   4.4813274554980937E+06
   4.5200000000000000E+04   2.4627623036154440E+04   2.9804603501698708E+04   1.4178468407736515E+05  -2.2045215578704429E+00   4.4748843546441877E+06
   4.5300000000000000E+04   2.4594582132817770E+04   2.9782853791400241E+04   1.4118320934691138E+05  -2.1994960810243489E+00   4.4684263710218845E+06
   4.5400000000000000E+04   2.4561370757837911E+04   2.9761003536722594E+04   1.4058128200114198E+05  -2.1944692575939415E+00   4.4619539147525812E+06
   4.5500000000000000E+04   2.4528183045931819E+04   2.9739054609997958E+04   1.3998521478003819E+05  -2.1894410738244146E+00   4.4554673917783201E+06
   4.5600000000000000E+04   2.4494975223597932E+04   2.9717008858541085E+04   1.3939347131710462E+05  -2.1844115162691864E+00   4.4489671608875273E+06
   4.5700000000000000E+04   2.4461719573888258E+04   2.9694868104457692E+04   1.3880506775445992E+05  -2.1793805715972674E+00   4.4424536194634475E+06
   4.5800000000000000E+04   2.4428337816291856E+04   2.9672634145023178E+04   1.3821742429440780E+05  -2.1743482266317820E+00   4.4359271608416503E+06
   4.5900000000000000E+04   2.4394892986604304E+04   2.9650308753058609E+04   1.3763251875667382E+05  -2.1693144683884937E+00   4.4293880876415642E+06
   4.6000000000000000E+04   2.4361278508527921E+04   2.9627893677303400E+04   1.3704691654196908E+05  -2.1642792841143472E+00   4.4228366976398760E+06
   4.6100000000000000E+04   2.4327699559892601E+04   2.9605390642127048E+04   1.3646707199656602E+05  -2.1592426610562820E+00   4.4162735016480666E+06
   4.6200000000000000E+04   2.4294051752273241E+04   2.9582801348652560E+04   1.3588960752337315E+05  -2.1542045868079986E+00   4.4096987895182092E+06
   4.6300000000000000E+04   2.4260431226861765E+04   2.9560127474276247E+04   1.3531746088218017E+05  -2.1491650490017302E+00   4.4031128901527189E+06
   4.6400000000000000E+04   2.4226684837035547E+04   2.9537370673409128E+04   1.3474579221353901E+05  -2.1441240355008762E+00   4.3965161721230857E+06
   4.6500000000000000E+04   2.4192902012563223E+04   2.9514532577557919E+04   1.3417733265672033E+05  -2.1390815343229583E+00   4.3899089562100656E+06
   4.6600000000000000E+04   2.4159042759346354E+04   2.9491614795499012E+04   1.3361079382636506E+05  -2.1340375336010804E+00   4.3832915590422926E+06
   4.6700000000000000E+04   2.4125132941874184E+04   2.9468618913730665E+04   1.3304691967969772E+05  -2.1289920216609914E+00   4.3766643373413561E+06
   4.6800000000000000E+04   2.4091174027822130E+04   2.9445546496642201E+04   1.3248570007518723E+05  -2.1239449869825582E+00   4.3700276441793973E+06
   4.6900000000000000E+04   2.4057167464208240E+04   2.9422399086682544E+04   1.3192712483504336E+05  -2.1188964181612318E+00   4.3633817401367417E+06
   4.7000000000000000E+04   2.4023114677848400E+04   2.9399178204897238E+04   1.3137118374760813E+05  -2.1138463040236384E+00   4.3567270150020244E+06
   4.7100000000000000E+04   2.3989000557423300E+04   2.9375885350814417E+04   1.3081737536322414E+05  -2.1087946334734586E+00   4.3500636768338587E+06
   4.7200000000000000E+04   2.3955018473464388E+04   2.9352522003069644E+04   1.3027137508471933E+05  -2.1037413956455508E+00   4.3433921079596700E+06
   4.7300000000000000E+04   2.3920818821143701E+04   2.9329089619105100E+04   1.2972276447994298E+05  -2.0986865796747707E+00   4.3367126428045481E+06
   4.7400000000000000E+04   2.3886578451248562E+04   2.9305589636065804E+04   1.2917675236826266E+05  -2.0936301749656780E+00   4.3300255673956499E+06
   4.7500000000000000E+04   2.3852298692823762E+04   2.9282023470770699E+04   1.2863332833956111E+05  -2.0885721710769425E+00   4.3233311639533062E+06
   4.7600000000000000E+04   2.3817980810582263E+04   2.9258392519775822E+04   1.2809248064937402E+05  -2.0835125576442981E+00   4.3166297109117648E+06
   4.7700000000000000E+04   2.3783626141314584E+04   2.9234698159802672E+04   1.2755420016992820E+05  -2.0784513244575948E+00   4.3099215282764891E+06
   4.7800000000000000E+04   2.3746125048606718E+04   2.9210941748071273E+04   1.2692954104119010E+05  -2.0733884614993197E+00   4.3032068419642961E+06
   4.7900000000000000E+04   2.3714811515983140E+04   2.9187124622266332E+04   1.2648529893434369E+05  -2.0683239588290250E+00   4.2964860558658661E+06
   4.8000000000000000E+04   2.3680354051748676E+04   2.9163248101048866E+04   1.2595465717962729E+05  -2.0632578066989025E+00   4.2897592977887718E+06
   4.8100000000000000E+04   2.3645849238914678E+04   2.9139313484019196E+04   1.2542610324306981E+05  -2.0581899954382057E+00   4.2830269650517236E+06
   4.8200000000000000E+04   2.3611313824514091E+04   2.9115322052042400E+04   1.2490006875975955E+05  -2.0531205154917700E+00   4.2762893151913937E+06
   4.8300000000000000E+04   2.3576748993521225E+04   2.9091275067841692E+04   1.2437654313938545E+05  -2.0480493575741372E+00   4.2695465562820313E+06
   4.8400000000000000E+04   2.3538980147320788E+04   2.9067173775594270E+04   1.2376766670094444E+05  -2.0429765123998469E+00   4.2627990306472378E+06
   4.8500000000000000E+04   2.3505851430041203E+04   2.9043019401611422E+04   1.2329062485357272E+05  -2.0379019708760850E+00   4.2560469395391820E+06
   4.8600000000000000E+04   2.3471836951502486E+04   2.9018813154293424E+04   1.2279209897114504E+05  -2.0328257239870946E+00   4.2492906191701908E+06
   4.8700000000000000E+04   2.3437508689012397E+04   2.8994556224622822E+04   1.2228798819767674E+05  -2.0277477629097582E+00   4.2425302177491225E+06
   4.8800000000000000E+04   2.3402747277959726E+04   2.8970249786205477E+04   1.2177514663384639E+05  -2.0226680789365541E+00   4.2357660651979484E+06
   4.8900000000000000E+04   2.3368032125363570E+04   2.8945894995311508E+04   1.2126662485593757E+05  -2.0175866633984820E+00   4.2289983958180249E+06
   4.9000000000000000E+04   2.3333300047801626E+04   2.8921492991629031E+04   1.2076066102003126E+05  -2.0125035078962457E+00   4.2222273939574864E+06
   4.9100000000000000E+04   2.3298494359713688E+04   2.8897044897764466E+04   1.2025570421971461E+05  -2.0074186039920225E+00   4.2154534274685150E+06
   4.9200000000000000E+04   2.3263806201319323E+04   2.8872551820258275E+04   1.1975680405543256E+05  -2.0023319435562184E+00   4.2086766277908357E+06
   4.9300000000000000E+04   2.3229027265677811E+04   2.8848014848905601E+04   1.1925837413952169E+05  -1.9972435183821822E+00   4.2018972633430483E+06
   4.9400000000000000E+04   2.3194197419420248E+04   2.8823435057677187E+04   1.1876145332542961E+05  -1.9921533204944357E+00   4.1951155998444110E+06
   4.9500000000000000E+04   2.3159351114765726E+04   2.8798813504747417E+04   1.1826691757532363E+05  -1.9870613420716172E+00   4.1883318531155712E+06
   4.9600000000000000E+04   2.3124489331820354E+04   2.8774151232345688E+04   1.1777475624562448E+05  -1.9819675752923636E+00   4.1815462359064468E+06
   4.9700000000000000E+04   2.3089613036505070E+04   2.8749449267489810E+04   1.1728495869985246E+05  -1.9768720125664863E+00   4.1747589579317877E+06
   4.9800000000000000E+04   2.3054723180415829E+04   2.8724708621745249E+04   1.1679751430846129E+05  -1.9717746463423251E+00   4.1679702259019320E+06
   4.9900000000000000E+04   2.3019820701222681E+04   2.8699930291600900E+04   1.1631241245228343E+05  -1.9666754691838053E+00   4.1611802911855169E+06
   5.0000000000000000E+04   2.2984906522867637E+04   2.8675115258753409E+04   1.1582964252229735E+05  -1.9615744738089704E+00   4.1543894026274686E+06


