# Te	Ce	Ce	Ce	Ce
# K	J/(m^3K)	J/(m^3K)	J/(m^3K)	J/(m^3K)
# 	300 K	600 K	1000 K	1500 K
600	46579.0942505914	19714.5108126661	28456.0872445563	29308.6699494721
700	81030.3884989245	76541.8807395347	72918.7613165876	68447.5606344831
800	101658.828467553	95585.3847765807	88069.5916215372	80263.9228680537
900	119023.619205819	109984.46968037	101800.56345622	91663.6286465781
1000	127003.12491203	120923.274783796	110468.17502395	100425.350238552
1100	134570.798043178	128275.589336732	118519.61300952	109140.010794867
1200	138345.719354794	133048.22050932	124043.228086137	115577.470849069
1300	139868.118054729	135350.890958906	128295.939134916	120585.505581874
1400	139629.585453726	136640.893920055	130826.461197441	125303.188634134
1500	138960.590539942	137079.7624388	133007.316773354	129011.740105529
1600	137780.94394177	137177.822847199	134807.450844118	132461.433488827
1700	136941.443111075	137288.837640307	136067.411223327	136053.044425991
1800	136168.977234417	137421.648727925	138049.106690267	138795.676854846
1900	135742.28449621	138177.945198199	140359.167305257	142791.027732441
2000	135918.357525164	139181.109560495	142180.849169421	146865.888830654
2100	138175.235851286	141616.414597	145357.10667138	150515.252500025
2200	140754.581606408	144417.66938508	149168.18111863	155383.651902836
2300	143538.310125619	147465.047685968	152962.818635781	161235.402596854
2400	146375.051094214	151216.963034026	157362.317249245	165910.003969956
2500	150827.574312452	156545.231219447	164300.472046333	173099.157876573
2600	156812.837229749	163600.49285025	170556.867880296	179685.721570404
2700	164505.754288242	170432.977783956	177943.664839799	188220.505284301
2800	173217.212874662	178052.342299793	187050.483703756	196768.396069187
2900	181433.652171325	185645.905768341	194780.581954571	206982.15379576
3000	188917.919973651	196127.425271658	203711.143823383	215512.308785329
3100	200604.688974401	208222.786299749	216446.349603897	228931.61598148
3200	213136.358770032	219365.783135789	228267.176125424	239316.293373697
3300	225806.347261627	231446.681445256	241641.625737619	252907.371052312
3400	236590.033898096	245532.342293258	253483.94450202	265857.590827677
3500	253361.569529189	260061.691192588	265608.259992412	280693.871144902
3600	269266.31043255	274975.343328619	283086.914847547	294792.77427507
3700	281091.906343516	291172.601142242	297440.959200724	310042.813401113
3800	298378.952268507	306056.068214465	314398.13245747	326063.32388835
3900	319160.012337206	324425.281981268	332604.502045684	340166.609051689
4000	337121.313236732	343064.325428691	348246.939564435	356916.994743628
4100	354234.123431334	358925.804410244	368327.149565314	375495.16920011
4200	373955.637630502	381132.972207143	386124.81218198	395314.966283547
4300	394898.360790881	400264.650074301	405597.790309745	409794.693724602
4400	413273.828303661	414494.883850264	423300.111581802	430477.873064557
4500	431400.265316542	437965.334594014	445627.361068467	450167.446350152
4600	456134.273178462	458778.684384683	462199.226847556	465903.143059337
4700	471130.334341541	478903.253405758	484528.915637415	491032.568771791
4800	495159.82785891	501594.07942636	504342.751290784	505732.357042918
4900	519017.290432895	521198.173036223	525228.22730949	522361.196986235
5000	541189.6182391	541991.984910448	547719.963714048	549846.280045574
5100	559909.790391418	561689.38787388	564122.030126036	567961.267631905
5200	582635.310036736	589220.496160078	589469.074176882	586687.161311031
5300	609574.334607987	604992.32853988	609663.908657417	605856.483554263
5400	628705.08677379	629791.13071346	628255.129962516	630621.859669617
5500	650371.434834783	655030.584197323	651828.761332769	649398.180981957
5600	677372.343310062	671807.42545594	667385.794077006	670303.184212031
5700	695953.672161983	699382.095021867	695396.385987278	693630.639856214
5800	722205.122230591	719178.587794655	714019.817910188	706678.032503857
5900	739668.819081781	740582.298166508	736015.14165542	736401.733557016
6000	770055.753667629	766849.117612522	763369.837925481	756242.007902604
6100	788916.227922917	782467.226716283	780161.669798137	772281.489276616
6200	810982.852972669	811777.721252198	804195.309131766	798867.814064968
6300	836942.750745524	830232.271374251	824484.924041398	817162.595399043
6400	861252.700146749	853534.46204838	846935.981011375	839294.18818463
6500	881922.55679811	876616.337318044	868936.495759242	862599.057988391
6600	905679.274972083	900284.966334755	892914.536807225	886714.646842395
6700	929269.734203701	924299.974298253	913877.246558907	906589.521663919
6800	951794.736208599	949491.129525516	939520.039208475	925424.281586002
6900	979426.393004	970960.523308889	961419.925475923	952146.961092655
7000	999842.514046219	990567.163665723	980774.770631457	968653.772268851
7100	1024351.5089906	1015059.76716301	1007723.32336573	992593.339021165
7200	1046156.3254154	1043420.28868209	1033434.74881688	1021207.29624846
7300	1074226.99443515	1066284.98973404	1053723.77713212	1039632.18750032
7400	1095826.18475519	1084110.72241467	1079045.43468021	1059486.85776599
7500	1120891.42505594	1111278.07083349	1100158.4916247	1084213.75676719
7600	1147753.53515877	1137558.44324128	1124201.7826316	1106870.77084882
7700	1169346.4074157	1158762.52822451	1145157.3928914	1126569.24589852
7800	1187747.2450876	1188012.67277853	1173804.79209274	1155029.27997715
7900	1221920.09807459	1208697.5726512	1193993.63506001	1176442.05383208
8000	1237826.82550234	1224105.28449977	1214300.60454535	1196507.351175
8100	1267319.8831874	1258539.69821546	1242826.36036384	1223083.6372344
8200	1292508.82217888	1277823.17310924	1262432.37844862	1243597.39458332
8300	1313172.736597	1300469.57127086	1285677.84422988	1264439.3819134
8400	1338962.2070175	1325393.52851696	1307095.4117475	1288514.98186763
8500	1364752.44340803	1350454.16868912	1332022.094613	1311278.68511871
8600	1390716.31831443	1370444.54399402	1355513.36494693	1332386.22800977
8700	1412833.32878508	1396290.3074407	1381427.57770163	1357426.29730383
8800	1435732.441136	1424868.10880855	1404421.7251347	1376439.35158001
8900	1464711.61494914	1443138.42448923	1423855.62334885	1399315.26958664
9000	1486087.56139273	1468468.91178273	1450164.64317414	1427081.79477482
9100	1513238.72219897	1498476.09107198	1471989.55503558	1448944.21245679
9200	1542613.6208939	1515239.73861158	1493745.28426754	1469898.68060623
9300	1553581.85290232	1543408.65710839	1518045.30597321	1492315.59445519
9400	1588864.34453886	1568765.74481341	1547424.55025561	1518977.03652875
9500	1609377.56303965	1585884.89906917	1565104.1996917	1536656.26137998
9600	1633246.07943895	1612777.85464273	1591416.70333293	1559891.11790035
9700	1661091.36968249	1636115.00015028	1617025.53115733	1588654.61468105
9800	1679020.53064399	1661439.47227931	1635152.90483717	1605305.45707864
9900	1705785.64164374	1684923.14697033	1660048.85677145	1628949.37765675
10000	1731619.76870169	1706008.47885316	1684440.49649344	1655816.34344932
10100	1758991.20438266	1731636.98559312	1709256.03241876	1674391.10271758
10200	1773440.0861378	1750883.64903608	1729457.17174988	1695464.61295875
10300	1800173.34757882	1780656.66925845	1753104.48615806	1719582.16039222
10400	1828007.41825671	1802068.25893143	1778968.75584951	1746835.38587237
10500	1849814.51676582	1818932.92651876	1795653.11430975	1766359.62705051
10600	1874029.349646	1850193.99923337	1818255.82644057	1783235.81882604
10700	1900289.91615942	1872479.71196532	1844466.47575257	1814822.54189426
10800	1918974.67807484	1886829.48623515	1863733.04180103	1836186.90547679
10900	1937340.82345975	1917138.49521241	1886523.94463012	1851156.3793048
11000	1970350.29177374	1938088.92573192	1913437.23162289	1878387.56284191
11100	1983781.0915308	1959945.56656257	1929458.95076417	1897672.86856664
11200	2013612.2538492	1986902.73063658	1954756.15606164	1917048.15023373
11300	2038836.69540304	2005453.5632409	1980032.7226063	1944177.98374628
11400	2061553.93873791	2032103.84830669	1996455.24403987	1962627.7612187
11500	2080779.29896329	2053632.38391322	2021844.46106326	1985610.13248894
11600	2099070.68956352	2073638.79239295	2042495.99214469	2005444.5302268
11700	2127116.38631251	2098908.99683165	2063216.23716018	2020789.55595821
11800	2147448.6884269	2113620.36312294	2083676.54444633	2048639.54086985
11900	2173415.99559238	2136942.45317456	2104650.49479233	2066061.6720103
12000	2193509.60147225	2162395.73198285	2129040.41300712	2089093.5503262
12100	2215383.36873444	2176914.24375416	2147899.58781847	2112849.90181042
12200	2238586.70827403	2203242.4466924	2172884.42988811	2127873.86510322
12300	2260085.22387077	2224893.93874965	2196722.96961328	2155510.42645637
12400	2282502.25209252	2244272.75158808	2216138.13915018	2176745.35028825
12500	2292441.86762777	2264457.03694516	2236851.9844133	2194281.53990621
12600	2325415.69152364	2286864.29120384	2261107.47181436	2216615.70895156
12700	2348765.48189297	2307827.93517088	2280249.75334196	2239667.3994589
12800	2363731.66944179	2331686.91481209	2296904.04699785	2261124.88319602
12900	2392096.38749469	2355098.68833271	2316858.91833786	2277965.10268337
13000	2414354.75570693	2372981.13283168	2338794.58998338	2301917.26252268
13100	2425280.94551159	2389818.99724868	2353638.57772489	2321483.89696904
13200	2450385.08914224	2412797.56193759	2379833.62001665	2333826.00108256
13300	2469977.27966634	2431415.21887605	2402714.23818129	2363365.35474488
13400	2483849.93202751	2451765.71240117	2418649.12363934	2381835.26322129
13500	2513073.49731859	2475593.27844279	2443063.2528676	2398226.23231968
13600	2528195.20114907	2492785.50875038	2460702.27427152	2422856.63371459
13700	2550457.45228306	2511291.80522276	2477427.54538184	2443023.58141448
13800	2571131.72574229	2535299.58751725	2499019.61956112	2460266.16077657
13900	2597292.68719007	2558189.90649644	2516224.45036083	2482788.27521246
14000	2613460.10417388	2573263.13442539	2540857.12757704	2501434.91754475
14100	2635575.63055485	2593829.6476125	2558213.74907669	2520939.04339153
14200	2657354.26634878	2615467.15767701	2581195.8033724	2543050.76038238
14300	2671852.12619307	2630914.77689759	2599905.76091862	2564018.15923993
14400	2695800.73953089	2658432.57678472	2615852.16835581	2580918.41932451
14500	2715212.22952652	2672090.12296518	2641912.45059259	2594208.62854796
14600	2735813.43659545	2692474.71000897	2657190.27226026	2618921.95337156
14700	2753846.73361641	2708737.98182529	2675895.70932545	2632212.77127021
14800	2774741.39543902	2726363.41562208	2699142.57464482	2658705.43420138
14900	2791044.53871215	2744824.83651674	2715704.95894847	2676897.60887401
15000	2811784.07681165	2763784.0452828	2737199.93699624	2695838.42761085
15100	2827224.81217483	2782526.89312212	2755329.18289704	2714167.17699959
15200	2846316.13259352	2805054.89229753	2769037.97471813	2729383.86665531
15300	2867581.63503059	2825594.60186386	2793503.42658593	2743448.09929391
15400	2879716.29042837	2837595.13968883	2814377.0716969	2762817.11947833
15500	2901052.30124328	2861193.47872274	2829159.03970378	2784602.07063941
15600	2915872.67473553	2873254.65772715	2848897.27114747	2801546.7893353
15700	2946362.24793901	2898245.88382338	2863359.4652735	2822200.27588404
15800	2965698.90137888	2912707.98711314	2886277.2978079	2834258.0398521
15900	2978749.09171805	2926055.38464546	2900182.90646589	2862751.4180653
16000	3002907.90293232	2948872.76584372	2916514.26210102	2876377.05965066
16100	3021415.59226247	2968086.05360837	2939010.38021251	2897489.30811869
16200	3036094.43823761	2982607.4973385	2957121.30591996	2915869.31262863
16300	3058015.54591432	3004273.94245935	2968636.53294676	2929322.62933575
16400	3079161.3881656	3019289.03349164	2989328.63338288	2947051.80649697
16500	3093251.89111623	3035888.07319665	3008881.11078264	2968021.90457117
16600	3114065.77897144	3055409.43284957	3023324.41566574	2983447.42691965
16700	3130847.29635997	3076775.28891308	3039118.83119073	3000414.88581381
16800	3147810.19357649	3097395.87220672	3059789.24223816	3017676.53301906
16900	3159037.45411157	3117137.13815681	3078419.89154876	3039855.44624977
17000	3173255.55019588	3133612.72232303	3097405.81936314	3053686.50870245
17100	3194962.96841432	3155569.11260769	3116735.19512418	3063057.3608041
17200	3205685.37792721	3162134.92018558	3133952.30516631	3086356.54377467
17300	3225759.99394368	3181608.03876783	3145858.15175024	3106280.49795792
17400	3247084.61471402	3192087.55927583	3166419.45817488	3123467.68736153
17500	3263783.44114882	3211062.58401186	3181635.62601726	3144470.33996186
17600	3283727.99018309	3229943.12566041	3202954.3616261	3158370.56304245
17700	3300436.25052203	3250465.4683195	3223165.23063107	3175950.19087735
17800	3323021.74809028	3269525.33926467	3238920.60151288	3194117.49794837
17900	3339559.8197469	3284618.77239033	3260596.98924176	3215198.11731847
18000	3351301.93682236	3302106.20384378	3274965.61350324	3229044.90421747
18100	3369406.302696	3325047.10456605	3290957.72910292	3239565.43025555
18200	3393637.48312367	3342780.67218683	3307599.08140653	3256937.09902614
18300	3399725.79698529	3354319.76642366	3323779.7358579	3269488.77088956
18400	3413060.4270437	3378112.16068721	3338605.10222413	3293037.90151609
18500	3430694.4159621	3391590.28949312	3357331.73098488	3306276.25539309
18600	3451312.07273933	3407145.68872586	3367655.5856463	3327689.73590701
18700	3462724.37577083	3426537.84345425	3387240.2532004	3335203.87724779
18800	3483072.12782114	3441003.47464746	3404948.84338989	3358827.84998836
18900	3499957.40128499	3453554.05630196	3419669.22202132	3373878.04801712
19000	3512241.05479608	3471689.4778068	3436984.85545377	3395518.89688872
19100	3537007.22308184	3488544.20126095	3457547.50493323	3412698.64842259
19200	3550302.17538578	3502536.28053448	3474790.99221095	3429092.29189646
19300	3572732.4145545	3526851.99953092	3486158.79845694	3445615.11840144
19400	3585376.67625474	3539553.8038541	3506192.34728554	3462219.14868868
19500	3597438.09280167	3560356.09935892	3525519.93523749	3477359.60083822
19600	3606170.4515425	3572955.97516626	3538430.75127434	3491125.46608986
19700	3612778.36637593	3581371.99885338	3556841.06656764	3505860.78711454
19800	3625076.13880263	3592590.54816273	3561516.60725488	3516318.07708525
19900	3632209.64364224	3598575.12609874	3571574.96833103	3529558.34581702
20000	3639508.60376421	3606656.5922548	3580752.0713247	3542863.56865181