# Te	G
# K	W/(m^3K)
600	2.41392554312236E17
700	2.4725416053935E17
800	2.51939773698632E17
900	2.55064495412227E17
1000	2.60741387985501E17
1100	2.64288288422855E17
1200	2.65872879995372E17
1300	2.67334217801246E17
1400	2.68982566487394E17
1500	2.72091075876459E17
1600	2.75122189447913E17
1700	2.77894844633599E17
1800	2.79969026473005E17
1900	2.81727671356998E17
2000	2.82434996700842E17
2100	2.83237775558168E17
2200	2.83859558454197E17
2300	2.84293299155176E17
2400	2.84782675392547E17
2500	2.84363591267995E17
2600	2.83421275517904E17
2700	2.81333482799857E17
2800	2.79715677882198E17
2900	2.76764191948408E17
3000	2.74500648016826E17
3100	2.72538394723459E17
3200	2.70085405368985E17
3300	2.68498128338873E17
3400	2.65584354732252E17
3500	2.63395313119686E17
3600	2.61882291843275E17
3700	2.60092311373677E17
3800	2.58885053019862E17
3900	2.57944387330763E17
4000	2.56872458231077E17
4100	2.56161691193274E17
4200	2.55462857372515E17
4300	2.5512946950684E17
4400	2.54558679517379E17
4500	2.54404528114729E17
4600	2.54388948533863E17
4700	2.54201912896929E17
4800	2.54234713721653E17
4900	2.54191685017072E17
5000	2.53963597418942E17
5100	2.53892459072577E17
5200	2.54182769984347E17
5300	2.54499561918776E17
5400	2.54769912667187E17
5500	2.55370072147114E17
5600	2.55847141468568E17
5700	2.5653581190343E17
5800	2.57179684497921E17
5900	2.57726823747764E17
6000	2.58207086775002E17
6100	2.58849016412722E17
6200	2.59397032199393E17
6300	2.60077471791368E17
6400	2.60773114505344E17
6500	2.6131317744922E17
6600	2.62264856841098E17
6700	2.62869884048852E17
6800	2.63341170730757E17
6900	2.64004483609564E17
7000	2.64477314589819E17
7100	2.64801672781577E17
7200	2.65244411728216E17
7300	2.65701811221032E17
7400	2.66255892476662E17
7500	2.67425276641782E17
7600	2.68313776580309E17
7700	2.69083542160888E17
7800	2.69813303399425E17
7900	2.70157290529099E17
8000	2.70457731071118E17
8100	2.70734979348574E17
8200	2.71014586531754E17
8300	2.71375841484049E17
8400	2.7190744146235E17
8500	2.72587756563168E17
8600	2.73111082594468E17
8700	2.73670193180345E17
8800	2.74360562674554E17
8900	2.74863862522987E17
9000	2.75463709701012E17
9100	2.76402493706365E17
9200	2.77265443004162E17
9300	2.78010779378581E17
9400	2.78783690239036E17
9500	2.79388792890278E17
9600	2.80377710760941E17
9700	2.81065504701259E17
9800	2.81603977381482E17
9900	2.82257942499914E17
10000	2.82570180041461E17
10100	2.82842322971568E17
10200	2.8325926627318E17
10300	2.83600791264809E17
10400	2.83914388395327E17
10500	2.84621835829273E17
10600	2.85146507286174E17
10700	2.85704812836577E17
10800	2.86101938114155E17
10900	2.86789701145843E17
11000	2.87320057518513E17
11100	2.87781649101306E17
11200	2.8826310070111E17
11300	2.8865335764525E17
11400	2.89055610765714E17
11500	2.89349854526138E17
11600	2.89786785782485E17
11700	2.90285134043798E17
11800	2.90696964386163E17
11900	2.91149993789957E17
12000	2.91600822722039E17
12100	2.92030651335352E17
12200	2.9238336341533E17
12300	2.9297989487733E17
12400	2.93717638118625E17
12500	2.94228401383308E17
12600	2.94791304187624E17
12700	2.95404930639049E17
12800	2.95969268975557E17
12900	2.96460184119775E17
13000	2.96903358245486E17
13100	2.97333627374153E17
13200	2.97639712612077E17
13300	2.9796163519444E17
13400	2.98256094127828E17
13500	2.98616729846471E17
13600	2.98906807536214E17
13700	2.99414634847366E17
13800	2.99880498465889E17
13900	3.00339602985373E17
14000	3.00736749590841E17
14100	3.01101854868632E17
14200	3.01561030113854E17
14300	3.01958922133171E17
14400	3.02205611072145E17
14500	3.02559010546165E17
14600	3.02901000878377E17
14700	3.03215767326596E17
14800	3.03723295602416E17
14900	3.04370281927713E17
15000	3.04881848757411E17
15100	3.05629694971034E17
15200	3.05999323032353E17
15300	3.0646494463749E17
15400	3.06900934463837E17
15500	3.07110003455666E17
15600	3.07548739883392E17
15700	3.07890269001092E17
15800	3.08206093721019E17
15900	3.08471960015052E17
16000	3.08953509414912E17
16100	3.09334535573035E17
16200	3.09678403189588E17
16300	3.10115122639682E17
16400	3.10550322931002E17
16500	3.11072965773021E17
16600	3.11459609444676E17
16700	3.12110597352203E17
16800	3.12487745585535E17
16900	3.12622483898981E17
17000	3.1273804450855E17
17100	3.12939437126233E17
17200	3.13182549483192E17
17300	3.13419777285732E17
17400	3.13980601018891E17
17500	3.14391110465966E17
17600	3.14739230130263E17
17700	3.15032632965603E17
17800	3.15413568291794E17
17900	3.15656498457542E17
18000	3.15924081434E17
18100	3.16297148158697E17
18200	3.1669892110316E17
18300	3.16955490428933E17
18400	3.17134518002027E17
18500	3.1729041855056E17
18600	3.17363771580205E17
18700	3.17537974990969E17
18800	3.17839691909899E17
18900	3.18111356097836E17
19000	3.18245610703006E17
19100	3.18425567147043E17
19200	3.18583724158367E17
19300	3.18711944436454E17
19400	3.18834946615873E17
19500	3.18916026724167E17
19600	3.19096701967982E17
19700	3.19455495550785E17
19800	3.19738907067112E17
19900	3.20078385311262E17
20000	3.20313381128002E17
20100	3.20446414913063E17
20200	3.20625985425811E17
20300	3.20909619043183E17
20400	3.20776990324139E17
20500	3.20904278465566E17
20600	3.20929929152738E17
20700	3.21147901841487E17
20800	3.21070415779603E17
20900	3.21120342881719E17
21000	3.21402576180391E17
21100	3.21499662140235E17
21200	3.2163829199624E17
21300	3.21945592858094E17
21400	3.22067468779543E17
21500	3.22550398209071E17
21600	3.22767752279074E17
21700	3.22877739965459E17
21800	3.2296343758537E17
21900	3.23071589927315E17
22000	3.23066218398225E17
22100	3.23287213018481E17
22200	3.23408600808291E17
22300	3.23701669395939E17
22400	3.23413819089218E17
22500	3.23031541800921E17
22600	3.23029464903739E17
22700	3.22796234038386E17
22800	3.22656465654471E17
22900	3.22526068862095E17
23000	3.22497452133551E17
23100	3.22275369331938E17
23200	3.22320091922187E17
23300	3.22225772709272E17
23400	3.21937758385535E17
23500	3.22234807446122E17
23600	3.22502823626626E17
23700	3.22254937521135E17
23800	3.22137341406708E17
23900	3.22216904036228E17
24000	3.21719855694258E17
