# Te	G
# K	W/(m^3K)
400	1.36376119667608E15
500	1.60953023639353E15
600	1.75976646294464E15
700	1.90566900668461E15
800	2.06613037557851E15
900	2.26706726849875E15
1000	2.53707683688666E15
1100	2.97898696383581E15
1200	3.46727495766814E15
1300	3.96502742833334E15
1400	4.40775448041929E15
1500	5.00970694289353E15
1600	5.47659913912903E15
1700	5.90332342652627E15
1800	6.29793253384474E15
1900	6.85914016849376E15
2000	7.28406300558575E15
2100	7.74106477139113E15
2200	8.03736422291546E15
2300	8.4466194652958E15
2400	8.86533659132573E15
2500	9.19774540099151E15
2600	9.52106474196904E15
2700	9.84092382928012E15
2800	1.01275580448114E16
2900	1.04324703009648E16
3000	1.06921884428307E16
3100	1.09334655580429E16
3200	1.11957381985635E16
3300	1.14292091241232E16
3400	1.16314390495929E16
3500	1.18371305022436E16
3600	1.20308940102137E16
3700	1.21990184246489E16
3800	1.23958013552181E16
3900	1.25378173309752E16
4000	1.2698581482541E16
4100	1.28509395173067E16
4200	1.29676233159326E16
4300	1.31076348490275E16
4400	1.32136702937556E16
4500	1.33321947723199E16
4600	1.34237973990073E16
4700	1.35243572540278E16
4800	1.36073536031315E16
4900	1.36892662919563E16
5000	1.37625081045803E16
5100	1.38387033076727E16
5200	1.38941348356878E16
5300	1.39595946750979E16
5400	1.40085347490606E16
5500	1.40560688749446E16
5600	1.40984005695505E16
5700	1.41343445414687E16
5800	1.4167305416939E16
5900	1.41966423942402E16
6000	1.42258864979134E16
6100	1.42465967707976E16
6200	1.42641834526957E16
6300	1.42790635115644E16
6400	1.4289505769004E16
6500	1.42974485172819E16
6600	1.43057017023212E16
6700	1.43114883471294E16
6800	1.431433037832E16
6900	1.43135793327983E16
7000	1.43103725411313E16
7100	1.43053052579543E16
7200	1.42912588809564E16
7300	1.4279490130658E16
7400	1.42685159229459E16
7500	1.42542080741505E16
7600	1.4237653482646E16
7700	1.42186063762679E16
7800	1.42022413263291E16
7900	1.41826457034786E16
8000	1.41600021336359E16
8100	1.41387806658115E16
8200	1.41194038770151E16
8300	1.40924130242601E16
8400	1.40683626837277E16
8500	1.40374126448342E16
8600	1.40114569667964E16
8700	1.39825133075221E16
8800	1.39502558669253E16
8900	1.39202356341741E16
9000	1.38909241909577E16
9100	1.38610457879814E16
9200	1.38279738058552E16
9300	1.38031939144592E16
9400	1.37631506066314E16
9500	1.37281693097294E16
9600	1.36953505475719E16
9700	1.36586741120602E16
9800	1.36236303846629E16
9900	1.35908130243555E16
10000	1.35536805204941E16
10100	1.35189220123851E16
10200	1.34870106001848E16
10300	1.34495623169998E16
10400	1.34124716769987E16
10500	1.3382215038138E16
10600	1.33438519365735E16
10700	1.33080980112323E16
10800	1.32700500178242E16
10900	1.32343247137721E16
11000	1.31987284421368E16
11100	1.31629230548719E16
11200	1.31278199574363E16
11300	1.30915122324412E16
11400	1.30580088682867E16
11500	1.30225672993877E16
11600	1.29853285186045E16
11700	1.29510350990128E16
11800	1.29146792055732E16
11900	1.28794657767424E16
12000	1.28473656406127E16
12100	1.28094512224666E16
12200	1.2774510051848E16
12300	1.27419855328013E16
12400	1.27049483178693E16
12500	1.26701874025064E16
12600	1.26391978453182E16
12700	1.26010742805232E16
12800	1.25665822989653E16
12900	1.25338865720535E16
13000	1.2505047977179E16
13100	1.24675813361963E16
13200	1.24322657818975E16
13300	1.24024568101715E16
13400	1.23654183295132E16
13500	1.23325351783922E16
13600	1.23013633343075E16
13700	1.22670934227799E16
13800	1.22362892312639E16
13900	1.22019533427373E16
14000	1.21694418234086E16
14100	1.21369303040799E16
14200	1.21084985002305E16
14300	1.20722132729418E16
14400	1.20421175537702E16
14500	1.20079759586848E16
14600	1.19815236396629E16
14700	1.19473370350191E16
14800	1.19136592881799E16
14900	1.18825338655729E16
15000	1.18519141825654E16
15100	1.18204344419221E16
15200	1.17896443834987E16
15300	1.17586620178225E16
15400	1.17312159048226E16
15500	1.17020834581044E16
15600	1.16680962159778E16
15700	1.16413528509957E16
15800	1.1608868836619E16
15900	1.15827534609403E16
16000	1.15501497911112E16
16100	1.15200860486959E16
16200	1.14904771294788E16
16300	1.14615742059752E16
16400	1.14311843378142E16
16500	1.14030270688895E16
16600	1.13792726321304E16
16700	1.1343148837741E16
16800	1.13171923905841E16
16900	1.12856581416784E16
17000	1.12570596325169E16
17100	1.12325236544617E16
17200	1.12026093940282E16
17300	1.11725781356758E16
17400	1.11453768542841E16
17500	1.11154705023886E16
17600	1.10891247803598E16
17700	1.10642407042373E16
17800	1.10326387972022E16
17900	1.10053643321827E16
18000	1.09782760616264E16
18100	1.09529045994665E16
18200	1.09255144975941E16
18300	1.08993114887255E16
18400	1.08723955491606E16
18500	1.08438881401368E16
18600	1.08170112377815E16
18700	1.07929541621071E16
18800	1.07669360797869E16
18900	1.07383659377277E16
19000	1.07142186499896E16
19100	1.06881256596804E16
19200	1.06605924170732E16
19300	1.06363157036487E16
19400	1.06104769295684E16
19500	1.05848461698376E16
19600	1.05597786593324E16
19700	1.05467753743047E16
19800	1.05124687778734E16
19900	1.04893834102218E16
20000	1.04720297604906E16
20100	1.04549563005214E16
20200	1.04364628407688E16
20300	1.04195906897961E16
20400	1.04007954304458E16
20500	1.03857395111975E16
20600	1.03656813313853E16
20700	1.03482226331352E16
20800	1.03326366847983E16
20900	1.03152001790911E16
21000	1.02977831614507E16
21100	1.02793416518983E16
21200	1.02634436322699E16
21300	1.02453010267068E16
21400	1.0230265861689E16
21500	1.02115864449002E16
21600	1.01947699769837E16
21700	1.01787991741049E16
21800	1.01624508761627E16
21900	1.01475622064565E16
22000	1.01283793609749E16
22100	1.01119710106389E16
22200	1.00955626603029E16
22300	1.00828139636569E16
22400	1.00627509622953E16
22500	1.00463279619912E16
22600	1.00344352454911E16
22700	1.00160947273138E16
22800	9.99862715862379E15
22900	9.98518995573387E15
23000	9.96939099486506E15
23100	9.9574699944402E15
23200	9.9415936687978E15
23300	9.92937567610934E15
23400	9.91891282559209E15
23500	9.91120409179621E15
23600	9.90500644976744E15
23700	9.90035661248139E15
23800	9.89269159730373E15
23900	9.88654185365229E15
24000	9.88039211000085E15
24100	9.8742423663494E15
24200	9.86899236274764E15
24300	9.86394692969129E15
24400	9.85565498239891E15
24500	9.84944204360692E15
24600	9.84393927826756E15
24700	9.83727659338549E15
24800	9.83126119768621E15
24900	9.82662190951007E15
25000	9.81953628313942E15
25100	9.81368870292262E15
25200	9.80784112270582E15
25300	9.80199354248901E15
25400	9.79670565935165E15
25500	9.79225055813946E15
25600	9.7847431187663E15
25700	9.77905878844757E15
25800	9.77337445812884E15
25900	9.76769012781012E15
26000	9.76313028143323E15
