# Te	G
# K	W/(m^3K)
400	92356041270541.8
500	117317133505823
600	142278225741105
700	167239317976386
800	192200410211668
900	217161502446950
1000	242122594682231
1100	267083686917513
1200	292044779152794
1300	317005871388076
1400	341966963623357
1500	379355516987753
1600	449663394469866
1700	510346111660299
1800	571028828850732
1900	631711546041164
2000	692394263231598
2100	753076980422030
2200	813759697612463
2300	874442414802896
2400	935125131993329
2500	995807849183762
2600	1.05571447765964E15
2700	1.14842743507761E15
2800	1.23043494647733E15
2900	1.3078792559679E15
3000	1.47314179513575E15
3100	1.62003447198399E15
3200	1.91942651227204E15
3300	2.16191050374983E15
3400	2.40439449522762E15
3500	2.6468784867054E15
3600	2.88936247818319E15
3700	3.13184646966098E15
3800	3.37433046113876E15
3900	3.61681445261655E15
4000	3.83796013091297E15
4100	4.04212466868104E15
4200	4.3961036532881E15
4300	4.72746459663866E15
4400	5.0048265503287E15
4500	5.37719014523057E15
4600	5.6930805232401E15
4700	6.00231812697569E15
4800	6.34518893014688E15
4900	6.65405185461819E15
5000	6.9236816260572E15
5100	7.20918089604593E15
5200	7.48640918802762E15
5300	7.72712940358572E15
5400	8.00447787651177E15
5500	8.25890663217563E15
5600	8.48824070416739E15
5700	8.71615709770169E15
5800	8.97482093064237E15
5900	9.26067993418777E15
6000	9.55710348177048E15
6100	9.82636434846559E15
6200	1.01190796714228E16
6300	1.03489016387741E16
6400	1.06465021212811E16
6500	1.08920197032462E16
6600	1.10746822988403E16
6700	1.1338911575147E16
6800	1.1566434613127E16
6900	1.1793957651107E16
7000	1.2021480689087E16
7100	1.2249003727067E16
7200	1.2476526765047E16
7300	1.2682221989211E16
7400	1.28840582132211E16
7500	1.31211949244332E16
7600	1.3327361649786E16
7700	1.34985908762479E16
7800	1.37001862137357E16
7900	1.39156990800871E16
8000	1.41149937546436E16
8100	1.43136501790671E16
8200	1.45123066034906E16
8300	1.46917337395186E16
8400	1.50063168732645E16
8500	1.52637377539755E16
8600	1.55217436762073E16
8700	1.57533782685975E16
8800	1.59454016418637E16
8900	1.61421289670739E16
9000	1.63388562922842E16
9100	1.6508557876661E16
9200	1.67205138138888E16
9300	1.68931190589831E16
9400	1.70404419156784E16
9500	1.72006743321392E16
9600	1.73500652460678E16
9700	1.7505487720479E16
9800	1.76829669733404E16
9900	1.78744719398424E16
10000	1.80468240740823E16
10100	1.82500720631045E16
10200	1.8461062185782E16
10300	1.86628362487386E16
10400	1.8879598853905E16
10500	1.90691399896185E16
10600	1.92368282766161E16
10700	1.93625485647217E16
10800	1.94900615427428E16
10900	1.96155878644003E16
11000	1.97578327739305E16
11100	1.98955487474948E16
11200	2.00331067839279E16
11300	2.01767618769147E16
11400	2.03377575537526E16
11500	2.04909875301978E16
11600	2.06731944726648E16
11700	2.08340706404747E16
11800	2.10189636173273E16
11900	2.12356025288542E16
12000	2.1431008793779E16
12100	2.16264150587037E16
12200	2.181577586418E16
12300	2.19929509560693E16
12400	2.22577614780349E16
12500	2.24801989776804E16
12600	2.2702636477326E16
12700	2.29250739769716E16
12800	2.31475114766171E16
12900	2.33448052946605E16
13000	2.35706281515612E16
13100	2.38198517045502E16
13200	2.40638794664473E16
13300	2.42962859555621E16
13400	2.4504574741613E16
13500	2.47570451632289E16
13600	2.49809093119324E16
13700	2.52325566077081E16
13800	2.54943293330985E16
13900	2.57492091982209E16
14000	2.60040890633434E16
14100	2.62374766996551E16
14200	2.65044896220969E16
14300	2.67534107148085E16
14400	2.69817220385678E16
14500	2.73186657717938E16
14600	2.76012352293093E16
14700	2.79425602887865E16
14800	2.82408432720026E16
14900	2.86057461852898E16
15000	2.89868282154105E16
15100	2.94047856895127E16
15200	2.98076932795198E16
15300	3.01933158646387E16
15400	3.06290593280462E16
15500	3.10415247647027E16
15600	3.14539902013592E16
15700	3.18664556380158E16
15800	3.22789210746723E16
15900	3.2636022966725E16
16000	3.30179287454054E16
16100	3.34635912486364E16
16200	3.38794527479313E16
16300	3.42780131788217E16
16400	3.46765736097122E16
16500	3.50059112359371E16
16600	3.55143372530202E16
16700	3.59947400046509E16
16800	3.64575319144704E16
16900	3.69203238242898E16
17000	3.73831157341093E16
17100	3.78459076439287E16
17200	3.83086995537482E16
17300	3.87531707691889E16
17400	3.92084386979057E16
17500	3.97906435754093E16
17600	4.02978470866107E16
17700	4.0805050597812E16
17800	4.13122541090134E16
17900	4.18194576202148E16
18000	4.22719689329149E16
18100	4.28550539522752E16
18200	4.3350740981407E16
18300	4.39249887060291E16
18400	4.44606196649065E16
18500	4.49665129622439E16
18600	4.55410079395186E16
18700	4.60832290343516E16
18800	4.6616671171933E16
18900	4.71011261199997E16
19000	4.7618782064711E16
19100	4.8083374279584E16
19200	4.86408015114997E16
19300	4.91377829007304E16
19400	4.97101921893581E16
19500	5.02415185843874E16
19600	5.07613067036894E16
19700	5.13213632481568E16
19800	5.18672756408186E16
19900	5.24131880334803E16
20000	5.2959100426142E16
20100	5.35050128188038E16
20200	5.40153085632734E16
20300	5.46168548720707E16
20400	5.52314211477836E16
20500	5.57686110460951E16
20600	5.65736168969296E16
20700	5.72482942937847E16
20800	5.79229716906398E16
20900	5.85736148061826E16
21000	5.93034293372729E16
21100	6.00015631892689E16
21200	6.06639320658904E16
21300	6.14055188337403E16
21400	6.21142899295558E16
21500	6.28230610253712E16
21600	6.35318321211866E16
21700	6.42406032170021E16
21800	6.49493743128175E16
21900	6.55747090344099E16
22000	6.63638804199144E16
22100	6.70504797377396E16
22200	6.77106207801461E16
22300	6.84363569042806E16
22400	6.90784549514298E16
22500	6.9720552998579E16
22600	7.03626510457282E16
22700	7.09644892148077E16
22800	7.16044325177188E16
22900	7.22204834584154E16
23000	7.2836534399112E16
23100	7.34453410643007E16
23200	7.40476653932756E16
23300	7.46123070439217E16
23400	7.52054847488654E16
23500	7.57675690865241E16
23600	7.63206711383838E16
23700	7.68401344531124E16
23800	7.74005522596558E16
23900	7.79340997549788E16
24000	7.84676472503016E16
24100	7.89159641933844E16
24200	7.96057605496551E16
24300	8.01829892947425E16
24400	8.07245347880142E16
24500	8.13649271226952E16
24600	8.19603428872589E16
24700	8.2523226373151E16
24800	8.31709738198944E16
24900	8.3862854292293E16
25000	8.44519137458572E16
25100	8.50957639087715E16
25200	8.56310950935119E16
25300	8.63505442822207E16
25400	8.69779434397917E16
25500	8.76053425973627E16
25600	8.82039251495484E16
25700	8.88515852978489E16
25800	8.94810736082705E16
25900	9.00768184869654E16
26000	9.05939395493345E16
26100	9.12952216954789E16
26200	9.19305455664527E16
26300	9.25641794466247E16
26400	9.31361878718912E16
26500	9.38144536242815E16
26600	9.43836697378278E16
26700	9.50703981645465E16
26800	9.56920005809748E16
26900	9.63136029974031E16
27000	9.69140473989997E16
27100	9.76080572514612E16
27200	9.82521141934664E16
27300	9.89356784354162E16
27400	9.96009248255124E16
27500	1.00192560657039E17
27600	1.008886718106E17
27700	1.01696250780578E17
27800	1.02410190523903E17
27900	1.03124130267229E17
28000	1.03755087592745E17
28100	1.0455119794272E17
28200	1.05242233151553E17
28300	1.05982156980885E17
28400	1.06728556476781E17
28500	1.0748593993295E17
28600	1.08157650801623E17
28700	1.08859065031113E17
28800	1.09581701403684E17
28900	1.1034216886005E17
29000	1.11059035405066E17
29100	1.11775901950082E17
29200	1.12471846697285E17
29300	1.13233918500896E17
29400	1.13971568850865E17
29500	1.14689037875284E17
29600	1.15330184058416E17
29700	1.16136510331314E17
29800	1.16908391244154E17
29900	1.17638794527005E17
30000	1.18608617031689E17
