# Te	Ce
# K	(m^3K)
400	5.16057281508891E-157
500	5.07330761913987E-157
600	4.98604242319084E-157
700	4.8987772272418E-157
800	4.81151203129276E-157
900	4.72424683534372E-157
1000	4.63698163939468E-157
1100	4.54971644344564E-157
1200	4.46245124749661E-157
1300	4.37518605154757E-157
1400	4.28792085559853E-157
1500	4.20065565964949E-157
1600	4.11339046370045E-157
1700	4.02612526775142E-157
1800	3.93886007180238E-157
1900	3.85159487585334E-157
2000	3.7643296799043E-157
2100	3.67826109154631E-157
2200	1031.23381777803
2300	3519.00063826554
2400	5400.89175457527
2500	6896.67440543571
2600	9217.96031549058
2700	11507.1522354122
2800	14564.3132718208
2900	17771.7485346626
3000	35731.8992570626
3100	46529.1701749014
3200	57764.9285392714
3300	67524.3328051529
3400	85545.217864099
3500	98030.4321965771
3600	110518.494342536
3700	126334.827589376
3800	143799.49662815
3900	158077.83461771
4000	176678.032085947
4100	195699.342680665
4200	211462.248151346
4300	233937.00826013
4400	252473.777386041
4500	270838.250634734
4600	294610.813615949
4700	314896.424926037
4800	334900.856647154
4900	354494.896472508
5000	375314.771285606
5100	396357.265942439
5200	417443.176084082
5300	437358.647015993
5400	458170.580600285
5500	480326.391663799
5600	500977.868563603
5700	520817.659840183
5800	541714.792867075
5900	562946.135377922
6000	582963.210553201
6100	602561.027784848
6200	622418.765133244
6300	642286.112748629
6400	662689.42887381
6500	682842.583313281
6600	702037.379760937
6700	720740.352839724
6800	739875.706240994
6900	758578.212168572
7000	776149.669240139
7100	793854.675942249
7200	811081.841296803
7300	828700.561334468
7400	845262.182203986
7500	861212.541699516
7600	877721.265953928
7700	893651.933128012
7800	908872.010059085
7900	924624.35104288
8000	939780.952836376
8100	954166.098668269
8200	967544.508355403
8300	981288.614202118
8400	994887.208239813
8500	1008520.93437966
8600	1022180.04358079
8700	1033732.00540599
8800	1046674.84763945
8900	1059192.56948745
9000	1069981.03594127
9100	1081322.82437638
9200	1092942.77265401
9300	1104079.26463365
9400	1114324.65083095
9500	1124669.76093774
9600	1135051.46789659
9700	1144919.72297115
9800	1154315.46200576
9900	1163996.48443164
10000	1173855.50476206
10100	1182863.75993734
10200	1191733.62611708
10300	1200150.25932732
10400	1208782.55266181
10500	1217326.0654828
10600	1225225.58094546
10700	1233549.7281777
10800	1241754.2330864
10900	1249299.26259214
11000	1255550.10402752
11100	1263187.12387292
11200	1271024.70176427
11300	1277953.18210788
11400	1285289.1813074
11500	1292271.86970731
11600	1298627.46355813
11700	1304664.25773637
11800	1311441.50180907
11900	1317650.10236008
12000	1323329.8284841
12100	1329838.53783984
12200	1335489.91879049
12300	1340983.24396931
12400	1347089.38410811
12500	1352450.54775857
12600	1357991.39550093
12700	1364028.490995
12800	1369338.47313727
12900	1374506.19897303
13000	1379839.43518398
13100	1385469.56542958
13200	1389772.45076654
13300	1395022.62874459
13400	1400431.6114667
13500	1404963.79506985
13600	1409194.25831632
13700	1414488.263897
13800	1419549.07222655
13900	1424405.86457752
14000	1428166.0439666
14100	1433132.64263054
14200	1438267.32022743
14300	1442751.72311824
14400	1447636.79337304
14500	1452246.20786635
14600	1456275.09159444
14700	1459835.46032198
14800	1464351.98372179
14900	1469276.20493905
15000	1473226.65849767
15100	1477680.18963336
15200	1481745.2410742
15300	1486253.81965963
15400	1490434.02462402
15500	1494586.72277143
15600	1499153.12727068
15700	1502386.25953579
15800	1506959.33955244
15900	1511450.49355042
16000	1515268.58571918
16100	1519450.30661393
16200	1522447.18208619
16300	1526360.74785363
16400	1530759.7298873
16500	1534544.33070855
16600	1537938.53593281
16700	1542319.50014079
16800	1546424.77941257
16900	1550002.16627112
17000	1553667.76502707
17100	1557370.02405214
17200	1561046.21779188
17300	1564921.86838672
17400	1568843.64760738
17500	1571510.90219328
17600	1575175.41660595
17700	1579158.27865443
17800	1582973.54795139
17900	1586208.68866221
18000	1589867.51597025
18100	1593358.90841351
18200	1596639.28330732
18300	1600348.33599471
18400	1603816.96889059
18500	1607454.85336033
18600	1610776.05757811
18700	1613577.15062164
18800	1616553.45338803
18900	1620220.05773114
19000	1623484.75804813
19100	1627232.42064528
19200	1630068.86715302
19300	1633685.63008155
19400	1637047.41333898
19500	1640581.96992857
19600	1643162.82090136
19700	1646237.31579986
19800	1649375.89031676
19900	1652839.07328002
20000	1655534.61767566
20100	1658181.17774995
20200	1661513.9022746
20300	1664731.69572612
20400	1667627.2789253
20500	1670690.54087032
20600	1673450.68235904
20700	1676544.26796569
20800	1679643.08091444
20900	1682204.35252092
21000	1684617.81474581
21100	1687621.49143108
21200	1690429.97745884
21300	1693403.25335982
21400	1695981.75084099
21500	1698585.11679283
21600	1701422.19480421
21700	1704414.67714871
21800	1707069.26277521
21900	1709386.96722336
22000	1712351.98236684
22100	1715025.67837073
22200	1717285.15118698
22300	1719513.71218214
22400	1721770.57436561
22500	1724530.68098547
22600	1726839.98808719
22700	1729326.76534114
22800	1731944.01265583
22900	1733926.77403281
23000	1736400.32398652
23100	1738819.532721
23200	1740980.00165762
23300	1743021.26568921
23400	1745462.5482432
23500	1747465.33456165
23600	1749656.58305551
23700	1751698.97293237
23800	1753836.76009899
23900	1756120.88548281
24000	1758393.48366081
24100	1760517.8310059
24200	1762247.84947932
24300	1764321.17580062
24400	1766386.9616949
24500	1768207.23838337
24600	1769907.68728956
24700	1771504.2980081
24800	1773573.45817897
24900	1775346.0835449
25000	1777143.72959955
25100	1778859.03912202
25200	1780873.67701453
25300	1782543.893006
25400	1784309.78491783
25500	1785792.77938017
25600	1787455.46217183
25700	1788998.24529604
25800	1790468.39198397
25900	1792258.10543801
26000	1793789.67605706
26100	1795205.81187306
26200	1797044.78567045
26300	1798396.21388267
26400	1799536.76730207
26500	1800895.74509399
26600	1802020.96227367
26700	1803526.52788482
26800	1805152.39361572
26900	1806292.01889122
27000	1807417.76091389
27100	1808482.37867088
27200	1809739.53948204
27300	1810984.72746826
27400	1811965.87134238
27500	1813065.56373345
27600	1813963.85476636
27700	1815203.06171233
27800	1816579.50401524
27900	1817047.52190417
28000	1817933.22169134
