# Te	Ce
# K	(m^3K)
400	68.8735689266998
500	65.4159885971462
600	62.9386264549913
700	6995.81542619588
800	8213.94697407292
900	8976.65411646441
1000	9386.54026405511
1100	9592.5295903325
1200	9880.68067379529
1300	10310.5093527599
1400	11342.2575358474
1500	14285.048841764
1600	17363.6198064606
1700	28162.3588291244
1800	32540.8018083024
1900	37625.108574861
2000	42475.6905021163
2100	48337.0167860853
2200	58043.9921136992
2300	64966.8772879229
2400	71166.5998389984
2500	78527.5142995154
2600	88542.4151981715
2700	98915.8706095868
2800	106717.086705959
2900	113350.710368365
3000	121392.824195801
3100	128771.960688582
3200	136799.773903409
3300	144714.055926509
3400	153346.109178491
3500	161245.175306117
3600	169436.388768317
3700	178017.901828765
3800	189851.730955838
3900	198937.705728215
4000	207568.390206911
4100	216633.376119698
4200	227092.212955322
4300	237375.822234634
4400	247005.90831861
4500	256643.512674614
4600	267954.464893428
4700	278668.81180824
4800	289335.079873048
4900	300716.414228298
5000	312340.722485585
5100	323600.218499909
5200	335152.404432205
5300	347187.530131077
5400	359548.723738473
5500	371308.242235669
5600	382804.314706331
5700	395896.091173964
5800	408088.159098527
5900	420702.586909781
6000	433785.588462245
6100	445863.438039701
6200	458748.530045555
6300	471616.231277011
6400	484527.068506439
6500	497631.348142804
6600	510500.905475439
6700	523238.55375053
6800	536441.247359837
6900	549002.653480416
7000	562936.858617074
7100	576812.974262956
7200	589294.52817849
7300	602385.142843698
7400	614751.482113405
7500	627571.126655993
7600	640973.527295116
7700	654170.438578354
7800	667004.614867186
7900	680077.302518372
8000	692790.2035084
8100	705134.678482831
8200	718804.800952235
8300	731177.293577248
8400	743135.62166921
8500	756480.230509928
8600	768983.487329552
8700	780949.704233351
8800	793236.744044166
8900	805214.354380997
9000	818336.388281063
9100	830957.727070671
9200	842505.703098812
9300	854549.498260466
9400	866162.867646603
9500	878180.275343451
9600	890694.315907348
9700	903675.05025804
9800	915263.007903303
9900	925909.23215171
10000	937816.135026368
10100	948246.572337175
10200	959807.225812705
10300	971223.536403499
10400	981780.100731167
10500	992318.10768007
10600	1004135.60215831
10700	1015835.41232371
10800	1025107.83053106
10900	1034320.47509267
11000	1044749.39143426
11100	1055545.72550474
11200	1065863.25770558
11300	1076578.671953
11400	1088079.71878549
11500	1097758.13192294
11600	1106850.52222144
11700	1116532.39957246
11800	1127140.45021151
11900	1138055.01407067
12000	1146508.76469925
12100	1155723.24149098
12200	1166040.43824832
12300	1175737.91551345
12400	1185185.97577996
12500	1193531.80652203
12600	1202923.53005138
12700	1211942.62466827
12800	1221013.40277969
12900	1229409.24781822
13000	1237793.92169354
13100	1247128.5123014
13200	1256781.98800029
13300	1265763.54292997
13400	1272571.04921957
13500	1282118.59190086
13600	1291939.95878754
13700	1300795.3945789
13800	1308364.81549313
13900	1315179.23428967
14000	1324138.50313379
14100	1331996.10481054
14200	1339677.52212533
14300	1348718.8066028
14400	1357378.4400563
14500	1364236.92649248
14600	1371735.97092466
14700	1380004.62239357
14800	1387659.28496089
14900	1395358.89595052
15000	1403682.32382819
15100	1411894.8829299
15200	1418929.52832134
15300	1426119.04416692
15400	1435306.31827544
15500	1442866.71374278
15600	1449064.33927086
15700	1457180.10371107
15800	1465541.36393193
15900	1472702.72460358
16000	1478240.56763941
16100	1486236.34138052
16200	1494013.8919114
16300	1499776.88583253
16400	1507075.29171605
16500	1514361.33931511
16600	1521901.62962571
16700	1529990.29480463
16800	1536890.1462301
16900	1544674.69270216
17000	1551841.72339553
17100	1557916.20064114
17200	1564576.89150304
17300	1571374.73076754
17400	1579197.95919755
17500	1586128.57018986
17600	1591146.12125269
17700	1597933.81556995
17800	1604986.53064922
17900	1612309.7674236
18000	1618575.17387093
18100	1626455.04831452
18200	1633186.87551401
18300	1639538.27050092
18400	1646080.74147998
18500	1652778.30359632
18600	1659370.29514083
18700	1664840.21269043
18800	1670655.37420865
18900	1677484.89136423
19000	1683814.01855918
19100	1691154.22389257
19200	1696503.01700434
19300	1702083.94841543
19400	1709295.7049709
19500	1716450.25170674
19600	1722098.64879591
19700	1728823.43263313
19800	1734843.67104666
19900	1739845.80410855
20000	1745743.05050022
20100	1752247.00195735
20200	1758763.88133654
20300	1763649.2548458
20400	1770038.88555268
20500	1777018.50566764
20600	1783186.71601069
20700	1788456.06759715
20800	1794563.8069358
20900	1800388.16606243
21000	1806121.59504341
21100	1812567.10718353
21200	1818423.96119108
21300	1824310.66215949
21400	1829771.1613751
21500	1834758.52689949
21600	1840854.38755898
21700	1846208.50430318
21800	1851612.70958141
21900	1858052.53560841
22000	1863647.98428541
22100	1869127.25692314
22200	1873073.21389148
22300	1879037.31526789
22400	1884424.70365333
22500	1890289.21121664
22600	1895439.76732285
22700	1901160.28749773
22800	1906464.33339888
22900	1911508.29808528
23000	1916619.22916268
23100	1921513.04106187
23200	1927151.54418225
23300	1932516.04878361
23400	1937449.83592569
23500	1942701.86541037
23600	1947297.68672359
23700	1952556.70760823
23800	1956558.7780781
23900	1961961.85478665
24000	1967489.95166953
24100	1972335.34539946
24200	1976718.40718912
24300	1981579.05136617
24400	1985907.34802982
24500	1990831.68178709
24600	1995503.79221075
24700	2000241.27900114
24800	2005142.32398386
24900	2010121.16232763
25000	2014462.46437229
25100	2018460.57494455
25200	2023198.87489145
25300	2027682.84162813
25400	2032263.03829409
25500	2036625.97279959
25600	2040863.41507892
25700	2045296.58665844
25800	2049523.09633027
25900	2053546.22004244
26000	2057758.62342792
26100	2061862.29623447
26200	2065878.46328052
26300	2070091.00299464
26400	2074222.9649959
26500	2077978.28790938
26600	2081824.61607395
26700	2086000.18454581
26800	2090122.86024807
26900	2093728.98801619
27000	2097377.83681882
27100	2101412.65836485
27200	2105121.6047426
27300	2108798.97203364
27400	2112561.98916313
27500	2115954.72735341
27600	2119584.36107393
27700	2123098.91370951
27800	2126628.916127
27900	2130249.01699978
28000	2133632.8508026
28100	2137070.39432676
28200	2140407.97131596
28300	2143692.16270051
28400	2146979.24862218
28500	2150220.60387816
28600	2153395.23562283
28700	2156557.22518231
28800	2159537.97666082
28900	2162569.02233363
29000	2165798.20130885
29100	2168794.80967675
29200	2171739.10053469
29300	2174635.48599308
29400	2177485.50429721
29500	2180358.11440074
29600	2183200.33740525
29700	2185874.15360114
29800	2188574.86901485
29900	2191265.3629072
30000	2193739.88881579
