# Te	Ce
# K	J/(m^3K)
600	46637.0846272344
700	54783.6558526547
800	62930.2270780751
900	71076.7983034954
1000	79223.3695289158
1100	87369.9407543362
1200	94141.3624099977
1300	102974.381031778
1400	110671.811656658
1500	117535.214045114
1600	125141.461252563
1700	131616.796884239
1800	138507.00917941
1900	145335.019617611
2000	150930.94242561
2100	157524.962390345
2200	162727.844525983
2300	169552.424409447
2400	174391.606412289
2500	181337.082884734
2600	186601.582955995
2700	192696.553206746
2800	198746.492704035
2900	204593.324867729
3000	210162.487765606
3100	215591.826759105
3200	222276.764201068
3300	226364.13918772
3400	234211.681261459
3500	239758.638462672
3600	245650.853789013
3700	252271.39078232
3800	257852.613366734
3900	263407.098416715
4000	270561.635276884
4100	276371.797543513
4200	281727.388263258
4300	289174.503959659
4400	295418.168427594
4500	300245.445860155
4600	308097.779499469
4700	314339.102604627
4800	320440.61909339
4900	327076.209300235
5000	333684.629214412
5100	340099.94733461
5200	345255.33019978
5300	352390.042008488
5400	359374.730561224
5500	365429.016033022
5600	372253.060436641
5700	378177.062726505
5800	384543.857324076
5900	391584.42748138
6000	397144.023965015
6100	403933.66756188
6200	410365.463070439
6300	417350.888073468
6400	423346.307489842
6500	429718.925297225
6600	436653.137552097
6700	442339.991114852
6800	449216.517501694
6900	455704.802588376
7000	462288.579020221
7100	468283.428459818
7200	475064.074837991
7300	480975.292349524
7400	487796.126361533
7500	494041.126459959
7600	500493.212964675
7700	506423.406364402
7800	512932.135875631
7900	518629.073605491
8000	525759.750402168
8100	532059.269877931
8200	537471.35168988
8300	544634.767352295
8400	550462.165420624
8500	556949.520119625
8600	563424.333404318
8700	569660.15334012
8800	575542.413119555
8900	582127.150059837
9000	588349.650756209
9100	593621.731060343
9200	600728.38516265
9300	606330.174679372
9400	613103.945466588
9500	619153.355823517
9600	625430.503206193
9700	631457.642897452
9800	636994.908691284
9900	643775.184887742
10000	649786.867852868
10100	655953.91786932
10200	660873.681183565
10300	667564.723159557
10400	674113.943417169
10500	679791.127780332
10600	685865.375563838
10700	692170.283625732
10800	698279.286231873
10900	704330.88585098
11000	710181.014940578
11100	715591.057145567
11200	722446.148722261
11300	728460.331712198
11400	734474.514702136
11500	739951.875213039
11600	746532.81788861
11700	752567.017441866
11800	758306.792488846
11900	764367.912518003
12000	770296.192755078
12100	776459.757151341
12200	782347.243714497
12300	787776.651540591
12400	794143.864759099
12500	798630.173299788
12600	805826.291222146
12700	811667.316231139
12800	817042.505415607
12900	822825.463951726
13000	828536.570687572
13100	834673.337941107
13200	840426.344559538
13300	846179.351177968
13400	851487.594233214
13500	857779.139691808
13600	862987.063129942
13700	869312.95954136
13800	875049.552078599
13900	880353.560679156
14000	886324.610877535
14100	892043.163652048
14200	898112.819547222
14300	903820.610063397
14400	909083.937615937
14500	914701.551616687
14600	920606.046531962
14700	926179.263378096
14800	931752.480224229
14900	936407.642199299
15000	942732.612492196
15100	947850.174516911
15200	953460.963962045
15300	958124.240658037
15400	963753.800036196
15500	968857.905422708
15600	973950.259019813
15700	978967.612015777
15800	983834.357028872
15900	988802.853326677
16000	993668.832093895
16100	998534.810861113
16200	1002960.98176268
16300	1007902.53064484
16400	1012991.83064588
16500	1018282.32332711
16600	1023115.17109686
16700	1027773.49865944
16800	1032842.15613939
16900	1038445.13695622
17000	1043582.53154043
17100	1048719.92612463
17200	1053634.08839415
17300	1058960.82294186
17400	1063703.71652564
17500	1069009.86842415
17600	1073974.54066536
17700	1078834.6853392
17800	1083344.20477873
17900	1088359.28218364
18000	1093491.92936997
18100	1097399.49091998
18200	1102717.184547
18300	1107370.29880954
18400	1111916.30409762
18500	1116156.7328173
18600	1120856.07963783
18700	1125287.23497734
18800	1129718.39031685
18900	1133900.67148012
19000	1138417.16531237
19100	1142715.0308354
19200	1146903.14764602
19300	1151316.12266603
19400	1154757.45130568
19500	1159773.2638383
19600	1163910.20838997
19700	1168103.86943507
19800	1172530.11058046
19900	1176757.4693078
20000	1180687.26169278
20100	1184952.23057691
20200	1188624.5325407
20300	1192412.26265959
20400	1196074.61926978
20500	1199736.97587996
20600	1203340.25199398
20700	1206556.18479299
20800	1210453.88104568
20900	1213436.93909505
21000	1216993.24274621
21100	1220121.96969005
21200	1223144.05517241
21300	1225624.24946226
21400	1229076.31918035
21500	1232009.75726563
21600	1235265.97426683
21700	1238731.55770921
21800	1241897.09489908
21900	1244232.26436768
22000	1247444.47321071
22100	1250505.38362595
22200	1252957.56253908
22300	1255075.97859914
22400	1257741.10639728
22500	1260043.61131694
22600	1262333.12464163
22700	1264876.92293651
22800	1267294.44153493
22900	1269543.26380825
23000	1271521.38429012
23100	1274097.38040231
23200	1276314.63902861
23300	1278102.0705913
23400	1279736.4397894
23500	1281259.21819585
23600	1282847.77622205
23700	1284182.87520118
23800	1285420.01212288
23900	1287086.24445322
24000	1288474.24052007
24100	1290114.98839482
24200	1290614.13972938
24300	1290816.36041086
24400	1291521.87459761
24500	1291423.3919514
24600	1291925.98101032
24700	1292388.83774513
24800	1292989.93659177
24900	1292644.14118845
25000	1291840.39389897
25100	1291686.87410041
25200	1291290.36198493
25300	1290574.46210066
25400	1287962.40070671
25500	1287835.15597992
25600	1282074.05562792
25700	1280966.39488155
25800	1280151.17558717
25900	1279751.05729898
26000	1278384.19734433
26100	1277586.39239744
26200	1276154.65246635
26300	1275144.46949599
26400	1274088.16201073
26500	1273245.81006859
26600	1273272.08887569
26700	1273018.69539375
26800	1273000.80827507
26900	1271642.51675264
27000	1269293.70383538
27100	1267494.05115236
27200	1265536.28812448
27300	1263806.63839355
27400	1262297.32691699
27500	1261528.14255396
27600	1258536.59191402
27700	1256403.03710404
27800	1251962.0395377
27900	1248159.55959569
28000	1245594.84815703
28100	1242729.15818839
28200	1239188.64263665
28300	1233007.23690607
28400	1225235.88170485
28500	1224519.89070921
28600	1223724.08090236
28700	1223129.00256509
28800	1221762.97294919
28900	1220766.94901158
29000	1219804.46660004
29100	1218064.2640612
29200	1216921.01148929
29300	1214613.16445535
29400	1212553.10309171
29500	1209990.28994211
29600	1207666.09964191
29700	1205341.9093417
29800	1203545.60080402
29900	1201298.6299564
30000	1200198.87911328
