#Te   kappa_tot   kappa_e_ph  kappa_e_e mu Ce
#[K]  [W/(K*m)]   [W/(K*m)]   [W/(K*m)]   [eV]  [J/(m^3*K)]
   3.0000000000000000E+02   1.6564221421169655E+01   1.6658516174510467E+01   2.9263065089677580E+03   4.2688332442511303E+00   1.6381631973400265E+04
   4.0000000000000000E+02   2.3360838912890642E+01   2.3537418572521755E+01   3.1139138270322233E+03   4.2519511210893786E+00   2.2973469571808684E+04
   5.0000000000000000E+02   3.0285887385746147E+01   3.0568638803348417E+01   3.2742483138883358E+03   4.2348878651372699E+00   3.0832257232125947E+04
   6.0000000000000000E+02   3.6964387275485230E+01   3.7372813143616405E+01   3.3824085260223633E+03   4.2179309793274831E+00   3.8870552728702176E+04
   7.0000000000000000E+02   4.3318934744583565E+01   4.3871655036943288E+01   3.4383998343331377E+03   4.2020775614058437E+00   4.6377368684322726E+04
   8.0000000000000000E+02   4.9363901079587187E+01   5.0081872529664416E+01   3.4433633832778937E+03   4.1887308863549668E+00   5.3058255674161694E+04
   9.0000000000000000E+02   5.5210275715719249E+01   5.6118837543853459E+01   3.4101548157756279E+03   4.1787745574576869E+00   5.9117661961054990E+04
   1.0000000000000000E+03   6.0978206238999249E+01   6.2108051151813349E+01   3.3519977027685427E+03   4.1721342440352212E+00   6.4929028463991126E+04
   1.1000000000000000E+03   6.6725734561677328E+01   6.8111299759035546E+01   3.2800885277990174E+03   4.1681825721686243E+00   7.0714818904070155E+04
   1.2000000000000000E+03   7.2460996908427873E+01   7.4138556972380840E+01   3.2023614909573730E+03   4.1662248927854355E+00   7.6542480268283602E+04
   1.3000000000000000E+03   7.8171517003830985E+01   8.0177939015263604E+01   3.1237850698162001E+03   4.1656983860352526E+00   8.2412616986282766E+04
   1.4000000000000000E+03   8.3840872975272703E+01   8.6212949814128947E+01   3.0471900639083938E+03   4.1661925073675024E+00   8.8309538763397402E+04
   1.5000000000000000E+03   8.9454848688105415E+01   9.2228971091172241E+01   2.9740319477250277E+03   4.1674169329082043E+00   9.4218272971681770E+04
   1.6000000000000000E+03   9.5002835440497364E+01   9.8214843341983595E+01   2.9049394914362647E+03   4.1691665299090479E+00   1.0012816426251369E+05
   1.7000000000000000E+03   1.0047761072043521E+02   1.0416273717664548E+02   2.8400715910229856E+03   4.1712946625635068E+00   1.0603275455062682E+05
   1.8000000000000000E+03   1.0587360869701705E+02   1.1006758709164720E+02   2.7785676389955565E+03   4.1736947633235140E+00   1.1192913240880241E+05
   1.9000000000000000E+03   1.1120370377006229E+02   1.1592650947752975E+02   2.7296183704218979E+03   4.1762879834233297E+00   1.1781752477204663E+05
   2.0000000000000000E+03   1.1644172241509590E+02   1.2173831566902750E+02   2.6763276847607590E+03   4.1790149562977774E+00   1.2370118407746467E+05
   2.1000000000000000E+03   1.2152102819801428E+02   1.2750313081809696E+02   2.5901112935549904E+03   4.1818302759885944E+00   1.2958646170458285E+05
   2.2000000000000000E+03   1.2650848501357878E+02   1.3322210229808667E+02   2.5103793704395480E+03   4.1846987632427606E+00   1.3548295497006294E+05
   2.3000000000000000E+03   1.3140634749247926E+02   1.3889717727536646E+02   2.4365752889576929E+03   4.1875929122553410E+00   1.4140364262684918E+05
   2.4000000000000000E+03   1.3621765957574391E+02   1.4453093155597134E+02   2.3682209940541170E+03   4.1904911240693403E+00   1.4736495670363729E+05
   2.5000000000000000E+03   1.4094614260424908E+02   1.5012643567927736E+02   2.3049092048571529E+03   4.1933764671048648E+00   1.5338676192526417E+05
   2.6000000000000000E+03   1.4559611156970743E+02   1.5568714793783781E+02   2.2462948833199707E+03   4.1962357935294818E+00   1.5949223215300284E+05
   2.7000000000000000E+03   1.5017241068732272E+02   1.6121682706720685E+02   2.1920868184705009E+03   4.1990590970304389E+00   1.6570762628129855E+05
   2.8000000000000000E+03   1.5465009017587192E+02   1.6671945966823529E+02   2.1362490797948508E+03   4.2018390359429967E+00   1.7206197372217869E+05
   2.9000000000000000E+03   1.5909528149092549E+02   1.7219919904603475E+02   2.0906786027556304E+03   4.2045705687583741E+00   1.7858668267394928E+05
   3.0000000000000000E+03   1.6348193815735868E+02   1.7766031321030934E+02   2.0484894939508877E+03   4.2072506681490349E+00   1.8531508910520683E+05
   3.1000000000000000E+03   1.6776817448611408E+02   1.8310714042441106E+02   2.0027132733685885E+03   4.2098780883825517E+00   1.9228196146849528E+05
   3.2000000000000000E+03   1.7200649931496943E+02   1.8854405106409936E+02   1.9610401032852312E+03   4.2124531717057909E+00   1.9952297853632388E+05
   3.3000000000000000E+03   1.7620411397552536E+02   1.9397541476223338E+02   1.9232844292849190E+03   4.2149776810113853E+00   2.0707419361779888E+05
   3.4000000000000000E+03   1.8036846546001956E+02   1.9940557195481151E+02   1.8892827556281393E+03   4.2174546520306180E+00   2.1497149808933132E+05
   3.5000000000000000E+03   1.8450718275825213E+02   2.0483880905413056E+02   1.8588887592230956E+03   4.2198882596973020E+00   2.2325009575593288E+05
   3.6000000000000000E+03   1.8862802301429957E+02   2.1027933658064146E+02   1.8319708602634444E+03   4.2222836955518872E+00   2.3194399717465564E+05
   3.7000000000000000E+03   1.9273903588316429E+02   2.1573126970241799E+02   1.8084296314643384E+03   4.2246470525606536E+00   2.4108554055436846E+05
   3.8000000000000000E+03   1.9689519663447436E+02   2.2119861074221097E+02   1.7920504404974017E+03   4.2269852167732331E+00   2.5070494844752506E+05
   3.9000000000000000E+03   2.0101602834327147E+02   2.2668523332916885E+02   1.7751763372855517E+03   4.2293057643354768E+00   2.6082992559876438E+05
   4.0000000000000000E+03   2.0514505644244036E+02   2.3219486798741804E+02   1.7609597471583127E+03   4.2316168618802870E+00   2.7148529769786377E+05
   4.1000000000000000E+03   2.0926484001602864E+02   2.3773108903185309E+02   1.7476401012803472E+03   4.2339271714499054E+00   2.8269270556657779E+05
   4.2000000000000000E+03   2.1340923777770709E+02   2.4329730273564221E+02   1.7372115593050626E+03   4.2362457580546433E+00   2.9447034256063827E+05
   4.3000000000000000E+03   2.1758463523746539E+02   2.4889673677614900E+02   1.7295583184133545E+03   4.2385820006919994E+00   3.0683275643622590E+05
   4.4000000000000000E+03   2.2179709429536865E+02   2.5453243102100166E+02   1.7245753137522631E+03   4.2409455056726850E+00   3.1979069904428715E+05
   4.5000000000000000E+03   2.2605177536762849E+02   2.6020722971483099E+02   1.7221350839781044E+03   4.2433460235718021E+00   3.3335103575206752E+05
   4.6000000000000000E+03   2.3035340403714272E+02   2.6592377515409129E+02   1.7221199806927291E+03   4.2457933688988492E+00   3.4751671548058273E+05
   4.7000000000000000E+03   2.3470641788624650E+02   2.7168450291574834E+02   1.7244293863158937E+03   4.2482973431457713E+00   3.6228678909930983E+05
   4.8000000000000000E+03   2.3911436890322028E+02   2.7749163869003888E+02   1.7289462859100770E+03   4.2508676615424790E+00   3.7765648674458225E+05
   4.9000000000000000E+03   2.4358015600848407E+02   2.8334719674103650E+02   1.7355516808735513E+03   4.2535138839318840E+00   3.9361734989319998E+05
   5.0000000000000000E+03   2.4810613980057775E+02   2.8925298000309368E+02   1.7441300459808624E+03   4.2562453495172567E+00   4.1015739581055474E+05
   5.1000000000000000E+03   2.5262003181810161E+02   2.9521058175760908E+02   1.7510012587902718E+03   4.2590711169649005E+00   4.2726134864615853E+05
   5.2000000000000000E+03   2.5720426614449798E+02   3.0122138884425692E+02   1.7601201876182117E+03   4.2619999091206600E+00   4.4491088486397127E+05
   5.3000000000000000E+03   2.6190502142107084E+02   3.0728658629694564E+02   1.7734051301808031E+03   4.2650400634113153E+00   4.6308492944931565E+05
   5.4000000000000000E+03   2.6665654422779340E+02   3.1340716329772090E+02   1.7876142126845966E+03   4.2681994876012963E+00   4.8175995810197952E+05
   5.5000000000000000E+03   2.7147088426877019E+02   3.1958392028317672E+02   1.8032062955115985E+03   4.2714856220170185E+00   5.0091033311176213E+05
   5.6000000000000000E+03   2.7634679892655225E+02   3.2581747707580240E+02   1.8200400761150295E+03   4.2749054072089061E+00   5.2050865224611480E+05
   5.7000000000000000E+03   2.8128373671220578E+02   3.3210828185117299E+02   1.8380225195669425E+03   4.2784652579162570E+00   5.4052608320439141E+05
   5.8000000000000000E+03   2.8628072636637017E+02   3.3845662075394495E+02   1.8570569488123790E+03   4.2821710435820544E+00   5.6093272036263463E+05
   5.9000000000000000E+03   2.9133608495746023E+02   3.4486262804307302E+02   1.8770300137169693E+03   4.2860280736876284E+00   5.8169792172202468E+05
   6.0000000000000000E+03   2.9644822664939079E+02   3.5132629651099137E+02   1.8978447645597246E+03   4.2900410902139727E+00   6.0279062743607385E+05
   6.1000000000000000E+03   3.0159759013605986E+02   3.5784748810967011E+02   1.9186868587877716E+03   4.2942142642637791E+00   6.2417967742286331E+05
   6.2000000000000000E+03   3.0679919804666218E+02   3.6442594455017826E+02   1.9401683127915333E+03   4.2985511988214808E+00   6.4583408124879980E+05
   6.3000000000000000E+03   3.1204952770554917E+02   3.7106129779778468E+02   1.9621425106657150E+03   4.3030549357152088E+00   6.6772330842898577E+05
   6.4000000000000000E+03   3.1734909871523456E+02   3.7775308031673023E+02   1.9846307544145311E+03   4.3077279670689226E+00   6.8981750532153179E+05
   6.5000000000000000E+03   3.2269404721106480E+02   3.8450073498870319E+02   2.0074866133503499E+03   4.3125722502149841E+00   7.1208767701630306E+05
   6.6000000000000000E+03   3.2808160997956008E+02   3.9130362457665990E+02   2.0306142403098470E+03   4.3175892265613856E+00   7.3450592812383955E+05
   6.7000000000000000E+03   3.3351733928505183E+02   3.9816104072793945E+02   2.0542389737362423E+03   4.3227798426423147E+00   7.5704553126298066E+05
   6.8000000000000000E+03   3.3898533570590780E+02   4.0507221241170066E+02   2.0777731790959151E+03   4.3281445740523772E+00   7.7968112067943451E+05
   6.9000000000000000E+03   3.4449289276095800E+02   4.1203631381003856E+02   2.1015160242451821E+03   4.3336834507402333E+00   8.0238873827379302E+05
   7.0000000000000000E+03   3.5003308504796928E+02   4.1905247160766385E+02   2.1252322969712627E+03   4.3393960839500325E+00   8.2514591610298527E+05
   7.1000000000000000E+03   3.5559143933727296E+02   4.2611977169265339E+02   2.1484208953467664E+03   4.3452816940279426E+00   8.4793169172950822E+05
   7.2000000000000000E+03   3.6117965215542301E+02   4.3323726525336906E+02   2.1715468780832925E+03   4.3513391390525777E+00   8.7072671266150125E+05
   7.3000000000000000E+03   3.6679858667556834E+02   4.4040397434057542E+02   2.1946702609546114E+03   4.3575669430122597E+00   8.9351310391573550E+05
   7.4000000000000000E+03   3.7243961244027616E+02   4.4761889683248728E+02   2.2175125741753859E+03   4.3639633246414524E+00   9.1627458680745261E+05
   7.5000000000000000E+03   3.7810474679940108E+02   4.5488101090607114E+02   2.2401802360887918E+03   4.3705262253508375E+00   9.3899638023045368E+05
   7.6000000000000000E+03   3.8379034627422237E+02   4.6218927902482852E+02   2.2625790583839403E+03   4.3772533364159445E+00   9.6166514450755063E+05
   7.7000000000000000E+03   3.8949077502145082E+02   4.6954265144242459E+02   2.2845502115928084E+03   4.3841421257537938E+00   9.8426896988842555E+05
   7.8000000000000000E+03   3.9522040620124284E+02   4.7694006929421744E+02   2.3066229201857118E+03   4.3911898635460975E+00   1.0067973162723423E+06
   7.9000000000000000E+03   4.0096444127978191E+02   4.8438046735235122E+02   2.3283216979170220E+03   4.3983936460498896E+00   1.0292408913195345E+06
   8.0000000000000000E+03   4.0672331299856802E+02   4.9186277634347579E+02   2.3496983663693400E+03   4.4057504194905448E+00   1.0515916731364834E+06
   8.1000000000000000E+03   4.1246844945287370E+02   4.9938592505869133E+02   2.3698449218854257E+03   4.4132570011535401E+00   1.0738427172623684E+06
   8.2000000000000000E+03   4.1819233853432308E+02   5.0694884209727729E+02   2.3885812676651503E+03   4.4209101003938240E+00   1.0959882217565028E+06
   8.3000000000000000E+03   4.2393762249690366E+02   5.1455045743792846E+02   2.4073554008425403E+03   4.4287063372559059E+00   1.1180233244540202E+06
   8.4000000000000000E+03   4.2973308058163491E+02   5.2218970374936623E+02   2.4271077868929360E+03   4.4366422603524152E+00   1.1399440866456670E+06
   8.5000000000000000E+03   4.3564727433518277E+02   5.2986551752143032E+02   2.4499975871563020E+03   4.4447143632596493E+00   1.1617474184018509E+06
   8.6000000000000000E+03   4.4144496644324869E+02   5.3757684005136821E+02   2.4685942467379541E+03   4.4529190993477350E+00   1.1834310236295371E+06
   8.7000000000000000E+03   4.4729083024812320E+02   5.4532261827675745E+02   2.4881501356564540E+03   4.4612528954985002E+00   1.2049932891114529E+06
   8.8000000000000000E+03   4.5311158606990887E+02   5.5310180549441770E+02   2.5064135051220474E+03   4.4697121645051316E+00   1.2264332333996580E+06
   8.9000000000000000E+03   4.5885884695721307E+02   5.6091336197819135E+02   2.5219860039244695E+03   4.4782933162771892E+00   1.2477504448021224E+06
   9.0000000000000000E+03   4.6470399843481016E+02   5.6875625549276810E+02   2.5401016137024390E+03   4.4869927681392845E+00   1.2689450442487968E+06
   9.1000000000000000E+03   4.7054297855650236E+02   5.7662946177897345E+02   2.5576203134183875E+03   4.4958069535232390E+00   1.2900175967943582E+06
   9.2000000000000000E+03   4.7637900271315812E+02   5.8453196492468828E+02   2.5746752452342857E+03   4.5047323303306035E+00   1.3109690845367406E+06
   9.3000000000000000E+03   4.8220422339919043E+02   5.9246275773364641E+02   2.5910742031024597E+03   4.5137653877710280E+00   1.3318008252635286E+06
   9.4000000000000000E+03   4.8801538995532337E+02   6.0042084202934313E+02   2.6067651164046865E+03   4.5229026526238636E+00   1.3525144680925226E+06
   9.5000000000000000E+03   4.9382564854008058E+02   6.0840522891947592E+02   2.6221609971995067E+03   4.5321406947582901E+00   1.3731119103403932E+06
   9.6000000000000000E+03   4.9963510553070046E+02   6.1641493905321374E+02   2.6372921919363644E+03   4.5414761316647265E+00   1.3935953062420646E+06
   9.7000000000000000E+03   5.0543842218664321E+02   6.2444900284014307E+02   2.6520374658995747E+03   4.5509056324919532E+00   1.4139669680723636E+06
   9.8000000000000000E+03   5.1123972863434335E+02   6.3250646066056413E+02   2.6665386780412064E+03   4.5604259213426799E+00   1.4342294346533758E+06
   9.9000000000000000E+03   5.1703675188236855E+02   6.4058636304717390E+02   2.6807586792664783E+03   4.5700337801571926E+00   1.4543853069321839E+06
   1.0000000000000000E+04   5.2282765191032274E+02   6.4868777088046363E+02   2.6946733154831581E+03   4.5797260507730995E+00   1.4744373265181568E+06
   1.0100000000000000E+04   5.2860385223055664E+02   6.5680975552624727E+02   2.7080825299676717E+03   4.5894996370674690E+00   1.4943883416407872E+06
   1.0200000000000000E+04   5.3437367302744235E+02   6.6495139903430152E+02   2.7212337996147257E+03   4.5993515058630914E+00   1.5142411663130685E+06
   1.0300000000000000E+04   5.4013656379907297E+02   6.7311179423221188E+02   2.7341354506772041E+03   4.6092786885763068E+00   1.5339987880635466E+06
   1.0400000000000000E+04   5.4589207917529905E+02   6.8129004493253319E+02   2.7467978345884608E+03   4.6192782811345872E+00   1.5536641417152619E+06
   1.0500000000000000E+04   5.5163990736656467E+02   6.8948526602129482E+02   2.7592339124836144E+03   4.6293474448828391E+00   1.5732401472893255E+06
   1.0600000000000000E+04   5.5738061880828968E+02   6.9769658358811421E+02   2.7714776013619285E+03   4.6394834066657911E+00   1.5927297741273798E+06
   1.0700000000000000E+04   5.6311218147531895E+02   7.0592313507957681E+02   2.7834973894936929E+03   4.6496834583336515E+00   1.6121359660850980E+06
   1.0800000000000000E+04   5.6883272173323030E+02   7.1416406938124373E+02   2.7952668018610070E+03   4.6599449567833044E+00   1.6314615913611648E+06
   1.0900000000000000E+04   5.7454804137459564E+02   7.2241854693448113E+02   2.8069435457890704E+03   4.6702653233403888E+00   1.6507095168016227E+06
   1.1000000000000000E+04   5.8025367833357382E+02   7.3068573983607928E+02   2.8184356712994481E+03   4.6806420431001792E+00   1.6698825657014186E+06
   1.1100000000000000E+04   5.8594040780437467E+02   7.3896483194012387E+02   2.8295440902687478E+03   4.6910726640213003E+00   1.6889835060380499E+06
   1.1200000000000000E+04   5.9161753008808932E+02   7.4725501892404350E+02   2.8405056644658675E+03   4.7015547962254125E+00   1.7080149727562969E+06
   1.1300000000000000E+04   5.9728434572709136E+02   7.5555550835954102E+02   2.8513183953733337E+03   4.7120861110497358E+00   1.7269796740109767E+06
   1.1400000000000000E+04   6.0294174750055572E+02   7.6386551981060052E+02   2.8620160014809403E+03   4.7226643396052159E+00   1.7458800840056986E+06
   1.1500000000000000E+04   6.0839810806598496E+02   7.7218428484538777E+02   2.8683462012241048E+03   4.7332872721586172E+00   1.7647187399021522E+06
   1.1600000000000000E+04   6.1391585079305969E+02   7.8051104710907600E+02   2.8762420173893306E+03   4.7439527566495050E+00   1.7834980333872794E+06
   1.1700000000000000E+04   6.1953592236465124E+02   7.8884506236182688E+02   2.8865414668179642E+03   4.7546586974543859E+00   1.8022202187598858E+06
   1.1800000000000000E+04   6.2522163973021236E+02   7.9718559847954282E+02   2.8983845840466306E+03   4.7654030544392469E+00   1.8208876097302656E+06
   1.1900000000000000E+04   6.3081942922040048E+02   8.0553193549891773E+02   2.9084649209952609E+03   4.7761838413529425E+00   1.8395022866236093E+06
   1.2000000000000000E+04   6.3640707929055293E+02   8.1388336559810762E+02   2.9184808086747130E+03   4.7869991248385171E+00   1.8580663705905166E+06
   1.2100000000000000E+04   6.4197574411313451E+02   8.2223919310490157E+02   2.9282565089310519E+03   4.7978470229913963E+00   1.8765817793766633E+06
   1.2200000000000000E+04   6.4753111968447627E+02   8.3059873447320001E+02   2.9379228497768622E+03   4.8087257041647282E+00   1.8950503960860863E+06
   1.2300000000000000E+04   6.5307259056221142E+02   8.3896131824941608E+02   2.9474764194017766E+03   4.8196333857747229E+00   1.9134740133488143E+06
   1.2400000000000000E+04   6.5860444694447051E+02   8.4732628504277420E+02   2.9570126328010019E+03   4.8305683329412492E+00   1.9318543338926064E+06
   1.2500000000000000E+04   6.6412050830035309E+02   8.5569298747569496E+02   2.9664138828170067E+03   4.8415288572519648E+00   1.9501929301214395E+06
   1.2600000000000000E+04   6.6962719692318342E+02   8.6406079010497751E+02   2.9758160376547744E+03   4.8525133157736429E+00   1.9684913896107341E+06
   1.2700000000000000E+04   6.7512006439472430E+02   8.7242906937155681E+02   2.9851367886788175E+03   4.8635201096103682E+00   1.9867510900632921E+06
   1.2800000000000000E+04   6.8060080757088929E+02   8.8079721351470641E+02   2.9944158687470795E+03   4.8745476827912544E+00   2.0049733654671893E+06
   1.2900000000000000E+04   6.8606741069905513E+02   8.8916462247191248E+02   3.0036201132429051E+03   4.8855945212405922E+00   2.0231594896761975E+06
   1.3000000000000000E+04   6.9152780342160577E+02   8.9753070778458186E+02   3.0129062538074631E+03   4.8966591515831803E+00   2.0413106142136690E+06
   1.3100000000000000E+04   6.9696041817023911E+02   9.0589489248018947E+02   3.0218703024788838E+03   4.9077401401556662E+00   2.0594278359116006E+06
   1.3200000000000000E+04   7.0238202822544520E+02   9.1425661097039824E+02   3.0308374152878732E+03   4.9188360917294869E+00   2.0775121335507978E+06
   1.3300000000000000E+04   7.0778588862470906E+02   9.2261530889763958E+02   3.0396865356581648E+03   4.9299456488105831E+00   2.0955644146320445E+06
   1.3400000000000000E+04   7.1318128655091687E+02   9.3097044302413542E+02   3.0485939201407214E+03   4.9410674903211307E+00   2.1135855193112013E+06
   1.3500000000000000E+04   7.1856019006735858E+02   9.3932148107059754E+02   3.0574156316314461E+03   4.9522003308580604E+00   2.1315761536075142E+06
   1.3600000000000000E+04   7.2392601994517190E+02   9.4766790156311163E+02   3.0662183014079455E+03   4.9633429197867578E+00   2.1495370803824076E+06
   1.3700000000000000E+04   7.2927398098635854E+02   9.5600919369688211E+02   3.0749199571263807E+03   4.9744940400464168E+00   2.1674688167936788E+06
   1.3800000000000000E+04   7.3460175103195513E+02   9.6434485715229278E+02   3.0834849960271531E+03   4.9856525075321141E+00   2.1853718963102275E+06
   1.3900000000000000E+04   7.3993785924264012E+02   9.7267440192332720E+02   3.0924177458746176E+03   4.9968171702709165E+00   2.2032468033982296E+06
   1.4000000000000000E+04   7.4524610313819392E+02   9.8099734816349519E+02   3.1010841568590049E+03   5.0079869073096086E+00   2.2210938284573779E+06
   1.4100000000000000E+04   7.5054644290651470E+02   9.8931322597794724E+02   3.1098359375054861E+03   5.0191606283027674E+00   2.2389133673255453E+06
   1.4200000000000000E+04   7.5582626518608777E+02   9.9762157526407725E+02   3.1184582904345916E+03   5.0303372724004696E+00   2.2567055772128357E+06
   1.4300000000000000E+04   7.6109180230483003E+02   1.0059219455057611E+03   3.1270616292318086E+03   5.0415158077539832E+00   2.2744706544311852E+06
   1.4400000000000000E+04   7.6636313776735381E+02   1.0142138955898480E+03   3.1359845344840246E+03   5.0526952306918496E+00   2.2922087392885229E+06
   1.4500000000000000E+04   7.7160769641453192E+02   1.0224969936210866E+03   3.1446799788721255E+03   5.0638745648960004E+00   2.3099197620372842E+06
   1.4600000000000000E+04   7.7672398282430584E+02   1.0307708167000328E+03   3.1514835351892493E+03   5.0750528611133774E+00   2.3276038106390135E+06
   1.4700000000000000E+04   7.8200959092628216E+02   1.0390349507596839E+03   3.1613039947822963E+03   5.0862291960024990E+00   2.3452607696272829E+06
   1.4800000000000000E+04   7.8731455608138913E+02   1.0472889903381483E+03   3.1716421227121778E+03   5.0974026719274601E+00   2.3628904785813694E+06
   1.4900000000000000E+04   7.9252695435627516E+02   1.0555325383990223E+03   3.1806852729992220E+03   5.1085724160516719E+00   2.3804927634500875E+06
   1.5000000000000000E+04   7.9769465422639564E+02   1.0637652061147219E+03   3.1892286171748401E+03   5.1197375800082758E+00   2.3980673589168540E+06
   1.5100000000000000E+04   8.0283715806265707E+02   1.0719866126808233E+03   3.1975940164056274E+03   5.1308973391174684E+00   2.4156140212272326E+06
   1.5200000000000000E+04   8.0797928832186983E+02   1.0801963851107407E+03   3.2061774105487220E+03   5.1420508919333372E+00   2.4331323660395346E+06
   1.5300000000000000E+04   8.1308705319257592E+02   1.0883941580405096E+03   3.2144437360669685E+03   5.1531974596671404E+00   2.4506219807471940E+06
   1.5400000000000000E+04   8.1817871603644960E+02   1.0965795735308300E+03   3.2226842818591626E+03   5.1643362856929693E+00   2.4680824284057789E+06
   1.5500000000000000E+04   8.2325091456522580E+02   1.1047522808671217E+03   3.2308487079117667E+03   5.1754666351358010E+00   2.4855132805097485E+06
   1.5600000000000000E+04   8.2830785554930026E+02   1.1129119363821724E+03   3.2390038004453781E+03   5.1865877941299861E+00   2.5029139476747713E+06
   1.5700000000000000E+04   8.3334649133136656E+02   1.1210582032478449E+03   3.2471042420617250E+03   5.1976990696544689E+00   2.5202839119599839E+06
   1.5800000000000000E+04   8.3836979004737441E+02   1.1291907513043504E+03   3.2551966302661299E+03   5.2087997887912953E+00   2.5376225275197667E+06
   1.5900000000000000E+04   8.4336426433650502E+02   1.1373092568622569E+03   3.2630798589049068E+03   5.2198892985196093E+00   2.5549291685982263E+06
   1.6000000000000000E+04   8.4835356660626314E+02   1.1454134025321607E+03   3.2711104894004284E+03   5.2309669650977630E+00   2.5722031745143570E+06
   1.6100000000000000E+04   8.5299529687771440E+02   1.1535028770378242E+03   3.2742353072223332E+03   5.2420321738161197E+00   2.5894438825209662E+06
   1.6200000000000000E+04   8.5793892479601948E+02   1.1615773750583814E+03   3.2820693273986867E+03   5.2530843282967616E+00   2.6066504486193042E+06
   1.6300000000000000E+04   8.6285094119752705E+02   1.1696365970396466E+03   3.2896650133280859E+03   5.2641228504522815E+00   2.6238222129974300E+06
   1.6400000000000000E+04   8.6776185744474822E+02   1.1776802490432881E+03   3.2974680693025757E+03   5.2751471798266749E+00   2.6409583392305705E+06
   1.6500000000000000E+04   8.7266353531922960E+02   1.1857080425830184E+03   3.3053580187082598E+03   5.2861567732657697E+00   2.6580579669672661E+06
   1.6600000000000000E+04   8.7757402668816792E+02   1.1937196944580148E+03   3.3135908721833971E+03   5.2971511047524631E+00   2.6751203714261227E+06
   1.6700000000000000E+04   8.8244295680779385E+02   1.2017149266179938E+03   3.3214468332915485E+03   5.3081296647063851E+00   2.6921445919617694E+06
   1.6800000000000000E+04   8.8728165949427512E+02   1.2096934660045795E+03   3.3290928071569242E+03   5.3190919598603488E+00   2.7091298088410562E+06
   1.6900000000000000E+04   8.9211842872536658E+02   1.2176550444141649E+03   3.3369287895735188E+03   5.3300375128071673E+00   2.7260750625500069E+06
   1.7000000000000000E+04   8.9692561440561553E+02   1.2255993983579674E+03   3.3445670055228234E+03   5.3409658617113216E+00   2.7429794454807052E+06
   1.7100000000000000E+04   9.0171437329671153E+02   1.2335262689257747E+03   3.3521654322269310E+03   5.3518765600617693E+00   2.7598421064081588E+06
   1.7200000000000000E+04   9.0647256467036641E+02   1.2414354016694258E+03   3.3595581602595244E+03   5.3627691760952398E+00   2.7766619932208527E+06
   1.7300000000000000E+04   9.1122286967736898E+02   1.2493265464711033E+03   3.3670586834050432E+03   5.3736432926726172E+00   2.7934381779771806E+06
   1.7400000000000000E+04   9.1594170302617044E+02   1.2571994574212583E+03   3.3743450434267429E+03   5.3844985070730038E+00   2.8101697639732431E+06
   1.7500000000000000E+04   9.2063221690594435E+02   1.2650538927219241E+03   3.3814636288580700E+03   5.3953344302933779E+00   2.8268556555146701E+06
   1.7600000000000000E+04   9.2530025151184088E+02   1.2728896145607978E+03   3.3884957530591241E+03   5.4061506871721923E+00   2.8434949228491290E+06
   1.7700000000000000E+04   9.2996479818352350E+02   1.2807063890177212E+03   3.3956961185085934E+03   5.4169469158538321E+00   2.8600865731506189E+06
   1.7800000000000000E+04   9.3459543524584637E+02   1.2885039859640297E+03   3.4026585148460754E+03   5.4277227675414661E+00   2.8766295844515669E+06
   1.7900000000000000E+04   9.3923047556003928E+02   1.2962821789654815E+03   3.4098919450532308E+03   5.4384779062910420E+00   2.8931229749474544E+06
   1.8000000000000000E+04   9.4381449847803310E+02   1.3040407451975609E+03   3.4166654238324741E+03   5.4492120085993641E+00   2.9095657372636949E+06
   1.8100000000000000E+04   9.4838969787278506E+02   1.3117794653548233E+03   3.4235364948328579E+03   5.4599247632804939E+00   2.9259568393531144E+06
   1.8200000000000000E+04   9.5293829855963895E+02   1.3194981235737814E+03   3.4302730714761865E+03   5.4706158710949975E+00   2.9422953296923614E+06
   1.8300000000000000E+04   9.5748928119842219E+02   1.3271965073582612E+03   3.4372507214400803E+03   5.4812850444204022E+00   2.9585800963738784E+06
   1.8400000000000000E+04   9.6199330832334954E+02   1.3348744074996691E+03   3.4438330349899611E+03   5.4919320072099787E+00   2.9748102155680559E+06
   1.8500000000000000E+04   9.6649334852112804E+02   1.3425316180138318E+03   3.4505740087043259E+03   5.5025564945808094E+00   2.9909846753825983E+06
   1.8600000000000000E+04   9.7097473333065113E+02   1.3501679360773087E+03   3.4572849465345967E+03   5.5131582525254093E+00   3.0071024457467366E+06
   1.8700000000000000E+04   9.7542807649741837E+02   1.3577831619638539E+03   3.4638477904885776E+03   5.5237370377469697E+00   3.0231624791762833E+06
   1.8800000000000000E+04   9.7985376495792275E+02   1.3653770989850602E+03   3.4702695607360129E+03   5.5342926174945584E+00   3.0391638551513739E+06
   1.8900000000000000E+04   9.8428013956891903E+02   1.3729495534425996E+03   3.4769058995796559E+03   5.5448247691099759E+00   3.0551056040416621E+06
   1.9000000000000000E+04   9.8866531044540397E+02   1.3805003345721984E+03   3.4832332686221343E+03   5.5553332799865789E+00   3.0709866705036596E+06
   1.9100000000000000E+04   9.9303915745553979E+02   1.3880292545000261E+03   3.4896252126976897E+03   5.5658179471985054E+00   3.0868061675783624E+06
   1.9200000000000000E+04   9.9737537775561088E+02   1.3955361281956125E+03   3.4957573580333133E+03   5.5762785773771064E+00   3.1025630153288376E+06
   1.9300000000000000E+04   1.0016933185610086E+03   1.4030207734310859E+03   3.5018699007352729E+03   5.5867149864637735E+00   3.1182563788817292E+06
   1.9400000000000000E+04   1.0059851752141664E+03   1.4104830107422074E+03   3.5078679638564840E+03   5.5971269995039465E+00   3.1338852681088322E+06
   1.9500000000000000E+04   1.0102636286510119E+03   1.4179226633955561E+03   3.5139064094731762E+03   5.6075144502763923E+00   3.1494487205269397E+06
   1.9600000000000000E+04   1.0145027178392256E+03   1.4253395573500388E+03   3.5196718397920454E+03   5.6178771812931707E+00   3.1649458400405324E+06
   1.9700000000000000E+04   1.0187535018693208E+03   1.4327335212273892E+03   3.5257795636110027E+03   5.6282150435113039E+00   3.1803757240881459E+06
   1.9800000000000000E+04   1.0229542554705756E+03   1.4401043862829754E+03   3.5314885492209505E+03   5.6385278961267717E+00   3.1957374640583573E+06
   1.9900000000000000E+04   1.0271818252323158E+03   1.4474519863800863E+03   3.5377157617984394E+03   5.6488156062861599E+00   3.2110301835944019E+06
   2.0000000000000000E+04   1.0313318012155144E+03   1.4547761579617213E+03   3.5432209485207354E+03   5.6590780490454824E+00   3.2262530017973320E+06
   2.0100000000000000E+04   1.0354605360732101E+03   1.4620767400294274E+03   3.5486761894454712E+03   5.6693151070405934E+00   3.2414050717994915E+06
   2.0200000000000000E+04   1.0395748750300922E+03   1.4693535741195556E+03   3.5541618545231572E+03   5.6795266704048109E+00   3.2564855435593696E+06
   2.0300000000000000E+04   1.0436559350190121E+03   1.4766065042849611E+03   3.5594574791701953E+03   5.6897126364393591E+00   3.2714935641852161E+06
   2.0400000000000000E+04   1.0477111881059611E+03   1.4838353770732754E+03   3.5646519161165156E+03   5.6998729096133731E+00   3.2864283557093791E+06
   2.0500000000000000E+04   1.0517578306169355E+03   1.4910400415112713E+03   3.5699443331205043E+03   5.7100074012343276E+00   3.3012891391995065E+06
   2.0600000000000000E+04   1.0557724143606645E+03   1.4982203490883110E+03   3.5750640720583860E+03   5.7201160292420683E+00   3.3160750569241233E+06
   2.0700000000000000E+04   1.0597595884457853E+03   1.5053761537383371E+03   3.5800662214935487E+03   5.7301987182500129E+00   3.3307854454838987E+06
   2.0800000000000000E+04   1.0637158152389027E+03   1.5125073118283312E+03   3.5849118365273694E+03   5.7402553990920007E+00   3.3454194856610168E+06
   2.0900000000000000E+04   1.0676586477065478E+03   1.5196136821422356E+03   3.5898011202333787E+03   5.7502860088634833E+00   3.3599764761734162E+06
   2.1000000000000000E+04   1.0715736322086104E+03   1.5266951258690731E+03   3.5945703819543069E+03   5.7602904906331682E+00   3.3744556774631408E+06
   2.1100000000000000E+04   1.0754710047867975E+03   1.5337515065898297E+03   3.5993354886269667E+03   5.7702687933606400E+00   3.3888563509509349E+06
   2.1200000000000000E+04   1.0793528165643077E+03   1.5407826902657746E+03   3.6041189165135056E+03   5.7802208717315509E+00   3.4031779591724873E+06
   2.1300000000000000E+04   1.0831944375543778E+03   1.5477885452279700E+03   3.6086465906692265E+03   5.7901466858280841E+00   3.4174196477601193E+06
   2.1400000000000000E+04   1.0870042019165396E+03   1.5547689421645714E+03   3.6130136107438971E+03   5.8000462012937337E+00   3.4315809246708076E+06
   2.1500000000000000E+04   1.0907925743626627E+03   1.5617237541117493E+03   3.6173367732807897E+03   5.8099193888801519E+00   3.4456611007076660E+06
   2.1600000000000000E+04   1.0945661413356947E+03   1.5686528564425846E+03   3.6216882892077106E+03   5.8197662244059583E+00   3.4596595700898794E+06
   2.1700000000000000E+04   1.0983133764857612E+03   1.5755561268567217E+03   3.6259416579628564E+03   5.8295866887155459E+00   3.4735757305345903E+06
   2.1800000000000000E+04   1.1020438043100332E+03   1.5824334453707086E+03   3.6302010392091393E+03   5.8393807673907130E+00   3.4874089832965918E+06
   2.1900000000000000E+04   1.1057550796729342E+03   1.5892846943078273E+03   3.6344405194380643E+03   5.8491484506682800E+00   3.5011588563835286E+06
   2.2000000000000000E+04   1.1094199397816421E+03   1.5961097582881139E+03   3.6383666240623106E+03   5.8588897332753094E+00   3.5148247184393220E+06
   2.2100000000000000E+04   1.1129871080780256E+03   1.6029085242184137E+03   3.6414340425001005E+03   5.8686046143467010E+00   3.5284060652077761E+06
   2.2200000000000000E+04   1.1166415887622018E+03   1.6096808812823554E+03   3.6456254987056618E+03   5.8782930972604399E+00   3.5419024802572075E+06
   2.2300000000000000E+04   1.1203171060296779E+03   1.6164267209300435E+03   3.6502225550800417E+03   5.8879551894727920E+00   3.5553133450410208E+06
   2.2400000000000000E+04   1.1238772610034600E+03   1.6231459368678243E+03   3.6537778112710776E+03   5.8975909024359288E+00   3.5686382529896805E+06
   2.2500000000000000E+04   1.1275817113743535E+03   1.6298384250483330E+03   3.6590372025820279E+03   5.9072002515567226E+00   3.5818767616111822E+06
   2.2600000000000000E+04   1.1310952531214950E+03   1.6365040836588082E+03   3.6624646996621104E+03   5.9167832558672018E+00   3.5950284337870479E+06
   2.2700000000000000E+04   1.1345862608586663E+03   1.6431428131112007E+03   3.6658406073566339E+03   5.9263399381069215E+00   3.6080928377689705E+06
   2.2800000000000000E+04   1.1380498840513649E+03   1.6497545160299428E+03   3.6691145992199895E+03   5.9358703244346209E+00   3.6210695894262264E+06
   2.2900000000000000E+04   1.1414744815965228E+03   1.6563390972415541E+03   3.6721669248977091E+03   5.9453744444693939E+00   3.6339582680108743E+06
   2.3000000000000000E+04   1.1448764803377253E+03   1.6628964637626657E+03   3.6751691276684251E+03   5.9548523311259380E+00   3.6467585431734524E+06
   2.3100000000000000E+04   1.1482476074272172E+03   1.6694265247874559E+03   3.6780363691069238E+03   5.9643040204497444E+00   3.6594700907960604E+06
   2.3200000000000000E+04   1.1510698567164739E+03   1.6759291916763480E+03   3.6754830218982997E+03   5.9737295516171196E+00   3.6720925501011163E+06
   2.3300000000000000E+04   1.1544419982137899E+03   1.6824043779413651E+03   3.6787436879052625E+03   5.9831289666468228E+00   3.6846256088480409E+06
   2.3400000000000000E+04   1.1577307930067132E+03   1.6888519992355666E+03   3.6813366542616986E+03   5.9925023105236352E+00   3.6970689177325629E+06
   2.3500000000000000E+04   1.1610266629053485E+03   1.6952719733386650E+03   3.6841801387567416E+03   6.0018496309923872E+00   3.7094222625589669E+06
   2.3600000000000000E+04   1.1642697792288498E+03   1.7016642201429704E+03   3.6866704883240454E+03   6.0111709784343939E+00   3.7216853926710589E+06
   2.3700000000000000E+04   1.1674834343104828E+03   1.7080286616394601E+03   3.6890440743415584E+03   6.0204664057850392E+00   3.7338579766960428E+06
   2.3800000000000000E+04   1.1706990901704082E+03   1.7143652219048454E+03   3.6916145559792703E+03   6.0297359685338021E+00   3.7459399065107075E+06
   2.3900000000000000E+04   1.1738624095471177E+03   1.7206738270838825E+03   3.6938408012841910E+03   6.0389797244358592E+00   3.7579307753850259E+06
   2.4000000000000000E+04   1.1769929220514832E+03   1.7269544053790269E+03   3.6959190297080631E+03   6.0481977337180952E+00   3.7698305753465882E+06
   2.4100000000000000E+04   1.1801015773525714E+03   1.7332068870298335E+03   3.6979579575103298E+03   6.0573900586671279E+00   3.7816389988645678E+06
   2.4200000000000000E+04   1.1832425487010855E+03   1.7394312043014284E+03   3.7004872191185914E+03   6.0665567637941065E+00   3.7933559196073357E+06
   2.4300000000000000E+04   1.1862985968337389E+03   1.7456272914664773E+03   3.7023582489739697E+03   6.0756979156287167E+00   3.8049811294142874E+06
   2.4400000000000000E+04   1.1893904395191837E+03   1.7517950847896032E+03   3.7047494955231314E+03   6.0848135826780050E+00   3.8165145586956665E+06
   2.4500000000000000E+04   1.1925903932890606E+03   1.7579345225107882E+03   3.7083533996606066E+03   6.0939038353439789E+00   3.8279560557940286E+06
   2.4600000000000000E+04   1.1952749022357900E+03   1.7640455448275304E+03   3.7071522477412532E+03   6.1029687458000259E+00   3.8393054302516910E+06
   2.4700000000000000E+04   1.1983137372873639E+03   1.7701280938820369E+03   3.7095410200774631E+03   6.1120083881144955E+00   3.8505627202971252E+06
   2.4800000000000000E+04   1.2007719336266571E+03   1.7761821137365828E+03   3.7065552625035466E+03   6.1210228378387521E+00   3.8617277026695176E+06
   2.4900000000000000E+04   1.2046281213070449E+03   1.7822075503628305E+03   3.7170598971686181E+03   6.1300121722543466E+00   3.8728003383306162E+06
   2.5000000000000000E+04   1.2075848497097411E+03   1.7882043516201200E+03   3.7191456299633596E+03   6.1389764701258400E+00   3.8837805944483178E+06
   2.5100000000000000E+04   1.2095238960944509E+03   1.7941724672389682E+03   3.7117929982999176E+03   6.1479158117008064E+00   3.8946684442753266E+06
   2.5200000000000000E+04   1.2129588053267887E+03   1.8001118488035379E+03   3.7187263897164798E+03   6.1568302786686511E+00   3.9054637764860620E+06
   2.5300000000000000E+04   1.2157236708871719E+03   1.8060224497317931E+03   3.7195134412949747E+03   6.1657199540370087E+00   3.9161666662016609E+06
   2.5400000000000000E+04   1.2185369432637792E+03   1.8119042252552078E+03   3.7209200829531087E+03   6.1745849220081572E+00   3.9267770131331901E+06
   2.5500000000000000E+04   1.2208625707909862E+03   1.8177571324071691E+03   3.7179625824288960E+03   6.1834252681850090E+00   3.9372948585000178E+06
   2.5600000000000000E+04   1.2237073752739118E+03   1.8235811299946945E+03   3.7199988507974144E+03   6.1922410791591496E+00   3.9477202036618935E+06
   2.5700000000000000E+04   1.2267361708523797E+03   1.8293761785877557E+03   3.7238847397511836E+03   6.2010324427580121E+00   3.9580530552805490E+06
   2.5800000000000000E+04   1.2295137163818567E+03   1.8351422404961568E+03   3.7256048326018399E+03   6.2097994478388969E+00   3.9682935170396008E+06
   2.5900000000000000E+04   1.2325973060328465E+03   1.8408792797494543E+03   3.7302812494785476E+03   6.2185421842065907E+00   3.9784415604167436E+06
   2.6000000000000000E+04   1.2369803181201476E+03   1.8465872620804719E+03   3.7469916009250364E+03   6.2272607426545541E+00   3.9884972997751478E+06
   2.6100000000000000E+04   1.2384608874691023E+03   1.8522661549051445E+03   3.7372751713503917E+03   6.2359552148825319E+00   3.9984607626340874E+06
   2.6200000000000000E+04   1.2434340414931103E+03   1.8579159273021703E+03   3.7595834207513349E+03   6.2446256934141786E+00   4.0083319811637448E+06
   2.6300000000000000E+04   1.2443783972347487E+03   1.8635365499964971E+03   3.7453187282270069E+03   6.2532722716382230E+00   4.0181111778429700E+06
   2.6400000000000000E+04   1.2469366874921279E+03   1.8691279953361975E+03   3.7459286904525889E+03   6.2618950436437162E+00   4.0277983019124786E+06
   2.6500000000000000E+04   1.2494895749093005E+03   1.8746902372758730E+03   3.7466465547137054E+03   6.2704941042612141E+00   4.0373935859709913E+06
   2.6600000000000000E+04   1.2519694819858219E+03   1.8802232513574668E+03   3.7468651121250996E+03   6.2790695490215906E+00   4.0468970814019437E+06
   2.6700000000000000E+04   1.2544487698143666E+03   1.8857270146881824E+03   3.7472349997648830E+03   6.2876214740324397E+00   4.0563089841556745E+06
   2.6800000000000000E+04   1.2568738885422499E+03   1.8912015059239798E+03   3.7472777877447884E+03   6.2961499760192874E+00   4.0656293075004192E+06
   2.6900000000000000E+04   1.2592812139122964E+03   1.8966467052488877E+03   3.7473186073189245E+03   6.3046551522431784E+00   4.0748582562811328E+06
   2.7000000000000000E+04   1.2616545794976580E+03   1.9020625943587413E+03   3.7472141618721835E+03   6.3131371005418995E+00   4.0839960402181698E+06
   2.7100000000000000E+04   1.2639780942828727E+03   1.9074491564359457E+03   3.7468257572083985E+03   6.3215959191239843E+00   4.0930427320184736E+06
   2.7200000000000000E+04   1.2637672518610452E+03   1.9128063761393923E+03   3.7244935888938230E+03   6.3300317067746992E+00   4.1019985971973194E+06
   2.7300000000000000E+04   1.2666293319466638E+03   1.9181342395745608E+03   3.7291585404971024E+03   6.3384445625264725E+00   4.1108637163729710E+06
   2.7400000000000000E+04   1.2688665426998627E+03   1.9234327342868908E+03   3.7285449127047718E+03   6.3468345859472679E+00   4.1196383159919218E+06
   2.7500000000000000E+04   1.2710723152543071E+03   1.9287018492334016E+03   3.7278123902177049E+03   6.3552018768522283E+00   4.1283225791113675E+06
   2.7600000000000000E+04   1.2732690418220307E+03   1.9339415747668061E+03   3.7271534883817412E+03   6.3635465353448444E+00   4.1369167402411816E+06
   2.7700000000000000E+04   1.2754782733631846E+03   1.9391519026216424E+03   3.7267506369182252E+03   6.3718686618993710E+00   4.1454209901058883E+06
   2.7800000000000000E+04   1.2775593948877777E+03   1.9443328258906547E+03   3.7254043922673764E+03   6.3801683571960357E+00   4.1538355229400252E+06
   2.7900000000000000E+04   1.2799244046247638E+03   1.9494843390060116E+03   3.7266157274380862E+03   6.3884457220798421E+00   4.1621605843763114E+06
   2.8000000000000000E+04   1.2820986848358584E+03   1.9546064377275961E+03   3.7263486293007486E+03   6.3967008576841602E+00   4.1703963756476971E+06
   2.8100000000000000E+04   1.2848765090316019E+03   1.9596991191195159E+03   3.7313085324727854E+03   6.4049338652659475E+00   4.1785431493487782E+06
   2.8200000000000000E+04   1.2870051083865262E+03   1.9647623815352586E+03   3.7309215584716362E+03   6.4131448462469383E+00   4.1866011615282618E+06
   2.8300000000000000E+04   1.2890710090229761E+03   1.9697962245977587E+03   3.7301500645423521E+03   6.4213339021312521E+00   4.1945706232184218E+06
   2.8400000000000000E+04   1.2912963963158588E+03   1.9748006491830977E+03   3.7308516385013118E+03   6.4295011345054025E+00   4.2024517967807744E+06
   2.8500000000000000E+04   1.2935812446171824E+03   1.9797756574099722E+03   3.7321794104268488E+03   6.4376466451618786E+00   4.2102449962615538E+06
   2.8600000000000000E+04   1.2955697196981957E+03   1.9847212526073058E+03   3.7311746896435111E+03   6.4457705357283928E+00   4.2179504418271054E+06
   2.8700000000000000E+04   1.2974315718544128E+03   1.9896374393150302E+03   3.7292640118479726E+03   6.4538729080386208E+00   4.2255683562673852E+06
   2.8800000000000000E+04   1.2993566324012756E+03   1.9945242232575092E+03   3.7280194187168463E+03   6.4619538638850544E+00   4.2330991112135872E+06
   2.8900000000000000E+04   1.3012054439619658E+03   1.9993816113261296E+03   3.7262890926754121E+03   6.4700135049777883E+00   4.2405428862281637E+06
   2.9000000000000000E+04   1.3030430854411995E+03   2.0042096115698055E+03   3.7246094598244140E+03   6.4780519330681177E+00   4.2479000586785404E+06
   2.9100000000000000E+04   1.3048293093210395E+03   2.0090082331742449E+03   3.7226516393999564E+03   6.4860692498249417E+00   4.2551708130096309E+06
   2.9200000000000000E+04   1.3066089710536417E+03   2.0137774864490502E+03   3.7207817828667794E+03   6.4940655568759764E+00   4.2623555319558149E+06
   2.9300000000000000E+04   1.3083225560186795E+03   2.0185173828131594E+03   3.7185174011616368E+03   6.5020409558077290E+00   4.2694545520781800E+06
   2.9400000000000000E+04   1.3084808032634508E+03   2.0232279347703886E+03   3.7039042153157802E+03   6.5099955479595444E+00   4.2764680154272532E+06
   2.9500000000000000E+04   1.3092388900639460E+03   2.0279091559071192E+03   3.6943472669143703E+03   6.5179294346707648E+00   4.2833963614502996E+06
   2.9600000000000000E+04   1.3115608783877994E+03   2.0325610608702734E+03   3.6974020744254854E+03   6.5258427171159621E+00   4.2902398843792705E+06
   2.9700000000000000E+04   1.3131688521785948E+03   2.0371836653533883E+03   3.6949052517013160E+03   6.5337354963049163E+00   4.2969988309445996E+06
   2.9800000000000000E+04   1.3148036206041072E+03   2.0417769860871144E+03   3.6927567105431053E+03   6.5416078731650220E+00   4.3036735983396638E+06
   2.9900000000000000E+04   1.3163950890643566E+03   2.0463410408153454E+03   3.6904010361566006E+03   6.5494599483353140E+00   4.3102644868811453E+06
   3.0000000000000000E+04   1.3179839649257881E+03   2.0508758482902435E+03   3.6881585721641090E+03   6.5572918223312389E+00   4.3167718484748267E+06
   3.0100000000000000E+04   1.3195621020146684E+03   2.0553814282528515E+03   3.6859638517150211E+03   6.5651035954210730E+00   4.3231958875341108E+06
   3.0200000000000000E+04   1.3211172615512548E+03   2.0598578014266154E+03   3.6837205363940843E+03   6.5728953677495099E+00   4.3295370590749374E+06
   3.0300000000000000E+04   1.3226752340360076E+03   2.0643049894939709E+03   3.6816282855514410E+03   6.5806672391316852E+00   4.3357956706507588E+06
   3.0400000000000000E+04   1.3242166903450352E+03   2.0687230150924370E+03   3.6795356241140762E+03   6.5884193092179535E+00   4.3419720813717144E+06
   3.0500000000000000E+04   1.3255510704271119E+03   2.0731119017980236E+03   3.6759760346246576E+03   6.5961516774115019E+00   4.3480666019771416E+06
   3.0600000000000000E+04   1.3271737644466541E+03   2.0774716741086577E+03   3.6747615403861864E+03   6.6038644427859561E+00   4.3540795445381962E+06
   3.0700000000000000E+04   1.3287152282125833E+03   2.0818023574388681E+03   3.6730444421481061E+03   6.6115577042089670E+00   4.3600113230121890E+06
   3.0800000000000000E+04   1.3302345815639403E+03   2.0861039781059048E+03   3.6712792780207724E+03   6.6192315603010243E+00   4.3658622524810433E+06
   3.0900000000000000E+04   1.3316921928573404E+03   2.0903765633114108E+03   3.6691650149952402E+03   6.6268861093118536E+00   4.3716326491788188E+06
   3.1000000000000000E+04   1.3330207949451121E+03   2.0946201411390771E+03   3.6661956442096798E+03   6.6345214492852085E+00   4.3773229819597565E+06
   3.1100000000000000E+04   1.3345908697528616E+03   2.0988347405343848E+03   3.6651725828993426E+03   6.6421376778940999E+00   4.3829334687326001E+06
   3.1200000000000000E+04   1.3358953633429501E+03   2.1030203913004589E+03   3.6622650641892164E+03   6.6497348925643527E+00   4.3884645810189024E+06
   3.1300000000000000E+04   1.3371919299965261E+03   2.1071771240779954E+03   3.6594213330967682E+03   6.6573131903098526E+00   4.3939165892746905E+06
   3.1400000000000000E+04   1.3384328071075704E+03   2.1113049703462193E+03   3.6562836294675644E+03   6.6648726679385124E+00   4.3992899169103233E+06
   3.1500000000000000E+04   1.3396575820751848E+03   2.1154039624031520E+03   3.6531487986926322E+03   6.6724134218874847E+00   4.4045848869862547E+06
   3.1600000000000000E+04   1.3408747037710184E+03   2.1194741333528400E+03   3.6500787731583741E+03   6.6799355481819793E+00   4.4098018742410848E+06
   3.1700000000000000E+04   1.3419634365315335E+03   2.1235155171070937E+03   3.6461807878068416E+03   6.6874391426412334E+00   4.4149413054054677E+06
   3.1800000000000000E+04   1.3430962890295561E+03   2.1275281483612739E+03   3.6427321594310606E+03   6.6949243006313317E+00   4.4200034552150620E+06
   3.1900000000000000E+04   1.3442339018017808E+03   2.1315120625891586E+03   3.6394389166926371E+03   6.7023911171476103E+00   4.4249887521007555E+06
   3.2000000000000000E+04   1.3453714053423037E+03   2.1354672960430357E+03   3.6362632320387120E+03   6.7098396869794339E+00   4.4298975744367689E+06
   3.2100000000000000E+04   1.3464716982097266E+03   2.1393938857223711E+03   3.6329331727801728E+03   6.7172701043394412E+00   4.4347302500497457E+06
   3.2200000000000000E+04   1.3475024827181555E+03   2.1432918693863371E+03   3.6292154225373779E+03   6.7246824632342843E+00   4.4394872099065995E+06
   3.2300000000000000E+04   1.3485025670316431E+03   2.1471612855300004E+03   3.6253939740521650E+03   6.7320768572174847E+00   4.4441687317295941E+06
   3.2400000000000000E+04   1.3495060337079217E+03   2.1510021733851313E+03   3.6217147754088273E+03   6.7394533795541918E+00   4.4487753506148430E+06
   3.2500000000000000E+04   1.3504927347067505E+03   2.1548145728989116E+03   3.6180311004373907E+03   6.7468121230152196E+00   4.4533072938914802E+06
   3.2600000000000000E+04   1.3514533499910679E+03   2.1585985247325625E+03   3.6142757199408502E+03   6.7541531800006318E+00   4.4577649949657824E+06
   3.2700000000000000E+04   1.3524081270093081E+03   2.1623540702603482E+03   3.6105930802660341E+03   6.7614766426633208E+00   4.4621488880235534E+06
   3.2800000000000000E+04   1.3533063910608710E+03   2.1660812515409457E+03   3.6066218873158105E+03   6.7687826025794466E+00   4.4664593044822281E+06
   3.2900000000000000E+04   1.3542436936512734E+03   2.1697801113267178E+03   3.6030408559186517E+03   6.7760711510368044E+00   4.4706966276962068E+06
   3.3000000000000000E+04   1.3551256890563147E+03   2.1734506930479392E+03   3.5991798535788830E+03   6.7833423789112564E+00   4.4748611895520240E+06
   3.3100000000000000E+04   1.3558907506745688E+03   2.1770930408020954E+03   3.5946079947282246E+03   6.7905963766255031E+00   4.4789534257684965E+06
   3.3200000000000000E+04   1.3567320390154482E+03   2.1807071993562045E+03   3.5906850928062704E+03   6.7978332343138881E+00   4.4829737726168996E+06
   3.3300000000000000E+04   1.3575705812606409E+03   2.1842932141260972E+03   3.5868525796455701E+03   6.8050530416164188E+00   4.4869225107817762E+06
   3.3400000000000000E+04   1.3583727038098073E+03   2.1878511311763987E+03   3.5828746818945046E+03   6.8122558878023440E+00   4.4908001289686374E+06
   3.3500000000000000E+04   1.3591666900900570E+03   2.1913809972050708E+03   3.5789483925392742E+03   6.8194418616465811E+00   4.4946068558341693E+06
   3.3600000000000000E+04   1.3599159658091141E+03   2.1948828595515970E+03   3.5748198714876921E+03   6.8266110516768697E+00   4.4983432326417901E+06
   3.3700000000000000E+04   1.3606527529850214E+03   2.1983567661712577E+03   3.5707124937327649E+03   6.8337635458854242E+00   4.5020095924233980E+06
   3.3800000000000000E+04   1.3613652162969483E+03   2.2018027656356289E+03   3.5665442371552676E+03   6.8408994318525052E+00   4.5056063203366585E+06
   3.3900000000000000E+04   1.3620722934941762E+03   2.2052209071307157E+03   3.5624446865682089E+03   6.8480187968288195E+00   4.5091337492042668E+06
   3.4000000000000000E+04   1.3627507305392398E+03   2.2086112404392347E+03   3.5582540456246011E+03   6.8551217275707268E+00   4.5125923164505297E+06
   3.4100000000000000E+04   1.3634062094488957E+03   2.2119738159415647E+03   3.5540112687758519E+03   6.8622083104638447E+00   4.5159824072024152E+06
   3.4200000000000000E+04   1.3640067739843303E+03   2.2153086846061778E+03   3.5494999066334699E+03   6.8692786314818317E+00   4.5193044590666257E+06
   3.4300000000000000E+04   1.3645947453904305E+03   2.2186158979773963E+03   3.5450077404392300E+03   6.8763327761040136E+00   4.5225587519454062E+06
   3.4400000000000000E+04   1.3651645511445029E+03   2.2218955081794224E+03   3.5404965341880538E+03   6.8833708294801612E+00   4.5257457231399911E+06
   3.4500000000000000E+04   1.3657287616476258E+03   2.2251475679015994E+03   3.5360501891267841E+03   6.8903928763068905E+00   4.5288658100007158E+06
   3.4600000000000000E+04   1.3662582506515607E+03   2.2283721303917791E+03   3.5314729065575134E+03   6.8973990008276829E+00   4.5319192388303690E+06
   3.4700000000000000E+04   1.3667960642443404E+03   2.2315692494580258E+03   3.5270520864892997E+03   6.9043892869564631E+00   4.5349065520053674E+06
   3.4800000000000000E+04   1.3672787019614632E+03   2.2347389794512519E+03   3.5223641823561888E+03   6.9113638181128074E+00   4.5378281336501455E+06
   3.4900000000000000E+04   1.3677741067265513E+03   2.2378813752615492E+03   3.5178607393569123E+03   6.9183226772631565E+00   4.5406842088223770E+06
   3.5000000000000000E+04   1.3682351917582414E+03   2.2409964923229604E+03   3.5132289475015291E+03   6.9252659470855864E+00   4.5434753195580272E+06
   3.5100000000000000E+04   1.3686608249365102E+03   2.2440843865906982E+03   3.5084621003057196E+03   6.9321937097226378E+00   4.5462017960331477E+06
   3.5200000000000000E+04   1.3690752904366464E+03   2.2471451145460383E+03   3.5037200526402903E+03   6.9391060469460975E+00   4.5488640740461107E+06
   3.5300000000000000E+04   1.3694808656159223E+03   2.2501787331846763E+03   3.4990168964746790E+03   6.9460030400746131E+00   4.5514624298008233E+06
   3.5400000000000000E+04   1.3698603390728140E+03   2.2531853000162828E+03   3.4942397368432548E+03   6.9528847700560696E+00   4.5539973514546184E+06
   3.5500000000000000E+04   1.3702390265241536E+03   2.2561648730529432E+03   3.4895529591365103E+03   6.9597513173852201E+00   4.5564691674237307E+06
   3.5600000000000000E+04   1.3705910121991785E+03   2.2591175108060365E+03   3.4847876351097443E+03   6.9666027621448610E+00   4.5588782054648874E+06
   3.5700000000000000E+04   1.3693750136486922E+03   2.2620432722775454E+03   3.4700298872583603E+03   6.9734391839646461E+00   4.5612249526938824E+06
   3.5800000000000000E+04   1.3688689442118157E+03   2.2649422169655809E+03   3.4599950199501322E+03   6.9802606621858709E+00   4.5635097359843655E+06
   3.5900000000000000E+04   1.3691299327519405E+03   2.2678144048388026E+03   3.4549752221497438E+03   6.9870672755730983E+00   4.5657329349021120E+06
   3.6000000000000000E+04   1.3701643286355084E+03   2.2706598963505567E+03   3.4549611391615767E+03   6.9938591026025270E+00   4.5678949820126174E+06
   3.6100000000000000E+04   1.3704022770958695E+03   2.2734787524161443E+03   3.4499630367796090E+03   7.0006362212148199E+00   4.5699961488453718E+06
   3.6200000000000000E+04   1.3706546327032113E+03   2.2762710344243269E+03   3.4451467891839625E+03   7.0073987090622802E+00   4.5720369203901570E+06
   3.6300000000000000E+04   1.3708469528169567E+03   2.2790368042174700E+03   3.4400413675636109E+03   7.0141466433028787E+00   4.5740176204837011E+06
   3.6400000000000000E+04   1.3710119066887937E+03   2.2817761240945938E+03   3.4348541310094424E+03   7.0208801007238169E+00   4.5759386795478752E+06
   3.6500000000000000E+04   1.3712058594701300E+03   2.2844890568001301E+03   3.4299380408373468E+03   7.0275991576591688E+00   4.5778003663344728E+06
   3.6600000000000000E+04   1.3713930671652047E+03   2.2871756655213421E+03   3.4250671029513683E+03   7.0343038900310466E+00   4.5796031099387147E+06
   3.6700000000000000E+04   1.3715114681057491E+03   2.2898360138916059E+03   3.4198545247926227E+03   7.0409943734732101E+00   4.5813473390174201E+06
   3.6800000000000000E+04   1.3716678309232072E+03   2.2924701659647544E+03   3.4149648196354315E+03   7.0476706830426838E+00   4.5830333739249660E+06
   3.6900000000000000E+04   1.3717863095824960E+03   2.2950781862300159E+03   3.4099258478515694E+03   7.0543328935081266E+00   4.5846615880742762E+06
   3.7000000000000000E+04   1.3719384212865757E+03   2.2976601395980188E+03   3.4051790751145363E+03   7.0609810792262593E+00   4.5862324081793064E+06
   3.7100000000000000E+04   1.3720125151313853E+03   2.3002160913867096E+03   3.4000356663364669E+03   7.0676153140182620E+00   4.5877460442524701E+06
   3.7200000000000000E+04   1.3721051721992378E+03   2.3027461073394925E+03   3.3950901199784444E+03   7.0742356714993342E+00   4.5892030835627811E+06
   3.7300000000000000E+04   1.3721455930515444E+03   2.3052502535966073E+03   3.3899080243644130E+03   7.0808422247491523E+00   4.5906037345100231E+06
   3.7400000000000000E+04   1.3721990214639072E+03   2.3077285967045759E+03   3.3848880954807428E+03   7.0874350465178342E+00   4.5919484750033999E+06
   3.7500000000000000E+04   1.3722534034323853E+03   2.3101812036022202E+03   3.3799552786628519E+03   7.0940142091023501E+00   4.5932375656870538E+06
   3.7600000000000000E+04   1.3722077320186811E+03   2.3126081416213947E+03   3.3744974381740994E+03   7.1005797844289154E+00   4.5944714288036358E+06
   3.7700000000000000E+04   1.3721211445173080E+03   2.3150094784818793E+03   3.3688755505403542E+03   7.1071318440529945E+00   4.5956504316768134E+06
   3.7800000000000000E+04   1.3717113646992350E+03   2.3173852822833351E+03   3.3613951585083255E+03   7.1136704591181035E+00   4.5967749408057658E+06
   3.7900000000000000E+04   1.3715979576054992E+03   2.3197356215031832E+03   3.3557834076105642E+03   7.1201957003970042E+00   4.5978453218516158E+06
   3.8000000000000000E+04   1.3716798617063596E+03   2.3220605649826316E+03   3.3514187563667983E+03   7.1267076381681189E+00   4.5988618851735042E+06
   3.8100000000000000E+04   1.3716191373412803E+03   2.3243601819424648E+03   3.3462785356968552E+03   7.1332063425038950E+00   4.5998250490812985E+06
   3.8200000000000000E+04   1.3716400877089141E+03   2.3266345419512450E+03   3.3417002507312964E+03   7.1396918829000562E+00   4.6007351766303834E+06
   3.8300000000000000E+04   1.3714994346059236E+03   2.3288837149441492E+03   3.3362389208860232E+03   7.1461643286051535E+00   4.6015925754717449E+06
   3.8400000000000000E+04   1.3715601890879730E+03   2.3311077712060860E+03   3.3320438454987479E+03   7.1526237484557900E+00   4.6023976067616846E+06
   3.8500000000000000E+04   1.3714481792588692E+03   2.3333067813667235E+03   3.3269020310731144E+03   7.1590702108766227E+00   4.6031507400576258E+06
   3.8600000000000000E+04   1.3713581535587025E+03   2.3354808163955304E+03   3.3219638781439971E+03   7.1655037838803510E+00   4.6038521708863499E+06
   3.8700000000000000E+04   1.3713058295678684E+03   2.3376299476058743E+03   3.3173192251818432E+03   7.1719245351913274E+00   4.6045023122917190E+06
   3.8800000000000000E+04   1.3710568408705112E+03   2.3397542466411132E+03   3.3115976637319509E+03   7.1783325321219351E+00   4.6051015765155023E+06
   3.8900000000000000E+04   1.3708785841970025E+03   2.3418537854666711E+03   3.3063637440162784E+03   7.1847278415314300E+00   4.6056502106097313E+06
   3.9000000000000000E+04   1.3706824212319866E+03   2.3439286363832593E+03   3.3010986618770762E+03   7.1911105300730886E+00   4.6061487345930636E+06
   3.9100000000000000E+04   1.3704235585688205E+03   2.3459788719948642E+03   3.2955432355709227E+03   7.1974806638234590E+00   4.6065972837611502E+06
   3.9200000000000000E+04   1.3701597642153693E+03   2.3480045652340973E+03   3.2900327108413449E+03   7.2038383086943076E+00   4.6069963214074112E+06
   3.9300000000000000E+04   1.3698832247532871E+03   2.3500057893301628E+03   3.2845213703107192E+03   7.2101835300618697E+00   4.6073462001866056E+06
   3.9400000000000000E+04   1.3696276036316510E+03   2.3519826178252229E+03   3.2792017855985569E+03   7.2165163930552136E+00   4.6076472167858230E+06
   3.9500000000000000E+04   1.3696021064660777E+03   2.3539351245544399E+03   3.2752680706935703E+03   7.2228369623502591E+00   4.6078997768143816E+06
   3.9600000000000000E+04   1.3693328725274982E+03   2.3558633836502854E+03   3.2700064904679689E+03   7.2291453022933734E+00   4.6081041197819095E+06
   3.9700000000000000E+04   1.3690488824172232E+03   2.3577674695408159E+03   3.2647296826544261E+03   7.2354414769425572E+00   4.6082607595163751E+06
   3.9800000000000000E+04   1.3686977725687793E+03   2.3596474569327397E+03   3.2591404682916545E+03   7.2417255499026663E+00   4.6083698782989504E+06
   3.9900000000000000E+04   1.3681572285538869E+03   2.3615034208127399E+03   3.2525498165877598E+03   7.2479975844077957E+00   4.6084318777040169E+06
   4.0000000000000000E+04   1.3678078499637802E+03   2.3633354364488287E+03   3.2471111860252136E+03   7.2542576434037001E+00   4.6084470479918253E+06
   4.0100000000000000E+04   1.3673864570509618E+03   2.3651435793825913E+03   3.2413352178045084E+03   7.2605057895065466E+00   4.6084158440430863E+06
   4.0200000000000000E+04   1.3654575862165859E+03   2.3669279254152993E+03   3.2271946210330243E+03   7.2667420848793771E+00   4.6083384434211198E+06
   4.0300000000000000E+04   1.3649759056176786E+03   2.3686885506184817E+03   3.2212434660560662E+03   7.2729665914380615E+00   4.6082153543083137E+06
   4.0400000000000000E+04   1.3643861276465145E+03   2.3704255313139452E+03   3.2147604753391906E+03   7.2791793706453163E+00   4.6080467519251024E+06
   4.0500000000000000E+04   1.3640989335549818E+03   2.3721389440843950E+03   3.2100235804830149E+03   7.2853804837167031E+00   4.6078330317105260E+06
   4.0600000000000000E+04   1.3639397385976952E+03   2.3738288657565190E+03   3.2060544425748744E+03   7.2915699914558294E+00   4.6075744772507502E+06
   4.0700000000000000E+04   1.3635140916227356E+03   2.3754953734055298E+03   3.2006732481424060E+03   7.2977479543779307E+00   4.6072715374032771E+06
   4.0800000000000000E+04   1.3630310691636203E+03   2.3771385443443814E+03   3.1950397477054726E+03   7.3039144326275043E+00   4.6069244381126286E+06
   4.0900000000000000E+04   1.3625327297720221E+03   2.3787584561222102E+03   3.1893861458606598E+03   7.3100694860194730E+00   4.6065335150709208E+06
   4.1000000000000000E+04   1.3619908473484195E+03   2.3803551865166396E+03   3.1835580379042167E+03   7.3162131739980172E+00   4.6060991029072478E+06
   4.1100000000000000E+04   1.3616324006046120E+03   2.3819288135353136E+03   3.1787933460701774E+03   7.3223455557189467E+00   4.6056215351354303E+06
   4.1200000000000000E+04   1.3606805733757058E+03   2.3834794154082374E+03   3.1708621522703279E+03   7.3284666900085185E+00   4.6051011998730628E+06
   4.1300000000000000E+04   1.3605091358922305E+03   2.3850070705770295E+03   3.1672332357467658E+03   7.3345766352810360E+00   4.6045382614087658E+06
   4.1400000000000000E+04   1.3595196970757577E+03   2.3865118577057428E+03   3.1592352914023650E+03   7.3406754497448281E+00   4.6039331055159308E+06
   4.1500000000000000E+04   1.3592719084011928E+03   2.3879938556609154E+03   3.1553064208272708E+03   7.3467631911962785E+00   4.6032861727596167E+06
   4.1600000000000000E+04   1.3585869493269597E+03   2.3894531435131698E+03   3.1490797497418780E+03   7.3528399171022087E+00   4.6025975679842485E+06
   4.1700000000000000E+04   1.3580395833341988E+03   2.3908898005357696E+03   3.1436532949713396E+03   7.3589056846410790E+00   4.6018677294667549E+06
   4.1800000000000000E+04   1.3571432545340358E+03   2.3923039061970135E+03   3.1364205197279321E+03   7.3649605506617917E+00   4.6010969828782892E+06
   4.1900000000000000E+04   1.3566231521826166E+03   2.3936955401557252E+03   3.1312595212357878E+03   7.3710045716836872E+00   4.6002855968430769E+06
   4.2000000000000000E+04   1.3555939655869713E+03   2.3950647822567576E+03   3.1234502344364905E+03   7.3770378038965445E+00   4.5994338387235245E+06
   4.2100000000000000E+04   1.3551560310115167E+03   2.3964117125326802E+03   3.1188418393847619E+03   7.3830603032429813E+00   4.5985421425878080E+06
   4.2200000000000000E+04   1.3543102544664898E+03   2.3977364111869706E+03   3.1121311156167371E+03   7.3890721252536613E+00   4.5976107175610987E+06
   4.2300000000000000E+04   1.3536148361845178E+03   2.3990389586018950E+03   3.1062749149494862E+03   7.3950733252120822E+00   4.5966399395234929E+06
   4.2400000000000000E+04   1.3526949239407268E+03   2.4003194353248132E+03   3.0992973920688923E+03   7.4010639580309867E+00   4.5956300150971292E+06
   4.2500000000000000E+04   1.3519129819532841E+03   2.4015779220730110E+03   3.0931054719733402E+03   7.4070440783759395E+00   4.5945813739662478E+06
   4.2600000000000000E+04   1.3511093471410450E+03   2.4028144997231088E+03   3.0868586333835683E+03   7.4130137405829677E+00   4.5934942203644710E+06
   4.2700000000000000E+04   1.3504312449904764E+03   2.4040292493066677E+03   3.0813234258561079E+03   7.4189729986585178E+00   4.5923688694672575E+06
   4.2800000000000000E+04   1.3495211069724292E+03   2.4052222520088872E+03   3.0746373737556733E+03   7.4249219063206828E+00   4.5912056353077041E+06
   4.2900000000000000E+04   1.3491108297444910E+03   2.4063935891642395E+03   3.0705992534588468E+03   7.4308605169991910E+00   4.5900047745375428E+06
   4.3000000000000000E+04   1.3483847267602112E+03   2.4075433422521196E+03   3.0649749945132658E+03   7.4367888838354075E+00   4.5887667113591935E+06
   4.3100000000000000E+04   1.3473843431379933E+03   2.4086715928863146E+03   3.0579905607891756E+03   7.4427070595999405E+00   4.5874915875510769E+06
   4.3200000000000000E+04   1.3467399618073207E+03   2.4097784228230544E+03   3.0528950928227910E+03   7.4486150968574263E+00   4.5861797687138692E+06
   4.3300000000000000E+04   1.3460354537591904E+03   2.4108639139443344E+03   3.0475409173356306E+03   7.4545130478017416E+00   4.5848315630434407E+06
   4.3400000000000000E+04   1.3450965146061860E+03   2.4119281482628999E+03   3.0410385700588681E+03   7.4604009643796028E+00   4.5834472775943074E+06
   4.3500000000000000E+04   1.3443102403267144E+03   2.4129712079117908E+03   3.0353704334682775E+03   7.4662788982081691E+00   4.5820271054243986E+06
   4.3600000000000000E+04   1.3432368485782213E+03   2.4139931751462605E+03   3.0282936505878811E+03   7.4721469006574148E+00   4.5805713510879846E+06
   4.3700000000000000E+04   1.3426673963313606E+03   2.4149941323364451E+03   3.0238301209383562E+03   7.4780050228089685E+00   4.5790804309852514E+06
   4.3800000000000000E+04   1.3417679414717300E+03   2.4159741619569700E+03   3.0177414877318097E+03   7.4838533153736924E+00   4.5775544779919386E+06
   4.3900000000000000E+04   1.3411741586069086E+03   2.4169333465981749E+03   3.0132473733137240E+03   7.4896918288976755E+00   4.5759939062226303E+06
   4.4000000000000000E+04   1.3402337123268685E+03   2.4178717689464934E+03   3.0070516134057598E+03   7.4955206135562538E+00   4.5743989025617270E+06
   4.4100000000000000E+04   1.3393595486043921E+03   2.4187895117895418E+03   3.0012404131529561E+03   7.5013397192775892E+00   4.5727697657204624E+06
   4.4200000000000000E+04   1.3383655911889336E+03   2.4196866580088786E+03   2.9948786386469915E+03   7.5071491957014853E+00   4.5711067932434613E+06
   4.4300000000000000E+04   1.3374851040335348E+03   2.4205632905758753E+03   2.9891353964491173E+03   7.5129490921793751E+00   4.5694102248626808E+06
   4.4400000000000000E+04   1.3364066211779857E+03   2.4214194925506818E+03   2.9824540591856457E+03   7.5187394578155269E+00   4.5676804124225639E+06
   4.4500000000000000E+04   1.3356267104359717E+03   2.4222553470750486E+03   2.9773087437271074E+03   7.5245203414258484E+00   4.5659175932907248E+06
   4.4600000000000000E+04   1.3345808801803400E+03   2.4230709373651698E+03   2.9708899249771475E+03   7.5302917914966780E+00   4.5641220035525039E+06
   4.4700000000000000E+04   1.3336697776484605E+03   2.4238663467199494E+03   2.9651875481802249E+03   7.5360538563495911E+00   4.5622939915999528E+06
   4.4800000000000000E+04   1.3324643380019024E+03   2.4246416585015609E+03   2.9580805989535534E+03   7.5418065839353856E+00   4.5604337343394281E+06
   4.4900000000000000E+04   1.3316289336823313E+03   2.4253969561437552E+03   2.9528462124883436E+03   7.5475500219989113E+00   4.5585415778248021E+06
   4.5000000000000000E+04   1.3305976256304245E+03   2.4261323231386227E+03   2.9466943547986707E+03   7.5532842179554365E+00   4.5566176964690173E+06
   4.5100000000000000E+04   1.3297219836665151E+03   2.4268478430479918E+03   2.9413516237178787E+03   7.5590092190966613E+00   4.5546625477808705E+06
   4.5200000000000000E+04   1.3287349203421627E+03   2.4275435994718214E+03   2.9355082577489393E+03   7.5647250722199448E+00   4.5526761330756303E+06
   4.5300000000000000E+04   1.3277308635914405E+03   2.4282196760795878E+03   2.9296274263993055E+03   7.5704318241020356E+00   4.5506589360332619E+06
   4.5400000000000000E+04   1.3266531641150057E+03   2.4288761565741347E+03   2.9234340604467602E+03   7.5761295210665569E+00   4.5486110977058969E+06
   4.5500000000000000E+04   1.3256473002728244E+03   2.4295131247123300E+03   2.9176349547623804E+03   7.5818182093135311E+00   4.5465329857441764E+06
   4.5600000000000000E+04   1.3245838591590900E+03   2.4301306642827994E+03   2.9116016062263056E+03   7.5874979346722418E+00   4.5444247386905020E+06
   4.5700000000000000E+04   1.3236529209210946E+03   2.4307288591189308E+03   2.9062517243193938E+03   7.5931687428277845E+00   4.5422866933855135E+06
   4.5800000000000000E+04   1.3226332060881612E+03   2.4313077930782069E+03   2.9005160387743545E+03   7.5988306790944922E+00   4.5401190714324545E+06
   4.5900000000000000E+04   1.3216024071671739E+03   2.4318675500537079E+03   2.8947698021995598E+03   7.6044837886219314E+00   4.5379220932228854E+06
   4.6000000000000000E+04   1.3205538811195374E+03   2.4324082139642060E+03   2.8889810585162545E+03   7.6101281163124961E+00   4.5356961492872098E+06
   4.6100000000000000E+04   1.3195060203346741E+03   2.4329298687443006E+03   2.8832376937547892E+03   7.6157637067390160E+00   4.5334413434194932E+06
   4.6200000000000000E+04   1.3184153125063463E+03   2.4334325983498516E+03   2.8773318946257459E+03   7.6213906042683544E+00   4.5311580067090951E+06
   4.6300000000000000E+04   1.3173224726467806E+03   2.4339164867512168E+03   2.8714580626822112E+03   7.6270088530201985E+00   4.5288462975817509E+06
   4.6400000000000000E+04   1.3162099117131256E+03   2.4343816179326050E+03   2.8655323655508460E+03   7.6326184969082602E+00   4.5265066020647623E+06
   4.6500000000000000E+04   1.3151567210543251E+03   2.4348280758823175E+03   2.8599289378983258E+03   7.6382195795579007E+00   4.5241391334891794E+06
   4.6600000000000000E+04   1.3140124055481820E+03   2.4352559445921620E+03   2.8539353052660408E+03   7.6438121443472973E+00   4.5217441039280714E+06
   4.6700000000000000E+04   1.3128923400576118E+03   2.4356653080508036E+03   2.8480970036173462E+03   7.6493962343662654E+00   4.5193216668923730E+06
   4.6800000000000000E+04   1.3117494052326572E+03   2.4360562502553562E+03   2.8421914813844660E+03   7.6549718926222434E+00   4.5168722613257086E+06
   4.6900000000000000E+04   1.3105866011121152E+03   2.4364288551835193E+03   2.8362330518498488E+03   7.6605391617106999E+00   4.5143959237230662E+06
   4.7000000000000000E+04   1.3093935210029540E+03   2.4367832068082585E+03   2.8301732606364799E+03   7.6660980840623445E+00   4.5118930334279826E+06
   4.7100000000000000E+04   1.3082273491149508E+03   2.4371193890942736E+03   2.8242791382689243E+03   7.6716487019430986E+00   4.5093637966385474E+06
   4.7200000000000000E+04   1.3055335911192340E+03   2.4374374859793570E+03   2.8113310049105426E+03   7.6771910572481303E+00   4.5068084757471876E+06
   4.7300000000000000E+04   1.3046202807053385E+03   2.4377375813860854E+03   2.8067013766387768E+03   7.6827251917078190E+00   4.5042272170859529E+06
   4.7400000000000000E+04   1.3035431179714124E+03   2.4380197592153322E+03   2.8013480075877214E+03   7.6882511468465884E+00   4.5016203381844042E+06
   4.7500000000000000E+04   1.3024023681123833E+03   2.4382841033398263E+03   2.7957373482061480E+03   7.6937689639416798E+00   4.4989880980232572E+06
   4.7600000000000000E+04   1.3012746679135205E+03   2.4385306975977651E+03   2.7902232574616341E+03   7.6992786839819791E+00   4.4963305818570089E+06
   4.7700000000000000E+04   1.3001807131756107E+03   2.4387596257984860E+03   2.7848998381940128E+03   7.7047803477915817E+00   4.4936481613566559E+06
   4.7800000000000000E+04   1.2989635304904068E+03   2.4389709717161113E+03   2.7790470742696966E+03   7.7102739959886151E+00   4.4909410345365480E+06
   4.7900000000000000E+04   1.2977285436161085E+03   2.4391648190802166E+03   2.7731498256594114E+03   7.7157596689028480E+00   4.4882093982012244E+06
   4.8000000000000000E+04   1.2964902255787208E+03   2.4393412515815653E+03   2.7672741394717800E+03   7.7212374066992613E+00   4.4854535056020860E+06
   4.8100000000000000E+04   1.2954406135514075E+03   2.4395003528598472E+03   2.7622926716903148E+03   7.7267072492544715E+00   4.4826736088849232E+06
   4.8200000000000000E+04   1.2941855312431419E+03   2.4396422065094380E+03   2.7564112316518535E+03   7.7321692362803303E+00   4.4798698437560974E+06
   4.8300000000000000E+04   1.2929341081575849E+03   2.4397668960731880E+03   2.7505821852373883E+03   7.7376234072826904E+00   4.4770425754582733E+06
   4.8400000000000000E+04   1.2917096142007333E+03   2.4398745050302819E+03   2.7449100567026007E+03   7.7430698014378656E+00   4.4741918219366921E+06
   4.8500000000000000E+04   1.2904538413090406E+03   2.4399651168139958E+03   2.7391313375934869E+03   7.7485084578809715E+00   4.4713180040044617E+06
   4.8600000000000000E+04   1.2891729073775000E+03   2.4400388147817034E+03   2.7332740614943591E+03   7.7539394153351662E+00   4.4684211949499184E+06
   4.8700000000000000E+04   1.2878945354626624E+03   2.4400956822415974E+03   2.7274629121402336E+03   7.7593627125236155E+00   4.4655016979591036E+06
   4.8800000000000000E+04   1.2866327010530174E+03   2.4401358024198225E+03   2.7217599282424753E+03   7.7647783877575378E+00   4.4625596995607493E+06
   4.8900000000000000E+04   1.2853595932805106E+03   2.4401592584812497E+03   2.7160400254150713E+03   7.7701864792657576E+00   4.4595954429710153E+06
   4.9000000000000000E+04   1.2840304716049477E+03   2.4401661335115859E+03   2.7101038177821761E+03   7.7755870249887344E+00   4.4566090545968078E+06
   4.9100000000000000E+04   1.2826568535543470E+03   2.4401565105262562E+03   2.7040038008820934E+03   7.7809800627433479E+00   4.4536008911872646E+06
   4.9200000000000000E+04   1.2813539100622324E+03   2.4401304724526221E+03   2.6982516072721542E+03   7.7863656300169142E+00   4.4505710189999267E+06
   4.9300000000000000E+04   1.2800363570766456E+03   2.4400881021477639E+03   2.6924673821578590E+03   7.7917437642555569E+00   4.4475197347571291E+06
   4.9400000000000000E+04   1.2772880623533790E+03   2.4400294823719159E+03   2.6804072478765370E+03   7.7971145025346518E+00   4.4444472182661565E+06
   4.9500000000000000E+04   1.2759101769885931E+03   2.4399546958062638E+03   2.6744363960687547E+03   7.8024778818471718E+00   4.4413537061795658E+06
   4.9600000000000000E+04   1.2748395369319530E+03   2.4398638250353397E+03   2.6698455136491111E+03   7.8078339388977369E+00   4.4382393761040550E+06
   4.9700000000000000E+04   1.2734941381767637E+03   2.4397569525530394E+03   2.6640789188789759E+03   7.8131827102261786E+00   4.4351044045089418E+06
   4.9800000000000000E+04   1.2721670517693597E+03   2.4396341607568797E+03   2.6584236710338641E+03   7.8185242321663670E+00   4.4319490247799130E+06
   4.9900000000000000E+04   1.2709281878322361E+03   2.4394955319510791E+03   2.6531835338812180E+03   7.8238585409285735E+00   4.4287735273536956E+06
   5.0000000000000000E+04   1.2695711344756153E+03   2.4393411483262453E+03   2.6474581091878217E+03   7.8291856723523257E+00   4.4255779112312123E+06


