#Te   kappa_tot   kappa_e_ph  kappa_e_e mu Ce
#[K]  [W/(K*m)]   [W/(K*m)]   [W/(K*m)]   [eV]  [J/(m^3*K)]
   3.0000000000000000E+02   1.2877702712076777E+02   1.3458236958918084E+02   2.9853738264128101E+03  -3.6788305094611955E+00   3.1619357806116081E+04
   4.0000000000000000E+02   1.7953435491447303E+02   1.9067190699675157E+02   3.0735800443476742E+03  -3.6861967224740790E+00   4.1672255757329091E+04
   5.0000000000000000E+02   2.3000728526468330E+02   2.4836021455345198E+02   3.1125635487601426E+03  -3.6926700456149830E+00   5.2105764163531654E+04
   6.0000000000000000E+02   2.7739906197216868E+02   3.0448705546837306E+02   3.1181498763069944E+03  -3.6974832999861849E+00   6.2731448734576756E+04
   7.0000000000000000E+02   3.2099843064455786E+02   3.5822103541170094E+02   3.0892085846857904E+03  -3.7002035859691920E+00   7.3371858440358701E+04
   8.0000000000000000E+02   3.6139034694324260E+02   4.1005483297842983E+02   3.0451335343124397E+03  -3.7008451416394084E+00   8.3953131097618258E+04
   9.0000000000000000E+02   3.9911052361156464E+02   4.6064815677862669E+02   2.9875950307270705E+03  -3.6996744005135800E+00   9.4474562810600328E+04
   1.0000000000000000E+03   4.3447449616163158E+02   5.1046477537312529E+02   2.9185828554628320E+03  -3.6970152497685183E+00   1.0496187478726423E+05
   1.1000000000000000E+03   4.6817200772419301E+02   5.5978895360696708E+02   2.8605790750472402E+03  -3.6931591553803726E+00   1.1544329174048026E+05
   1.2000000000000000E+03   5.0091345130444267E+02   6.0879491604504142E+02   2.8267465895645887E+03  -3.6883443152950397E+00   1.2594129340465137E+05
   1.3000000000000000E+03   5.3159283071372420E+02   6.5759351643484206E+02   2.7743658445979449E+03  -3.6827613890154032E+00   1.3647075996887265E+05
   1.4000000000000000E+03   5.6212603019009498E+02   7.0625808967706257E+02   2.7544604417152891E+03  -3.6765652515859442E+00   1.4703937564637503E+05
   1.5000000000000000E+03   5.9070284035946304E+02   7.5483899393397826E+02   2.7165589543832907E+03  -3.6698856687579720E+00   1.5764878635313286E+05
   1.6000000000000000E+03   6.1819313925323024E+02   8.0337240260606154E+02   2.6819380235365734E+03  -3.6628351994237316E+00   1.6829596812463723E+05
   1.7000000000000000E+03   6.4471545494061957E+02   8.5188591250736351E+02   2.6510730346905116E+03  -3.6555143976210904E+00   1.7897459926028212E+05
   1.8000000000000000E+03   6.7038390320564031E+02   9.0040212310667766E+02   2.6242055520758231E+03  -3.6480148404913986E+00   1.8967634530410613E+05
   1.9000000000000000E+03   6.9497764698186188E+02   9.4894077553881505E+02   2.5968046269410033E+03  -3.6404205553202322E+00   2.0039200375388472E+05
   2.0000000000000000E+03   7.1867741425818440E+02   9.9751984283096408E+02   2.5709680732101115E+03  -3.6328083627889844E+00   2.1111246719997161E+05
   2.1000000000000000E+03   7.3793936673834332E+02   1.0461559021317325E+03   2.5047313666780938E+03  -3.6252475796927195E+00   2.2182947197487394E+05
   2.2000000000000000E+03   7.5661602838134888E+02   1.0948640867509371E+03   2.4490656973105838E+03  -3.6177994476335953E+00   2.3253611428095456E+05
   2.3000000000000000E+03   7.7420953270769519E+02   1.1436578661672863E+03   2.3966296284286786E+03  -3.6105165721586006E+00   2.4322713369035034E+05
   2.4000000000000000E+03   7.9155766723904571E+02   1.1925488300771308E+03   2.3540946970586228E+03  -3.6034425694344572E+00   2.5389898698603699E+05
   2.5000000000000000E+03   8.0725168482074423E+02   1.2415465721633348E+03   2.3077420236164576E+03  -3.5966120292083841E+00   2.6454975388579402E+05
   2.6000000000000000E+03   8.2204012082929796E+02   1.2906586993374233E+03   2.2640443247691769E+03  -3.5900508230804569E+00   2.7517892515604105E+05
   2.7000000000000000E+03   8.3557493767241033E+02   1.3398909452663688E+03   2.2199955508455400E+03  -3.5837767248387680E+00   2.8578712725201459E+05
   2.8000000000000000E+03   8.4813964186398209E+02   1.3892473456069599E+03   2.1775253577303483E+03  -3.5778002692115378E+00   2.9637582753852790E+05
   2.9000000000000000E+03   8.5953589407344941E+02   1.4387304316245470E+03   2.1351037824109080E+03  -3.5721257585495678E+00   3.0694705613761517E+05
   3.0000000000000000E+03   8.7142437880808143E+02   1.4883414098482378E+03   2.1023523800997514E+03  -3.5667523277970798E+00   3.1750316456413025E+05
   3.1000000000000000E+03   8.7993064780266809E+02   1.5380803103268652E+03   2.0563772663010195E+03  -3.5616749922716759E+00   3.2804663149041618E+05
   3.2000000000000000E+03   8.8997578840825520E+02   1.5879460991271112E+03   2.0247760682899841E+03  -3.5568856221073948E+00   3.3857991594613396E+05
   3.3000000000000000E+03   8.9874376979367264E+02   1.6379367597754385E+03   1.9914764859993106E+03  -3.5523738084229128E+00   3.4910535556249879E+05
   3.4000000000000000E+03   9.0780337314329245E+02   1.6880493526603411E+03   1.9640176772534396E+03  -3.5481276035810319E+00   3.5962509966658871E+05
   3.5000000000000000E+03   9.1585936627959734E+02   1.7382800624977558E+03   1.9357733624365742E+03  -3.5441341328408371E+00   3.7014107304614090E+05
   3.6000000000000000E+03   9.2289901178091566E+02   1.7886242424782604E+03   1.9067476461335373E+03  -3.5403800835105179E+00   3.8065495953862631E+05
   3.7000000000000000E+03   9.2954951207870022E+02   1.8390764614760280E+03   1.8795623687381935E+03  -3.5368520841566631E+00   3.9116820204724552E+05
   3.8000000000000000E+03   9.3583358136323591E+02   1.8896305580575774E+03   1.8540420821307935E+03  -3.5335369887743382E+00   4.0168201170364761E+05
   3.9000000000000000E+03   9.4184973804622916E+02   1.9402797028133218E+03   1.8303256055195009E+03  -3.5304220816256198E+00   4.1219738351297338E+05
   4.0000000000000000E+03   9.4733484352591370E+02   1.9910164687968784E+03   1.8072170949982151E+03  -3.5274952176302641E+00   4.2271511503712100E+05
   4.1000000000000000E+03   9.5255820706750058E+02   2.0418329087051870E+03   1.7855594109763554E+03  -3.5247449116986647E+00   4.3323582767858257E+05
   4.2000000000000000E+03   9.5769667470775016E+02   2.0927206367745816E+03   1.7657702937669728E+03  -3.5221603885329440E+00   4.4375998556476668E+05
   4.3000000000000000E+03   9.6216114709775366E+02   2.1436709131211901E+03   1.7456959934496724E+03  -3.5197316025679930E+00   4.5428791660926695E+05
   4.4000000000000000E+03   9.6416257939318143E+02   2.1946747282670622E+03   1.7196280823976474E+03  -3.5174492358908429E+00   4.6481982979867130E+05
   4.5000000000000000E+03   9.6911545341655835E+02   2.2457228857877217E+03   1.7048034482031353E+03  -3.5153046803493559E+00   4.7535583136398671E+05
   4.6000000000000000E+03   9.7221829396128919E+02   2.2968060813901307E+03   1.6858051321335968E+03  -3.5132900089384846E+00   4.8589594057162327E+05
   4.7000000000000000E+03   9.7945147483274434E+02   2.3479149769772675E+03   1.6804750608097740E+03  -3.5113979400382465E+00   4.9644010113501531E+05
   4.8000000000000000E+03   9.8126752425150357E+02   2.3990402687137066E+03   1.6604214704052094E+03  -3.5096217975419504E+00   5.0698819353514328E+05
   4.9000000000000000E+03   9.8549729682775910E+02   2.4501727483806508E+03   1.6485827066536156E+03  -3.5079554689655978E+00   5.1754004413602757E+05
   5.0000000000000000E+03   9.8903818851053779E+02   2.5013033575904028E+03   1.6358801302100794E+03  -3.5063933630216839E+00   5.2809543243371765E+05
   5.1000000000000000E+03   9.9255979452490214E+02   2.5524232347641710E+03   1.6241374828616447E+03  -3.5049303679654957E+00   5.3865409923434653E+05
   5.2000000000000000E+03   9.9347935476483690E+02   2.6035237548344512E+03   1.6065066900987451E+03  -3.5035618111980384E+00   5.4921574981054687E+05
   5.3000000000000000E+03   9.9726818678281359E+02   2.6545965619919234E+03   1.5973567698577258E+03  -3.5022834209804756E+00   5.5978006037693121E+05
   5.4000000000000000E+03   9.9867738649787589E+02   2.7056335957057304E+03   1.5829668468379687E+03  -3.5010912902395073E+00   5.7034667992311611E+05
   5.5000000000000000E+03   1.0015102586713857E+03   2.7566271105288724E+03   1.5729951698683242E+03  -3.4999818429065543E+00   5.8091523399634659E+05
   5.6000000000000000E+03   1.0046534837076745E+03   2.8075696901006286E+03   1.5644846165950441E+03  -3.4989518026363098E+00   5.9148532561476482E+05
   5.7000000000000000E+03   1.0077035298055861E+03   2.8584542559242595E+03   1.5563816362906427E+03  -3.4979981640693785E+00   6.0205653695987235E+05
   5.8000000000000000E+03   1.0102053441168979E+03   2.9092740714076417E+03   1.5475818079683302E+03  -3.4971181664330691E+00   6.1262843098342628E+05
   5.9000000000000000E+03   1.0145535092346363E+03   2.9600227417412834E+03   1.5436386296269470E+03  -3.4963092694906122E+00   6.2320055075838731E+05
   6.0000000000000000E+03   1.0205134557599091E+03   3.0106942100951228E+03   1.5438064838521789E+03  -3.4955691315915982E+00   6.3377242057957675E+05
   6.1000000000000000E+03   1.0218761436549764E+03   3.0612827507110092E+03   1.5339029505498290E+03  -3.4948955898854384E+00   6.4434354693308077E+05
   6.2000000000000000E+03   1.0238174962049842E+03   3.1117829592687676E+03   1.5258383792503193E+03  -3.4942866422755530E+00   6.5491341663062398E+05
   6.3000000000000000E+03   1.0266578680538096E+03   3.1621897410795759E+03   1.5202240804575499E+03  -3.4937404312584803E+00   6.6548149808655458E+05
   6.4000000000000000E+03   1.0294065870255715E+03   3.2124982974420896E+03   1.5148089713392640E+03  -3.4932552292874046E+00   6.7604724068343407E+05
   6.5000000000000000E+03   1.0321196780775913E+03   3.2627041105970961E+03   1.5096945299166398E+03  -3.4928294256703953E+00   6.8661007485634473E+05
   6.6000000000000000E+03   1.0347788043126197E+03   3.3128029275909771E+03   1.5048208740663365E+03  -3.4924615147767675E+00   6.9716941280290019E+05
   6.7000000000000000E+03   1.0374817187447504E+03   3.3627907433791938E+03   1.5003743086441834E+03  -3.4921500854794663E+00   7.0772464647019899E+05
   6.8000000000000000E+03   1.0401322889459530E+03   3.4126637834574667E+03   1.4961326333083773E+03  -3.4918938117407383E+00   7.1827515081439272E+05
   6.9000000000000000E+03   1.0428222251453149E+03   3.4624184862244656E+03   1.4922683623996377E+03  -3.4916914441248457E+00   7.2882028030138963E+05
   7.0000000000000000E+03   1.0454971067320305E+03   3.5120514853471677E+03   1.4886514152937393E+03  -3.4915418022789710E+00   7.3935937251416803E+05
   7.1000000000000000E+03   1.0480323126581691E+03   3.5615595923093069E+03   1.4850165209728200E+03  -3.4914437682690349E+00   7.4989174644985772E+05
   7.2000000000000000E+03   1.0505546671641732E+03   3.6109397792300615E+03   1.4816090048493022E+03  -3.4913962805026291E+00   7.6041670321236760E+05
   7.3000000000000000E+03   1.0529562428820389E+03   3.6601891622289013E+03   1.4782028103049458E+03  -3.4913983285068526E+00   7.7093352883331373E+05
   7.4000000000000000E+03   1.0555112142473247E+03   3.7093049853095213E+03   1.4753267762365049E+03  -3.4914489481387565E+00   7.8144149154159869E+05
   7.5000000000000000E+03   1.0578462545457262E+03   3.7582846049579407E+03   1.4722377543870775E+03  -3.4915472174137858E+00   7.9193984623674711E+05
   7.6000000000000000E+03   1.0621134514537905E+03   3.8071254754662214E+03   1.4730715725443285E+03  -3.4916922527359509E+00   8.0242783173926512E+05
   7.7000000000000000E+03   1.0644070144289249E+03   3.8558251351181475E+03   1.4702803889579116E+03  -3.4918832056635707E+00   8.1290467523319554E+05
   7.8000000000000000E+03   1.0669147616271987E+03   3.9043811931728187E+03   1.4680850084089252E+03  -3.4921192599016551E+00   8.2336959034245333E+05
   7.9000000000000000E+03   1.0693471325637133E+03   3.9527913178065692E+03   1.4659226223112028E+03  -3.4923996287886574E+00   8.3382178117800527E+05
   8.0000000000000000E+03   1.0711584814890757E+03   4.0010532249067128E+03   1.4627699873439233E+03  -3.4927235529377585E+00   8.4426044092915149E+05
   8.1000000000000000E+03   1.0751372620767847E+03   4.0491646678180819E+03   1.4638089098479131E+03  -3.4930902982180427E+00   8.5468475545646704E+05
   8.2000000000000000E+03   1.0768990735192510E+03   4.0971234280167664E+03   1.4608810160592670E+03  -3.4934991539828641E+00   8.6509390245216235E+05
   8.3000000000000000E+03   1.0788954447149674E+03   4.1449273066753731E+03   1.4585442654165374E+03  -3.4939494314527453E+00   8.7548705404041719E+05
   8.4000000000000000E+03   1.0805974326411661E+03   4.1925741171504624E+03   1.4558222269794965E+03  -3.4944404623351515E+00   8.8586337898699590E+05
   8.5000000000000000E+03   1.0829339332675843E+03   4.2400616783150472E+03   1.4543936898967131E+03  -3.4949715975266713E+00   8.9622204091523483E+05
   8.6000000000000000E+03   1.0847855201689088E+03   4.2873878087984849E+03   1.4522240962749904E+03  -3.4955422060830079E+00   9.0656220370699186E+05
   8.7000000000000000E+03   1.0875397201022865E+03   4.3345503220011378E+03   1.4517955812037230E+03  -3.4961516741992753E+00   9.1688303055065172E+05
   8.8000000000000000E+03   1.0904667097895060E+03   4.3815470219192184E+03   1.4517820021500420E+03  -3.4967994043447774E+00   9.2718368417961500E+05
   8.9000000000000000E+03   1.0939773472298937E+03   4.4283756997279415E+03   1.4528986007014691E+03  -3.4974848145007966E+00   9.3746333183820033E+05
   9.0000000000000000E+03   1.0963824717997818E+03   4.4750341310815811E+03   1.4521618316421989E+03  -3.4982073374808005E+00   9.4772114333907352E+05
   9.1000000000000000E+03   1.0987325774020383E+03   4.5215200740910423E+03   1.4514314457402891E+03  -3.4989664203227226E+00   9.5795629318648542E+05
   9.2000000000000000E+03   1.1009908572741151E+03   4.5678312679291021E+03   1.4506408913730818E+03  -3.4997615237224551E+00   9.6816796332896361E+05
   9.3000000000000000E+03   1.1032274335953045E+03   4.6139654320617510E+03   1.4499097467639140E+03  -3.5005921215909495E+00   9.7835534180905484E+05
   9.4000000000000000E+03   1.1054809477423319E+03   4.6599202659952816E+03   1.4493011726496895E+03  -3.5014577005701106E+00   9.8851762836695928E+05
   9.5000000000000000E+03   1.1077213676469428E+03   4.7056934495589194E+03   1.4487597638341515E+03  -3.5023577596413853E+00   9.9865402735673636E+05
   9.6000000000000000E+03   1.1086839156377341E+03   4.7512826436801060E+03   1.4461298207633895E+03  -3.5032918098167691E+00   1.0087637587350085E+06
   9.7000000000000000E+03   1.1107657321035801E+03   4.7966854915458398E+03   1.4454991479504558E+03  -3.5042593737576913E+00   1.0188460532559170E+06
   9.8000000000000000E+03   1.1130059167684185E+03   4.8418996201847049E+03   1.4452176313653181E+03  -3.5052599854866164E+00   1.0289001534897790E+06
   9.9000000000000000E+03   1.1151515239684843E+03   4.8869226424097951E+03   1.4448541709104165E+03  -3.5062931901398442E+00   1.0389253168233982E+06
   1.0000000000000000E+04   1.1176004888831897E+03   4.9317521590543356E+03   1.4450732694021403E+03  -3.5073585436893997E+00   1.0489208144752653E+06
   1.0100000000000000E+04   1.1182245992583910E+03   4.9763857615057914E+03   1.4423236199582441E+03  -3.5084556127267352E+00   1.0588859351675473E+06
   1.0200000000000000E+04   1.1215861976033234E+03   5.0208210344587314E+03   1.4442022110745143E+03  -3.5095839742052277E+00   1.0688199818396845E+06
   1.0300000000000000E+04   1.1222037261021060E+03   5.0650555589177529E+03   1.4416022874165790E+03  -3.5107432152856717E+00   1.0787222759047996E+06
   1.0400000000000000E+04   1.1250781500427079E+03   5.1090869153276817E+03   1.4427985463262687E+03  -3.5119329330787830E+00   1.0885921551080672E+06
   1.0500000000000000E+04   1.1252285081444722E+03   5.1529126869062484E+03   1.4395876136119427E+03  -3.5131527345215958E+00   1.0984289778751440E+06
   1.0600000000000000E+04   1.1270036056144440E+03   5.1965304630411974E+03   1.4391128929017361E+03  -3.5144022361405538E+00   1.1082321170984050E+06
   1.0700000000000000E+04   1.1313635816160768E+03   5.2399378428300206E+03   1.4429031747763001E+03  -3.5156810639382110E+00   1.1180009713921237E+06
   1.0800000000000000E+04   1.1316767987894109E+03   5.2831324386182268E+03   1.4401691658115619E+03  -3.5169888531357403E+00   1.1277349523764469E+06
   1.0900000000000000E+04   1.1336350386749775E+03   5.3261118796722503E+03   1.4401670601150581E+03  -3.5183252481317169E+00   1.1374334951781190E+06
   1.1000000000000000E+04   1.1371109547004719E+03   5.3688738157683865E+03   1.4426624153448226E+03  -3.5196899022343233E+00   1.1470960557468415E+06
   1.1100000000000000E+04   1.1391007546425360E+03   5.4114159208597621E+03   1.4428120864954403E+03  -3.5210824775789455E+00   1.1567221094590484E+06
   1.1200000000000000E+04   1.1415329663437471E+03   5.4537358966743332E+03   1.4437213221105883E+03  -3.5225026449427759E+00   1.1663111529873188E+06
   1.1300000000000000E+04   1.1434426713983630E+03   5.4958314762855916E+03   1.4438434860743171E+03  -3.5239500835903033E+00   1.1758627027456928E+06
   1.1400000000000000E+04   1.1450020352447775E+03   5.5377004276488824E+03   1.4434585973847431E+03  -3.5254244811703175E+00   1.1853762994371725E+06
   1.1500000000000000E+04   1.1466976152244292E+03   5.5793405570156192E+03   1.4433412741043951E+03  -3.5269255334996061E+00   1.1948515001293069E+06
   1.1600000000000000E+04   1.1483776330046639E+03   5.6207497123349158E+03   1.4432482664388310E+03  -3.5284529445114532E+00   1.2042878881811050E+06
   1.1700000000000000E+04   1.1503599186229499E+03   5.6619257864759193E+03   1.4436789083341575E+03  -3.5300064260187360E+00   1.2136850660637422E+06
   1.1800000000000000E+04   1.1503592929612960E+03   5.7028667204099593E+03   1.4410400933755056E+03  -3.5315856976315261E+00   1.2230426541489088E+06
   1.1900000000000000E+04   1.1535839635141551E+03   5.7435705062475517E+03   1.4435098594808446E+03  -3.5331904866128800E+00   1.2323603002377860E+06
   1.2000000000000000E+04   1.1536961986190688E+03   5.7840351901490485E+03   1.4411513765537386E+03  -3.5348205277346509E+00   1.2416376689395327E+06
   1.2100000000000000E+04   1.1566879716452036E+03   5.8242588750927544E+03   1.4433310867525665E+03  -3.5364755631126741E+00   1.2508744442269499E+06
   1.2200000000000000E+04   1.1566069562099840E+03   5.8642397235346289E+03   1.4407709335784998E+03  -3.5381553421140746E+00   1.2600703353782082E+06
   1.2300000000000000E+04   1.1596094889043818E+03   5.9039759599003200E+03   1.4430391470005034E+03  -3.5398596212130595E+00   1.2692250687077215E+06
   1.2400000000000000E+04   1.1609308978453694E+03   5.9434658729188513E+03   1.4427397202787793E+03  -3.5415881638261193E+00   1.2783383913430357E+06
   1.2500000000000000E+04   1.1624550664737703E+03   5.9827078178348429E+03   1.4427934327947021E+03  -3.5433407402193238E+00   1.2874100721108767E+06
   1.2600000000000000E+04   1.1637466211751243E+03   6.0217002184251487E+03   1.4425278345368902E+03  -3.5451171273229254E+00   1.2964398936262012E+06
   1.2700000000000000E+04   1.1650619127996197E+03   6.0604415689160405E+03   1.4423374983531069E+03  -3.5469171086798528E+00   1.3054276661792148E+06
   1.2800000000000000E+04   1.1664319764657839E+03   6.0989304356712155E+03   1.4422685665781803E+03  -3.5487404742294109E+00   1.3143732108966417E+06
   1.2900000000000000E+04   1.1674831767612438E+03   6.1371654587919002E+03   1.4417495967593420E+03  -3.5505870202557794E+00   1.3232763738778518E+06
   1.3000000000000000E+04   1.1688403295303688E+03   6.1751453534968377E+03   1.4417337528028959E+03  -3.5524565491923141E+00   1.3321370133340082E+06
   1.3100000000000000E+04   1.1698894911830087E+03   6.2128689113930996E+03   1.4412848921032491E+03  -3.5543488695391394E+00   1.3409550107422962E+06
   1.3200000000000000E+04   1.1717938517278710E+03   6.2503350015729638E+03   1.4421669353424682E+03  -3.5562637957395502E+00   1.3497302623412297E+06
   1.3300000000000000E+04   1.1728367852645806E+03   6.2875425715348874E+03   1.4417762281866371E+03  -3.5582011480049127E+00   1.3584626797599802E+06
   1.3400000000000000E+04   1.1733620438265077E+03   6.3244906480085847E+03   1.4406390993391474E+03  -3.5601607522734580E+00   1.3671521945101616E+06
   1.3500000000000000E+04   1.1735414219547677E+03   6.3611783375574205E+03   1.4390186501126345E+03  -3.5621424399939876E+00   1.3757987501607507E+06
   1.3600000000000000E+04   1.1757350134781848E+03   6.3976048271160262E+03   1.4404587372118342E+03  -3.5641460481052616E+00   1.3844023093709757E+06
   1.3700000000000000E+04   1.1767204481771300E+03   6.4337693843037250E+03   1.4401136617427649E+03  -3.5661714188197062E+00   1.3929628484574067E+06
   1.3800000000000000E+04   1.1773892720884051E+03   6.4696713576793900E+03   1.4393264620585167E+03  -3.5682183996028103E+00   1.4014803581574478E+06
   1.3900000000000000E+04   1.1787289281935671E+03   6.5053101767806602E+03   1.4395720133392040E+03  -3.5702868429568242E+00   1.4099548418116528E+06
   1.4000000000000000E+04   1.1793894271566869E+03   6.5406853521158828E+03   1.4388340540450199E+03  -3.5723766064104545E+00   1.4183863202883801E+06
   1.4100000000000000E+04   1.1803441001145427E+03   6.5757964749496450E+03   1.4385638188490241E+03  -3.5744875523128625E+00   1.4267748262297227E+06
   1.4200000000000000E+04   1.1812720447543982E+03   6.6106432170203016E+03   1.4382822213373111E+03  -3.5766195477615756E+00   1.4351203992233407E+06
   1.4300000000000000E+04   1.1839022324695595E+03   6.6452253301390119E+03   1.4405478238363351E+03  -3.5787724645303665E+00   1.4434230992944567E+06
   1.4400000000000000E+04   1.1847125410198371E+03   6.6795426456389823E+03   1.4401424229500922E+03  -3.5809461789044690E+00   1.4516829968449865E+06
   1.4500000000000000E+04   1.1856648335876964E+03   6.7135950737372787E+03   1.4399735959154389E+03  -3.5831405715672640E+00   1.4599001676458763E+06
   1.4600000000000000E+04   1.1864613203789659E+03   6.7473826028210706E+03   1.4396011138157119E+03  -3.5853555275590865E+00   1.4680747024514989E+06
   1.4700000000000000E+04   1.1875171881692800E+03   6.7809052985872349E+03   1.4396357689577137E+03  -3.5875909361124227E+00   1.4762067038133626E+06
   1.4800000000000000E+04   1.1886497875857558E+03   6.8141633031284027E+03   1.4398070043667690E+03  -3.5898466905901039E+00   1.4842962795570174E+06
   1.4900000000000000E+04   1.1894260783786119E+03   6.8471568339065925E+03   1.4394794048902766E+03  -3.5921226883617114E+00   1.4923435529627984E+06
   1.5000000000000000E+04   1.1904099098820839E+03   6.8798861826475322E+03   1.4394795404786241E+03  -3.5944188306902736E+00   1.5003486468999146E+06
   1.5100000000000000E+04   1.1911172811255101E+03   6.9123517141791644E+03   1.4390987952545472E+03  -3.5967350226807620E+00   1.5083117020179187E+06
   1.5200000000000000E+04   1.1919023946611535E+03   6.9445538651692968E+03   1.4388548348849490E+03  -3.5990711731564944E+00   1.5162328623141726E+06
   1.5300000000000000E+04   1.1926775082316785E+03   6.9764931428021837E+03   1.4386188951146571E+03  -3.6014271945561309E+00   1.5241122793385887E+06
   1.5400000000000000E+04   1.1936010883433935E+03   7.0081701234020948E+03   1.4386207191198901E+03  -3.6038030028615751E+00   1.5319501134511784E+06
   1.5500000000000000E+04   1.1942144464797138E+03   7.0395854509787814E+03   1.4381935100982885E+03  -3.6061985174743683E+00   1.5397465267558745E+06
   1.5600000000000000E+04   1.1955157712721282E+03   7.0707398357474149E+03   1.4387844438666666E+03  -3.6086136611744939E+00   1.5475016926643411E+06
   1.5700000000000000E+04   1.1951954234588579E+03   7.1016340525757651E+03   1.4370487956779439E+03  -3.6110483600173713E+00   1.5552157906307573E+06
   1.5800000000000000E+04   1.1985617795602495E+03   7.1322689393717501E+03   1.4406617519269794E+03  -3.6135025431896612E+00   1.5628890005038348E+06
   1.5900000000000000E+04   1.1963936201457873E+03   7.1626453954859799E+03   1.4363026531908984E+03  -3.6159761430298611E+00   1.5705215107279429E+06
   1.6000000000000000E+04   1.1995293771708514E+03   7.1927643800026899E+03   1.4396118578371386E+03  -3.6184690948326024E+00   1.5781135128120612E+06
   1.6100000000000000E+04   1.2008593672626830E+03   7.2226269100673699E+03   1.4403344399372552E+03  -3.6209813368589501E+00   1.5856652045182993E+06
   1.6200000000000000E+04   1.2010980593779168E+03   7.2522340591395405E+03   1.4395056159587355E+03  -3.6235128102128060E+00   1.5931767840958952E+06
   1.6300000000000000E+04   1.2018327179701275E+03   7.2815869552276708E+03   1.4394084201476887E+03  -3.6260634587379026E+00   1.6006484534821671E+06
   1.6400000000000000E+04   1.2022555640316004E+03   7.3106867791319455E+03   1.4388823492644105E+03  -3.6286332290075043E+00   1.6080804198851585E+06
   1.6500000000000000E+04   1.2024448600574235E+03   7.3395347626289076E+03   1.4380408289013353E+03  -3.6312220701905105E+00   1.6154728898417985E+06
   1.6600000000000000E+04   1.2030318870860322E+03   7.3681321866679637E+03   1.4377864978818893E+03  -3.6338299339999440E+00   1.6228260764784364E+06
   1.6700000000000000E+04   1.2034952339748813E+03   7.3964803795466996E+03   1.4373728784636473E+03  -3.6364567746105640E+00   1.6301401915957483E+06
   1.6800000000000000E+04   1.2036679846706231E+03   7.4245807150903001E+03   1.4365625260514180E+03  -3.6391025486176507E+00   1.6374154491525721E+06
   1.6900000000000000E+04   1.2040556575306387E+03   7.4524346108012687E+03   1.4360758402490198E+03  -3.6417672149134206E+00   1.6446520650213724E+06
   1.7000000000000000E+04   1.2042435205078102E+03   7.4800435260377672E+03   1.4353220213216016E+03  -3.6444507346664108E+00   1.6518502547015424E+06
   1.7100000000000000E+04   1.2010448270553027E+03   7.5074089601654114E+03   1.4297833911706766E+03  -3.6471530712081859E+00   1.6590102350455108E+06
   1.7200000000000000E+04   1.2004140320826848E+03   7.5345324507447494E+03   1.4279111758328620E+03  -3.6498741900333336E+00   1.6661322261235095E+06
   1.7300000000000000E+04   1.2023944907575362E+03   7.5614155716840296E+03   1.4297490620044414E+03  -3.6526140586552702E+00   1.6732164426933900E+06
   1.7400000000000000E+04   1.2025321689017760E+03   7.5880599314406954E+03   1.4289948311937083E+03  -3.6553726466062346E+00   1.6802631021915858E+06
   1.7500000000000000E+04   1.2014027797381705E+03   7.6144671712076924E+03   1.4264696979937441E+03  -3.6581499253445857E+00   1.6872724246842319E+06
   1.7600000000000000E+04   1.2034904366102132E+03   7.6406389631214270E+03   1.4284952232866574E+03  -3.6609458681930080E+00   1.6942446218656858E+06
   1.7700000000000000E+04   1.2037852355464249E+03   7.6665770084897431E+03   1.4280070493121509E+03  -3.6637604502973073E+00   1.7011799163510117E+06
   1.7800000000000000E+04   1.2042400707411994E+03   7.6922830360238349E+03   1.4277580338217035E+03  -3.6665936485337083E+00   1.7080785152576070E+06
   1.7900000000000000E+04   1.2044438042099168E+03   7.7177588001069325E+03   1.4271698474633904E+03  -3.6694454414882545E+00   1.7149406318591670E+06
   1.8000000000000000E+04   1.2048840921336559E+03   7.7430060790727357E+03   1.4269273146946348E+03  -3.6723158093950135E+00   1.7217664858452564E+06
   1.8100000000000000E+04   1.2054081367969422E+03   7.7680266734969700E+03   1.4268149987272279E+03  -3.6752047340330658E+00   1.7285562757692100E+06
   1.8200000000000000E+04   1.2055411994112869E+03   7.7928224045431580E+03   1.4261678188344531E+03  -3.6781121987574190E+00   1.7353102176509842E+06
   1.8300000000000000E+04   1.2058555603058246E+03   7.8173951122956378E+03   1.4257873357850851E+03  -3.6810381883650902E+00   1.7420285127287109E+06
   1.8400000000000000E+04   1.2060504081868010E+03   7.8417466541512204E+03   1.4252523627627290E+03  -3.6839826891054139E+00   1.7487113705752271E+06
   1.8500000000000000E+04   1.2062381181967473E+03   7.8658789032094628E+03   1.4247199319704389E+03  -3.6869456885564453E+00   1.7553589828918476E+06
   1.8600000000000000E+04   1.2071218656011185E+03   7.8897937467278362E+03   1.4251698596269223E+03  -3.6899271756764507E+00   1.7619715592826337E+06
   1.8700000000000000E+04   1.2071046126661888E+03   7.9134930845643003E+03   1.4243752870426742E+03  -3.6929271406494166E+00   1.7685492861579792E+06
   1.8800000000000000E+04   1.2058642804030035E+03   7.9369788276895270E+03   1.4218921985934671E+03  -3.6959455749262387E+00   1.7750923605545138E+06
   1.8900000000000000E+04   1.2053278549897968E+03   7.9602528966984419E+03   1.4204028157101336E+03  -3.6989824711011310E+00   1.7816009679985542E+06
   1.9000000000000000E+04   1.2061616554234802E+03   7.9833172203824915E+03   1.4208278122011150E+03  -3.7020378229425179E+00   1.7880753024136026E+06
   1.9100000000000000E+04   1.2063986679512159E+03   8.0061737343101404E+03   1.4204348282405283E+03  -3.7051116252900389E+00   1.7945155459722483E+06
   1.9200000000000000E+04   1.2062833574341635E+03   8.0288243794556338E+03   1.4195645284415452E+03  -3.7082038740339454E+00   1.8009218763930690E+06
   1.9300000000000000E+04   1.2063900971618839E+03   8.0512711008574515E+03   1.4190127951670788E+03  -3.7113145660739018E+00   1.8072944747354935E+06
   1.9400000000000000E+04   1.2063642988751828E+03   8.0735158463080870E+03   1.4182883858198843E+03  -3.7144436992571781E+00   1.8136335070157389E+06
   1.9500000000000000E+04   1.2110336473814205E+03   8.0955605650874613E+03   1.4240624455284726E+03  -3.7175912723786650E+00   1.8199391505069160E+06
   1.9600000000000000E+04   1.2106381133225875E+03   8.1174072067202897E+03   1.4228422020375715E+03  -3.7207572851087569E+00   1.8262115672266842E+06
   1.9700000000000000E+04   1.2106340832954206E+03   8.1390577197735829E+03   1.4221735272635947E+03  -3.7239417379521589E+00   1.8324509225544683E+06
   1.9800000000000000E+04   1.2100254787989948E+03   8.1605140506942153E+03   1.4206814124355415E+03  -3.7271446322478852E+00   1.8386573772201960E+06
   1.9900000000000000E+04   1.2086569202060250E+03   8.1817781426680376E+03   1.4181544327483539E+03  -3.7303659700559653E+00   1.8448310788016291E+06
   2.0000000000000000E+04   1.2099502081202459E+03   8.2028519345363784E+03   1.4193024289014920E+03  -3.7336057542295298E+00   1.8509721867629169E+06
   2.0100000000000000E+04   1.2099730799428262E+03   8.2237373597229798E+03   1.4187104705630054E+03  -3.7368639882706201E+00   1.8570808445815356E+06
   2.0200000000000000E+04   1.2116000867564999E+03   8.2444363452180314E+03   1.4203316306570380E+03  -3.7401406763816873E+00   1.8631571935899288E+06
   2.0300000000000000E+04   1.2119744155311878E+03   8.2649508105822497E+03   1.4202385442659513E+03  -3.7434358233728888E+00   1.8692013789234823E+06
   2.0400000000000000E+04   1.2121731001550156E+03   8.2852826669954557E+03   1.4199125124819461E+03  -3.7467494346620875E+00   1.8752135321768185E+06
   2.0500000000000000E+04   1.2122127707523605E+03   8.3054338163359371E+03   1.4193767364784869E+03  -3.7500815162336560E+00   1.8811937888376918E+06
   2.0600000000000000E+04   1.2125006392845416E+03   8.3254061502944332E+03   1.4191894246184395E+03  -3.7534320745869683E+00   1.8871422675916697E+06
   2.0700000000000000E+04   1.2126189111533249E+03   8.3452015495278301E+03   1.4187777035906440E+03  -3.7568011167673134E+00   1.8930591031803619E+06
   2.0800000000000000E+04   1.2120432745889293E+03   8.3648218828372937E+03   1.4174248444563643E+03  -3.7601886502422741E+00   1.8989444074707855E+06
   2.0900000000000000E+04   1.2127113553589465E+03   8.3842690063917016E+03   1.4177810073061419E+03  -3.7635946829635492E+00   1.9047982995690042E+06
   2.1000000000000000E+04   1.2121355851276162E+03   8.4035447629756472E+03   1.4164450104984496E+03  -3.7670192232742359E+00   1.9106208876133345E+06
   2.1100000000000000E+04   1.2123155201082525E+03   8.4226509812761069E+03   1.4161491597787838E+03  -3.7704622799191378E+00   1.9164122842776608E+06
   2.1200000000000000E+04   1.2124850116855246E+03   8.4415894751994183E+03   1.4158462870664391E+03  -3.7739238620138669E+00   1.9221725912564823E+06
   2.1300000000000000E+04   1.2122095091932324E+03   8.4603620432203861E+03   1.4149441905178892E+03  -3.7774039789727301E+00   1.9279019054167869E+06
   2.1400000000000000E+04   1.2118698899131382E+03   8.4789704677657319E+03   1.4139626797878116E+03  -3.7809026405602442E+00   1.9336003253046556E+06
   2.1500000000000000E+04   1.2119378115776556E+03   8.4974165146260839E+03   1.4135434052522423E+03  -3.7844198568087308E+00   1.9392679416126322E+06
   2.1600000000000000E+04   1.2123884715372612E+03   8.5157019324006196E+03   1.4136513385623737E+03  -3.7879556380080111E+00   1.9449048436741843E+06
   2.1700000000000000E+04   1.2127804727966748E+03   8.5338284519717690E+03   1.4136856545931550E+03  -3.7915099946848088E+00   1.9505111162866948E+06
   2.1800000000000000E+04   1.2126293499654553E+03   8.5517977860096253E+03   1.4129885532201265E+03  -3.7950829375821522E+00   1.9560868363585472E+06
   2.1900000000000000E+04   1.2130419893970870E+03   8.5696116285056705E+03   1.4130633227394499E+03  -3.7986744776387735E+00   1.9616320864176678E+06
   2.2000000000000000E+04   1.2130293474989069E+03   8.5872716543359966E+03   1.4125671625947527E+03  -3.8022846259478995E+00   1.9671469310235414E+06
   2.2100000000000000E+04   1.2127578281026069E+03   8.6047795188508244E+03   1.4117266097371316E+03  -3.8059133937778684E+00   1.9726314474260025E+06
   2.2200000000000000E+04   1.2128939374852728E+03   8.6221368574952867E+03   1.4114448177129307E+03  -3.8095607924897141E+00   1.9780856983570338E+06
   2.2300000000000000E+04   1.2129012636869895E+03   8.6393452854532061E+03   1.4109946541632055E+03  -3.8132268335680726E+00   1.9835097422007846E+06
   2.2400000000000000E+04   1.2129878496955691E+03   8.6564063973186385E+03   1.4106577125543399E+03  -3.8169115286005795E+00   1.9889036437436067E+06
   2.2500000000000000E+04   1.2131116908907243E+03   8.6733217667963982E+03   1.4103769099130043E+03  -3.8206148892160781E+00   1.9942674566956824E+06
   2.2600000000000000E+04   1.2135233281157609E+03   8.6900929464230558E+03   1.4104905126752701E+03  -3.8243369271052017E+00   1.9996012306827707E+06
   2.2700000000000000E+04   1.2118005009981216E+03   8.7067214673154813E+03   1.4077279111494292E+03  -3.8280776539894927E+00   2.0049050112974045E+06
   2.2800000000000000E+04   1.2136798777217784E+03   8.7232088389420733E+03   1.4098331721818595E+03  -3.8318370816110905E+00   2.0101788512434298E+06
   2.2900000000000000E+04   1.2137082049873391E+03   8.7395565489192868E+03   1.4094452886400186E+03  -3.8356152217018327E+00   2.0154227922279460E+06
   2.3000000000000000E+04   1.2132394438365907E+03   8.7557660628293361E+03   1.4083928748333633E+03  -3.8394120859729584E+00   2.0206368646887303E+06
   2.3100000000000000E+04   1.2135529033738992E+03   8.7718388240586773E+03   1.4084000770243231E+03  -3.8432276861151102E+00   2.0258211103044050E+06
   2.3200000000000000E+04   1.2140255841270985E+03   8.7877762536638838E+03   1.4086264078435838E+03  -3.8470620337468220E+00   2.0309755635698175E+06
   2.3300000000000000E+04   1.2140801212038534E+03   8.8035797502505284E+03   1.4082945770635099E+03  -3.8509151404351307E+00   2.0361002516853386E+06
   2.3400000000000000E+04   1.2155143702267815E+03   8.8192506898781739E+03   1.4098234732935678E+03  -3.8547870176646755E+00   2.0411952022533205E+06
   2.3500000000000000E+04   1.2141756849074509E+03   8.8347904259843144E+03   1.4076276102323302E+03  -3.8586776768170914E+00   2.0462604356479717E+06
   2.3600000000000000E+04   1.2139898836430198E+03   8.8502002893198660E+03   1.4069876350527993E+03  -3.8625871292019109E+00   2.0512959847272690E+06
   2.3700000000000000E+04   1.2204424548891941E+03   8.8654815879246762E+03   1.4152720378091394E+03  -3.8665153859432682E+00   2.0563018556143583E+06
   2.3800000000000000E+04   1.2203331530237206E+03   8.8806356070887214E+03   1.4147397072425495E+03  -3.8704624580828941E+00   2.0612780710795869E+06
   2.3900000000000000E+04   1.2166825622448603E+03   8.8956636093548495E+03   1.4094576776135641E+03  -3.8744283565183149E+00   2.0662246470748538E+06
   2.4000000000000000E+04   1.2170641046462426E+03   8.9105668345404520E+03   1.4095960483944095E+03  -3.8784130919410615E+00   2.0711415844388239E+06
   2.4100000000000000E+04   1.2152800770125332E+03   8.9253464997499395E+03   1.4068355818040502E+03  -3.8824166749190581E+00   2.0760289056538541E+06
   2.4200000000000000E+04   1.2147615505664282E+03   8.9400037994275117E+03   1.4057776478224209E+03  -3.8864391158348255E+00   2.0808866100939023E+06
   2.4300000000000000E+04   1.2140170667658101E+03   8.9545399054229001E+03   1.4044224785343979E+03  -3.8904804248442897E+00   2.0857147026703423E+06
   2.4400000000000000E+04   1.2128541357654510E+03   8.9689559670532490E+03   1.4025132179488933E+03  -3.8945406119282633E+00   2.0905131857603479E+06
   2.4500000000000000E+04   1.2126251221220309E+03   8.9832531111944918E+03   1.4018581788156882E+03  -3.8986196868615677E+00   2.0952820678365526E+06
   2.4600000000000000E+04   1.2124897735752397E+03   8.9974324423893140E+03   1.4013327122540022E+03  -3.9027176591718118E+00   2.1000213337305211E+06
   2.4700000000000000E+04   1.2123798991429107E+03   9.0114950429501423E+03   1.4008455125802118E+03  -3.9068345381806093E+00   2.1047309872657876E+06
   2.4800000000000000E+04   1.2121920790495049E+03   9.0254419730947011E+03   1.4002584607007891E+03  -3.9109703329520684E+00   2.1094110259398050E+06
   2.4900000000000000E+04   1.2119077525090377E+03   9.0392742710798466E+03   1.3995469025484406E+03  -3.9151250523030883E+00   2.1140614364067488E+06
   2.5000000000000000E+04   1.2117505038389545E+03   9.0529929533512259E+03   1.3990090018395222E+03  -3.9192987047930763E+00   2.1186822120031533E+06
   2.5100000000000000E+04   1.2120055506092554E+03   9.0665990146984532E+03   1.3990244538056643E+03  -3.9234912987342301E+00   2.1232733486827915E+06
   2.5200000000000000E+04   1.2113850409656170E+03   9.0800934284393188E+03   1.3978773653998696E+03  -3.9277028421297433E+00   2.1278348226800440E+06
   2.5300000000000000E+04   1.2099970281787066E+03   9.0934771465818449E+03   1.3957135881511906E+03  -3.9319333427356082E+00   2.1323666354212165E+06
   2.5400000000000000E+04   1.2113359317778534E+03   9.1067511000280119E+03   1.3971823639600032E+03  -3.9361828079988119E+00   2.1368687595784753E+06
   2.5500000000000000E+04   1.2097296108790454E+03   9.1199161987616553E+03   1.3947373493411669E+03  -3.9404512450882434E+00   2.1413411889718710E+06
   2.5600000000000000E+04   1.2158472322595678E+03   9.1329733320678533E+03   1.4025670689221477E+03  -3.9447386608431816E+00   2.1457838975693746E+06
   2.5700000000000000E+04   1.2154577667081180E+03   9.1459233687275882E+03   1.4017441282900768E+03  -3.9490450618351045E+00   2.1501968764359294E+06
   2.5800000000000000E+04   1.2141032610034874E+03   9.1587671572590043E+03   1.3996424792294531E+03  -3.9533704542955874E+00   2.1545801013832618E+06
   2.5900000000000000E+04   1.2135344196892268E+03   9.1715055261356756E+03   1.3985898525466691E+03  -3.9577148441472003E+00   2.1589335563595169E+06
   2.6000000000000000E+04   1.2110256993764062E+03   9.1841392840302597E+03   1.3949667945306130E+03  -3.9620782369726082E+00   2.1632572098398521E+06
   2.6100000000000000E+04   1.2109447521206732E+03   9.1966692200449215E+03   1.3945708211866097E+03  -3.9664606380454717E+00   2.1675510531229349E+06
   2.6200000000000000E+04   1.2123931391751548E+03   9.2090961039707563E+03   1.3962060343633352E+03  -3.9708620522892555E+00   2.1718150524848965E+06
   2.6300000000000000E+04   1.2123207631792200E+03   9.2214206865327924E+03   1.3958272304352863E+03  -3.9752824842978081E+00   2.1760491876943014E+06
   2.6400000000000000E+04   1.2113484458354669E+03   9.2336436996500561E+03   1.3942593224365583E+03  -3.9797219383250844E+00   2.1802534328060332E+06
   2.6500000000000000E+04   1.2104378064684165E+03   9.2457658567006947E+03   1.3927775534169830E+03  -3.9841804182748284E+00   2.1844277760284329E+06
   2.6600000000000000E+04   1.2099218863306744E+03   9.2577878527917801E+03   1.3918224022093832E+03  -3.9886579276902823E+00   2.1885721800921150E+06
   2.6700000000000000E+04   1.2097140217970496E+03   9.2697103650257468E+03   1.3912783739647548E+03  -3.9931544697644847E+00   2.1926866168736434E+06
   2.6800000000000000E+04   1.2099599345761801E+03   9.2815340527779099E+03   1.3913375719292471E+03  -3.9976700473299687E+00   2.1967710627332330E+06
   2.6900000000000000E+04   1.2099281134667488E+03   9.2932595579696081E+03   1.3910324081264416E+03  -4.0022046628690626E+00   2.2008254987624912E+06
   2.7000000000000000E+04   1.2098191774521413E+03   9.3048875053561842E+03   1.3906283297462201E+03  -4.0067583184932944E+00   2.2048498903132752E+06
   2.7100000000000000E+04   1.2087965477984501E+03   9.3164185028142947E+03   1.3890206754251055E+03  -4.0113310159330844E+00   2.2088442126068911E+06
   2.7200000000000000E+04   1.2092551822314524E+03   9.3278531416151855E+03   1.3893722545473015E+03  -4.0159227565686466E+00   2.2128084406464943E+06
   2.7300000000000000E+04   1.2090177274987063E+03   9.3391919967287795E+03   1.3888077070245156E+03  -4.0205335413887937E+00   2.2167425439956253E+06
   2.7400000000000000E+04   1.2070150165368975E+03   9.3504356270964363E+03   1.3859183692946356E+03  -4.0251633710321357E+00   2.2206465026485734E+06
   2.7500000000000000E+04   1.2073174697795280E+03   9.3615845759477561E+03   1.3860724030993160E+03  -4.0298122457252710E+00   2.2245202752433899E+06
   2.7600000000000000E+04   1.2084694496997001E+03   9.3726393710629636E+03   1.3873484324896169E+03  -4.0344801653548998E+00   2.2283638470511320E+06
   2.7700000000000000E+04   1.2081150246842576E+03   9.3836005250970138E+03   1.3866416593158224E+03  -4.0391671293957181E+00   2.2321771874071970E+06
   2.7800000000000000E+04   1.2080194966487716E+03   9.3944685358521219E+03   1.3862788490609332E+03  -4.0438731369619134E+00   2.2359602711329926E+06
   2.7900000000000000E+04   1.2081249061010901E+03   9.4052438865861859E+03   1.3861832937146605E+03  -4.0485981867762693E+00   2.2397130732759121E+06
   2.8000000000000000E+04   1.2074792137859911E+03   9.4159270463085959E+03   1.3851018388514126E+03  -4.0533422771701684E+00   2.2434355635926514E+06
   2.8100000000000000E+04   1.2075313640022107E+03   9.4265184700760983E+03   1.3849415456012875E+03  -4.0581054060835875E+00   2.2471277120200726E+06
   2.8200000000000000E+04   1.2073043273612257E+03   9.4370185992691968E+03   1.3844166414351889E+03  -4.0628875711062928E+00   2.2507895056480239E+06
   2.8300000000000000E+04   1.2053166566716739E+03   9.4474278619258748E+03   1.3815807480763197E+03  -4.0676887693954562E+00   2.2544209039206686E+06
   2.8400000000000000E+04   1.2049339829281014E+03   9.4577466729979969E+03   1.3808577507075299E+03  -4.0725089977580344E+00   2.2580218949074098E+06
   2.8500000000000000E+04   1.2097366878989183E+03   9.4679754346798909E+03   1.3869491540096974E+03  -4.0773482525786884E+00   2.2615924445063104E+06
   2.8600000000000000E+04   1.2092093861245180E+03   9.4781145366670753E+03   1.3860390041780875E+03  -4.0822065298918702E+00   2.2651325420928258E+06
   2.8700000000000000E+04   1.2070136953573715E+03   9.4881643564890965E+03   1.3829411866440901E+03  -4.0870838252994250E+00   2.2686421546534924E+06
   2.8800000000000000E+04   1.2040057061006160E+03   9.4981252597549446E+03   1.3787837197216213E+03  -4.0919801340633022E+00   2.2721212671929761E+06
   2.8900000000000000E+04   1.2069858532323358E+03   9.5079976004894943E+03   1.3824843218839858E+03  -4.0968954510128350E+00   2.2755698537886101E+06
   2.9000000000000000E+04   1.2066741580873886E+03   9.5177817213857470E+03   1.3818689215658260E+03  -4.1018297706168587E+00   2.2789878891459852E+06
   2.9100000000000000E+04   1.2058035986348748E+03   9.5274779541126918E+03   1.3805235235408200E+03  -4.1067830869425030E+00   2.2823753606602112E+06
   2.9200000000000000E+04   1.2054793456410896E+03   9.5370866195899016E+03   1.3798971266268857E+03  -4.1117553936757991E+00   2.2857322446855302E+06
   2.9300000000000000E+04   1.2055341248459467E+03   9.5466080282706571E+03   1.3797697859844216E+03  -4.1167466841216571E+00   2.2890585305030900E+06
   2.9400000000000000E+04   1.2049226949326669E+03   9.5560424804286304E+03   1.3787722789471750E+03  -4.1217569511935990E+00   2.2923541962947166E+06
   2.9500000000000000E+04   1.2037726653169909E+03   9.5653902664428588E+03   1.3770727011341346E+03  -4.1267861874034386E+00   2.2956192210918139E+06
   2.9600000000000000E+04   1.2032920425631987E+03   9.5746516670521141E+03   1.3762522072968111E+03  -4.1318343849024739E+00   2.2988535910185045E+06
   2.9700000000000000E+04   1.2027544889621665E+03   9.5838269536460812E+03   1.3753598884279734E+03  -4.1369015354506136E+00   2.3020572932940684E+06
   2.9800000000000000E+04   1.2021680729023681E+03   9.5929163885317575E+03   1.3744063550128938E+03  -4.1419876304266543E+00   2.3052303162726709E+06
   2.9900000000000000E+04   1.2015256092776656E+03   9.6019202252028426E+03   1.3733822726555045E+03  -4.1470926608282861E+00   2.3083726494742925E+06
   3.0000000000000000E+04   1.2011301839382429E+03   9.6108387086065140E+03   1.3726835397454738E+03  -4.1522166172721029E+00   2.3114842772730957E+06
   3.0100000000000000E+04   1.2006025145302749E+03   9.6196720754074959E+03   1.3718145929521841E+03  -4.1573594899935840E+00   2.3145651851115245E+06
   3.0200000000000000E+04   1.1999947786790963E+03   9.6284205542431882E+03   1.3708437019776727E+03  -4.1625212688574091E+00   2.3176153724419759E+06
   3.0300000000000000E+04   1.1997286026626396E+03   9.6370843659879647E+03   1.3703209968228184E+03  -4.1677019433471578E+00   2.3206348272223249E+06
   3.0400000000000000E+04   1.1990230599517765E+03   9.6456637239961638E+03   1.3692275655626199E+03  -4.1729015025858978E+00   2.3236235516327540E+06
   3.0500000000000000E+04   1.1986044434176649E+03   9.6541588343790136E+03   1.3685108203805162E+03  -4.1781199352949949E+00   2.3265815165723697E+06
   3.0600000000000000E+04   1.1979891032216524E+03   9.6625698962040187E+03   1.3675400740893019E+03  -4.1833572298765107E+00   2.3295087399227559E+06
   3.0700000000000000E+04   1.1975866871789328E+03   9.6708971018032535E+03   1.3668492071537542E+03  -4.1886133743102016E+00   2.3324052082707118E+06
   3.0800000000000000E+04   1.1968425072135567E+03   9.6791406369596625E+03   1.3657156080127277E+03  -4.1938883562462266E+00   2.3352709227018924E+06
   3.0900000000000000E+04   1.1951736863091585E+03   9.6873006811714440E+03   1.3633812674381295E+03  -4.1991821629639272E+00   2.3381058857922978E+06
   3.1000000000000000E+04   1.1966470975365596E+03   9.6953774079014238E+03   1.3651386514215301E+03  -4.2044947813512570E+00   2.3409100881064371E+06
   3.1100000000000000E+04   1.1964081665821136E+03   9.7033709847577811E+03   1.3646694522675421E+03  -4.2098261979871481E+00   2.3436835486503202E+06
   3.1200000000000000E+04   1.1953576395241512E+03   9.7112815737819201E+03   1.3631468186431271E+03  -4.2151763990488398E+00   2.3464262540758462E+06
   3.1300000000000000E+04   1.1949848094051722E+03   9.7191093316285514E+03   1.3625080185026206E+03  -4.2205453703839630E+00   2.3491382128032637E+06
   3.1400000000000000E+04   1.1944123291340675E+03   9.7268544098077582E+03   1.3616119184777581E+03  -4.2259330974796443E+00   2.3518194348700144E+06
   3.1500000000000000E+04   1.1968746195644603E+03   9.7345169548972699E+03   1.3646620248799970E+03  -4.2313395654728083E+00   2.3544699319532625E+06
   3.1600000000000000E+04   1.1941679425410346E+03   9.7420971087578801E+03   1.3609963108233405E+03  -4.2367647591501765E+00   2.3570897033391562E+06
   3.1700000000000000E+04   1.1947209665967366E+03   9.7495950087453639E+03   1.3615683311509608E+03  -4.2422086629482640E+00   2.3596787637863457E+06
   3.1800000000000000E+04   1.1937401722266497E+03   9.7570107879049610E+03   1.3601503749100357E+03  -4.2476712609739771E+00   2.3622371226402172E+06
   3.1900000000000000E+04   1.1929132168557087E+03   9.7643445751968320E+03   1.3589347228862307E+03  -4.2531525369737269E+00   2.3647647907992555E+06
   3.2000000000000000E+04   1.1917507577037240E+03   9.7715964956623739E+03   1.3572863526158674E+03  -4.2586524743849168E+00   2.3672617950980095E+06
   3.2100000000000000E+04   1.1895988343181984E+03   9.7787666706637629E+03   1.3543581466956964E+03  -4.2641710562741437E+00   2.3697281353684068E+06
   3.2200000000000000E+04   1.1900737420129674E+03   9.7858552180286315E+03   1.3548377620593706E+03  -4.2697082654093030E+00   2.3721638345131562E+06
   3.2300000000000000E+04   1.1894054947621835E+03   9.7928622522757069E+03   1.3538377073998547E+03  -4.2752640842080858E+00   2.3745689172276719E+06
   3.2400000000000000E+04   1.1881006458117261E+03   9.7997878847802403E+03   1.3520154635945553E+03  -4.2808384947688802E+00   2.3769434026326099E+06
   3.2500000000000000E+04   1.1876921415110589E+03   9.8066322239643359E+03   1.3513564215167751E+03  -4.2864314788604716E+00   2.3792873040931216E+06
   3.2600000000000000E+04   1.1865930364212611E+03   9.8133953754766189E+03   1.3498056589835169E+03  -4.2920430179220386E+00   2.3816006513421251E+06
   3.2700000000000000E+04   1.1858868486618669E+03   9.8200774423388393E+03   1.3487657662131032E+03  -4.2976730931043541E+00   2.3838834609664464E+06
   3.2800000000000000E+04   1.1856515150142041E+03   9.8266785251547662E+03   1.3483369820779865E+03  -4.3033216852182949E+00   2.3861357736442327E+06
   3.2900000000000000E+04   1.1849349045919446E+03   9.8331987222646512E+03   1.3472878065988311E+03  -4.3089887747554263E+00   2.3883576093741553E+06
   3.3000000000000000E+04   1.1817880399878261E+03   9.8396381298879824E+03   1.3431009475753001E+03  -4.3146743419189146E+00   2.3905489896660694E+06
   3.3100000000000000E+04   1.1796807078866300E+03   9.8459968423075334E+03   1.3402618072804719E+03  -4.3203783665926192E+00   2.3927099605357628E+06
   3.3200000000000000E+04   1.1807901426338810E+03   9.8522749520125817E+03   1.3415775269851013E+03  -4.3261008283616995E+00   2.3948405469552414E+06
   3.3300000000000000E+04   1.1808088100960770E+03   9.8584725498611588E+03   1.3414867860829941E+03  -4.3318417065023054E+00   2.3969407677026377E+06
   3.3400000000000000E+04   1.1800305830503137E+03   9.8645897252083232E+03   1.3403694274453615E+03  -4.3376009800124953E+00   2.3990106896358733E+06
   3.3500000000000000E+04   1.1776870292695480E+03   9.8706265660922381E+03   1.3372356759654929E+03  -4.3433786275607078E+00   2.4010503194275396E+06
   3.3600000000000000E+04   1.1783284490288265E+03   9.8765831593246494E+03   1.3379533370132185E+03  -4.3491746275578897E+00   2.4030597041405751E+06
   3.3700000000000000E+04   1.1805446503005842E+03   9.8824595906624036E+03   1.3407031534467183E+03  -4.3549889581162828E+00   2.4050388927503768E+06
   3.3800000000000000E+04   1.1794638680917517E+03   9.8882559449530199E+03   1.3392030149052482E+03  -4.3608215970391200E+00   2.4069879043346765E+06
   3.3900000000000000E+04   1.1781470802365302E+03   9.8939723062059020E+03   1.3374011389955488E+03  -4.3666725219030385E+00   2.4089068151812009E+06
   3.4000000000000000E+04   1.1758340093736588E+03   9.8996087578175793E+03   1.3343188003577850E+03  -4.3725417099344659E+00   2.4107956316641304E+06
   3.4100000000000000E+04   1.1758293097903886E+03   9.9051653825885041E+03   1.3342118665200401E+03  -4.3784291381538258E+00   2.4126544337859806E+06
   3.4200000000000000E+04   1.1753015067968211E+03   9.9106422629423832E+03   1.3334331321609568E+03  -4.3843347832519504E+00   2.4144832471347689E+06
   3.4300000000000000E+04   1.1727680954426346E+03   9.9160394809835871E+03   1.3300759205162867E+03  -4.3902586216724506E+00   2.4162821148598227E+06
   3.4400000000000000E+04   1.1714316144396412E+03   9.9213571186224890E+03   1.3282617527822667E+03  -4.3962006296014486E+00   2.4180510981244347E+06
   3.4500000000000000E+04   1.1721748065334150E+03   9.9265952577061798E+03   1.3291233772280730E+03  -4.4021607829469591E+00   2.4197902435223889E+06
   3.4600000000000000E+04   1.1712251956799396E+03   9.9317539801055336E+03   1.3278103165957264E+03  -4.4081390573697892E+00   2.4214996158174323E+06
   3.4700000000000000E+04   1.1702588397764466E+03   9.9368333678314211E+03   1.3264778678235125E+03  -4.4141354282732497E+00   2.4231792566887806E+06
   3.4800000000000000E+04   1.1691928324930548E+03   9.9418335031564911E+03   1.3250195591164934E+03  -4.4201498707825442E+00   2.4248292176125101E+06
   3.4900000000000000E+04   1.1678367961658048E+03   9.9467544686844703E+03   1.3231911158387361E+03  -4.4261823597859724E+00   2.4264495600731513E+06
   3.5000000000000000E+04   1.1671887781339537E+03   9.9515963474323125E+03   1.3222737549015612E+03  -4.4322328699555369E+00   2.4280403388327113E+06
   3.5100000000000000E+04   1.1662930185261389E+03   9.9563592229845490E+03   1.3210403632472612E+03  -4.4383013756748344E+00   2.4296016272725509E+06
   3.5200000000000000E+04   1.1651332519759467E+03   9.9610431795282766E+03   1.3194703820786203E+03  -4.4443878511111521E+00   2.4311334750065291E+06
   3.5300000000000000E+04   1.1632437247298926E+03   9.9656483019684438E+03   1.3169671705508724E+03  -4.4504922701845828E+00   2.4326359502577465E+06
   3.5400000000000000E+04   1.1629656809002070E+03   9.9701746760154620E+03   1.3165318305966446E+03  -4.4566146065680172E+00   2.4341090970573537E+06
   3.5500000000000000E+04   1.1617559558225357E+03   9.9746223882274098E+03   1.3149044133920702E+03  -4.4627548337386385E+00   2.4355530040886770E+06
   3.5600000000000000E+04   1.1607533431008599E+03   9.9789915261512415E+03   1.3135444444015227E+03  -4.4689129249058253E+00   2.4369677271874687E+06
   3.5700000000000000E+04   1.1594821936852077E+03   9.9832821783337804E+03   1.3118427367405823E+03  -4.4750888530935633E+00   2.4383533323431243E+06
   3.5800000000000000E+04   1.1573154557288758E+03   9.9874944344665291E+03   1.3089974394456328E+03  -4.4812825910580267E+00   2.4397098959199293E+06
   3.5900000000000000E+04   1.1575442447914018E+03   9.9916283853822079E+03   1.3092191278155617E+03  -4.4874941113802853E+00   2.4410374782579709E+06
   3.6000000000000000E+04   1.1553047363976480E+03   9.9956841231860581E+03   1.3062857040173790E+03  -4.4937233863942163E+00   2.4423361588856904E+06
   3.6100000000000000E+04   1.1554814542612717E+03   9.9996617412812702E+03   1.3064437082873724E+03  -4.4999703882379833E+00   2.4436060011228370E+06
   3.6200000000000000E+04   1.1533135376629423E+03   1.0003561334443479E+04   1.3036067437628296E+03  -4.5062350888437583E+00   2.4448470876299092E+06
   3.6300000000000000E+04   1.1520890289002180E+03   1.0007382998901870E+04   1.3019777999572445E+03  -4.5125174599171043E+00   2.4460595027614441E+06
   3.6400000000000000E+04   1.1512192643866774E+03   1.0011126832374031E+04   1.3008038717344562E+03  -4.5188174729678767E+00   2.4472432871347885E+06
   3.6500000000000000E+04   1.1499598335565690E+03   1.0014792934106816E+04   1.2991343982431133E+03  -4.5251350993308446E+00   2.4483985551829343E+06
   3.6600000000000000E+04   1.1489895033078799E+03   1.0018381404967784E+04   1.2978358834598964E+03  -4.5314703101244582E+00   2.4495253776687435E+06
   3.6700000000000000E+04   1.1476707911061471E+03   1.0021892347508357E+04   1.2960948795049733E+03  -4.5378230762405742E+00   2.4506238174728248E+06
   3.6800000000000000E+04   1.1482074606688402E+03   1.0025325865926465E+04   1.2967219123804175E+03  -4.5441933684474440E+00   2.4516939756016340E+06
   3.6900000000000000E+04   1.1458365316597947E+03   1.0028682066204754E+04   1.2936429245752386E+03  -4.5505811572867225E+00   2.4527359362962963E+06
   3.7000000000000000E+04   1.1461902658640545E+03   1.0031961056140319E+04   1.2940392433550287E+03  -4.5569864130940481E+00   2.4537497478666399E+06
   3.7100000000000000E+04   1.1449497344922372E+03   1.0035162945317734E+04   1.2924051288035421E+03  -4.5634091060814788E+00   2.4547355438664746E+06
   3.7200000000000000E+04   1.1458571484384131E+03   1.0038287845241772E+04   1.2935095338654262E+03  -4.5698492062344505E+00   2.4556933847058401E+06
   3.7300000000000000E+04   1.1445785476037031E+03   1.0041335869324315E+04   1.2918299566576752E+03  -4.5763066833736028E+00   2.4566233506506104E+06
   3.7400000000000000E+04   1.1432856659610402E+03   1.0044307132922955E+04   1.2901342179888691E+03  -4.5827815071547811E+00   2.4575255327251060E+06
   3.7500000000000000E+04   1.1419993897654224E+03   1.0047201753377620E+04   1.2884489091557477E+03  -4.5892736470690192E+00   2.4584000233662976E+06
   3.7600000000000000E+04   1.1408400071902447E+03   1.0050019850045301E+04   1.2869270707541957E+03  -4.5957830724425568E+00   2.4592469356208271E+06
   3.7700000000000000E+04   1.1395783051093704E+03   1.0052761544360435E+04   1.2852769493105934E+03  -4.6023097524059233E+00   2.4600663263649126E+06
   3.7800000000000000E+04   1.1382312312916811E+03   1.0055426959801720E+04   1.2835202184724360E+03  -4.6088536559660511E+00   2.4608583016225519E+06
   3.7900000000000000E+04   1.1370295664373239E+03   1.0058016221976226E+04   1.2819503341586774E+03  -4.6154147519444715E+00   2.4616229397517503E+06
   3.8000000000000000E+04   1.1356616301793581E+03   1.0060529458582077E+04   1.2801710350309547E+03  -4.6219930090494152E+00   2.4623603690156587E+06
   3.8100000000000000E+04   1.1338940001387064E+03   1.0062966799517195E+04   1.2778860620737426E+03  -4.6285883957831020E+00   2.4630706507593426E+06
   3.8200000000000000E+04   1.1328412184631245E+03   1.0065328376819771E+04   1.2765110836975143E+03  -4.6352008805344580E+00   2.4637538963227551E+06
   3.8300000000000000E+04   1.1314931534200382E+03   1.0067614324727301E+04   1.2747630052599200E+03  -4.6418304315379109E+00   2.4644101986989565E+06
   3.8400000000000000E+04   1.1301681511110025E+03   1.0069824779697130E+04   1.2730461276208982E+03  -4.6484770168733789E+00   2.4650396619829014E+06
   3.8500000000000000E+04   1.1288283991354940E+03   1.0071959880387751E+04   1.2713124448376125E+03  -4.6551406045074772E+00   2.4656423815544653E+06
   3.8600000000000000E+04   1.1270110172635136E+03   1.0074019767722806E+04   1.2689750935776376E+03  -4.6618211622420285E+00   2.4662184539055470E+06
   3.8700000000000000E+04   1.1261380122070373E+03   1.0076004584878729E+04   1.2678369763469061E+03  -4.6685186577449471E+00   2.4667679867232195E+06
   3.8800000000000000E+04   1.1250852155828379E+03   1.0077914477270460E+04   1.2664725586588379E+03  -4.6752330585811483E+00   2.4672910788087845E+06
   3.8900000000000000E+04   1.1236203923540056E+03   1.0079749592630209E+04   1.2645878525012793E+03  -4.6819643321404438E+00   2.4677878198658084E+06
   3.9000000000000000E+04   1.1223710931947664E+03   1.0081510080933593E+04   1.2629780055959716E+03  -4.6887124457302507E+00   2.4682583311498510E+06
   3.9100000000000000E+04   1.1220015384458361E+03   1.0083196094485202E+04   1.2624836409604391E+03  -4.6954773664931668E+00   2.4687026942369430E+06
   3.9200000000000000E+04   1.1203818097706196E+03   1.0084807787841522E+04   1.2604081095845215E+03  -4.7022590614997135E+00   2.4691210429633590E+06
   3.9300000000000000E+04   1.1203272700594573E+03   1.0086345317903670E+04   1.2603150757209303E+03  -4.7090574976555892E+00   2.4695134712772090E+06
   3.9400000000000000E+04   1.1194214798554319E+03   1.0087808843856523E+04   1.2591460923974435E+03  -4.7158726417738048E+00   2.4698800843724445E+06
   3.9500000000000000E+04   1.1181877742015768E+03   1.0089198527211434E+04   1.2575638080508700E+03  -4.7227044605334614E+00   2.4702209779946688E+06
   3.9600000000000000E+04   1.1165127261243986E+03   1.0090514531761619E+04   1.2554251862059930E+03  -4.7295529205312645E+00   2.4705362696696329E+06
   3.9700000000000000E+04   1.1150938719247965E+03   1.0091757023612872E+04   1.2536124196515657E+03  -4.7364179882506150E+00   2.4708260780686783E+06
   3.9800000000000000E+04   1.1137568639155218E+03   1.0092926171213547E+04   1.2519048717619414E+03  -4.7432996300307142E+00   2.4710904912907910E+06
   3.9900000000000000E+04   1.1122863104338874E+03   1.0094022145257826E+04   1.2500303789670365E+03  -4.7501978121695601E+00   2.4713296404886651E+06
   4.0000000000000000E+04   1.1109825194349341E+03   1.0095045118790571E+04   1.2483682672344341E+03  -4.7571125008106492E+00   2.4715436154541140E+06
   4.0100000000000000E+04   1.1114804594306654E+03   1.0095995267117867E+04   1.2489824657314616E+03  -4.7640436620356859E+00   2.4717325493806638E+06
   4.0200000000000000E+04   1.1098294989047347E+03   1.0096872767861711E+04   1.2468847549858692E+03  -4.7709912618027595E+00   2.4718965337171457E+06
   4.0300000000000000E+04   1.1085056840364521E+03   1.0097677800906962E+04   1.2452017930401935E+03  -4.7779552659978668E+00   2.4720357036327338E+06
   4.0400000000000000E+04   1.1038759920781315E+03   1.0098410548434804E+04   1.2393518411341900E+03  -4.7849356403936945E+00   2.4721501413384667E+06
   4.0500000000000000E+04   1.1024613240588280E+03   1.0099071194867538E+04   1.2375589873452197E+03  -4.7919323507011473E+00   2.4722399838090953E+06
   4.0600000000000000E+04   1.1012981150133344E+03   1.0099659926890441E+04   1.2360845976518797E+03  -4.7989453625384080E+00   2.4723053473638203E+06
   4.0700000000000000E+04   1.1000039239657890E+03   1.0100176933453371E+04   1.2344467431721084E+03  -4.8059746414206730E+00   2.4723463381992672E+06
   4.0800000000000000E+04   1.0983204033713373E+03   1.0100622405732276E+04   1.2323203189646390E+03  -4.8130201527910277E+00   2.4723630631771833E+06
   4.0900000000000000E+04   1.0966998805391490E+03   1.0100996537099461E+04   1.2302750695682987E+03  -4.8200818620410617E+00   2.4723556629567072E+06
   4.1000000000000000E+04   1.0963789555100454E+03   1.0101299523181597E+04   1.2298667308937340E+03  -4.8271597344387649E+00   2.4723242238760334E+06
   4.1100000000000000E+04   1.0930147603607802E+03   1.0101531561769478E+04   1.2256316264557313E+03  -4.8342537352109209E+00   2.4722688993724440E+06
   4.1200000000000000E+04   1.0914229058915930E+03   1.0101692852854867E+04   1.2236280414221128E+03  -4.8413638294916188E+00   2.4721897547181137E+06
   4.1300000000000000E+04   1.0899120801082706E+03   1.0101783598568019E+04   1.2217280231044228E+03  -4.8484899823737413E+00   2.4720869673689338E+06
   4.1400000000000000E+04   1.0868572231220826E+03   1.0101804003223166E+04   1.2178905672190290E+03  -4.8556321588471745E+00   2.4719606036753715E+06
   4.1500000000000000E+04   1.0853427382394377E+03   1.0101754273244676E+04   1.2159899314022325E+03  -4.8627903238606001E+00   2.4718108203898645E+06
   4.1600000000000000E+04   1.0850265954420306E+03   1.0101634617181538E+04   1.2155948434991751E+03  -4.8699644422906045E+00   2.4716377187258149E+06
   4.1700000000000000E+04   1.0852795802800297E+03   1.0101445245671692E+04   1.2159151310323718E+03  -4.8771544789622645E+00   2.4714414230530621E+06
   4.1800000000000000E+04   1.0809298651113247E+03   1.0101186371445461E+04   1.2104615887900377E+03  -4.8843603986285684E+00   2.4712220584690124E+06
   4.1900000000000000E+04   1.0808915486038393E+03   1.0100858209298638E+04   1.2104182512838258E+03  -4.8915821659806902E+00   2.4709797277601319E+06
   4.2000000000000000E+04   1.0765408821635858E+03   1.0100460976054897E+04   1.2049706841688239E+03  -4.8988197456686118E+00   2.4707145801868951E+06
   4.2100000000000000E+04   1.0776822557968840E+03   1.0099994890567597E+04   1.2064074609048953E+03  -4.9060731022805149E+00   2.4704266965622888E+06
   4.2200000000000000E+04   1.0776429719073201E+03   1.0099460173661049E+04   1.2063658609806541E+03  -4.9133422003839788E+00   2.4701162390017295E+06
   4.2300000000000000E+04   1.0746242724794777E+03   1.0098857048191392E+04   1.2025927497676696E+03  -4.9206270044435811E+00   2.4697833124695593E+06
   4.2400000000000000E+04   1.0730160086301091E+03   1.0098185738946902E+04   1.2005884963705780E+03  -4.9279274789032952E+00   2.4694280221914542E+06
   4.2500000000000000E+04   1.0715086932026129E+03   1.0097446472627715E+04   1.1987121935664165E+03  -4.9352435881865055E+00   2.4690505089354701E+06
   4.2600000000000000E+04   1.0697437250418850E+03   1.0096639477865321E+04   1.1965150613463456E+03  -4.9425752966547831E+00   2.4686509142423286E+06
   4.2700000000000000E+04   1.0682379975778310E+03   1.0095764985221784E+04   1.1946438694219109E+03  -4.9499225685873061E+00   2.4682293212299724E+06
   4.2800000000000000E+04   1.0664998720103397E+03   1.0094823227047606E+04   1.1924836158650010E+03  -4.9572853683044480E+00   2.4677858841864481E+06
   4.2900000000000000E+04   1.0663482979798946E+03   1.0093814437590645E+04   1.1923081935939310E+03  -4.9646636600338914E+00   2.4673207106238585E+06
   4.3000000000000000E+04   1.0646628163838423E+03   1.0092738852903523E+04   1.1902163571388382E+03  -4.9720574079827022E+00   2.4668339321971433E+06
   4.3100000000000000E+04   1.0626008190616310E+03   1.0091596710841221E+04   1.1876557547603450E+03  -4.9794665763167600E+00   2.4663256690955176E+06
   4.3200000000000000E+04   1.0625839288795519E+03   1.0090388251018043E+04   1.1876513944142555E+03  -4.9868911291813376E+00   2.4657960418669665E+06
   4.3300000000000000E+04   1.0615930494807785E+03   1.0089113714804615E+04   1.1864312907306501E+03  -4.9943310306805069E+00   2.4652451714038444E+06
   4.3400000000000000E+04   1.0597743030365934E+03   1.0087773345263946E+04   1.1841785667193249E+03  -5.0017862449183488E+00   2.4646731910923468E+06
   4.3500000000000000E+04   1.0653178248453246E+03   1.0086367387188346E+04   1.1911238145020766E+03  -5.0092567359371278E+00   2.4640802348102932E+06
   4.3600000000000000E+04   1.0565732439308190E+03   1.0084896087014708E+04   1.1802226790687821E+03  -5.0167424677791175E+00   2.4634664124526437E+06
   4.3700000000000000E+04   1.0556227010571183E+03   1.0083359692850829E+04   1.1790577643515044E+03  -5.0242434044350972E+00   2.4628318463417236E+06
   4.3800000000000000E+04   1.0534901281259386E+03   1.0081758454379995E+04   1.1764197321155991E+03  -5.0317595099164301E+00   2.4621766713814428E+06
   4.3900000000000000E+04   1.0515002445171599E+03   1.0080092622896987E+04   1.1739615007000484E+03  -5.0392907481932951E+00   2.4615010105923573E+06
   4.4000000000000000E+04   1.0504448519105101E+03   1.0078362451283256E+04   1.1726695371448948E+03  -5.0468370831946636E+00   2.4608049872582881E+06
   4.4100000000000000E+04   1.0488282581669293E+03   1.0076568193910676E+04   1.1706794327642456E+03  -5.0543984788804046E+00   2.4600887249201881E+06
   4.4200000000000000E+04   1.0468826340932599E+03   1.0074710106697477E+04   1.1682809719427421E+03  -5.0619748991588898E+00   2.4593523598506483E+06
   4.4300000000000000E+04   1.0439716420208820E+03   1.0072788447021840E+04   1.1646825627187197E+03  -5.0695663079487909E+00   2.4585959911529608E+06
   4.4400000000000000E+04   1.0436031948251773E+03   1.0070803473726730E+04   1.1642505267332540E+03  -5.0771726691481813E+00   2.4578197932489035E+06
   4.4500000000000000E+04   1.0421409807466191E+03   1.0068755447104393E+04   1.1624582744339996E+03  -5.0847939466242309E+00   2.4570238153012213E+06
   4.4600000000000000E+04   1.0403489679287688E+03   1.0066644628789001E+04   1.1602570692957149E+03  -5.0924301042956088E+00   2.4562082702124403E+06
   4.4700000000000000E+04   1.0384542976628045E+03   1.0064471281863056E+04   1.1579297351921189E+03  -5.1000811059985862E+00   2.4553732198721897E+06
   4.4800000000000000E+04   1.0367624586556183E+03   1.0062235670688682E+04   1.1558560918010339E+03  -5.1077469156312398E+00   2.4545188401965336E+06
   4.4900000000000000E+04   1.0350530123508447E+03   1.0059938061003806E+04   1.1537619745815007E+03  -5.1154274970298310E+00   2.4536452056518923E+06
   4.5000000000000000E+04   1.0335736351335818E+03   1.0057578719783694E+04   1.1519550466268431E+03  -5.1231228140821390E+00   2.4527524671853581E+06
   4.5100000000000000E+04   1.0317412019787241E+03   1.0055157915296290E+04   1.1497109180719012E+03  -5.1308328306450282E+00   2.4518407633554158E+06
   4.5200000000000000E+04   1.0299871763278595E+03   1.0052675917055451E+04   1.1475656070910920E+03  -5.1385575105650734E+00   2.4509101813917835E+06
   4.5300000000000000E+04   1.0300278613115411E+03   1.0050132995743503E+04   1.1476492614245058E+03  -5.1462968177300432E+00   2.4499608858727426E+06
   4.5400000000000000E+04   1.0276483302299503E+03   1.0047529423256310E+04   1.1447298171955476E+03  -5.1540507159968083E+00   2.4489929770381241E+06
   4.5500000000000000E+04   1.0260882402138868E+03   1.0044865472625728E+04   1.1428287971179263E+03  -5.1618191692428459E+00   2.4480065940233534E+06
   4.5600000000000000E+04   1.0236169241584951E+03   1.0042141418013623E+04   1.1397990788044822E+03  -5.1696021413456181E+00   2.4470018500760249E+06
   4.5700000000000000E+04   1.0220119354434095E+03   1.0039357534675175E+04   1.1378451797939167E+03  -5.1773995961928998E+00   2.4459788977366933E+06
   4.5800000000000000E+04   1.0207368961553724E+03   1.0036514098922193E+04   1.1363013991083910E+03  -5.1852114976930643E+00   2.4449378373230095E+06
   4.5900000000000000E+04   1.0189603794761106E+03   1.0033611388137619E+04   1.1341373568149440E+03  -5.1930378097338794E+00   2.4438787820990356E+06
   4.6000000000000000E+04   1.0158267094718814E+03   1.0030649680677494E+04   1.1302941712259826E+03  -5.2008784962546182E+00   2.4428018982376349E+06
   4.6100000000000000E+04   1.0150646397541889E+03   1.0027629255916236E+04   1.1293890598012404E+03  -5.2087335211739534E+00   2.4417072727144337E+06
   4.6200000000000000E+04   1.0130928297151394E+03   1.0024550394169128E+04   1.1269875103790898E+03  -5.2166028484414513E+00   2.4405950453957785E+06
   4.6300000000000000E+04   1.0198493560653218E+03   1.0021413376676277E+04   1.1353951330753328E+03  -5.2244864420272927E+00   2.4394653563883901E+06
   4.6400000000000000E+04   1.0165029122358022E+03   1.0018218485617364E+04   1.1312897172798666E+03  -5.2323842658810449E+00   2.4383182922774996E+06
   4.6500000000000000E+04   1.0149561080674634E+03   1.0014966003983105E+04   1.1294155268033189E+03  -5.2402962840346810E+00   2.4371540199943054E+06
   4.6600000000000000E+04   1.0132060097492702E+03   1.0011656215661797E+04   1.1272908126542759E+03  -5.2482224604892700E+00   2.4359726394389775E+06
   4.6700000000000000E+04   1.0104018545567984E+03   1.0008289405362129E+04   1.1238631422120818E+03  -5.2561627592664912E+00   2.4347742637461768E+06
   4.6800000000000000E+04   1.0091740251943843E+03   1.0004865858556570E+04   1.1223873535289536E+03  -5.2641171444395134E+00   2.4335590330731589E+06
   4.6900000000000000E+04   1.0058956545877666E+03   1.0001385861516970E+04   1.1183771363795142E+03  -5.2720855800712094E+00   2.4323270740868766E+06
   4.7000000000000000E+04   1.0031985052244273E+03   9.9978497012172047E+03   1.1150880292265244E+03  -5.2800680302862579E+00   2.4310785134741738E+06
   4.7100000000000000E+04   1.0015626614092200E+03   9.9942576653792039E+03   1.1131118426375695E+03  -5.2880644591990285E+00   2.4298134504487845E+06
   4.7200000000000000E+04   1.0011651237096390E+03   9.9906100424065426E+03   1.1126660688734294E+03  -5.2960748309547938E+00   2.4285320388961486E+06
   4.7300000000000000E+04   9.9865894630544108E+02   9.9869071213487969E+03   1.1096171298817510E+03  -5.3040991097400312E+00   2.4272343778105904E+06
   4.7400000000000000E+04   9.9704807856288642E+02   9.9831491918967895E+03   1.1076750188151896E+03  -5.3121372597618173E+00   2.4259205934916125E+06
   4.7500000000000000E+04   9.9371255124433344E+02   9.9793365443472376E+03   1.1036063811284316E+03  -5.3201892452581250E+00   2.4245908260656190E+06
   4.7600000000000000E+04   9.9885054293930261E+02   9.9754694695777507E+03   1.1099951080906003E+03  -5.3282550304978296E+00   2.4232451740006981E+06
   4.7700000000000000E+04   9.9637758990369866E+02   9.9715482590322172E+03   1.1069903390380503E+03  -5.3363345797704085E+00   2.4218837772594574E+06
   4.7800000000000000E+04   9.9135451835097410E+02   9.9675732046756493E+03   1.1008420225438219E+03  -5.3444278574065374E+00   2.4205067479034849E+06
   4.7900000000000000E+04   9.8452055990555755E+02   9.9635445989900854E+03   1.0924700128369227E+03  -5.3525348277574931E+00   2.4191141977291955E+06
   4.8000000000000000E+04   9.9229034505911102E+02   9.9594627348990743E+03   1.1020953188112776E+03  -5.3606554552466523E+00   2.4177062664670898E+06
   4.8100000000000000E+04   9.9038795268865056E+02   9.9553279058354074E+03   1.0997995384836593E+03  -5.3687897042767920E+00   2.4162830797991962E+06
   4.8200000000000000E+04   9.8815505594168133E+02   9.9511404056148804E+03   1.0970975986870749E+03  -5.3769375393330909E+00   2.4148447349618459E+06
   4.8300000000000000E+04   9.8405813973743079E+02   9.9469005284940740E+03   1.0921009212994782E+03  -5.3850989249007277E+00   2.4133913571752417E+06
   4.8400000000000000E+04   9.8056386775069996E+02   9.9426085690649452E+03   1.0878502661991713E+03  -5.3932738255472783E+00   2.4119230857998822E+06
   4.8500000000000000E+04   9.7678491227440315E+02   9.9382648223333108E+03   1.0832526803688183E+03  -5.4014622058197306E+00   2.4104400173817221E+06
   4.8600000000000000E+04   9.7703644513253835E+02   9.9338695835832004E+03   1.0836143170613161E+03  -5.4096640303577530E+00   2.4089422909952351E+06
   4.8700000000000000E+04   9.7896918463967074E+02   9.9294231484454649E+03   1.0860453919862032E+03  -5.4178792638010345E+00   2.4074299882609812E+06
   4.8800000000000000E+04   9.7577886960248372E+02   9.9249258127931535E+03   1.0821738599190949E+03  -5.4261078708716530E+00   2.4059032910753652E+06
   4.8900000000000000E+04   9.7334546680088999E+02   9.9203778727900572E+03   1.0792354820318228E+03  -5.4343498163019879E+00   2.4043622661934318E+06
   4.9000000000000000E+04   9.7118083534394032E+02   9.9157796248374234E+03   1.0766290770300009E+03  -5.4426050648656235E+00   2.4028070375656602E+06
   4.9100000000000000E+04   9.6815718345541097E+02   9.9111313655311460E+03   1.0729688839917926E+03  -5.4508735813979383E+00   2.4012377580580809E+06
   4.9200000000000000E+04   9.6589970861435756E+02   9.9064333916598625E+03   1.0702516723981903E+03  -5.4591553307755198E+00   2.3996544932351271E+06
   4.9300000000000000E+04   9.6480560463738050E+02   9.9016860001930545E+03   1.0689638582493026E+03  -5.4674502779058489E+00   2.3980574101778627E+06
   4.9400000000000000E+04   9.6596314428864298E+02   9.8968894882286277E+03   1.0704410853431161E+03  -5.4757583877582077E+00   2.3964465883145458E+06
   4.9500000000000000E+04   9.6376901217295347E+02   9.8920441529916025E+03   1.0678037438736235E+03  -5.4840796253430870E+00   2.3948221652409364E+06
   4.9600000000000000E+04   9.6090295327612046E+02   9.8871502918227889E+03   1.0643433409995805E+03  -5.4924139557018643E+00   2.3931842342766803E+06
   4.9700000000000000E+04   9.5884430131507054E+02   9.8822082021066981E+03   1.0618752215359552E+03  -5.5007613439583292E+00   2.3915329325895081E+06
   4.9800000000000000E+04   9.5620855209537353E+02   9.8772181813216030E+03   1.0587008520817863E+03  -5.5091217552465679E+00   2.3898683528658790E+06
   4.9900000000000000E+04   9.5422160675097280E+02   9.8721805269374672E+03   1.0563233189184657E+03  -5.5174951547933642E+00   2.3881906615583631E+06
   5.0000000000000000E+04   9.5213335139440278E+02   9.8670955364764832E+03   1.0538228370048446E+03  -5.5258815078358090E+00   2.3864999210988428E+06


