#Te   kappa_tot   kappa_e_ph  kappa_e_e mu Ce
#[K]  [W/(K*m)]   [W/(K*m)]   [W/(K*m)]   [eV]  [J/(m^3*K)]
   3.0000000000000000E+02   8.9911860417249603E+00   9.0089879471964114E+00   4.5501582294547215E+03   3.9426050475080645E+00   1.6211355450070123E+04
   4.0000000000000000E+02   1.2849823094779495E+01   1.2888465702559936E+01   4.2858004092792025E+03   3.9158735504837674E+00   2.1079643101554342E+04
   5.0000000000000000E+02   1.7740790346448698E+01   1.7814647541160923E+01   4.2791488135319796E+03   3.8913737303317886E+00   2.9787052756862526E+04
   6.0000000000000000E+02   2.2245419982520261E+01   2.2359519890208141E+01   4.3593103679437381E+03   3.8727475590158980E+00   3.8823251825674779E+04
   7.0000000000000000E+02   2.6160310178153175E+01   2.6317752530077879E+01   4.3729057713007505E+03   3.8608568473153371E+00   4.6361341552353093E+04
   8.0000000000000000E+02   2.9730589100214242E+01   2.9937619190606366E+01   4.2991965714200596E+03   3.8537353793378850E+00   5.3032768414088350E+04
   9.0000000000000000E+02   3.3159138711887692E+01   3.3423061636690726E+01   4.1992560434609122E+03   3.8495483269294262E+00   5.9421706352286303E+04
   1.0000000000000000E+03   3.6544566069257577E+01   3.6873321786615122E+01   4.0988474818170898E+03   3.8472119752005929E+00   6.5757373128079984E+04
   1.1000000000000000E+03   3.9919579790035108E+01   4.0324257661759198E+01   3.9777994639154240E+03   3.8461168557736523E+00   7.2116905656735675E+04
   1.2000000000000000E+03   4.3293390253822935E+01   4.3783914816545874E+01   3.8643408608745399E+03   3.8459004472030291E+00   7.8523033384897906E+04
   1.3000000000000000E+03   4.6663358649936129E+01   4.7250909978946666E+01   3.7526698520052323E+03   3.8463301610578187E+00   8.4981435198659936E+04
   1.4000000000000000E+03   5.0027306721527928E+01   5.0722466831799416E+01   3.6502503069054883E+03   3.8472459747949626E+00   9.1496428126780156E+04
   1.5000000000000000E+03   5.3383473844846840E+01   5.4197508874358171E+01   3.5542098221338242E+03   3.8485312812841856E+00   9.8078203974921358E+04
   1.6000000000000000E+03   5.6733523227674397E+01   5.7677603090445409E+01   3.4660771441982160E+03   3.8500972503560349E+00   1.0474607335992611E+05
   1.7000000000000000E+03   6.0081523973524774E+01   6.1167017434527160E+01   3.3855640373806614E+03   3.8518739953670145E+00   1.1152942987421282E+05
   1.8000000000000000E+03   6.3433897375007575E+01   6.4672422926921584E+01   3.3123449351525983E+03   3.8538053690577518E+00   1.1846726063668146E+05
   1.9000000000000000E+03   6.6798967226624299E+01   6.8202456049458547E+01   3.2460918479014863E+03   3.8558457939237516E+00   1.2560672502395388E+05
   2.0000000000000000E+03   7.0186511852158887E+01   7.1767232095224003E+01   3.1865801100141734E+03   3.8579582729608712E+00   1.3300118958721354E+05
   2.1000000000000000E+03   7.3583237014225460E+01   7.5377853178774629E+01   3.0906589083747826E+03   3.8601130975661846E+00   1.4070801687435168E+05
   2.2000000000000000E+03   7.7019878800696091E+01   7.9045936546342716E+01   3.0049037178571512E+03   3.8622869633790953E+00   1.4878632253399768E+05
   2.3000000000000000E+03   8.0507548712091861E+01   8.2783180382633219E+01   2.9287125036413468E+03   3.8644623187958600E+00   1.5729484336798484E+05
   2.4000000000000000E+03   8.4057111921045774E+01   8.6600978840797339E+01   2.8615601368030439E+03   3.8666268378099349E+00   1.6629000382835575E+05
   2.5000000000000000E+03   8.7678881820782877E+01   9.0510093682744838E+01   2.8029777333929433E+03   3.8687729503411750E+00   1.7582422215628688E+05
   2.6000000000000000E+03   9.1382368992532676E+01   9.4520386324050236E+01   2.7525331787138075E+03   3.8708973934850670E+00   1.8594447974984199E+05
   2.7000000000000000E+03   9.5176061266848365E+01   9.8640611152454397E+01   2.7097964123564975E+03   3.8730007632149319E+00   1.9669115690523473E+05
   2.8000000000000000E+03   9.9067391337979601E+01   1.0287826869446488E+02   2.6744187103224476E+03   3.8750870587950765E+00   2.0809713527751312E+05
   2.9000000000000000E+03   1.0306247775890030E+02   1.0723951543185852E+02   2.6459828805527072E+03   3.8771632200696264E+00   2.2018716522941549E+05
   3.0000000000000000E+03   1.0716600796445030E+02   1.1172912573933068E+02   2.6239875825155632E+03   3.8792386612509269E+00   2.3297749386509776E+05
   3.1000000000000000E+03   1.1136204260579898E+02   1.1635050042322071E+02   2.5974018142612140E+03   3.8813248082083747E+00   2.4647574622688402E+05
   3.2000000000000000E+03   1.1566083843584759E+02   1.2110571567422544E+02   2.5725444304833240E+03   3.8834346452700648E+00   2.6068104833463786E+05
   3.3000000000000000E+03   1.2008646783649129E+02   1.2599560577577043E+02   2.5605033113133150E+03   3.8855822803500644E+00   2.7558438289928401E+05
   3.4000000000000000E+03   1.2461858323264066E+02   1.3101987274704152E+02   2.5506596569840376E+03   3.8877825334665466E+00   2.9116914783620229E+05
   3.5000000000000000E+03   1.2927792518817014E+02   1.3617721608009447E+02   2.5516691828927210E+03   3.8900505549927122E+00   3.0741189252937259E+05
   3.6000000000000000E+03   1.3403398832350359E+02   1.4146547593303509E+02   2.5514651905047986E+03   3.8924014784998655E+00   3.2428320770604757E+05
   3.7000000000000000E+03   1.3890680344550785E+02   1.4688178354027792E+02   2.5583611236014326E+03   3.8948501113223934E+00   3.4174871748507960E+05
   3.8000000000000000E+03   1.4388797709974250E+02   1.5242271314357953E+02   2.5697099178739090E+03   3.8974106650684432E+00   3.5977014457300963E+05
   3.9000000000000000E+03   1.4898216301450586E+02   1.5808443040426110E+02   2.5874608349839168E+03   3.9000965277235573E+00   3.7830639009121072E+05
   4.0000000000000000E+03   1.5416388979426836E+02   1.6386283302969957E+02   2.6045859965736795E+03   3.9029200777590418E+00   3.9731463044340181E+05
   4.1000000000000000E+03   1.5942923877741495E+02   1.6975368022618130E+02   2.6213234054766840E+03   3.9058925385978531E+00   4.1675133008830593E+05
   4.2000000000000000E+03   1.6478238822511270E+02   1.7575270839797949E+02   2.6399367174789299E+03   3.9090238724496431E+00   4.3657319850906654E+05
   4.3000000000000000E+03   1.7022087888168255E+02   1.8185573136919882E+02   2.6605960373412872E+03   3.9123227112911820E+00   4.5673803888324095E+05
   4.4000000000000000E+03   1.7574132472596537E+02   1.8805872426657086E+02   2.6831710069914316E+03   3.9157963207917019E+00   4.7720547051901650E+05
   4.5000000000000000E+03   1.8133930519832072E+02   1.9435789082127749E+02   2.7072622097435478E+03   3.9194505948357805E+00   4.9793751875486411E+05
   4.6000000000000000E+03   1.8699123455904447E+02   2.0074971455658704E+02   2.7283854734692181E+03   3.9232900759080289E+00   5.1889907487959979E+05
   4.7000000000000000E+03   1.9275092466320530E+02   2.0723099476042717E+02   2.7585478240614166E+03   3.9273179980038044E+00   5.4005821334086009E+05
   4.8000000000000000E+03   1.9850601346874666E+02   2.1379886861196661E+02   2.7751757729233213E+03   3.9315363469595841E+00   5.6138639619626978E+05
   4.9000000000000000E+03   2.0440128955714889E+02   2.2045082096958629E+02   2.8075855258426163E+03   3.9359459356497086E+00   5.8285854752194346E+05
   5.0000000000000000E+03   2.1034191796794602E+02   2.2718468361431866E+02   2.8372099385393039E+03   3.9405464891077657E+00   6.0445305109896231E+05
   5.1000000000000000E+03   2.1635531321258824E+02   2.3399862569317435E+02   2.8694637704155275E+03   3.9453367369370596E+00   6.2615161936455418E+05
   5.2000000000000000E+03   2.2239574810901729E+02   2.4089113712310177E+02   2.8965686859858656E+03   3.9503145098803580E+00   6.4793916745345329E+05
   5.3000000000000000E+03   2.2849101901423100E+02   2.4786100663289912E+02   2.9238022808472178E+03   3.9554768377074407E+00   6.6980355413714680E+05
   5.4000000000000000E+03   2.3463944502322337E+02   2.5490729594937133E+02   2.9510433381354374E+03   3.9608200465672887E+00   6.9173534415861208E+05
   5.5000000000000000E+03   2.4083988649993137E+02   2.6202931149853021E+02   2.9782360609187926E+03   3.9663398537870465E+00   7.1372751766042493E+05
   5.6000000000000000E+03   2.4709149558184700E+02   2.6922657478052679E+02   3.0053471422350303E+03   3.9720314589646928E+00   7.3577518522519816E+05
   5.7000000000000000E+03   2.5339312623489383E+02   2.7649879240929170E+02   3.0322819034924069E+03   3.9778896302023159E+00   7.5787529920972639E+05
   5.8000000000000000E+03   2.5974446629203686E+02   2.8384582663656016E+02   3.0590548290644037E+03   3.9839087844505032E+00   7.8002633943390776E+05
   5.9000000000000000E+03   2.6611606653790773E+02   2.9126766694157391E+02   3.0817524369092139E+03   3.9900830622932744E+00   8.0222807016383484E+05
   6.0000000000000000E+03   2.7256853604637536E+02   2.9876440321844581E+02   3.1086497527687861E+03   3.9964063959793177E+00   8.2448125853581401E+05
   6.1000000000000000E+03   2.7908926494535922E+02   3.0633620085419432E+02   3.1377893429414353E+03   4.0028725713583890E+00   8.4678745292044315E+05
   6.2000000000000000E+03   2.8562129954364514E+02   3.1398327794165027E+02   3.1619906983278506E+03   4.0094752833935035E+00   8.6914874170340155E+05
   6.3000000000000000E+03   2.9220083311060540E+02   3.2170588472903097E+02   3.1859875640991477E+03   4.0162081857429861E+00   8.9156759933803696E+05
   6.4000000000000000E+03   2.9882442603086872E+02   3.2950428537556110E+02   3.2093996209633201E+03   4.0230649342065963E+00   9.1404667678489070E+05
   6.5000000000000000E+03   3.0544517900767715E+02   3.3737874194074726E+02   3.2270345292024467E+03   4.0300392251474983E+00   9.3658868249379436E+05
   6.6000000000000000E+03   3.1221571867707900E+02   3.4532950058715227E+02   3.2559644953576385E+03   4.0371248283959975E+00   9.5919625413496315E+05
   6.7000000000000000E+03   3.1892173259547963E+02   3.5335677985245826E+02   3.2726296442664816E+03   4.0443156155821498E+00   9.8187183630174748E+05
   6.8000000000000000E+03   3.2576503815557015E+02   3.6146076086992116E+02   3.2987503712648177E+03   4.0516055840620027E+00   1.0046176203660478E+06
   6.9000000000000000E+03   3.3265095944932830E+02   3.6964157937700355E+02   3.3241299084076513E+03   4.0589888769728129E+00   1.0274354578236716E+06
   7.0000000000000000E+03   3.3955567046230436E+02   3.7789931936764862E+02   3.3465217948322538E+03   4.0664597995407554E+00   1.0503268351132853E+06
   7.1000000000000000E+03   3.4649920901676307E+02   3.8623400821432062E+02   3.3680748624460766E+03   4.0740128321765470E+00   1.0732927995426815E+06
   7.2000000000000000E+03   3.5343429254859939E+02   3.9464561308148615E+02   3.3845383080010020E+03   4.0816426409766153E+00   1.0963339732511451E+06
   7.3000000000000000E+03   3.6047347887031145E+02   4.0313403852348625E+02   3.4064046627382800E+03   4.0893440851357026E+00   1.1194505282500621E+06
   7.4000000000000000E+03   3.6761570780519645E+02   4.1169912506547342E+02   3.4331972126875298E+03   4.0971122224239824E+00   1.1426421493492702E+06
   7.5000000000000000E+03   3.7473477082735104E+02   4.2034064864932202E+02   3.4538586726893168E+03   4.1049423126462310E+00   1.1659081052603542E+06
   7.6000000000000000E+03   3.8189643136076540E+02   4.2905832082999831E+02   3.4743273311285316E+03   4.1128298190832080E+00   1.1892471794672776E+06
   7.7000000000000000E+03   3.8910176021097755E+02   4.3785178955798847E+02   3.4947446044765461E+03   4.1207704089034429E+00   1.2126578008816000E+06
   7.8000000000000000E+03   3.9634477636482183E+02   4.4672064051962252E+02   3.5146869504853375E+03   4.1287599514336319E+00   1.2361378935508768E+06
   7.9000000000000000E+03   4.0362933588929286E+02   4.5566439882889966E+02   3.5345305318677970E+03   4.1367945163055060E+00   1.2596850877781829E+06
   8.0000000000000000E+03   4.1095259260938559E+02   4.6468253109404992E+02   3.5541170579954396E+03   4.1448703698318505E+00   1.2832966144365172E+06
   8.1000000000000000E+03   4.1830628473034056E+02   4.7377444771329198E+02   3.5729113488764592E+03   4.1529839709296219E+00   1.3069694083633439E+06
   8.2000000000000000E+03   4.2569814039626880E+02   4.8293950535927559E+02   3.5915714009999792E+03   4.1611319663017170E+00   1.3307000873983295E+06
   8.3000000000000000E+03   4.3312329994906321E+02   4.9217700959010426E+02   3.6098211585437261E+03   4.1693111850834494E+00   1.3544850092737796E+06
   8.4000000000000000E+03   4.4058739344738342E+02   5.0148621753717822E+02   3.6281243314108347E+03   4.1775186330771765E+00   1.3783202932688165E+06
   8.5000000000000000E+03   4.4801983295582608E+02   5.1086634062930045E+02   3.6418611163034561E+03   4.1857514866575052E+00   1.4022019068955218E+06
   8.6000000000000000E+03   4.5563292820223865E+02   5.2031654733074481E+02   3.6651219465842719E+03   4.1940070862234791E+00   1.4261255756099850E+06
   8.7000000000000000E+03   4.6319204410319310E+02   5.2983596583010262E+02   3.6824934321525784E+03   4.2022829298566924E+00   1.4500869342730001E+06
   8.8000000000000000E+03   4.7078759503647444E+02   5.3942368670691462E+02   3.7000064250428272E+03   4.2105766664028579E+00   1.4740814675677773E+06
   8.9000000000000000E+03   4.7840267343067836E+02   5.4907876550245874E+02   3.7166846898327076E+03   4.2188860889651929E+00   1.4981046019283202E+06
   9.0000000000000000E+03   4.8601448266592507E+02   5.5880022522227171E+02   3.7312939709965722E+03   4.2272091281507027E+00   1.5221516871014070E+06
   9.1000000000000000E+03   4.9365224297820595E+02   5.6858705874995894E+02   3.7457125101267434E+03   4.2355438452753091E+00   1.5462180444158097E+06
   9.2000000000000000E+03   5.0142985401705624E+02   5.7843823114481711E+02   3.7664239738441424E+03   4.2438884258983975E+00   1.5702989435094709E+06
   9.3000000000000000E+03   5.0916289300300014E+02   5.8835268184438269E+02   3.7829038058681299E+03   4.2522411732750252E+00   1.5943896985521154E+06
   9.4000000000000000E+03   5.1692321514739285E+02   5.9832932674371580E+02   3.7993501130608861E+03   4.2606005021787592E+00   1.6184856317312301E+06
   9.5000000000000000E+03   5.2470691683711777E+02   6.0836706018828647E+02   3.8156091021352249E+03   4.2689649324774015E+00   1.6425821074139487E+06
   9.6000000000000000E+03   5.3251069661167696E+02   6.1846475683065603E+02   3.8315711631379613E+03   4.2773330833264609E+00   1.6666745009345897E+06
   9.7000000000000000E+03   5.4034178828545134E+02   6.2862127339007986E+02   3.8476701876466236E+03   4.2857036673626219E+00   1.6907583227786864E+06
   9.8000000000000000E+03   5.4819014308555256E+02   6.3883545030367009E+02   3.8634465220290681E+03   4.2940754851442726E+00   1.7148291479980077E+06
   9.9000000000000000E+03   5.5595053420229215E+02   6.4910611328528444E+02   3.8738516145493304E+03   4.3024474196332454E+00   1.7388825911734484E+06
   1.0000000000000000E+04   5.6396470280666358E+02   6.5943207476446685E+02   3.8955342169689443E+03   4.3108184312530833E+00   1.7629144038295448E+06
   1.0100000000000000E+04   5.7185264056866720E+02   6.6981213524685984E+02   3.9101246845357950E+03   4.3191875529061186E+00   1.7869204647089336E+06
   1.0200000000000000E+04   5.7975948327644289E+02   6.8024508458861294E+02   3.9247268622820102E+03   4.3275538851552744E+00   1.8108967376857686E+06
   1.0300000000000000E+04   5.8768081284492905E+02   6.9072970316977160E+02   3.9391845184876161E+03   4.3359165919000588E+00   1.8348392977491766E+06
   1.0400000000000000E+04   5.9549906603169529E+02   7.0126476300353715E+02   3.9483738429930031E+03   4.3442748960113553E+00   1.8587443729497131E+06
   1.0500000000000000E+04   6.0345287098457607E+02   7.1184902874891111E+02   3.9629388067429322E+03   4.3526280755427713E+00   1.8826083123116605E+06
   1.0600000000000000E+04   6.1153877528212854E+02   7.2248125869091757E+02   3.9824717324574726E+03   4.3609754595301400E+00   1.9064275803614538E+06
   1.0700000000000000E+04   6.1949924017422370E+02   7.3316020561323296E+02   3.9960261515383336E+03   4.3693164246970539E+00   1.9301987812109217E+06
   1.0800000000000000E+04   6.2746289958166972E+02   7.4388461762950715E+02   4.0092175837863988E+03   4.3776503920368164E+00   1.9539186677793786E+06
   1.0900000000000000E+04   6.3542915130255471E+02   7.5465323897257815E+02   4.0220787303926459E+03   4.3859768233532339E+00   1.9775840861860469E+06
   1.1000000000000000E+04   6.4340003308052837E+02   7.6546481069518757E+02   4.0347436348756960E+03   4.3942952185838342E+00   2.0011920616578492E+06
   1.1100000000000000E+04   6.5132158042260869E+02   7.7631807135579345E+02   4.0451752634909276E+03   4.4026051127524735E+00   2.0247397085483645E+06
   1.1200000000000000E+04   6.5927625244784576E+02   7.8721175764014356E+02   4.0566535199106015E+03   4.4109060734161059E+00   2.0482243001040933E+06
   1.1300000000000000E+04   6.6734289812444842E+02   7.9814460495173489E+02   4.0720885584022903E+03   4.4191976981115353E+00   2.0716432242034005E+06
   1.1400000000000000E+04   6.7533523808904795E+02   8.0911534795127966E+02   4.0844943744843290E+03   4.4274796121728386E+00   2.0949940211224591E+06
   1.1500000000000000E+04   6.8333960724139047E+02   8.2012272108055288E+02   4.0971602589183804E+03   4.4357514663840272E+00   2.1182743016021140E+06
   1.1600000000000000E+04   6.9133155460920045E+02   8.3116545903256701E+02   4.1092388237314744E+03   4.4440129351259090E+00   2.1414818526149224E+06
   1.1700000000000000E+04   6.9932067070252015E+02   8.4224229721066411E+02   4.1211219223413373E+03   4.4522637143581898E+00   2.1646145182730583E+06
   1.1800000000000000E+04   7.0731420913120371E+02   8.5335197214558525E+02   4.1330951859983415E+03   4.4605035199722494E+00   2.1876703069284600E+06
   1.1900000000000000E+04   7.1504307041914262E+02   8.6449322189507927E+02   4.1361609984043698E+03   4.4687320861438957E+00   2.2106473227318786E+06
   1.2000000000000000E+04   7.2303866602624248E+02   8.7566478641753417E+02   4.1483036942450753E+03   4.4769491638508256E+00   2.2335437661037645E+06
   1.2100000000000000E+04   7.3131189497559512E+02   8.8686540793380277E+02   4.1694668910410619E+03   4.4851545193489493E+00   2.2563579154085764E+06
   1.2200000000000000E+04   7.3916325146557404E+02   8.9809383125053466E+02   4.1769051451679015E+03   4.4933479330604760E+00   2.2790882021527598E+06
   1.2300000000000000E+04   7.4722106186901215E+02   9.0934880408437164E+02   4.1910444795725289E+03   4.5015291982561276E+00   2.3017331186487875E+06
   1.2400000000000000E+04   7.5516568871853167E+02   9.2062907735242266E+02   4.2016998261254585E+03   4.5096981201079771E+00   2.3242912550119539E+06
   1.2500000000000000E+04   7.6292019146297389E+02   9.3193340547583182E+02   4.2067173048509258E+03   4.5178545143716491E+00   2.3467612407282852E+06
   1.2600000000000000E+04   7.7105892305171790E+02   9.4326054662594061E+02   4.2235923572758056E+03   4.5259982068509572E+00   2.3691418805727428E+06
   1.2700000000000000E+04   7.7896247934934388E+02   9.5460926300044162E+02   4.2335235684916352E+03   4.5341290322448478E+00   2.3914319789427281E+06
   1.2800000000000000E+04   7.8680779399758308E+02   9.6597832106141516E+02   4.2419882572151309E+03   4.5422468334884822E+00   2.4136304564635046E+06
   1.2900000000000000E+04   7.9466443951660744E+02   9.7736649177660274E+02   4.2510655232526315E+03   4.5503514609296403E+00   2.4357362492222600E+06
   1.3000000000000000E+04   8.0251982947081774E+02   9.8877255083393720E+02   4.2603918647376204E+03   4.5584427718345202E+00   2.4577484290538970E+06
   1.3100000000000000E+04   8.1042637495608665E+02   1.0001952788679472E+03   4.2714302364186315E+03   4.5665206296053071E+00   2.4796660391789768E+06
   1.3200000000000000E+04   8.1817392423990498E+02   1.0116334616527527E+03   4.2783732985286506E+03   4.5745849034507353E+00   2.5014882993795918E+06
   1.3300000000000000E+04   8.2598758380260915E+02   1.0230858903153220E+03   4.2874860647754358E+03   4.5826354676448142E+00   2.5232143766068798E+06
   1.3400000000000000E+04   8.3374227550272565E+02   1.0345513615185998E+03   4.2953694147523511E+03   4.5906722011973820E+00   2.5448435504103368E+06
   1.3500000000000000E+04   8.4167616163077400E+02   1.0460286776427654E+03   4.3083267068873001E+03   4.5986949874834746E+00   2.5663751496285941E+06
   1.3600000000000000E+04   8.4946649727742511E+02   1.0575166469698584E+03   4.3178289621135773E+03   4.6067037137491562E+00   2.5878084854348633E+06
   1.3700000000000000E+04   8.5722161122006264E+02   1.0690140838518355E+03   4.3267919959065384E+03   4.6146982708232525E+00   2.6091429576865141E+06
   1.3800000000000000E+04   8.6520836174793294E+02   1.0805198088649538E+03   4.3419650287155218E+03   4.6226785529938033E+00   2.6303780335540362E+06
   1.3900000000000000E+04   8.7265196002782477E+02   1.0920326489906768E+03   4.3438847606019608E+03   4.6306444573903356E+00   2.6515131349611045E+06
   1.4000000000000000E+04   8.8086002457244945E+02   1.1035514377556408E+03   4.3651182265332527E+03   4.6385958839838901E+00   2.6725477699272423E+06
   1.4100000000000000E+04   8.8825873259333491E+02   1.1150750153785896E+03   4.3668607374385156E+03   4.6465327354222756E+00   2.6934814878778108E+06
   1.4200000000000000E+04   8.9596539746909718E+02   1.1266022289340465E+03   4.3765629601526380E+03   4.6544549165358964E+00   2.7143138095450723E+06
   1.4300000000000000E+04   9.0359250708773595E+02   1.1381319324709661E+03   4.3847957953238092E+03   4.6623623345436647E+00   2.7350443631468765E+06
   1.4400000000000000E+04   9.1116426205292612E+02   1.1496629871682048E+03   4.3921904689693993E+03   4.6702548986000068E+00   2.7556726986505291E+06
   1.4500000000000000E+04   9.1872095831661284E+02   1.1611942614601198E+03   4.3997153123657617E+03   4.6781325197948656E+00   2.7761984719799352E+06
   1.4600000000000000E+04   9.2624896287173499E+02   1.1727246311646259E+03   4.4070677680832296E+03   4.6859951110713265E+00   2.7966213040371672E+06
   1.4700000000000000E+04   9.3401627026482981E+02   1.1842529796160504E+03   4.4202609358905365E+03   4.6938425870197253E+00   2.8169408496942781E+06
   1.4800000000000000E+04   9.4140119250411112E+02   1.1957781977810273E+03   4.4253489820592285E+03   4.7016748639188268E+00   2.8371567731632679E+06
   1.4900000000000000E+04   9.4884125118365910E+02   1.2072991843877905E+03   4.4321923280365017E+03   4.7094918595093196E+00   2.8572687590337899E+06
   1.5000000000000000E+04   9.5625584109610577E+02   1.2188148460339655E+03   4.4389976874359027E+03   4.7172934930967818E+00   2.8772765239432110E+06
   1.5100000000000000E+04   9.6366803978755968E+02   1.2303240973125330E+03   4.4462669333867643E+03   4.7250796853045784E+00   2.8971797169660735E+06
   1.5200000000000000E+04   9.7104073252820126E+02   1.2418258609071499E+03   4.4532116695869827E+03   4.7328503583209685E+00   2.9169781162567334E+06
   1.5300000000000000E+04   9.7833304574258193E+02   1.2533190677221128E+03   4.4590028685279867E+03   4.7406054355078648E+00   2.9366713677212042E+06
   1.5400000000000000E+04   9.8560194069183615E+02   1.2648026569701972E+03   4.4648594384663902E+03   4.7483448417097085E+00   2.9562592460763543E+06
   1.5500000000000000E+04   9.9290166636684307E+02   1.2762755762949014E+03   4.4718871499787156E+03   4.7560685029240028E+00   2.9757414024752118E+06
   1.5600000000000000E+04   1.0001131482508766E+03   1.2877367818558046E+03   4.4776657289201166E+03   4.7637763465896006E+00   2.9951176172433919E+06
   1.5700000000000000E+04   1.0072428189097400E+03   1.2991852384399540E+03   4.4823736268197599E+03   4.7714683013807804E+00   3.0143876218700511E+06
   1.5800000000000000E+04   1.0143872475898851E+03   1.3106199195574197E+03   4.4879456543606029E+03   4.7791442972484379E+00   3.0335511488945847E+06
   1.5900000000000000E+04   1.0211704617113093E+03   1.3220398075373746E+03   4.4870905573880955E+03   4.7868042654200895E+00   3.0526079049960589E+06
   1.6000000000000000E+04   1.0282673936777362E+03   1.3334438936223703E+03   4.4929307379805523E+03   4.7944481383998596E+00   3.0715575961214015E+06
   1.6100000000000000E+04   1.0356802988543984E+03   1.3448311780542315E+03   4.5052925613567904E+03   4.8020758500920344E+00   3.0903999805130824E+06
   1.6200000000000000E+04   1.0426999602954218E+03   1.3562006701737662E+03   4.5107087173472873E+03   4.8096873356363332E+00   3.1091348163127773E+06
   1.6300000000000000E+04   1.0493482868736478E+03   1.3675513885074711E+03   4.5098168414253360E+03   4.8172825314490897E+00   3.1277617799331080E+06
   1.6400000000000000E+04   1.0563471113962160E+03   1.3788823608461469E+03   4.5160285622087822E+03   4.8248613753879788E+00   3.1462805994245065E+06
   1.6500000000000000E+04   1.0632640327066438E+03   1.3901926243392106E+03   4.5212986989379515E+03   4.8324238065872880E+00   3.1646910011111517E+06
   1.6600000000000000E+04   1.0704929453230989E+03   1.4014812255720551E+03   4.5327156715313549E+03   4.8399697655814649E+00   3.1829927094017384E+06
   1.6700000000000000E+04   1.0773202338172364E+03   1.4127472206482639E+03   4.5374439917684422E+03   4.8474991943051204E+00   3.2011854188163956E+06
   1.6800000000000000E+04   1.0840363133469541E+03   1.4239896752721199E+03   4.5407890926106556E+03   4.8550120360518312E+00   3.2192688209620160E+06
   1.6900000000000000E+04   1.0903783844681559E+03   1.4352076648210545E+03   4.5382440068382703E+03   4.8625082355977023E+00   3.2372426466576434E+06
   1.7000000000000000E+04   1.0974715397070538E+03   1.4464002744247757E+03   4.5493047097133804E+03   4.8699877391601856E+00   3.2551065964077511E+06
   1.7100000000000000E+04   1.1041739380803417E+03   1.4575665990424877E+03   4.5541609361590736E+03   4.8774504943568697E+00   3.2728603395100753E+06
   1.7200000000000000E+04   1.1108713696411887E+03   1.4687057435262946E+03   4.5594925473392177E+03   4.8848964504114294E+00   3.2905035848571733E+06
   1.7300000000000000E+04   1.1174731450164686E+03   1.4798168227010526E+03   4.5637764938498849E+03   4.8923255579888689E+00   3.3080360534300325E+06
   1.7400000000000000E+04   1.1240261598440063E+03   1.4908989614321977E+03   4.5678214004403608E+03   4.8997377692367117E+00   3.3254573483634079E+06
   1.7500000000000000E+04   1.1305288630545754E+03   1.5019512946880052E+03   4.5716121185238344E+03   4.9071330379085492E+00   3.3427672140360102E+06
   1.7600000000000000E+04   1.1369784184478312E+03   1.5129729676098382E+03   4.5751131650745192E+03   4.9145113192816785E+00   3.3599652912116884E+06
   1.7700000000000000E+04   1.1433288700560397E+03   1.5239631355708855E+03   4.5775990436451166E+03   4.9218725702806294E+00   3.3770512763847797E+06
   1.7800000000000000E+04   1.1497666755386381E+03   1.5349209642426176E+03   4.5820623735237186E+03   4.9292167493948291E+00   3.3940248346929816E+06
   1.7900000000000000E+04   1.1561423887358840E+03   1.5458456296571937E+03   4.5860990395244762E+03   4.9365438166373954E+00   3.4108855992813362E+06
   1.8000000000000000E+04   1.1624455757750104E+03   1.5567363182551651E+03   4.5895605725388723E+03   4.9438537337922375E+00   3.4276332605885724E+06
   1.8100000000000000E+04   1.1687131034669619E+03   1.5675922269515486E+03   4.5930345025991928E+03   4.9511464642081568E+00   3.4442674778216411E+06
   1.8200000000000000E+04   1.1744946139793303E+03   1.5784125631851498E+03   4.5896377166285120E+03   4.9584219729223671E+00   3.4607879237941313E+06
   1.8300000000000000E+04   1.1807016069109939E+03   1.5891965449766358E+03   4.5933663786301222E+03   4.9656802265369739E+00   3.4771941790805529E+06
   1.8400000000000000E+04   1.1872765622520221E+03   1.5999434009661711E+03   4.6031692462033398E+03   4.9729211935278199E+00   3.4934859899035050E+06
   1.8500000000000000E+04   1.1933603678804884E+03   1.6106523704777701E+03   4.6061000292303561E+03   4.9801448438738642E+00   3.5096629345624442E+06
   1.8600000000000000E+04   1.1993903178771973E+03   1.6213227035536854E+03   4.6087923534927959E+03   4.9873511493454368E+00   3.5257247129235961E+06
   1.8700000000000000E+04   1.2053917355200965E+03   1.6319536610031444E+03   4.6116245689235384E+03   4.9945400834013052E+00   3.5416709325172324E+06
   1.8800000000000000E+04   1.2113316454590852E+03   1.6425445144452985E+03   4.6141158868949042E+03   5.0017116211680639E+00   3.5575012780710850E+06
   1.8900000000000000E+04   1.2172477317713096E+03   1.6530945463427399E+03   4.6168183858768152E+03   5.0088657396048681E+00   3.5732153883796595E+06
   1.9000000000000000E+04   1.2231181686892219E+03   1.6636030500504846E+03   4.6194164705842168E+03   5.0160024172151703E+00   3.5888128869543243E+06
   1.9100000000000000E+04   1.2289212962279446E+03   1.6740693298378449E+03   4.6216074102725534E+03   5.0231216343967517E+00   3.6042934294442101E+06
   1.9200000000000000E+04   1.2342560313192855E+03   1.6844927009311307E+03   4.6177830820176814E+03   5.0302233731946391E+00   3.6196567205798654E+06
   1.9300000000000000E+04   1.2399827749316585E+03   1.6948724895412254E+03   4.6200488277482309E+03   5.0373076173834654E+00   3.6349023719095890E+06
   1.9400000000000000E+04   1.2461099996042899E+03   1.7052080328919974E+03   4.6283726505547029E+03   5.0443743524674787E+00   3.6500300282470402E+06
   1.9500000000000000E+04   1.2517230870753226E+03   1.7154986792477541E+03   4.6301041687059324E+03   5.0514235656393405E+00   3.6650393364768280E+06
   1.9600000000000000E+04   1.2572854619292029E+03   1.7257437879310537E+03   4.6316875059058602E+03   5.0584552459448719E+00   3.6799300267949468E+06
   1.9700000000000000E+04   1.2628091584381614E+03   1.7359427293539077E+03   4.6332885931330902E+03   5.0654693839947775E+00   3.6947016873311731E+06
   1.9800000000000000E+04   1.2682604763897414E+03   1.7460948850277750E+03   4.6344572317824286E+03   5.0724659722117273E+00   3.7093540060429629E+06
   1.9900000000000000E+04   1.2736270274533863E+03   1.7561996475839762E+03   4.6350398747483323E+03   5.0794450047068196E+00   3.7238866748245894E+06
   2.0000000000000000E+04   1.2805221986118963E+03   1.7662564207872206E+03   4.6563129629405976E+03   5.0864064772795805E+00   3.7382993569203187E+06
   2.0100000000000000E+04   1.2858692876151654E+03   1.7762646195453065E+03   4.6575568163771140E+03   5.0933503874591404E+00   3.7525917030635476E+06
   2.0200000000000000E+04   1.2912095936300400E+03   1.7862236699202097E+03   4.6592395033592193E+03   5.1002767344218762E+00   3.7667634343783888E+06
   2.0300000000000000E+04   1.2965047402560622E+03   1.7961330091301406E+03   4.6608550907565113E+03   5.1071855191149567E+00   3.7808142441210970E+06
   2.0400000000000000E+04   1.3016951455319461E+03   1.8059920855603634E+03   4.6616406804105691E+03   5.1140767440092478E+00   3.7947437972813128E+06
   2.0500000000000000E+04   1.3068038069383058E+03   1.8158003587539399E+03   4.6619074588919539E+03   5.1209504134287718E+00   3.8085518645273782E+06
   2.0600000000000000E+04   1.3119048625682965E+03   1.8255572994219788E+03   4.6626032043744844E+03   5.1278065331388802E+00   3.8222380548100271E+06
   2.0700000000000000E+04   1.3169555306271373E+03   1.8352623894282056E+03   4.6631814973475111E+03   5.1346451107169049E+00   3.8358021507135569E+06
   2.0800000000000000E+04   1.3219371799780952E+03   1.8449151217900567E+03   4.6634125426938035E+03   5.1414661552638767E+00   3.8492438572739591E+06
   2.0900000000000000E+04   1.3268766344912160E+03   1.8545150006652664E+03   4.6636347552567795E+03   5.1482696775280692E+00   3.8625629028701554E+06
   2.1000000000000000E+04   1.3317530450709423E+03   1.8640615413394878E+03   4.6635919796142271E+03   5.1550556899050033E+00   3.8757590569253564E+06
   2.1100000000000000E+04   1.3360252922286766E+03   1.8735542702154601E+03   4.6567087429330013E+03   5.1618242062727182E+00   3.8888320620840383E+06
   2.1200000000000000E+04   1.3408448685362557E+03   1.8829927247919036E+03   4.6570342451705010E+03   5.1685752421153230E+00   3.9017816166170123E+06
   2.1300000000000000E+04   1.3461477552345168E+03   1.8923764536432489E+03   4.6636478869594876E+03   5.1753088145229817E+00   3.9146075466150050E+06
   2.1400000000000000E+04   1.3507894951933458E+03   1.9017050163991819E+03   4.6627895933771179E+03   5.1820249420889786E+00   3.9273096348589100E+06
   2.1500000000000000E+04   1.3549262252439942E+03   1.9109779837193958E+03   4.6564625442504403E+03   5.1887236448891132E+00   3.9398876375016528E+06
   2.1600000000000000E+04   1.3595150908643755E+03   1.9201949372643344E+03   4.6560153916251520E+03   5.1954049445228883E+00   3.9523413535721526E+06
   2.1700000000000000E+04   1.3645055654701180E+03   1.9293554696653475E+03   4.6607359876946466E+03   5.2020688640723298E+00   3.9646705556321754E+06
   2.1800000000000000E+04   1.3688643577041134E+03   1.9384591844908659E+03   4.6585529954385502E+03   5.2087154281225700E+00   3.9768751125049689E+06
   2.1900000000000000E+04   1.3732326041768833E+03   1.9475056962126946E+03   4.6569800256159333E+03   5.2153446626589037E+00   3.9889548497213665E+06
   2.2000000000000000E+04   1.3775723396613250E+03   1.9564946301666091E+03   4.6555693733282396E+03   5.2219565951079652E+00   4.0009096019286970E+06
   2.2100000000000000E+04   1.3819424556905424E+03   1.9654256225130237E+03   4.6549845234508848E+03   5.2285512542553585E+00   4.0127391419847715E+06
   2.2200000000000000E+04   1.3862538569212877E+03   1.9742983201911011E+03   4.6542036053868396E+03   5.2351286703692246E+00   4.0244434294439438E+06
   2.2300000000000000E+04   1.3904406749137215E+03   1.9831123808768853E+03   4.6524915725732208E+03   5.2416888749942991E+00   4.0360222738749632E+06
   2.2400000000000000E+04   1.3946682155790227E+03   1.9918674729325533E+03   4.6517041338184745E+03   5.2482319010754939E+00   4.0474755835118238E+06
   2.2500000000000000E+04   1.3987677082914117E+03   2.0005632753579894E+03   4.6499566648600339E+03   5.2547577828343250E+00   4.0588032228467888E+06
   2.2600000000000000E+04   1.4028259274045736E+03   2.0091994777358818E+03   4.6482191038108940E+03   5.2612665558718810E+00   4.0700051382057909E+06
   2.2700000000000000E+04   1.4068249157287032E+03   2.0177757801795378E+03   4.6462938463342398E+03   5.2677582569835000E+00   4.0810812141755405E+06
   2.2800000000000000E+04   1.4107815285991389E+03   2.0262918932730631E+03   4.6443656169693104E+03   5.2742329242823205E+00   4.0920314359356598E+06
   2.2900000000000000E+04   1.4146672156017298E+03   2.0347475380134692E+03   4.6421254311996108E+03   5.2806905970757327E+00   4.1028556540615051E+06
   2.3000000000000000E+04   1.4183642920233217E+03   2.0431424457475525E+03   4.6383188517257768E+03   5.2871313159271462E+00   4.1135538927723216E+06
   2.3100000000000000E+04   1.4221205162106735E+03   2.0514763581091693E+03   4.6356074309051019E+03   5.2935551225530491E+00   4.1241260777854323E+06
   2.3200000000000000E+04   1.4257555925582651E+03   2.0597490269516311E+03   4.6320648371582893E+03   5.2999620599053632E+00   4.1345722550798645E+06
   2.3300000000000000E+04   1.4294877193913126E+03   2.0679602142815370E+03   4.6299938590362372E+03   5.3063521720067097E+00   4.1448923531617429E+06
   2.3400000000000000E+04   1.4331986919696860E+03   2.0761096921870599E+03   4.6281331229704356E+03   5.3127255040327972E+00   4.1550863659013049E+06
   2.3500000000000000E+04   1.4361367452276613E+03   2.0841972427655528E+03   4.6186926313353615E+03   5.3190821023123869E+00   4.1651543718427117E+06
   2.3600000000000000E+04   1.4393574648418564E+03   2.0922226580511315E+03   4.6126770615137530E+03   5.3254220141626103E+00   4.1750963496009964E+06
   2.3700000000000000E+04   1.4437578038516583E+03   2.1001857399363853E+03   4.6191811543799940E+03   5.3317452880536500E+00   4.1849123996965904E+06
   2.3800000000000000E+04   1.4471274280066398E+03   2.1080863000966237E+03   4.6155209261788050E+03   5.3380519734028651E+00   4.1946024848009311E+06
   2.3900000000000000E+04   1.4505424689856500E+03   2.1159241599081438E+03   4.6127476859850394E+03   5.3443421207395030E+00   4.2041668019277733E+06
   2.4000000000000000E+04   1.4544384773805177E+03   2.1236991503691652E+03   4.6152267469772914E+03   5.3506157814576110E+00   4.2136052976507116E+06
   2.4100000000000000E+04   1.4576294780234273E+03   2.1314111120144066E+03   4.6110008197410843E+03   5.3568730080219558E+00   4.2229181536377259E+06
   2.4200000000000000E+04   1.4608164528336342E+03   2.1390598948314555E+03   4.6071568031120169E+03   5.3631138538444594E+00   4.2321054689875944E+06
   2.4300000000000000E+04   1.4640316860708438E+03   2.1466453581754395E+03   4.6040050932999484E+03   5.3693383731400806E+00   4.2411673345735371E+06
   2.4400000000000000E+04   1.4671307026549719E+03   2.1541673706790616E+03   4.6001112244419101E+03   5.3755466211533056E+00   4.2501038896419005E+06
   2.4500000000000000E+04   1.4702059941084356E+03   2.1616258101649041E+03   4.5963901371093953E+03   5.3817386539522456E+00   4.2589153221851038E+06
   2.4600000000000000E+04   1.4726199901053960E+03   2.1690205635544544E+03   4.5866461956232324E+03   5.3879145284286309E+00   4.2676017360836705E+06
   2.4700000000000000E+04   1.4755764941976638E+03   2.1763515267754706E+03   4.5826021286860341E+03   5.3940743023595878E+00   4.2761633407300357E+06
   2.4800000000000000E+04   1.4791076537802610E+03   2.1836186046690950E+03   4.5844666956960737E+03   5.4002180343252766E+00   4.2846003373138951E+06
   2.4900000000000000E+04   1.4819083743938033E+03   2.1908217108954441E+03   4.5796811443851348E+03   5.4063457836471107E+00   4.2929128609736543E+06
   2.5000000000000000E+04   1.4847106482203794E+03   2.1979607678372358E+03   4.5753034827832671E+03   5.4124576104701383E+00   4.3011011720201485E+06
   2.5100000000000000E+04   1.4874974649220474E+03   2.2050357065036305E+03   4.5711640626387671E+03   5.4185535755982936E+00   4.3091654260077840E+06
   2.5200000000000000E+04   1.4902056432689953E+03   2.2120464664312690E+03   4.5666634826887139E+03   5.4246337406797309E+00   4.3171059619148867E+06
   2.5300000000000000E+04   1.4928702015654367E+03   2.2189929955863868E+03   4.5621326693922301E+03   5.4306981679391377E+00   4.3249229363642251E+06
   2.5400000000000000E+04   1.4953550756684592E+03   2.2258752502639259E+03   4.5563065457160601E+03   5.4367469203836425E+00   4.3326166316112410E+06
   2.5500000000000000E+04   1.4979236376818460E+03   2.2326931949873760E+03   4.5516364678025620E+03   5.4427800615969142E+00   4.3401873595467564E+06
   2.5600000000000000E+04   1.5004500490262421E+03   2.2394468024066405E+03   4.5469456382483640E+03   5.4487976558421032E+00   4.3476353449446810E+06
   2.5700000000000000E+04   1.5029267726339399E+03   2.2461360531957189E+03   4.5421634223599667E+03   5.4547997680000853E+00   4.3549609389643436E+06
   2.5800000000000000E+04   1.5053580359787127E+03   2.2527609359495700E+03   4.5373275621526782E+03   5.4607864634870804E+00   4.3621643855538378E+06
   2.5900000000000000E+04   1.5077067185158153E+03   2.2593214470799389E+03   4.5321013487280052E+03   5.4667578083988078E+00   4.3692460161163630E+06
   2.6000000000000000E+04   1.5099470791654589E+03   2.2658175907111467E+03   4.5262576072981483E+03   5.4727138693045640E+00   4.3762062305103056E+06
   2.6100000000000000E+04   1.5121285672417600E+03   2.2722493785748256E+03   4.5202461845697189E+03   5.4786547133090000E+00   4.3830452613666123E+06
   2.6200000000000000E+04   1.5142438728063526E+03   2.2786168299043152E+03   4.5140026751546120E+03   5.4845804080933078E+00   4.3897635468347250E+06
   2.6300000000000000E+04   1.5164459952745922E+03   2.2849199713286225E+03   4.5088810395846231E+03   5.4904910217298886E+00   4.3963613767078482E+06
   2.6400000000000000E+04   1.5185442800664423E+03   2.2911588367659310E+03   4.5031848236944961E+03   5.4963866228882834E+00   4.4028391877477597E+06
   2.6500000000000000E+04   1.5206290267398867E+03   2.2973334673167224E+03   4.4977108047796892E+03   5.5022672806086579E+00   4.4091973267801637E+06
   2.6600000000000000E+04   1.5222522898952066E+03   2.3034439111566176E+03   4.4885565499811919E+03   5.5081330643841682E+00   4.4154361887323018E+06
   2.6700000000000000E+04   1.5237097824516286E+03   2.3094902234290180E+03   4.4783411019216892E+03   5.5139840441609627E+00   4.4215561969502652E+06
   2.6800000000000000E+04   1.5256695877392262E+03   2.3154724661372929E+03   4.4728197623163542E+03   5.5198202902146436E+00   4.4275577433526916E+06
   2.6900000000000000E+04   1.5283248565512363E+03   2.3213907080372287E+03   4.4735744380024353E+03   5.5256418732738020E+00   4.4334412278877990E+06
   2.7000000000000000E+04   1.5300738897770379E+03   2.3272450245290461E+03   4.4668662623530163E+03   5.5314488644376576E+00   4.4392071785347601E+06
   2.7100000000000000E+04   1.5318272975988755E+03   2.3330354975490736E+03   4.4605228224511275E+03   5.5372413350525225E+00   4.4448559512538286E+06
   2.7200000000000000E+04   1.5336023044591634E+03   2.3387622154623123E+03   4.4546817026027929E+03   5.5430193568971040E+00   4.4503880096148876E+06
   2.7300000000000000E+04   1.5353762424126019E+03   2.3444252729539544E+03   4.4491430436504279E+03   5.5487830019972018E+00   4.4558038248253968E+06
   2.7400000000000000E+04   1.5370578431778106E+03   2.3500247709219516E+03   4.4431377003623211E+03   5.5545323427492415E+00   4.4611039159429418E+06
   2.7500000000000000E+04   1.5381216082123913E+03   2.3555608163684519E+03   4.4323039009685335E+03   5.5602674517143775E+00   4.4662887085345434E+06
   2.7600000000000000E+04   1.5396592507665177E+03   2.3610335222929443E+03   4.4257377300272919E+03   5.5659884018037999E+00   4.4713586753795333E+06
   2.7700000000000000E+04   1.5411502841389351E+03   2.3664430075843543E+03   4.4190918081909185E+03   5.5716952661551966E+00   4.4763143569287555E+06
   2.7800000000000000E+04   1.5426403059003535E+03   2.3717893969137440E+03   4.4127382643746314E+03   5.5773881181121592E+00   4.4811562397190249E+06
   2.7900000000000000E+04   1.5440504794591864E+03   2.3770728206276290E+03   4.4060288026024618E+03   5.5830670312653732E+00   4.4858848574914094E+06
   2.8000000000000000E+04   1.5454342671232048E+03   2.3822934146408134E+03   4.3993996937822740E+03   5.5887320793496480E+00   4.4905006689736815E+06
   2.8100000000000000E+04   1.5460252896779302E+03   2.3874513203308670E+03   4.3866721311703031E+03   5.5943833363674758E+00   4.4950043225601660E+06
   2.8200000000000000E+04   1.5473020155442387E+03   2.3925466844310308E+03   4.3797878216486515E+03   5.6000208763831223E+00   4.4993962280516000E+06
   2.8300000000000000E+04   1.5492197786998308E+03   2.3975796589258980E+03   4.3783044380017182E+03   5.6056447737079376E+00   4.5036769642733084E+06
   2.8400000000000000E+04   1.5503106115121823E+03   2.4025504009453871E+03   4.3704828470349303E+03   5.6112551027356314E+00   4.5078471365487641E+06
   2.8500000000000000E+04   1.5514279697637792E+03   2.4074590726607594E+03   4.3631584515416407E+03   5.6168519380246389E+00   4.5119072739482513E+06
   2.8600000000000000E+04   1.5525873411283515E+03   2.4123058411798906E+03   4.3564440124544844E+03   5.6224353541951739E+00   4.5158579107655259E+06
   2.8700000000000000E+04   1.5536960502196650E+03   2.4170908784445760E+03   4.3496027866905924E+03   5.6280054260321677E+00   4.5196996688707033E+06
   2.8800000000000000E+04   1.5547825608028322E+03   2.4218143611263863E+03   4.3428565512545310E+03   5.6335622283205522E+00   4.5234330722532226E+06
   2.8900000000000000E+04   1.5556938537549131E+03   2.4264764705253328E+03   4.3350136518313266E+03   5.6391058359688042E+00   4.5270587322608987E+06
   2.9000000000000000E+04   1.5566173962497116E+03   2.4310773924679202E+03   4.3275362819463344E+03   5.6446363239677604E+00   4.5305772444587201E+06
   2.9100000000000000E+04   1.5575399456858954E+03   2.4356173172054578E+03   4.3203154835738751E+03   5.6501537673082645E+00   4.5339892505448936E+06
   2.9200000000000000E+04   1.5583759274088659E+03   2.4400964393140612E+03   4.3126903596317661E+03   5.6556582410223326E+00   4.5372952514500674E+06
   2.9300000000000000E+04   1.5592274365598830E+03   2.4445149575950632E+03   4.3054428085762829E+03   5.6611498201831694E+00   4.5404959599189544E+06
   2.9400000000000000E+04   1.5599468571735963E+03   2.4488730749753581E+03   4.2974453677062875E+03   5.6666285798227900E+00   4.5435918849668680E+06
   2.9500000000000000E+04   1.5607801303065655E+03   2.4531709984100266E+03   4.2905644683477212E+03   5.6720945950143973E+00   4.5465836642137635E+06
   2.9600000000000000E+04   1.5613071394870078E+03   2.4574089387848167E+03   4.2816230519461560E+03   5.6775479408517837E+00   4.5494720228292663E+06
   2.9700000000000000E+04   1.5619046787775208E+03   2.4615871108185665E+03   4.2734683802634836E+03   5.6829886923463766E+00   4.5522574808201427E+06
   2.9800000000000000E+04   1.5624727741825170E+03   2.4657057329678137E+03   4.2653426665132802E+03   5.6884169244684255E+00   4.5549407287824685E+06
   2.9900000000000000E+04   1.5630125583880151E+03   2.4697650273318677E+03   4.2572519912556891E+03   5.6938327121469969E+00   4.5575223349772412E+06
   3.0000000000000000E+04   1.5635161975027963E+03   2.4737652195593946E+03   4.2491361109747832E+03   5.6992361303317516E+00   4.5600030176453087E+06
   3.0100000000000000E+04   1.5669061719614942E+03   2.4777065387537054E+03   4.2625517176238063E+03   5.7046272538487983E+00   4.5623834142328901E+06
   3.0200000000000000E+04   1.5650170534163888E+03   2.4815892173799139E+03   4.2372325905899397E+03   5.7100061573595289E+00   4.5646640806269357E+06
   3.0300000000000000E+04   1.5645902095166009E+03   2.4854134911764290E+03   4.2230183492815586E+03   5.7153729156282864E+00   4.5668458072209712E+06
   3.0400000000000000E+04   1.5649949866191459E+03   2.4891795990603546E+03   4.2151249229676223E+03   5.7207276031517376E+00   4.5689291339358315E+06
   3.0500000000000000E+04   1.5660290232424095E+03   2.4928877830408396E+03   4.2120059595459770E+03   5.7260702944265445E+00   4.5709147718766900E+06
   3.0600000000000000E+04   1.5662736026372286E+03   2.4965382881285527E+03   4.2033864981165689E+03   5.7314010637846495E+00   4.5728033922748202E+06
   3.0700000000000000E+04   1.5664710111649060E+03   2.5001313622484095E+03   4.1946552603646896E+03   5.7367199854344486E+00   4.5745956260446804E+06
   3.0800000000000000E+04   1.5666908619223341E+03   2.5036672561535438E+03   4.1863088927958688E+03   5.7420271335225701E+00   4.5762921909539113E+06
   3.0900000000000000E+04   1.5667733478721059E+03   2.5071462233372872E+03   4.1772045796194516E+03   5.7473225819485512E+00   4.5778936790765189E+06
   3.1000000000000000E+04   1.5669185453964697E+03   2.5105685199505647E+03   4.1687664700653222E+03   5.7526064045501544E+00   4.5794008330220031E+06
   3.1100000000000000E+04   1.5670300927151623E+03   2.5139344047165628E+03   4.1603051262660256E+03   5.7578786749798407E+00   4.5808143119084192E+06
   3.1200000000000000E+04   1.5661554187919373E+03   2.5172441388481197E+03   4.1451396334995352E+03   5.7631394667253337E+00   4.5821347761726575E+06
   3.1300000000000000E+04   1.5662213037605347E+03   2.5204979859658715E+03   4.1368061436670750E+03   5.7683888531096281E+00   4.5833629302461240E+06
   3.1400000000000000E+04   1.5661981774245983E+03   2.5236962120171502E+03   4.1280590297154949E+03   5.7736269072704269E+00   4.5844994583999738E+06
   3.1500000000000000E+04   1.5668591586295129E+03   2.5268390851958698E+03   4.1242539072492737E+03   5.7788537021395019E+00   4.5855449815367311E+06
   3.1600000000000000E+04   1.5668081942003071E+03   2.5299268758647963E+03   4.1157027013347961E+03   5.7840693105250933E+00   4.5865002500727950E+06
   3.1700000000000000E+04   1.5658438498134135E+03   2.5329598564761363E+03   4.1010794834984299E+03   5.7892738049883556E+00   4.5873659509407301E+06
   3.1800000000000000E+04   1.5656877045924182E+03   2.5359383014952932E+03   4.0922287818531672E+03   5.7944672578845333E+00   4.5881427501822626E+06
   3.1900000000000000E+04   1.5662341625123640E+03   2.5388624873245590E+03   4.0883583791749566E+03   5.7996497413217876E+00   4.5888313142200103E+06
   3.2000000000000000E+04   1.5653809013333025E+03   2.5417326922306588E+03   4.0751498074843371E+03   5.8048213273259135E+00   4.5894323745677313E+06
   3.2100000000000000E+04   1.5659569371690666E+03   2.5445491962668466E+03   4.0718229975942381E+03   5.8099820875314903E+00   4.5899465983127858E+06
   3.2200000000000000E+04   1.5656722799971658E+03   2.5473122812039160E+03   4.0628501510477067E+03   5.8151320934495487E+00   4.5903746742456565E+06
   3.2300000000000000E+04   1.5653231649722150E+03   2.5500222304569065E+03   4.0536332453647155E+03   5.8202714163440366E+00   4.5907173345347233E+06
   3.2400000000000000E+04   1.5649726668289588E+03   2.5526793290139217E+03   4.0445949491206070E+03   5.8254001271906324E+00   4.5909752029412081E+06
   3.2500000000000000E+04   1.5644957715492994E+03   2.5552838633683400E+03   4.0348999269947617E+03   5.8305182968002907E+00   4.5911490548172966E+06
   3.2600000000000000E+04   1.5641453137582014E+03   2.5578361214479605E+03   4.0262296398070143E+03   5.8356259956545120E+00   4.5912395350857479E+06
   3.2700000000000000E+04   1.5636612738118808E+03   2.5603363925486847E+03   4.0168544289875185E+03   5.8407232939877227E+00   4.5912473315922217E+06
   3.2800000000000000E+04   1.5630984246457829E+03   2.5627849672689767E+03   4.0071412130171561E+03   5.8458102618490164E+00   4.5911731316636726E+06
   3.2900000000000000E+04   1.5625515854442720E+03   2.5651821374420542E+03   3.9977132233072762E+03   5.8508869689374627E+00   4.5910176438034447E+06
   3.3000000000000000E+04   1.5618915672965995E+03   2.5675281960738953E+03   3.9877233222102036E+03   5.8559534847668084E+00   4.5907815977554461E+06
   3.3100000000000000E+04   1.5612668141785543E+03   2.5698234372771412E+03   3.9781406011617378E+03   5.8610098784801741E+00   4.5904656132014003E+06
   3.3200000000000000E+04   1.5607131547263343E+03   2.5720681562114864E+03   3.9691904428782423E+03   5.8660562190353573E+00   4.5900704400362941E+06
   3.3300000000000000E+04   1.5624048830413562E+03   2.5742626490195880E+03   3.9749070158796480E+03   5.8710925750195360E+00   4.5895967396808723E+06
   3.3400000000000000E+04   1.5616738449054938E+03   2.5764072127695104E+03   3.9650886483385980E+03   5.8761190148345657E+00   4.5890451943052188E+06
   3.3500000000000000E+04   1.5600489683338192E+03   2.5785021453926365E+03   3.9497050059612225E+03   5.8811356065116769E+00   4.5884165288031660E+06
   3.3600000000000000E+04   1.5608983430398209E+03   2.5805477456275194E+03   3.9503506696152858E+03   5.8861424178555959E+00   4.5877114229670707E+06
   3.3700000000000000E+04   1.5584858300099793E+03   2.5825443129607020E+03   3.9303016225449182E+03   5.8911395163210178E+00   4.5869305551721957E+06
   3.3800000000000000E+04   1.5594207290422935E+03   2.5844921475713204E+03   3.9317364196469648E+03   5.8961269690743663E+00   4.5860746023251768E+06
   3.3900000000000000E+04   1.5584904246980714E+03   2.5863915502764157E+03   3.9214534990978277E+03   5.9011048430349771E+00   4.5851442839259375E+06
   3.4000000000000000E+04   1.5570824485229762E+03   2.5882428224743521E+03   3.9083226753052300E+03   5.9060732047309727E+00   4.5841402296030065E+06
   3.4100000000000000E+04   1.5561708585116735E+03   2.5900462660939725E+03   3.8984915318933822E+03   5.9110321204639638E+00   4.5830631998262675E+06
   3.4200000000000000E+04   1.5537341788522558E+03   2.5918021835399645E+03   3.8792946311849964E+03   5.9159816561649432E+00   4.5819138207478551E+06
   3.4300000000000000E+04   1.5530131577922421E+03   2.5935108776426700E+03   3.8709902395897243E+03   5.9209218774766388E+00   4.5806927386245392E+06
   3.4400000000000000E+04   1.5520836512187132E+03   2.5951726516076023E+03   3.8615353465987719E+03   5.9258528497535012E+00   4.5794007308507292E+06
   3.4500000000000000E+04   1.5527035646111676E+03   2.5967878089645865E+03   3.8617972728964050E+03   5.9307746379793498E+00   4.5780383954920759E+06
   3.4600000000000000E+04   1.5517448006235088E+03   2.5983566535204500E+03   3.8524180823154538E+03   5.9356873068497498E+00   4.5766064172314955E+06
   3.4700000000000000E+04   1.5507078399386055E+03   2.5998794893113386E+03   3.8427015344734759E+03   5.9405909207719816E+00   4.5751055232187314E+06
   3.4800000000000000E+04   1.5496108421983213E+03   2.6013566205539942E+03   3.8327612114946323E+03   5.9454855437415253E+00   4.5735363048845064E+06
   3.4900000000000000E+04   1.5484422601774274E+03   2.6027883516025290E+03   3.8225280206344855E+03   5.9503712395067714E+00   4.5718994850102281E+06
   3.5000000000000000E+04   1.5471202183889973E+03   2.6041749869018527E+03   3.8115071181477401E+03   5.9552480714660687E+00   4.5701957172718728E+06
   3.5100000000000000E+04   1.5456907393424215E+03   2.6055168309439582E+03   3.7999849868812667E+03   5.9601161026883176E+00   4.5684256976614390E+06
   3.5200000000000000E+04   1.5444362422341298E+03   2.6068141882241148E+03   3.7896666852508429E+03   5.9649753958717948E+00   4.5665900079364209E+06
   3.5300000000000000E+04   1.5433725268609969E+03   2.6080673632005842E+03   3.7806321390693120E+03   5.9698260134676779E+00   4.5646894063525992E+06
   3.5400000000000000E+04   1.5420837882699054E+03   2.6092766602502497E+03   3.7703805399452312E+03   5.9746680174947562E+00   4.5627244471202623E+06
   3.5500000000000000E+04   1.5407545930761266E+03   2.6104423836314036E+03   3.7600233713547618E+03   5.9795014697453102E+00   4.5606958835693412E+06
   3.5600000000000000E+04   1.5393768948103902E+03   2.6115648374407479E+03   3.7495129447109621E+03   5.9843264315792277E+00   4.5586042869492844E+06
   3.5700000000000000E+04   1.5380534954903624E+03   2.6126443255769004E+03   3.7394574985373783E+03   5.9891429640681233E+00   4.5564503605141276E+06
   3.5800000000000000E+04   1.5359641810926084E+03   2.6136811517017354E+03   3.7250231176574412E+03   5.9939511279541691E+00   4.5542347599631930E+06
   3.5900000000000000E+04   1.5345309168759193E+03   2.6146756192022131E+03   3.7145954302476730E+03   5.9987509835883053E+00   4.5519581156881880E+06
   3.6000000000000000E+04   1.5337942172136125E+03   2.6156280311560517E+03   3.7083654595237435E+03   6.0035425910538045E+00   4.5496210326487813E+06
   3.6100000000000000E+04   1.5325490751959719E+03   2.6165386902938349E+03   3.6992734009377705E+03   6.0083260100221265E+00   4.5472241805533106E+06
   3.6200000000000000E+04   1.5302812759353146E+03   2.6174078989662971E+03   3.6843640974462319E+03   6.0131012998764595E+00   4.5447681811073264E+06
   3.6300000000000000E+04   1.5287842218028741E+03   2.6182359591097006E+03   3.6740662171403042E+03   6.0178685196705448E+00   4.5422537435639249E+06
   3.6400000000000000E+04   1.5284444150301376E+03   2.6190231722106496E+03   3.6705568617061390E+03   6.0226277280051344E+00   4.5396813478762181E+06
   3.6500000000000000E+04   1.5271188888363426E+03   2.6197698392784114E+03   3.6614620655820536E+03   6.0273789833162468E+00   4.5370518106369050E+06
   3.6600000000000000E+04   1.5256515699260090E+03   2.6204762608072124E+03   3.6516656543765930E+03   6.0321223435045557E+00   4.5343655601155497E+06
   3.6700000000000000E+04   1.5240580597660651E+03   2.6211427367514275E+03   3.6412628829347814E+03   6.0368578663060015E+00   4.5316233843829380E+06
   3.6800000000000000E+04   1.5226558786890675E+03   2.6217695664903767E+03   3.6320654426299147E+03   6.0415856089829534E+00   4.5288257960300324E+06
   3.6900000000000000E+04   1.5210713017861269E+03   2.6223570488019500E+03   3.6219410455258512E+03   6.0463056285095025E+00   4.5259734407046977E+06
   3.7000000000000000E+04   1.5194795493201286E+03   2.6229054818329118E+03   3.6118883216464519E+03   6.0510179815097009E+00   4.5230669609863237E+06
   3.7100000000000000E+04   1.5178580671510679E+03   2.6234151630709252E+03   3.6017785815399388E+03   6.0557227242575662E+00   4.5201069279120015E+06
   3.7200000000000000E+04   1.5163259694109900E+03   2.6238863893176162E+03   3.5922799347070945E+03   6.0604199126976619E+00   4.5170939776408495E+06
   3.7300000000000000E+04   1.5146696885388974E+03   2.6243194566613183E+03   3.5821907490447325E+03   6.0651096024039228E+00   4.5140286746044457E+06
   3.7400000000000000E+04   1.5130020863143768E+03   2.6247146604521986E+03   3.5721452195716442E+03   6.0697918486414313E+00   4.5109116484313123E+06
   3.7500000000000000E+04   1.5113288102396041E+03   2.6250722952763499E+03   3.5621733748521610E+03   6.0744667063252233E+00   4.5077435026520910E+06
   3.7600000000000000E+04   1.5096392857617593E+03   2.6253926549305661E+03   3.5522150342114819E+03   6.0791342299791111E+00   4.5045247686992148E+06
   3.7700000000000000E+04   1.5078141089773869E+03   2.6256760324004672E+03   3.5416103584009511E+03   6.0837944738592400E+00   4.5012561121041924E+06
   3.7800000000000000E+04   1.5057318142946297E+03   2.6259227198348713E+03   3.5296978055964123E+03   6.0884474918099363E+00   4.4979381034168582E+06
   3.7900000000000000E+04   1.5037864437724272E+03   2.6261330085252039E+03   3.5186486436418977E+03   6.0930933373872547E+00   4.4945712637628177E+06
   3.8000000000000000E+04   1.5023127809176112E+03   2.6263071888824875E+03   3.5102797918877709E+03   6.0977320637972250E+00   4.4911562486799872E+06
   3.8100000000000000E+04   1.5004811415431238E+03   2.6264455504152879E+03   3.5000502561492794E+03   6.1023637238546389E+00   4.4876935953828748E+06
   3.8200000000000000E+04   1.4979282763680746E+03   2.6265483817113018E+03   3.4860101034773552E+03   6.1069883701272190E+00   4.4841838836285174E+06
   3.8300000000000000E+04   1.4959725591861961E+03   2.6266159704138122E+03   3.4753180147159992E+03   6.1116060547296751E+00   4.4806276666186042E+06
   3.8400000000000000E+04   1.4942383958753926E+03   2.6266486032051348E+03   3.4659164761826655E+03   6.1162168295090558E+00   4.4770254940516986E+06
   3.8500000000000000E+04   1.4933240675721345E+03   2.6266465657872632E+03   3.4610047359628538E+03   6.1208207460241404E+00   4.4733780045432569E+06
   3.8600000000000000E+04   1.4914428728844880E+03   2.6266101428600891E+03   3.4509794996987416E+03   6.1254178553395269E+00   4.4696856946296571E+06
   3.8700000000000000E+04   1.4890714933130328E+03   2.6265396181088749E+03   3.4384306567581471E+03   6.1300082083550897E+00   4.4659491266227355E+06
   3.8800000000000000E+04   1.4874916962405359E+03   2.6264352741822513E+03   3.4301968391793876E+03   6.1345918555177192E+00   4.4621688361320700E+06
   3.8900000000000000E+04   1.4856134720706209E+03   2.6262973926780996E+03   3.4204591804438478E+03   6.1391688469860286E+00   4.4583454015876092E+06
   3.9000000000000000E+04   1.4836157742756398E+03   2.6261262541263100E+03   3.4101764531476606E+03   6.1437392325685982E+00   4.4544793283287613E+06
   3.9100000000000000E+04   1.4815721531485910E+03   2.6259221379740461E+03   3.3997406104323645E+03   6.1483030617857324E+00   4.4505711877352959E+06
   3.9200000000000000E+04   1.4795661569418539E+03   2.6256853225685418E+03   3.3895909418172541E+03   6.1528603837459395E+00   4.4466215012170766E+06
   3.9300000000000000E+04   1.4775503772413319E+03   2.6254160851450597E+03   3.3794759267665950E+03   6.1574112473106188E+00   4.4426308331366945E+06
   3.9400000000000000E+04   1.4756448411625597E+03   2.6251147018103570E+03   3.3700204762248877E+03   6.1619557009499673E+00   4.4385996278865766E+06
   3.9500000000000000E+04   1.4734014284695179E+03   2.6247814475303030E+03   3.3588881778286855E+03   6.1664937928253174E+00   4.4345285125830565E+06
   3.9600000000000000E+04   1.4715089562240009E+03   2.6244165961166400E+03   3.3496634009712752E+03   6.1710255707891442E+00   4.4304179710702086E+06
   3.9700000000000000E+04   1.4693610686027841E+03   2.6240204202132300E+03   3.3391956192988391E+03   6.1755510823232846E+00   4.4262684601043044E+06
   3.9800000000000000E+04   1.4673072824915205E+03   2.6235931912854085E+03   3.3292954334138271E+03   6.1800703746419101E+00   4.4220805963709373E+06
   3.9900000000000000E+04   1.4652272155193152E+03   2.6231351796061672E+03   3.3193389926945979E+03   6.1845834945679679E+00   4.4178547826748062E+06
   4.0000000000000000E+04   1.4629860202072266E+03   2.6226466542470580E+03   3.3086364048940495E+03   6.1890904886773095E+00   4.4135916052760324E+06
   4.0100000000000000E+04   1.4607460869426695E+03   2.6221278830649421E+03   3.2980222846950173E+03   6.1935914031545778E+00   4.4092915533530097E+06
   4.0200000000000000E+04   1.4585509060270670E+03   2.6215791326934323E+03   3.2877160945368478E+03   6.1980862839167337E+00   4.4049550890042949E+06
   4.0300000000000000E+04   1.4563643068771994E+03   2.6210006685311614E+03   3.2775310368372398E+03   6.2025751765101074E+00   4.4005827645607479E+06
   4.0400000000000000E+04   1.4533244088313127E+03   2.6203927547334001E+03   3.2631171640896118E+03   6.2070581261927593E+00   4.3961749879394136E+06
   4.0500000000000000E+04   1.4512876760538238E+03   2.6197556542024554E+03   3.2538496273046526E+03   6.2115351779138939E+00   4.3917322808512552E+06
   4.0600000000000000E+04   1.4498236549399178E+03   2.6190896285791118E+03   3.2475229618659250E+03   6.2160063763344491E+00   4.3872552086510910E+06
   4.0700000000000000E+04   1.4478552987382277E+03   2.6183949382322139E+03   3.2387258471209957E+03   6.2204717657035493E+00   4.3827441684318325E+06
   4.0800000000000000E+04   1.4447696723529755E+03   2.6176718422534732E+03   3.2244231334152937E+03   6.2249313900438201E+00   4.3781996242143735E+06
   4.0900000000000000E+04   1.4435773647955150E+03   2.6169205984478081E+03   3.2196268176596277E+03   6.2293852930278533E+00   4.3736220836496036E+06
   4.1000000000000000E+04   1.4414231890824626E+03   2.6161414633272825E+03   3.2101032680233725E+03   6.2338335180605577E+00   4.3690120273330268E+06
   4.1100000000000000E+04   1.4391148297552215E+03   2.6153346921025072E+03   3.1998838488129104E+03   6.2382761081762217E+00   4.3643698614237159E+06
   4.1200000000000000E+04   1.4368259406750763E+03   2.6145005386782482E+03   3.1898303676171754E+03   6.2427131061826238E+00   4.3596961066889288E+06
   4.1300000000000000E+04   1.4346174164325944E+03   2.6136392556445903E+03   3.1802399851436967E+03   6.2471445544963293E+00   4.3549912095115995E+06
   4.1400000000000000E+04   1.4323542262509466E+03   2.6127510942729077E+03   3.1704464603458759E+03   6.2515704952662290E+00   4.3502555890094917E+06
   4.1500000000000000E+04   1.4299979281465639E+03   2.6118363045105602E+03   3.1602633480212485E+03   6.2559909703941150E+00   4.3454897556062099E+06
   4.1600000000000000E+04   1.4278000765886277E+03   2.6108951349727758E+03   3.1509186411195246E+03   6.2604060213493922E+00   4.3406940976725342E+06
   4.1700000000000000E+04   1.4257538504207123E+03   2.6099278329417875E+03   3.1423715704467554E+03   6.2648156894367375E+00   4.3358690949890036E+06
   4.1800000000000000E+04   1.4233707380888595E+03   2.6089346443590380E+03   3.1322488907828251E+03   6.2692200155901867E+00   4.3310151763916323E+06
   4.1900000000000000E+04   1.4210434273167900E+03   2.6079158138227267E+03   3.1224600625669418E+03   6.2736190404967038E+00   4.3261327672354449E+06
   4.2000000000000000E+04   1.4187761642272364E+03   2.6068715845818983E+03   3.1130220721682545E+03   6.2780128044726107E+00   4.3212223370151324E+06
   4.2100000000000000E+04   1.4165278522324168E+03   2.6058021985345745E+03   3.1037341409993492E+03   6.2824013475871547E+00   4.3162842326925229E+06
   4.2200000000000000E+04   1.4141918062595782E+03   2.6047078962236737E+03   3.0940838142307134E+03   6.2867847096212941E+00   4.3113189407219831E+06
   4.2300000000000000E+04   1.4118594245354739E+03   2.6035889168344561E+03   3.0845100113764897E+03   6.2911629301089285E+00   4.3063268965803739E+06
   4.2400000000000000E+04   1.4094146127547469E+03   2.6024454981891699E+03   3.0744591433691239E+03   6.2955360481721252E+00   4.3013084845509650E+06
   4.2500000000000000E+04   1.4067120370121545E+03   2.6012778767481163E+03   3.0632458916151559E+03   6.2999041027682319E+00   4.2962641332758423E+06
   4.2600000000000000E+04   1.4036133305686626E+03   2.6000862876048295E+03   3.0502283837248542E+03   6.3042671325251565E+00   4.2911942441371493E+06
   4.2700000000000000E+04   1.4018765650596479E+03   2.5988709644845953E+03   3.0437037153015985E+03   6.3086251757825220E+00   4.2860992630193820E+06
   4.2800000000000000E+04   1.3993998306193901E+03   2.5976321397419956E+03   3.0337405765900426E+03   6.3129782705505209E+00   4.2809794886878571E+06
   4.2900000000000000E+04   1.3981250837885705E+03   2.5963700443617322E+03   3.0294724411634529E+03   6.3173264546746051E+00   4.2758354562702272E+06
   4.3000000000000000E+04   1.3949223027545995E+03   2.5950849079542363E+03   3.0162094702534787E+03   6.3216697656296050E+00   4.2706674817936625E+06
   4.3100000000000000E+04   1.3916564306494649E+03   2.5937769587557627E+03   3.0027325047091158E+03   6.3260082406020857E+00   4.2654759257927109E+06
   4.3200000000000000E+04   1.3892369047947441E+03   2.5924464236292947E+03   2.9932627601695358E+03   6.3303419166138815E+00   4.2602612657390060E+06
   4.3300000000000000E+04   1.3878813117237471E+03   2.5910935280602766E+03   2.9887747445521272E+03   6.3346708302750114E+00   4.2550238315787166E+06
   4.3400000000000000E+04   1.3856684996487936E+03   2.5897184961597554E+03   2.9803507773638776E+03   6.3389950180307872E+00   4.2497640462572556E+06
   4.3500000000000000E+04   1.3823624033531303E+03   2.5883215506614733E+03   2.9669316804048112E+03   6.3433145159764583E+00   4.2444822089598123E+06
   4.3600000000000000E+04   1.3804803906309526E+03   2.5869029129239129E+03   2.9601310301884032E+03   6.3476293600013882E+00   4.2391787843952384E+06
   4.3700000000000000E+04   1.3781100633295907E+03   2.5854628029287119E+03   2.9511278603330406E+03   6.3519395856654812E+00   4.2338540893569570E+06
   4.3800000000000000E+04   1.3756499728236843E+03   2.5840014392833914E+03   2.9417612411571399E+03   6.3562452283639166E+00   4.2285085823603710E+06
   4.3900000000000000E+04   1.3746214883975529E+03   2.5825190392187146E+03   2.9389795211460359E+03   6.3605463231006558E+00   4.2231425012040464E+06
   4.4000000000000000E+04   1.3723587005495053E+03   2.5810158185923760E+03   2.9305908698380035E+03   6.3648429046943473E+00   4.2177562496691896E+06
   4.4100000000000000E+04   1.3700198621326915E+03   2.5794919918887845E+03   2.9218988814670129E+03   6.3691350076959585E+00   4.2123502284912849E+06
   4.4200000000000000E+04   1.3675738405415723E+03   2.5779477722201964E+03   2.9127642650741232E+03   6.3734226663887785E+00   4.2069247626519790E+06
   4.4300000000000000E+04   1.3650703499550466E+03   2.5763833713283166E+03   2.9034151274377741E+03   6.3777059148090149E+00   4.2014802224670779E+06
   4.4400000000000000E+04   1.3625761738490687E+03   2.5747989995849161E+03   2.8941541891484912E+03   6.3819847866840123E+00   4.1960169509076374E+06
   4.4500000000000000E+04   1.3600725107296387E+03   2.5731948659952063E+03   2.8848958118693486E+03   6.3862593155557992E+00   4.1905352392239613E+06
   4.4600000000000000E+04   1.3576085493943860E+03   2.5715711781990594E+03   2.8758603716959806E+03   6.3905295347399154E+00   4.1850355457726573E+06
   4.4700000000000000E+04   1.3550145281657483E+03   2.5699281424704500E+03   2.8662860703741462E+03   6.3947954771400779E+00   4.1795180339691215E+06
   4.4800000000000000E+04   1.3523984963060625E+03   2.5682659637246556E+03   2.8566592334520342E+03   6.3990571756188324E+00   4.1739832536243577E+06
   4.4900000000000000E+04   1.3499069819735853E+03   2.5665848455157466E+03   2.8476319875686168E+03   6.4033146626475013E+00   4.1684313863376235E+06
   4.5000000000000000E+04   1.3473376399254364E+03   2.5648849900415403E+03   2.8383011870817245E+03   6.4075679704914981E+00   4.1628627811043696E+06
   4.5100000000000000E+04   1.3449793212255775E+03   2.5631665981461597E+03   2.8299475266867707E+03   6.4118171312103360E+00   4.1572778328774325E+06
   4.5200000000000000E+04   1.3423450763685817E+03   2.5614298693210790E+03   2.8204131438792770E+03   6.4160621765340720E+00   4.1516767627192168E+06
   4.5300000000000000E+04   1.3392824005075747E+03   2.5596750017104450E+03   2.8090367619658532E+03   6.4203031380486362E+00   4.1460599597129556E+06
   4.5400000000000000E+04   1.3356447132950932E+03   2.5579021921121248E+03   2.7951954471386152E+03   6.4245400470516874E+00   4.1404277612610185E+06
   4.5500000000000000E+04   1.3347226709744043E+03   2.5561116359813495E+03   2.7932953775019414E+03   6.4287729345937965E+00   4.1347804284176785E+06
   4.5600000000000000E+04   1.3321802807187389E+03   2.5543035274344911E+03   2.7843286668206101E+03   6.4330018315196309E+00   4.1291182927650432E+06
   4.5700000000000000E+04   1.3297160246680126E+03   2.5524780592515795E+03   2.7757412170195844E+03   6.4372267684061812E+00   4.1234416585356458E+06
   4.5800000000000000E+04   1.3271796157117326E+03   2.5506354228805881E+03   2.7668766787684954E+03   6.4414477756245265E+00   4.1177508025521133E+06
   4.5900000000000000E+04   1.3245309068425925E+03   2.5487758084407242E+03   2.7575629095824743E+03   6.4456648833192638E+00   4.1120460970513285E+06
   4.6000000000000000E+04   1.3220808185569479E+03   2.5468994047255874E+03   2.7491474148141256E+03   6.4498781213672984E+00   4.1063277886671214E+06
   4.6100000000000000E+04   1.3195541765739790E+03   2.5450063992080240E+03   2.7404363560286497E+03   6.4540875194602210E+00   4.1005961949576568E+06
   4.6200000000000000E+04   1.3170597577432106E+03   2.5430969780432251E+03   2.7318996800109308E+03   6.4582931070425449E+00   4.0948515814962303E+06
   4.6300000000000000E+04   1.3136844501518972E+03   2.5411713260724646E+03   2.7196195101716912E+03   6.4624949132910992E+00   4.0890942356835203E+06
   4.6400000000000000E+04   1.3111691437486943E+03   2.5392296268292889E+03   2.7110713042727048E+03   6.4666929672797639E+00   4.0833244668626515E+06
   4.6500000000000000E+04   1.3086005913508204E+03   2.5372720625408188E+03   2.7023299550066567E+03   6.4708872977529657E+00   4.0775425817129784E+06
   4.6600000000000000E+04   1.3073064022353678E+03   2.5352988141336077E+03   2.6990495537127608E+03   6.4750779332492288E+00   4.0717488348829984E+06
   4.6700000000000000E+04   1.3047355258815185E+03   2.5333100612380067E+03   2.6903533646912460E+03   6.4792649021011757E+00   4.0659434535479364E+06
   4.6800000000000000E+04   1.3021515452750855E+03   2.5313059821928664E+03   2.6816353562062523E+03   6.4834482324561025E+00   4.0601267857884201E+06
   4.6900000000000000E+04   1.2995716774677367E+03   2.5292867540493030E+03   2.6729683097763950E+03   6.4876279522142246E+00   4.0542990782241183E+06
   4.7000000000000000E+04   1.2969848802812710E+03   2.5272525525758306E+03   2.6643050314649763E+03   6.4918040890698592E+00   4.0484606243462088E+06
   4.7100000000000000E+04   1.3006568691147590E+03   2.5252035522625479E+03   2.6821544587589078E+03   6.4959766704702258E+00   4.0426116158960261E+06
   4.7200000000000000E+04   1.2940162366757420E+03   2.5231399263271719E+03   2.6563510731764677E+03   6.5001457237184130E+00   4.0367524155857097E+06
   4.7300000000000000E+04   1.2913928601304588E+03   2.5210618467186077E+03   2.6476078556985999E+03   6.5043112758704220E+00   4.0308832347982032E+06
   4.7400000000000000E+04   1.2887989916358920E+03   2.5189694841221217E+03   2.6390206487045234E+03   6.5084733537557673E+00   4.0250043071052074E+06
   4.7500000000000000E+04   1.2861693104239637E+03   2.5168630079650652E+03   2.6303148913931127E+03   6.5126319840392197E+00   4.0191159381036465E+06
   4.7600000000000000E+04   1.2835649896505370E+03   2.5147425864209163E+03   2.6217464891989380E+03   6.5167871931384846E+00   4.0132183314561332E+06
   4.7700000000000000E+04   1.2809310722747184E+03   2.5126083864153802E+03   2.6130855197759538E+03   6.5209390073065263E+00   4.0073117878542719E+06
   4.7800000000000000E+04   1.2783176811130877E+03   2.5104605736310527E+03   2.6045405597817776E+03   6.5250874525904150E+00   4.0013965558059807E+06
   4.7900000000000000E+04   1.2755568213923748E+03   2.5082993125121588E+03   2.5954149558537442E+03   6.5292325547901244E+00   3.9954728314814917E+06
   4.8000000000000000E+04   1.2730011330458306E+03   2.5061247662712872E+03   2.5871693486830386E+03   6.5333743395820925E+00   3.9895409083500328E+06
   4.8100000000000000E+04   1.2704505356559746E+03   2.5039370968927856E+03   2.5789727476289677E+03   6.5375128323544827E+00   3.9836009776720256E+06
   4.8200000000000000E+04   1.2670593021727827E+03   2.5017364651403072E+03   2.5673500367676752E+03   6.5416480583925125E+00   3.9776533032054580E+06
   4.8300000000000000E+04   1.2644966794564236E+03   2.4995230305600880E+03   2.5591669113323987E+03   6.5457800426931243E+00   3.9716980963548170E+06
   4.8400000000000000E+04   1.2628082648474087E+03   2.4972969514887973E+03   2.5545857683784461E+03   6.5499088101709058E+00   3.9657356662833658E+06
   4.8500000000000000E+04   1.2601937770499335E+03   2.4950583850569296E+03   2.5462362673910125E+03   6.5540343854727645E+00   3.9597661696825819E+06
   4.8600000000000000E+04   1.2584431626498586E+03   2.4928074871950794E+03   2.5414348711178231E+03   6.5581567930396991E+00   3.9537898108772230E+06
   4.8700000000000000E+04   1.2563893281918965E+03   2.4905444126404855E+03   2.5354134669610953E+03   6.5622760571891643E+00   3.9478068922054870E+06
   4.8800000000000000E+04   1.2537782786242146E+03   2.4882693149415013E+03   2.5271451364665727E+03   6.5663922020121284E+00   3.9418176386245172E+06
   4.8900000000000000E+04   1.2511435126595227E+03   2.4859823464637434E+03   2.5188069893964325E+03   6.5705052514142324E+00   3.9358221723076580E+06
   4.9000000000000000E+04   1.2485068768713998E+03   2.4836836583955842E+03   2.5104877082076923E+03   6.5746152290952171E+00   3.9298207638047435E+06
   4.9100000000000000E+04   1.2444898954618852E+03   2.4813734007548137E+03   2.4966329576655858E+03   6.5787221586312832E+00   3.9238136816003192E+06
   4.9200000000000000E+04   1.2410813318930882E+03   2.4790517223937259E+03   2.4852814227778372E+03   6.5828260634133127E+00   3.9178010913929739E+06
   4.9300000000000000E+04   1.2384857443359256E+03   2.4767187710038106E+03   2.4772242579184053E+03   6.5869269665439143E+00   3.9117831565502407E+06
   4.9400000000000000E+04   1.2368015305611616E+03   2.4743746931243027E+03   2.4728319102360992E+03   6.5910248910845279E+00   3.9057601642539003E+06
   4.9500000000000000E+04   1.2360558460500154E+03   2.4720196341457959E+03   2.4722037569109930E+03   6.5951198598494924E+00   3.8997322988117174E+06
   4.9600000000000000E+04   1.2368624807906324E+03   2.4696537383168047E+03   2.4778096298298351E+03   6.5992118954678469E+00   3.8936997170755430E+06
   4.9700000000000000E+04   1.2342488043075909E+03   2.4672771487503542E+03   2.4697192764995075E+03   6.6033010204450742E+00   3.8876626747600297E+06
   4.9800000000000000E+04   1.2316005270431056E+03   2.4648900074285848E+03   2.4615144137153166E+03   6.6073872570395773E+00   3.8816213497516983E+06
   4.9900000000000000E+04   1.2289735384770247E+03   2.4624924552104735E+03   2.4534184479044789E+03   6.6114706274273916E+00   3.8755759684404032E+06
   5.0000000000000000E+04   1.2244895497957796E+03   2.4600846318358463E+03   2.4379733839038627E+03   6.6155511535168863E+00   3.8695266539091496E+06


