#Te   kappa_tot   kappa_e_ph  kappa_e_e mu Ce
#[K]  [W/(K*m)]   [W/(K*m)]   [W/(K*m)]   [eV]  [J/(m^3*K)]
   3.0000000000000000E+02   1.2815467587833501E+01   1.2869489456680871E+01   3.0529955464894883E+03  -2.5747281800149868E+00   1.9944932054079058E+04
   4.0000000000000000E+02   1.6991288031788773E+01   1.7086956666893965E+01   3.0347396719381204E+03  -2.5770391369477803E+00   2.5770454787365376E+04
   5.0000000000000000E+02   2.1510101371047945E+01   2.1665983271342611E+01   2.9896831870092201E+03  -2.5788016927498769E+00   3.1827394371755741E+04
   6.0000000000000000E+02   2.6381958834607751E+01   2.6618066639293581E+01   2.9742207771111439E+03  -2.5800890255976343E+00   3.8285150767894847E+04
   7.0000000000000000E+02   3.1475102518123535E+01   3.1813613362352012E+01   2.9580640003843346E+03  -2.5809813204910359E+00   4.5027613763130612E+04
   8.0000000000000000E+02   3.6684218737166297E+01   3.7146471921185238E+01   2.9479284261997013E+03  -2.5814871118357119E+00   5.1904715723815956E+04
   9.0000000000000000E+02   4.1930354460467193E+01   4.2539862275270508E+01   2.9264784808003528E+03  -2.5815768451807006E+00   5.8812773789606726E+04
   1.0000000000000000E+03   4.7161964147469220E+01   4.7937374375200818E+01   2.9156447139224165E+03  -2.5812225919911143E+00   6.5694935861519843E+04
   1.1000000000000000E+03   5.2338405750362796E+01   5.3300513364492218E+01   2.8995341625039232E+03  -2.5804181810893798E+00   7.2525888717276859E+04
   1.2000000000000000E+03   5.7437975646022558E+01   5.8606968342485970E+01   2.8796293001034060E+03  -2.5791829574764131E+00   7.9298770447758478E+04
   1.3000000000000000E+03   6.2451088825726238E+01   6.3846972585927560E+01   2.8564792211941658E+03  -2.5775567493069005E+00   8.6016617314437317E+04
   1.4000000000000000E+03   6.7374841948619945E+01   6.9018870216981071E+01   2.8285009216885119E+03  -2.5755920015904583E+00   9.2687432118689961E+04
   1.5000000000000000E+03   7.2218492206306863E+01   7.4125365365883340E+01   2.8073299443549008E+03  -2.5733464659714693E+00   9.9321733879354724E+04
   1.6000000000000000E+03   7.6978260638072911E+01   7.9171048142770104E+01   2.7793160832358781E+03  -2.5708777713508386E+00   1.0593168195516475E+05
   1.7000000000000000E+03   8.1661586502067692E+01   8.4161089937349089E+01   2.7496373995794766E+03  -2.5682399906271138E+00   1.1253110016068882E+05
   1.8000000000000000E+03   8.6281876729522708E+01   8.9100737422465272E+01   2.7272645512572622E+03  -2.5654818049598571E+00   1.1913591750574029E+05
   1.9000000000000000E+03   9.0826312885526150E+01   9.3995244079702630E+01   2.6940444349890968E+03  -2.5626457634789928E+00   1.2576469889417930E+05
   2.0000000000000000E+03   9.5311399300535058E+01   9.8849983439780246E+01   2.6625141219589214E+03  -2.5597682132672550E+00   1.3243906901756889E+05
   2.1000000000000000E+03   9.9686247023626393E+01   1.0367059586829151E+02   2.5937820787581259E+03  -2.5568795937434134E+00   1.3918392908646201E+05
   2.2000000000000000E+03   1.0400922929098262E+02   1.0846309922775232E+02   2.5328901645861379E+03  -2.5540048994357862E+00   1.4602743513541893E+05
   2.3000000000000000E+03   1.0827723782430634E+02   1.1323394134185463E+02   2.4735508898301005E+03  -2.5511641980735122E+00   1.5300075404668646E+05
   2.4000000000000000E+03   1.1250776972643814E+02   1.1798999676319215E+02   2.4214231364114321E+03  -2.5483731417534230E+00   1.6013763353191069E+05
   2.5000000000000000E+03   1.1669947901632398E+02   1.2273852039881540E+02   2.3718203732306679E+03  -2.5456434448389085E+00   1.6747383628467226E+05
   2.6000000000000000E+03   1.2086105008449962E+02   1.2748707269591161E+02   2.3254103376721491E+03  -2.5429833179914176E+00   1.7504648433134728E+05
   2.7000000000000000E+03   1.2502063673185081E+02   1.3224342945558928E+02   2.2890256423673109E+03  -2.5403978593403966E+00   1.8289335771126029E+05
   2.8000000000000000E+03   1.2915185208252188E+02   1.3701548641800977E+02   2.2503340160431899E+03  -2.5378894061184352E+00   1.9105218217349704E+05
   2.9000000000000000E+03   1.3326483472575455E+02   1.4181116571648928E+02   2.2112929609165326E+03  -2.5354578535312928E+00   1.9955993342311154E+05
   3.0000000000000000E+03   1.3739108135237123E+02   1.4663832874938737E+02   2.1786806051153885E+03  -2.5331009445377655E+00   2.0845217873250038E+05
   3.1000000000000000E+03   1.4150113750184076E+02   1.5150469802664256E+02   2.1430456740369018E+03  -2.5308145368835016E+00   2.1776247096717922E+05
   3.2000000000000000E+03   1.4562940165402458E+02   1.5641778919230489E+02   2.1114396351905325E+03  -2.5285928498258672E+00   2.2752180527075418E+05
   3.3000000000000000E+03   1.4978380336819617E+02   1.6138485350764967E+02   2.0836766390817183E+03  -2.5264286944569054E+00   2.3775814708288727E+05
   3.4000000000000000E+03   1.5395926031078170E+02   1.6641283055022464E+02   2.0573053192882649E+03  -2.5243136887849009E+00   2.4849603466742253E+05
   3.5000000000000000E+03   1.5822354170098211E+02   1.7150831058192472E+02   2.0426890806021079E+03  -2.5222384600503176E+00   2.5975626081188311E+05
   3.6000000000000000E+03   1.6250438641315122E+02   1.7667750591076003E+02   2.0257269188958619E+03  -2.5201928345081988E+00   2.7155563486826845E+05
   3.7000000000000000E+03   1.6684035553792475E+02   1.8192623052684567E+02   2.0119904881264374E+03  -2.5181660164564983E+00   2.8390682518709003E+05
   3.8000000000000000E+03   1.7127124325975404E+02   1.8725988729502140E+02   2.0059383171553250E+03  -2.5161467557366470E+00   2.9681828151524841E+05
   3.9000000000000000E+03   1.7573839309078809E+02   1.9268346200929386E+02   1.9983325031922757E+03  -2.5141235049442590E+00   3.1029423516154563E+05
   4.0000000000000000E+03   1.8027839530669877E+02   1.9820152362918063E+02   1.9935946439881104E+03  -2.5120845656536450E+00   3.2433477268205967E+05
   4.1000000000000000E+03   1.8484640387135181E+02   2.0381823003980020E+02   1.9858429300252353E+03  -2.5100182242750910E+00   3.3893597924020281E+05
   4.2000000000000000E+03   1.8947269944955366E+02   2.0953733866337291E+02   1.9786852267286556E+03  -2.5079128763843839E+00   3.5409014480324509E+05
   4.3000000000000000E+03   1.9424153716156727E+02   2.1536222126752426E+02   1.9806313420375852E+03  -2.5057571402208882E+00   3.6978602678282565E+05
   4.4000000000000000E+03   1.9908477801058800E+02   2.2129588229959512E+02   1.9835412516646879E+03  -2.5035399588126137E+00   3.8600915992428368E+05
   4.5000000000000000E+03   2.0401756907338438E+02   2.2734098006812576E+02   1.9886265398623366E+03  -2.5012506903027227E+00   4.0274220281432581E+05
   4.6000000000000000E+03   2.0904157647443179E+02   2.3349985010726442E+02   1.9956918262392126E+03  -2.4988791866709446E+00   4.1996531594174850E+05
   4.7000000000000000E+03   2.1415712706332783E+02   2.3977453005806339E+02   2.0044742439640302E+03  -2.4964158605016982E+00   4.3765655594596273E+05
   4.8000000000000000E+03   2.1936553828413292E+02   2.4616678545093848E+02   2.0148506172877494E+03  -2.4938517404565639E+00   4.5579227915478084E+05
   4.9000000000000000E+03   2.2463636603627853E+02   2.5267813576735571E+02   2.0241482167473680E+03  -2.4911785148321757E+00   4.7434754539693758E+05
   5.0000000000000000E+03   2.3010042024082315E+02   2.5930988026521425E+02   2.0427393170499804E+03  -2.4883885644800721E+00   4.9329651063817949E+05
   5.1000000000000000E+03   2.3565076017357217E+02   2.6606312305833120E+02   2.0615950638373824E+03  -2.4854749848564337E+00   5.1261280343316129E+05
   5.2000000000000000E+03   2.4122785219267831E+02   2.7293879704772672E+02   2.0762686224845961E+03  -2.4824315982074521E+00   5.3226987521829770E+05
   5.3000000000000000E+03   2.4689871620720865E+02   2.7993768636901575E+02   2.0919615546135965E+03  -2.4792529566640376E+00   5.5224132477725868E+05
   5.4000000000000000E+03   2.5265321917575491E+02   2.8706044707638682E+02   2.1078927445517520E+03  -2.4759343367100337E+00   5.7250118846191093E+05
   5.5000000000000000E+03   2.5846192443421893E+02   2.9430762589943112E+02   2.1220763510362781E+03  -2.4724717263392240E+00   5.9302419226182427E+05
   5.6000000000000000E+03   2.6440277200949777E+02   3.0167967696212179E+02   2.1397952150021492E+03  -2.4688618057521499E+00   6.1378596670570748E+05
   5.7000000000000000E+03   2.7038779020323187E+02   3.0917697640572572E+02   2.1551800286721727E+03  -2.4651019222503661E+00   6.3476322691528418E+05
   5.8000000000000000E+03   2.7649013509483450E+02   3.1679983496821717E+02   2.1729764658015361E+03  -2.4611900607981059E+00   6.5593390436651779E+05
   5.9000000000000000E+03   2.8270361042751949E+02   3.2454850855819797E+02   2.1926456802867037E+03  -2.4571248105995576E+00   6.7727727312207571E+05
   6.0000000000000000E+03   2.8903787172567638E+02   3.3242320697514930E+02   2.2146399400587411E+03  -2.4529053291229683E+00   6.9877400439322833E+05
   6.1000000000000000E+03   2.9543446882745894E+02   3.4042410089018972E+02   2.2354709032144478E+03  -2.4485313038811274E+00   7.2040623036474397E+05
   6.2000000000000000E+03   3.0195187473608178E+02   3.4855132732531325E+02   2.2585185207078794E+03  -2.4440029135928922E+00   7.4215753923414624E+05
   6.3000000000000000E+03   3.0849595386393776E+02   3.5680499371379437E+02   2.2785155163765880E+03  -2.4393207880294656E+00   7.6401298677592119E+05
   6.4000000000000000E+03   3.1504130236066948E+02   3.6518518084213463E+02   2.2943661012948646E+03  -2.4344859685570004E+00   7.8595907045594789E+05
   6.5000000000000000E+03   3.2175476814645214E+02   3.7369194479662406E+02   2.3150500818730297E+03  -2.4294998689886422E+00   8.0798367829840432E+05
   6.6000000000000000E+03   3.2845947205621485E+02   3.8232531811834741E+02   2.3313171763426153E+03  -2.4243642374423797E+00   8.3007604020861047E+05
   6.7000000000000000E+03   3.3544659425874949E+02   3.9108531034296294E+02   2.3578587834523264E+03  -2.4190811195914912E+00   8.5222667640039173E+05
   6.8000000000000000E+03   3.4238789662979394E+02   3.9997190809465417E+02   2.3781868758327614E+03  -2.4136528236944486E+00   8.7442731435411563E+05
   6.9000000000000000E+03   3.4940263801514521E+02   4.0898507482936429E+02   2.3983655535904340E+03  -2.4080818871334859E+00   8.9667081668015406E+05
   7.0000000000000000E+03   3.5637796779619669E+02   4.1812475043598835E+02   2.4132504152474189E+03  -2.4023710455062943E+00   9.1895108751328592E+05
   7.1000000000000000E+03   3.6383626830447412E+02   4.2739085066823571E+02   2.4467203847644337E+03  -2.3965232030329711E+00   9.4126302636138175E+05
   7.2000000000000000E+03   3.7101064346347363E+02   4.3678326664876005E+02   2.4638099100430272E+03  -2.3905414059029146E+00   9.6360242564596888E+05
   7.3000000000000000E+03   3.7825227892855406E+02   4.4630186438029659E+02   2.4807601129565282E+03  -2.3844288172464587E+00   9.8596587855732220E+05
   7.4000000000000000E+03   3.8563948969564547E+02   4.5594648435179153E+02   2.5009029388028007E+03  -2.3781886941180441E+00   1.0083507536040166E+06
   7.5000000000000000E+03   3.9306648253661814E+02   4.6571694135885724E+02   2.5197049401373151E+03  -2.3718243671872616E+00   1.0307550645973665E+06
   7.6000000000000000E+03   4.0056497041269108E+02   4.7561302439371656E+02   2.5385590556728844E+03  -2.3653392215517162E+00   1.0531774569583156E+06
   7.7000000000000000E+03   4.0813377711909948E+02   4.8563449680488577E+02   2.5574451732047860E+03  -2.3587366802964391E+00   1.0756170818239343E+06
   7.8000000000000000E+03   4.1576638628068480E+02   4.9578109654602451E+02   2.5761402398841851E+03  -2.3520201890977637E+00   1.0980736108714482E+06
   7.9000000000000000E+03   4.2327765264979956E+02   5.0605253665537521E+02   2.5877502868930087E+03  -2.3451932030708562E+00   1.1205471197268253E+06
   8.0000000000000000E+03   4.3096983627257652E+02   5.1644850584318635E+02   2.6038511025560292E+03  -2.3382591748164367E+00   1.1430380681593842E+06
   8.1000000000000000E+03   4.3897506332596993E+02   5.2696866924050232E+02   2.6288967538770621E+03  -2.3312215441695976E+00   1.1655472142159948E+06
   8.2000000000000000E+03   4.4684585176972712E+02   5.3761266922008951E+02   2.6466719650187342E+03  -2.3240837289930649E+00   1.1880756687892932E+06
   8.3000000000000000E+03   4.5454035128898994E+02   5.4838012637999998E+02   2.6562392657369614E+03  -2.3168491178272976E+00   1.2106247053873802E+06
   8.4000000000000000E+03   4.6272115811035343E+02   5.5927064044190126E+02   2.6803495181230642E+03  -2.3095210625405702E+00   1.2331958720374543E+06
   8.5000000000000000E+03   4.7078457427556043E+02   5.7028379136580895E+02   2.6983208490061315E+03  -2.3021028734548281E+00   1.2557908424463323E+06
   8.6000000000000000E+03   4.7887204507970819E+02   5.8141914027033908E+02   2.7150976069303711E+03  -2.2945978138525929E+00   1.2784115119945207E+06
   8.7000000000000000E+03   4.8701198196810901E+02   5.9267623051591272E+02   2.7316753741768994E+03  -2.2870090967275347E+00   1.3010598079464182E+06
   8.8000000000000000E+03   4.9525395185924475E+02   6.0405458857400913E+02   2.7496201416015388E+03  -2.2793398809934549E+00   1.3237378244349470E+06
   8.9000000000000000E+03   5.0361106679086686E+02   6.1555372498890677E+02   2.7692719924546441E+03  -2.2715932695501166E+00   1.3464477043588199E+06
   9.0000000000000000E+03   5.1183982532329861E+02   6.2717313510177257E+02   2.7833432382590913E+03  -2.2637723068074647E+00   1.3691916497223882E+06
   9.1000000000000000E+03   5.2045304133879040E+02   6.3891229977884723E+02   2.8070735369065897E+03  -2.2558799775251313E+00   1.3919718924914349E+06
   9.2000000000000000E+03   5.2885223392401679E+02   6.5077068598170706E+02   2.8228830439123171E+03  -2.2479192058066495E+00   1.4147907067056985E+06
   9.3000000000000000E+03   5.3719767795303699E+02   6.6274774718454887E+02   2.8357336083952287E+03  -2.2398928543257819E+00   1.4376503561355865E+06
   9.4000000000000000E+03   5.4575882549389109E+02   6.7484292369034665E+02   2.8531901804479594E+03  -2.2318037241717863E+00   1.4605531438010135E+06
   9.5000000000000000E+03   5.5430407776653738E+02   6.8705564279244402E+02   2.8688004120933742E+03  -2.2236545549267777E+00   1.4835012688974605E+06
   9.6000000000000000E+03   5.6289477947919340E+02   6.9938531874984290E+02   2.8843049992501137E+03  -2.2154480247431039E+00   1.5064969858329077E+06
   9.7000000000000000E+03   5.7157882627601293E+02   7.1183135264491125E+02   2.9009654199103961E+03  -2.2071867508849108E+00   1.5295424748840388E+06
   9.8000000000000000E+03   5.8038279106304287E+02   7.2439313209625368E+02   2.9194105424413051E+03  -2.1988732905018229E+00   1.5526398699259439E+06
   9.9000000000000000E+03   5.8910019488803414E+02   7.3707003075563648E+02   2.9344365776872746E+03  -2.1905101410931440E+00   1.5757912694929000E+06
   1.0000000000000000E+04   5.9790334093189563E+02   7.4986140775126114E+02   2.9504497544268356E+03  -2.1820997417457373E+00   1.5989986678989739E+06
   1.0100000000000000E+04   6.0661415260691876E+02   7.6276660691534528E+02   2.9631620004952920E+03  -2.1736444739463812E+00   1.6222640144223019E+06
   1.0200000000000000E+04   6.1552186742857793E+02   7.7578495590533839E+02   2.9795544895610478E+03  -2.1651466626649247E+00   1.6455891948039024E+06
   1.0300000000000000E+04   6.2448380824835351E+02   7.8891576519667490E+02   2.9961640704186284E+03  -2.1566085774761046E+00   1.6689759737276617E+06
   1.0400000000000000E+04   6.3324553624753707E+02   8.0215832694769551E+02   3.0072511252574081E+03  -2.1480324336426904E+00   1.6924260621425640E+06
   1.0500000000000000E+04   6.4244973511097248E+02   8.1551191381006413E+02   3.0273825104102175E+03  -2.1394203935854748E+00   1.7159410087402277E+06
   1.0600000000000000E+04   6.5155886775498550E+02   8.2897577753674693E+02   3.0443914262318931E+03  -2.1307745676182552E+00   1.7395223635867734E+06
   1.0700000000000000E+04   6.6069483711186388E+02   8.4254914763902480E+02   3.0610650374161137E+03  -2.1220970156112404E+00   1.7631714494181436E+06
   1.0800000000000000E+04   6.6985573049935397E+02   8.5623122983481073E+02   3.0773969646354835E+03  -2.1133897476873571E+00   1.7868896259791900E+06
   1.0900000000000000E+04   6.7896275762199912E+02   8.7002120458887725E+02   3.0917868622667256E+03  -2.1046547259630142E+00   1.8106779866437663E+06
   1.1000000000000000E+04   6.8854064849784277E+02   8.8391822546632466E+02   3.1150638554588418E+03  -2.0958938652830987E+00   1.8345375733749713E+06
   1.1100000000000000E+04   6.9779586143944539E+02   8.9792141752233715E+02   3.1308637502818688E+03  -2.0871090344201662E+00   1.8584693360162049E+06
   1.1200000000000000E+04   7.0699900829224089E+02   9.1202987568559695E+02   3.1449128896554980E+03  -2.0783020573510105E+00   1.8824740577855387E+06
   1.1300000000000000E+04   7.1627671886049461E+02   9.2624266309940265E+02   3.1597793537343855E+03  -2.0694747142624341E+00   1.9065523652140719E+06
   1.1400000000000000E+04   7.2562714226779542E+02   9.4055880947152843E+02   3.1754045829118809E+03  -2.0606287425570322E+00   1.9307048172374335E+06
   1.1500000000000000E+04   7.3477679499087230E+02   9.5497730943428917E+02   3.1866191070840691E+03  -2.0517658377815944E+00   1.9549317995192651E+06
   1.1600000000000000E+04   7.4411830550555305E+02   9.6949712097909605E+02   3.2009244229086112E+03  -2.0428876548649928E+00   1.9792335525414022E+06
   1.1700000000000000E+04   7.5360219380669741E+02   9.8411716384951990E+02   3.2172871614457440E+03  -2.0339958087371128E+00   2.0036102512684953E+06
   1.1800000000000000E+04   7.6337513118217180E+02   9.9883631808258406E+02   3.2382696077562136E+03  -2.0250918756441099E+00   2.0280617648679970E+06
   1.1900000000000000E+04   7.7289784584533447E+02   1.0136534224782444E+03   3.2541325007883247E+03  -2.0161773934578688E+00   2.0525880434006094E+06
   1.2000000000000000E+04   7.8289664360038512E+02   1.0285672732916792E+03   3.2778108925317424E+03  -2.0072538631073127E+00   2.0771886966098037E+06
   1.2100000000000000E+04   7.9258940725616924E+02   1.0435766228674654E+03   3.2954976409073029E+03  -1.9983227489652324E+00   2.1018632878293735E+06
   1.2200000000000000E+04   8.0224948534685404E+02   1.0586801784299298E+03   3.3121059654788337E+03  -1.9893854797380131E+00   2.1266112726933290E+06
   1.2300000000000000E+04   8.1180073179183728E+02   1.0738766009634919E+03   3.3264177021399059E+03  -1.9804434493166809E+00   2.1514318275958798E+06
   1.2400000000000000E+04   8.2128236883887882E+02   1.0891645041461516E+03   3.3391984239424173E+03  -1.9714980172411065E+00   2.1763241083965064E+06
   1.2500000000000000E+04   8.3095557740135757E+02   1.1045424534451449E+03   3.3547870623001863E+03  -1.9625505095897271E+00   2.2012870807120968E+06
   1.2600000000000000E+04   8.4093172058313507E+02   1.1200089652765707E+03   3.3748758960021246E+03  -1.9536022194824392E+00   2.2263195733927232E+06
   1.2700000000000000E+04   8.5072676077235394E+02   1.1355625063109455E+03   3.3916157918373278E+03  -1.9446544078155845E+00   2.2514202443715353E+06
   1.2800000000000000E+04   8.6056573798272268E+02   1.1512014928662627E+03   3.4086809541800603E+03  -1.9357083037261653E+00   2.2765876744098165E+06
   1.2900000000000000E+04   8.6996844058538318E+02   1.1669242904479004E+03   3.4186472693236028E+03  -1.9267651052494532E+00   2.3018202229317119E+06
   1.3000000000000000E+04   8.7955072043308087E+02   1.1827292133866124E+03   3.4312141391602263E+03  -1.9178259797445227E+00   2.3271161973840399E+06
   1.3100000000000000E+04   8.9027467573647664E+02   1.1986145246391029E+03   3.4607792701912399E+03  -1.9088920646292367E+00   2.3524736879806537E+06
   1.3200000000000000E+04   9.0011508514296759E+02   1.2145784356589004E+03   3.4765907385780752E+03  -1.8999644676123473E+00   2.3778907413645037E+06
   1.3300000000000000E+04   9.0994801451592218E+02   1.2306191064521997E+03   3.4920497690638713E+03  -1.8910442674284922E+00   2.4033651526707602E+06
   1.3400000000000000E+04   9.1997571952756641E+02   1.2467346457054359E+03   3.5101278369315578E+03  -1.8821325140702907E+00   2.4288946810834249E+06
   1.3500000000000000E+04   9.3007658221185955E+02   1.2629231110862024E+03   3.5289994302415193E+03  -1.8732302294459735E+00   2.4544769581466313E+06
   1.3600000000000000E+04   9.4013509994964329E+02   1.2791825096278724E+03   3.5470094807217674E+03  -1.8643384076501635E+00   2.4801094305889779E+06
   1.3700000000000000E+04   9.5018249285872048E+02   1.2955107982625391E+03   3.5646417063293484E+03  -1.8554580154667681E+00   2.5057894634912047E+06
   1.3800000000000000E+04   9.5996296965626595E+02   1.3119058844627148E+03   3.5783674447628964E+03  -1.8465899927558140E+00   2.5315143462912943E+06
   1.3900000000000000E+04   9.6984554954624446E+02   1.3283656270015181E+03   3.5934096094753577E+03  -1.8377352528402862E+00   2.5572811737364382E+06
   1.4000000000000000E+04   9.7974772336393153E+02   1.3448878368279711E+03   3.6086169328580609E+03  -1.8288946828929651E+00   2.5830870146622821E+06
   1.4100000000000000E+04   9.9068127859501601E+02   1.3614702780640623E+03   3.6376028355021749E+03  -1.8200691444393144E+00   2.6089287503475901E+06
   1.4200000000000000E+04   1.0006309042455526E+03   1.3781106690739566E+03   3.6531233020471395E+03  -1.8112594734735319E+00   2.6348031823264039E+06
   1.4300000000000000E+04   1.0106387562382407E+03   1.3948066836759765E+03   3.6693476766395156E+03  -1.8024664810001239E+00   2.6607071028274349E+06
   1.4400000000000000E+04   1.0207238671581966E+03   1.4115559524349744E+03   3.6865162937153746E+03  -1.7936909533820571E+00   2.6866370851963786E+06
   1.4500000000000000E+04   1.0307812430391677E+03   1.4283560640457592E+03   3.7032592644371980E+03  -1.7849336526502277E+00   2.7125897249077666E+06
   1.4600000000000000E+04   1.0405598566836134E+03   1.4452045668091955E+03   3.7164006331647493E+03  -1.7761953168516182E+00   2.7385614495148365E+06
   1.4700000000000000E+04   1.0506019199187479E+03   1.4620989701951257E+03   3.7329161513224149E+03  -1.7674766604361316E+00   2.7645486092725461E+06
   1.4800000000000000E+04   1.0608258408608360E+03   1.4790367464721055E+03   3.7516965224688447E+03  -1.7587783744886929E+00   2.7905475946734059E+06
   1.4900000000000000E+04   1.0710409072239327E+03   1.4960153324335997E+03   3.7703295158998831E+03  -1.7501011272708271E+00   2.8165545508131911E+06
   1.5000000000000000E+04   1.0809566452657050E+03   1.5130321311523755E+03   3.7852694496504605E+03  -1.7414455642206532E+00   2.8425657183306133E+06
   1.5100000000000000E+04   1.0915800966755010E+03   1.5300845138497366E+03   3.8088779408717787E+03  -1.7328123086878788E+00   2.8685771680470924E+06
   1.5200000000000000E+04   1.1016052096026388E+03   1.5471698217694200E+03   3.8251923273547768E+03  -1.7242019619337976E+00   2.8945849872892592E+06
   1.5300000000000000E+04   1.1117995807161371E+03   1.5642853681374634E+03   3.8435943509452454E+03  -1.7156151036341800E+00   2.9205851705545322E+06
   1.5400000000000000E+04   1.1218525900700367E+03   1.5814284401491859E+03   3.8603629657351162E+03  -1.7070522921113735E+00   2.9465736934015513E+06
   1.5500000000000000E+04   1.1318866303251223E+03   1.5985963010100093E+03   3.8769922589028897E+03  -1.6985140647985100E+00   2.9725464471144960E+06
   1.5600000000000000E+04   1.1419459346889489E+03   1.6157861919920836E+03   3.8940137416215507E+03  -1.6900009383942383E+00   2.9984993374161110E+06
   1.5700000000000000E+04   1.1514849821948440E+03   1.6329953345355871E+03   3.9051488603952616E+03  -1.6815134092882469E+00   3.0244282188864169E+06
   1.5800000000000000E+04   1.1617733715469783E+03   1.6502209323698842E+03   3.9250533530494235E+03  -1.6730519539481001E+00   3.0503288747955896E+06
   1.5900000000000000E+04   1.1710313684383286E+03   1.6674601736376501E+03   3.9333901427563251E+03  -1.6646170289966085E+00   3.0761971906119930E+06
   1.6000000000000000E+04   1.1818094311694952E+03   1.6847102330617165E+03   3.9590440793267917E+03  -1.6562090719081302E+00   3.1020288687690310E+06
   1.6100000000000000E+04   1.1916356039305163E+03   1.7019682740859969E+03   3.9741253318999657E+03  -1.6478285010085763E+00   3.1278197235371266E+06
   1.6200000000000000E+04   1.2013711556330416E+03   1.7192314510413678E+03   3.9884020718554411E+03  -1.6394757159396149E+00   3.1535655158908307E+06
   1.6300000000000000E+04   1.2112240209484546E+03   1.7364969113032491E+03   4.0041791798023919E+03  -1.6311510980068229E+00   3.1792620063421261E+06
   1.6400000000000000E+04   1.2212143112178194E+03   1.7537617974395309E+03   4.0216488874920642E+03  -1.6228550104504700E+00   3.2049049342564284E+06
   1.6500000000000000E+04   1.2310199032733728E+03   1.7710232493504413E+03   4.0373173332135680E+03  -1.6145877987936799E+00   3.2304901223085504E+06
   1.6600000000000000E+04   1.2407452508738545E+03   1.7882784063936854E+03   4.0523535745825120E+03  -1.6063497912292599E+00   3.2560132799558709E+06
   1.6700000000000000E+04   1.2507707161181286E+03   1.8055244094851523E+03   4.0708103174834041E+03  -1.5981412988518091E+00   3.2814702080127290E+06
   1.6800000000000000E+04   1.2605398981561241E+03   1.8227584031783954E+03   4.0867735077746961E+03  -1.5899626159284983E+00   3.3068567022380275E+06
   1.6900000000000000E+04   1.2702911905999574E+03   1.8399775377234919E+03   4.1027966860598035E+03  -1.5818140204406481E+00   3.3321686080932408E+06
   1.7000000000000000E+04   1.2793635317234782E+03   1.8571789710849155E+03   4.1120518519123962E+03  -1.5736957742384627E+00   3.3574017734178067E+06
   1.7100000000000000E+04   1.2885384671685420E+03   1.8743598709317462E+03   4.1227322516690838E+03  -1.5656081234278625E+00   3.3825520514521161E+06
   1.7200000000000000E+04   1.2993581965717829E+03   1.8915174165889146E+03   4.1505030676242532E+03  -1.5575512986799602E+00   3.4076153299437440E+06
   1.7300000000000000E+04   1.3088354730500409E+03   1.9086488009487703E+03   4.1648078495147238E+03  -1.5495255155405285E+00   3.4325875609467342E+06
   1.7400000000000000E+04   1.3181992349320869E+03   1.9257512323407161E+03   4.1782823724858681E+03  -1.5415309747781525E+00   3.4574647384074936E+06
   1.7500000000000000E+04   1.3274678656036322E+03   1.9428219363555049E+03   4.1911377720318897E+03  -1.5335678627323825E+00   3.4822428483044845E+06
   1.7600000000000000E+04   1.3368442489678966E+03   1.9598581576212873E+03   4.2054038768923647E+03  -1.5256363515458415E+00   3.5069179505773834E+06
   1.7700000000000000E+04   1.3459088331879436E+03   1.9768571615320591E+03   4.2169372611535473E+03  -1.5177365995510552E+00   3.5314861827799128E+06
   1.7800000000000000E+04   1.3544915466134291E+03   1.9938162359241010E+03   4.2241560230868463E+03  -1.5098687516572962E+00   3.5559436289895102E+06
   1.7900000000000000E+04   1.3636421812450092E+03   2.0107326926988567E+03   4.2373050855159727E+03  -1.5020329394666307E+00   3.5802865906090639E+06
   1.8000000000000000E+04   1.3733587035774640E+03   2.0276038693929574E+03   4.2562445501102357E+03  -1.4942292818154939E+00   3.6045112124108621E+06
   1.8100000000000000E+04   1.3821355347729341E+03   2.0444271306916148E+03   4.2665125195544524E+03  -1.4864578849294214E+00   3.6286138895055214E+06
   1.8200000000000000E+04   1.3909203782876587E+03   2.0611998698860061E+03   4.2772678243694381E+03  -1.4787188427712064E+00   3.6525909726126618E+06
   1.8300000000000000E+04   1.4004045385857935E+03   2.0779195102725971E+03   4.2950016377599595E+03  -1.4710122373890491E+00   3.6764389055942134E+06
   1.8400000000000000E+04   1.4083616937556139E+03   2.0945835064936568E+03   4.2988012333033812E+03  -1.4633381392647173E+00   3.7001541178086242E+06
   1.8500000000000000E+04   1.4201470352353576E+03   2.1111893458211166E+03   4.3386624007825540E+03  -1.4556966074295892E+00   3.7237332740698294E+06
   1.8600000000000000E+04   1.4288150413655326E+03   2.1277345493772705E+03   4.3497700283568283E+03  -1.4480876900062318E+00   3.7471728903359575E+06
   1.8700000000000000E+04   1.4375229432992899E+03   2.1442166733003728E+03   4.3616640878778408E+03  -1.4405114242857646E+00   3.7704697503149505E+06
   1.8800000000000000E+04   1.4460406916888369E+03   2.1606333098454406E+03   4.3722305639184979E+03  -1.4329678372307524E+00   3.7936205464732070E+06
   1.8900000000000000E+04   1.4544247158961446E+03   2.1769820884311434E+03   4.3820140459837276E+03  -1.4254569455525683E+00   3.8166221600164310E+06
   1.9000000000000000E+04   1.4628021729202048E+03   2.1932606766204099E+03   4.3921817150307661E+03  -1.4179787562142845E+00   3.8394714668218680E+06
   1.9100000000000000E+04   1.4701375176721558E+03   2.2094667810480846E+03   4.3934687422449397E+03  -1.4105332665467234E+00   3.8621654507895657E+06
   1.9200000000000000E+04   1.4780833175509990E+03   2.2255981482847319E+03   4.4007414425785864E+03  -1.4031204646352942E+00   3.8847011488425904E+06
   1.9300000000000000E+04   1.4857293106985494E+03   2.2416525656447857E+03   4.4058558846928681E+03  -1.3957403295520960E+00   3.9070756802691966E+06
   1.9400000000000000E+04   1.4945887381623875E+03   2.2576278619361128E+03   4.4220867217444938E+03  -1.3883928316267051E+00   3.9292862765680375E+06
   1.9500000000000000E+04   1.5026057361858489E+03   2.2735219081512028E+03   4.4313599646288421E+03  -1.3810779327556424E+00   3.9513301680942304E+06
   1.9600000000000000E+04   1.5107248076802953E+03   2.2893326181049542E+03   4.4419687715648670E+03  -1.3737955865957918E+00   3.9732047277974831E+06
   1.9700000000000000E+04   1.5172717578741633E+03   2.3050579490113619E+03   4.4395286000756842E+03  -1.3665457389512414E+00   3.9949073863198818E+06
   1.9800000000000000E+04   1.5278070016546383E+03   2.3206959020132854E+03   4.4717178487469746E+03  -1.3593283278893322E+00   4.0164356323952079E+06
   1.9900000000000000E+04   1.5358878002964148E+03   2.3362445226504337E+03   4.4832627260185145E+03  -1.3521432841274934E+00   4.0377870713443561E+06
   2.0000000000000000E+04   1.5431966297031399E+03   2.3517019012832143E+03   4.4887010334938705E+03  -1.3449905311492978E+00   4.0589593386553903E+06
   2.0100000000000000E+04   1.5516331174383522E+03   2.3670661734547125E+03   4.5041321771320463E+03  -1.3378699856299792E+00   4.0799501875138604E+06
   2.0200000000000000E+04   1.5577179310943638E+03   2.3823355202156727E+03   4.5002760148220050E+03  -1.3307815574751194E+00   4.1007574310759041E+06
   2.0300000000000000E+04   1.5648958621584088E+03   2.3975081683881826E+03   4.5061195758572694E+03  -1.3237251502074825E+00   4.1213789719220237E+06
   2.0400000000000000E+04   1.5718342370179050E+03   2.4125823907882177E+03   4.5104822228410521E+03  -1.3167006611604373E+00   4.1418127729201387E+06
   2.0500000000000000E+04   1.5793408863983093E+03   2.4275565064003031E+03   4.5200054728905207E+03  -1.3097079817100532E+00   4.1620568571288660E+06
   2.0600000000000000E+04   1.5865449512500795E+03   2.4424288805102401E+03   4.5275101876378676E+03  -1.3027469974298436E+00   4.1821093967636363E+06
   2.0700000000000000E+04   1.5929357888881543E+03   2.4571979247859140E+03   4.5289019988215941E+03  -1.2958175884389131E+00   4.2019685950645357E+06
   2.0800000000000000E+04   1.6017710783154641E+03   2.4718620973252059E+03   4.5505092347532773E+03  -1.2889196295180119E+00   4.2216327154944716E+06
   2.0900000000000000E+04   1.6081823025861138E+03   2.4864199026545411E+03   4.5530007869571637E+03  -1.2820529904190030E+00   4.2411000814122166E+06
   2.1000000000000000E+04   1.6149567889784485E+03   2.5008698916962348E+03   4.5589085403032104E+03  -1.2752175359809157E+00   4.2603691657895595E+06
   2.1100000000000000E+04   1.6225319590611318E+03   2.5152106616962551E+03   4.5716445013492803E+03  -1.2684131262846814E+00   4.2794385016840398E+06
   2.1200000000000000E+04   1.6286435197126723E+03   2.5294408561002506E+03   4.5732345027846095E+03  -1.2616396171173359E+00   4.2983066213790346E+06
   2.1300000000000000E+04   1.6352369826334007E+03   2.5435591644253950E+03   4.5791263238543261E+03  -1.2548968597786010E+00   4.3169722064394122E+06
   2.1400000000000000E+04   1.6410198039123352E+03   2.5575643220611655E+03   4.5791705903809452E+03  -1.2481847016611418E+00   4.3354339972648360E+06
   2.1500000000000000E+04   1.6468596973019244E+03   2.5714551100732497E+03   4.5801933750758217E+03  -1.2415029860958315E+00   4.3536907925682003E+06
   2.1600000000000000E+04   1.6528014529231134E+03   2.5852303549436551E+03   4.5825182783723667E+03  -1.2348515528546393E+00   4.3717414487046413E+06
   2.1700000000000000E+04   1.6592511139063968E+03   2.5988889283122435E+03   4.5892250004304005E+03  -1.2282302380345802E+00   4.3895849096190715E+06
   2.1800000000000000E+04   1.6652186243862916E+03   2.6124297466662842E+03   4.5927107132970632E+03  -1.2216388744058668E+00   4.4072202371144267E+06
   2.1900000000000000E+04   1.6714727839237701E+03   2.6258517710126794E+03   4.5988436766125542E+03  -1.2150772915666463E+00   4.4246464881176883E+06
   2.2000000000000000E+04   1.6786049519075086E+03   2.6391540065288141E+03   4.6120465819961328E+03  -1.2085453160203674E+00   4.4418628362626182E+06
   2.2100000000000000E+04   1.6837694440055589E+03   2.6523355021743182E+03   4.6108589457035578E+03  -1.2020427715239324E+00   4.4588684485116852E+06
   2.2200000000000000E+04   1.6891144823507138E+03   2.6653953503073212E+03   4.6115396041894555E+03  -1.1955694789329647E+00   4.4756626690709936E+06
   2.2300000000000000E+04   1.6948928246505097E+03   2.6783326862448985E+03   4.6159272460075208E+03  -1.1891252566660115E+00   4.4922448651082311E+06
   2.2400000000000000E+04   1.7002286844728148E+03   2.6911466878285250E+03   4.6175009206362893E+03  -1.1827099207045459E+00   4.5086143945904654E+06
   2.2500000000000000E+04   1.7068314900075834E+03   2.7038365749617824E+03   4.6288564417813641E+03  -1.1763232847476990E+00   4.5247707602089345E+06
   2.2600000000000000E+04   1.7117523475333435E+03   2.7164016091299632E+03   4.6282887063311509E+03  -1.1699651603669983E+00   4.5407135471982919E+06
   2.2700000000000000E+04   1.7166864859629000E+03   2.7288410929049874E+03   4.6283093456277265E+03  -1.1636353571224147E+00   4.5564422979259286E+06
   2.2800000000000000E+04   1.7211835604156661E+03   2.7411543694300508E+03   4.6256518280005366E+03  -1.1573336827557854E+00   4.5719567289700778E+06
   2.2900000000000000E+04   1.7256720030670681E+03   2.7533408218964014E+03   4.6234381000883104E+03  -1.1510599432681792E+00   4.5872565434545223E+06
   2.3000000000000000E+04   1.7301316684461240E+03   2.7653998730067069E+03   4.6215134156820413E+03  -1.1448139429972637E+00   4.6023415237214863E+06
   2.3100000000000000E+04   1.7350140088950586E+03   2.7773309844167129E+03   4.6230736699741983E+03  -1.1385954848494093E+00   4.6172114992352370E+06
   2.3200000000000000E+04   1.7388104731396336E+03   2.7891336561745879E+03   4.6174119458441110E+03  -1.1324043703770559E+00   4.6318664087020094E+06
   2.3300000000000000E+04   1.7425658646310492E+03   2.8008074261499105E+03   4.6119823598772855E+03  -1.1262403998560782E+00   4.6463061734168213E+06
   2.3400000000000000E+04   1.7490711931156263E+03   2.8123518694485151E+03   4.6262513269048141E+03  -1.1201033724405232E+00   4.6605307906293385E+06
   2.3500000000000000E+04   1.7541707128536127E+03   2.8237665978234413E+03   4.6310655598454277E+03  -1.1139930862399783E+00   4.6745403329060553E+06
   2.3600000000000000E+04   1.7589149033589340E+03   2.8350512590759195E+03   4.6338123276699171E+03  -1.1079093384356216E+00   4.6883348839460080E+06
   2.3700000000000000E+04   1.7640084088670285E+03   2.8462055364519565E+03   4.6393862741713201E+03  -1.1018519253575856E+00   4.7019146328001441E+06
   2.3800000000000000E+04   1.7677367492666760E+03   2.8572291480257845E+03   4.6359469527220217E+03  -1.0958206426783841E+00   4.7152797459652759E+06
   2.3900000000000000E+04   1.7715564668427962E+03   2.8681218460925643E+03   4.6335949504576320E+03  -1.0898152853742193E+00   4.7284305255500032E+06
   2.4000000000000000E+04   1.7752733233115277E+03   2.8788834165423837E+03   4.6309878476641961E+03  -1.0838356479184075E+00   4.7413672492038477E+06
   2.4100000000000000E+04   1.7784939759272802E+03   2.8895136782426493E+03   4.6254649304637624E+03  -1.0778815242813762E+00   4.7540902647508895E+06
   2.4200000000000000E+04   1.7815843420136666E+03   2.9000124824043523E+03   4.6195340082296134E+03  -1.0719527081434241E+00   4.7665999413455594E+06
   2.4300000000000000E+04   1.7850328683949485E+03   2.9103797119654751E+03   4.6164642261624758E+03  -1.0660489927980126E+00   4.7788967488064291E+06
   2.4400000000000000E+04   1.7886370294681085E+03   2.9206152809474443E+03   4.6148595465558419E+03  -1.0601701714612359E+00   4.7909811283427365E+06
   2.4500000000000000E+04   1.7915782685199420E+03   2.9307191338446387E+03   4.6092742971125235E+03  -1.0543160370397191E+00   4.8028536201814562E+06
   2.4600000000000000E+04   1.7968404755498757E+03   2.9406912449698871E+03   4.6194426723481356E+03  -1.0484863825948212E+00   4.8145147661478696E+06
   2.4700000000000000E+04   1.7995522077495557E+03   2.9505316178488324E+03   4.6131456743233630E+03  -1.0426810010331662E+00   4.8259652056530546E+06
   2.4800000000000000E+04   1.8037330593080844E+03   2.9602402845738134E+03   4.6169043721750322E+03  -1.0368996854547965E+00   4.8372055131362537E+06
   2.4900000000000000E+04   1.8067662322899644E+03   2.9698173051882345E+03   4.6135253628314358E+03  -1.0311422290371226E+00   4.8482363912450327E+06
   2.5000000000000000E+04   1.8095277093782991E+03   2.9792627670521274E+03   4.6087859769037941E+03  -1.0254084252476838E+00   4.8590584917873032E+06
   2.5100000000000000E+04   1.8113191478111601E+03   2.9885767842294567E+03   4.5982002465051783E+03  -1.0196980677474374E+00   4.8696726585561754E+06
   2.5200000000000000E+04   1.8142798903060568E+03   2.9977594968599392E+03   4.5955796289248256E+03  -1.0140109505841777E+00   4.8800795687739709E+06
   2.5300000000000000E+04   1.8157417638036377E+03   3.0068110705461877E+03   4.5837739296542313E+03  -1.0083468681925360E+00   4.8902800901735518E+06
   2.5400000000000000E+04   1.8179633446821758E+03   3.0157316957395788E+03   4.5772537531241087E+03  -1.0027056154713492E+00   4.9002750195430629E+06
   2.5500000000000000E+04   1.8205934460149681E+03   3.0245215871348655E+03   4.5737149841405262E+03  -9.9708698778365901E-01   4.9100652122463780E+06
   2.5600000000000000E+04   1.8247705308636566E+03   3.0331809830642660E+03   4.5802808661513309E+03  -9.9149078103407884E-01   4.9196516472835112E+06
   2.5700000000000000E+04   1.8279413584817996E+03   3.0417101448937715E+03   4.5808294269958442E+03  -9.8591679178484670E-01   4.9290351312471135E+06
   2.5800000000000000E+04   1.8306998320391983E+03   3.0501093564388088E+03   4.5791299598737978E+03  -9.8036481713977153E-01   4.9382167241419563E+06
   2.5900000000000000E+04   1.8326312748054452E+03   3.0583789233611315E+03   4.5726221639190717E+03  -9.7483465501502131E-01   4.9471973444877043E+06
   2.6000000000000000E+04   1.8344458178191294E+03   3.0665191725999348E+03   4.5657697649332895E+03  -9.6932610394570418E-01   4.9559779985336745E+06
   2.6100000000000000E+04   1.8353698357756314E+03   3.0745304517847953E+03   4.5538087455950144E+03  -9.6383896327928553E-01   4.9645597468430949E+06
   2.6200000000000000E+04   1.8372519218998000E+03   3.0824131286642000E+03   4.5481415691093080E+03  -9.5837303321427492E-01   4.9729436375018898E+06
   2.6300000000000000E+04   1.8387494379785821E+03   3.0901675905473157E+03   4.5404838572264680E+03  -9.5292811472285499E-01   4.9811307051251438E+06
   2.6400000000000000E+04   1.8402922420381990E+03   3.0977942437403040E+03   4.5334692958495725E+03  -9.4750400966693415E-01   4.9891220695093321E+06
   2.6500000000000000E+04   1.8422893313516149E+03   3.1052935129916609E+03   4.5295567448329693E+03  -9.4210052087551588E-01   4.9969188688164121E+06
   2.6600000000000000E+04   1.8439411623790518E+03   3.1126658409547927E+03   4.5238914051163119E+03  -9.3671745204798551E-01   5.0045222422030186E+06
   2.6700000000000000E+04   1.8460629688855304E+03   3.1199116876411581E+03   4.5213794604855284E+03  -9.3135460792819036E-01   5.0119332955842577E+06
   2.6800000000000000E+04   1.8486324073120752E+03   3.1270315298978808E+03   4.5218521529983918E+03  -9.2601179418838797E-01   5.0191532509548543E+06
   2.6900000000000000E+04   1.8489794139149074E+03   3.1340258608763065E+03   4.5093695353497997E+03  -9.2068881758397936E-01   5.0261833125360291E+06
   2.7000000000000000E+04   1.8503248376570486E+03   3.1408951895182799E+03   4.5031844821646091E+03  -9.1538548593416902E-01   5.0330246491075670E+06
   2.7100000000000000E+04   1.8511462550600447E+03   3.1476400400519797E+03   4.4942306240638991E+03  -9.1010160806393792E-01   5.0396785272167604E+06
   2.7200000000000000E+04   1.8528763313748238E+03   3.1542609514804399E+03   4.4909516907489051E+03  -9.0483699399746331E-01   5.0461461598663665E+06
   2.7300000000000000E+04   1.8534485487381955E+03   3.1607584771003148E+03   4.4811892613966311E+03  -8.9959145476469915E-01   5.0524288400312504E+06
   2.7400000000000000E+04   1.8537458025006349E+03   3.1671331839989139E+03   4.4701661737460136E+03  -8.9436480271084684E-01   5.0585277719663139E+06
   2.7500000000000000E+04   1.8544033676315082E+03   3.1733856525970227E+03   4.4615739787007742E+03  -8.8915685114820164E-01   5.0644443061334845E+06
   2.7600000000000000E+04   1.8545776540707579E+03   3.1795164761592027E+03   4.4505150797377974E+03  -8.8396741470430384E-01   5.0701797029612586E+06
   2.7700000000000000E+04   1.8555426869841101E+03   3.1855262603408278E+03   4.4443255352792958E+03  -8.7879630916720730E-01   5.0757353007376865E+06
   2.7800000000000000E+04   1.8591761146937904E+03   3.1914156227338740E+03   4.4537064559632536E+03  -8.7364335148547878E-01   5.0811124138627723E+06
   2.7900000000000000E+04   1.8594466182911842E+03   3.1971851924097209E+03   4.4440635181610014E+03  -8.6850835996161313E-01   5.0863123320129719E+06
   2.8000000000000000E+04   1.8585556206577046E+03   3.2028356094936034E+03   4.4281311731953811E+03  -8.6339115401993605E-01   5.0913364382842891E+06
   2.8100000000000000E+04   1.8583103571535983E+03   3.2083675247251326E+03   4.4162149159035944E+03  -8.5829155436133520E-01   5.0961860901435493E+06
   2.8200000000000000E+04   1.8595328856062165E+03   3.2137815990311274E+03   4.4128766830730847E+03  -8.5320938304062977E-01   5.1008625675687371E+06
   2.8300000000000000E+04   1.8590158248885209E+03   3.2190785031230821E+03   4.4000309505090208E+03  -8.4814446323446591E-01   5.1053673277736902E+06
   2.8400000000000000E+04   1.8592830704449434E+03   3.2242589170728288E+03   4.3918799252415938E+03  -8.4309661955078907E-01   5.1097017155169845E+06
   2.8500000000000000E+04   1.8591445749482257E+03   3.2293235299254070E+03   4.3817483107624139E+03  -8.3806567779674079E-01   5.1138670986270197E+06
   2.8600000000000000E+04   1.8592836529694216E+03   3.2342730392966564E+03   4.3734381159600171E+03  -8.3305146517207596E-01   5.1178648504770668E+06
   2.8700000000000000E+04   1.8571217301195818E+03   3.2391081509991254E+03   4.3527331691142936E+03  -8.2805381007574563E-01   5.1216964009662913E+06
   2.8800000000000000E+04   1.8607105317441740E+03   3.2438295786530703E+03   4.3639250530692780E+03  -8.2307254233800031E-01   5.1253631162092527E+06
   2.8900000000000000E+04   1.8611480973925773E+03   3.2484380433294596E+03   4.3580105958003951E+03  -8.1810749298828400E-01   5.1288664179781452E+06
   2.9000000000000000E+04   1.8609215475636258E+03   3.2529342731742836E+03   4.3487069984239370E+03  -8.1315849452602418E-01   5.1322076975082429E+06
   2.9100000000000000E+04   1.8603838914840696E+03   3.2573190030673950E+03   4.3379708566871868E+03  -8.0822538066918626E-01   5.1353883838117858E+06
   2.9200000000000000E+04   1.8598253163474258E+03   3.2615929742668113E+03   4.3273884590588568E+03  -8.0330798652834923E-01   5.1384098399369540E+06
   2.9300000000000000E+04   1.8592595036123532E+03   3.2657569340752184E+03   4.3170285879364101E+03  -7.9840614849065550E-01   5.1412735694317790E+06
   2.9400000000000000E+04   1.8631065985594580E+03   3.2698116354982412E+03   4.3306929840817629E+03  -7.9351970441322894E-01   5.1439809227517173E+06
   2.9500000000000000E+04   1.8581798586782390E+03   3.2737578369339685E+03   4.2973477747064671E+03  -7.8864849333304909E-01   5.1465333383979620E+06
   2.9600000000000000E+04   1.8571269835165704E+03   3.2775963018399843E+03   4.2851418574852187E+03  -7.8379235577641737E-01   5.1489322389869215E+06
   2.9700000000000000E+04   1.8564266640722772E+03   3.2813277984350398E+03   4.2750646144306866E+03  -7.7895113350751566E-01   5.1511790481884442E+06
   2.9800000000000000E+04   1.8535628805263941E+03   3.2849530993869680E+03   4.2538135646481651E+03  -7.7412466970248184E-01   5.1532751729458543E+06
   2.9900000000000000E+04   1.8557361095440951E+03   3.2884729815206560E+03   4.2593571621069086E+03  -7.6931280885270159E-01   5.1552220900806095E+06
   3.0000000000000000E+04   1.8557848930514397E+03   3.2918882255272142E+03   4.2538975437203562E+03  -7.6451539678414826E-01   5.1570211546640098E+06
   3.0100000000000000E+04   1.8551575216358845E+03   3.2951996156782179E+03   4.2450942077373820E+03  -7.5973228071541010E-01   5.1586738257821575E+06
   3.0200000000000000E+04   1.8530904045095449E+03   3.2984079395546482E+03   4.2290001710634988E+03  -7.5496330914163889E-01   5.1601815271101659E+06
   3.0300000000000000E+04   1.8519378993231142E+03   3.3015139877717338E+03   4.2179220034206437E+03  -7.5020833195060010E-01   5.1615456813540980E+06
   3.0400000000000000E+04   1.8497723503019893E+03   3.3045185537200400E+03   4.2018374321026977E+03  -7.4546720032596625E-01   5.1627676924506975E+06
   3.0500000000000000E+04   1.8499908950652648E+03   3.3074224333059419E+03   4.1982770560438958E+03  -7.4073976680533860E-01   5.1638489977803379E+06
   3.0600000000000000E+04   1.8483868903529699E+03   3.3102264247002695E+03   4.1855340369131973E+03  -7.3602588529959145E-01   5.1647909802868105E+06
   3.0700000000000000E+04   1.8470297768339956E+03   3.3129313280998958E+03   4.1742795116919551E+03  -7.3132541095747894E-01   5.1655950558231873E+06
   3.0800000000000000E+04   1.8455946833654432E+03   3.3155379454836102E+03   4.1628404050530116E+03  -7.2663820030102766E-01   5.1662626906949505E+06
   3.0900000000000000E+04   1.8446070487440165E+03   3.3180470803825683E+03   4.1538799687231540E+03  -7.2196411116751136E-01   5.1667952430773713E+06
   3.1000000000000000E+04   1.8452593486867086E+03   3.3204595376541452E+03   4.1534084998192120E+03  -7.1730300270945069E-01   5.1671941386236604E+06
   3.1100000000000000E+04   1.8437682887270787E+03   3.3227761232632433E+03   4.1422561149134090E+03  -7.1265473535592916E-01   5.1674607999792630E+06
   3.1200000000000000E+04   1.8420738946897329E+03   3.3249976440630662E+03   4.1302807124248620E+03  -7.0801917092864564E-01   5.1675965403523594E+06
   3.1300000000000000E+04   1.8393046840659817E+03   3.3271249075942501E+03   4.1131289454437429E+03  -7.0339617244849428E-01   5.1676028461529184E+06
   3.1400000000000000E+04   1.8373048810619232E+03   3.3291587218753416E+03   4.1000528350661889E+03  -6.9878560429029957E-01   5.1674810230489476E+06
   3.1500000000000000E+04   1.8353870122218652E+03   3.3310998952097825E+03   4.0875876337096724E+03  -6.9418733206676597E-01   5.1672325143960956E+06
   3.1600000000000000E+04   1.8350938983443241E+03   3.3329492359905539E+03   4.0833548158722192E+03  -6.8960122270584467E-01   5.1668586884933328E+06
   3.1700000000000000E+04   1.8328150167562485E+03   3.3347075525147843E+03   4.0694669779770475E+03  -6.8502714441205081E-01   5.1663609091772418E+06
   3.1800000000000000E+04   1.8309975143796864E+03   3.3363756528034910E+03   4.0580471918612893E+03  -6.8046496662777800E-01   5.1657405713043781E+06
   3.1900000000000000E+04   1.8274545663670704E+03   3.3379543444220799E+03   4.0383719333567374E+03  -6.7591456011066753E-01   5.1649989579623938E+06
   3.2000000000000000E+04   1.8266254393867785E+03   3.3394444343145778E+03   4.0321506919132248E+03  -6.7137579677887305E-01   5.1641375256425180E+06
   3.2100000000000000E+04   1.8237707781011511E+03   3.3408467286299069E+03   4.0162383667518034E+03  -6.6684854990447751E-01   5.1631575830182675E+06
   3.2200000000000000E+04   1.8249914362169036E+03   3.3421620325672829E+03   4.0202579080803371E+03  -6.6233269392007754E-01   5.1620604691115841E+06
   3.2300000000000000E+04   1.8228684613340599E+03   3.3433911502150499E+03   4.0082021308841099E+03  -6.5782810453483265E-01   5.1608475174609255E+06
   3.2400000000000000E+04   1.8208090496325608E+03   3.3445348844012115E+03   3.9966240942906452E+03  -6.5333465865709772E-01   5.1595200919147404E+06
   3.2500000000000000E+04   1.8185596691093308E+03   3.3455940365444267E+03   3.9842995768927767E+03  -6.4885223443310636E-01   5.1580795147602540E+06
   3.2600000000000000E+04   1.8163251832857529E+03   3.3465694065135158E+03   3.9722144990966144E+03  -6.4438071116960627E-01   5.1565270663777944E+06
   3.2700000000000000E+04   1.8140098553924734E+03   3.3474617924848230E+03   3.9599080579149108E+03  -6.3991996944990703E-01   5.1548641110819643E+06
   3.2800000000000000E+04   1.8116150105154479E+03   3.3482719908130584E+03   3.9473870067414732E+03  -6.3546989097914608E-01   5.1530919351051832E+06
   3.2900000000000000E+04   1.8086459386928941E+03   3.3490007958973047E+03   3.9323125186699262E+03  -6.3103035870034219E-01   5.1512118183102133E+06
   3.3000000000000000E+04   1.8048092509077965E+03   3.3496490000588574E+03   3.9133363223741876E+03  -6.2660125667834055E-01   5.1492250702949008E+06
   3.3100000000000000E+04   1.8024964869880657E+03   3.3502173934162379E+03   3.9017080257805078E+03  -6.2218247019652551E-01   5.1471329942491911E+06
   3.3200000000000000E+04   1.8003127762306792E+03   3.3507067637704135E+03   3.8908304887010713E+03  -6.1777388566010805E-01   5.1449368505819486E+06
   3.3300000000000000E+04   1.7997648546655071E+03   3.3511178964890237E+03   3.8877186890046828E+03  -6.1337539065415492E-01   5.1426379110828778E+06
   3.3400000000000000E+04   1.7983971796077817E+03   3.3514515743980651E+03   3.8808950151442878E+03  -6.0898687388556039E-01   5.1402374043865576E+06
   3.3500000000000000E+04   1.7957887928694447E+03   3.3517085776755066E+03   3.8684260972388743E+03  -6.0460822518304635E-01   5.1377366613492155E+06
   3.3600000000000000E+04   1.7931150164082651E+03   3.3518896837474945E+03   3.8558002328399293E+03  -6.0023933553584807E-01   5.1351368968268121E+06
   3.3700000000000000E+04   1.7904868594796469E+03   3.3519956671910090E+03   3.8435288776466523E+03  -5.9588009703568556E-01   5.1324393002090277E+06
   3.3800000000000000E+04   1.7872934187885212E+03   3.3520272996388294E+03   3.8288020765475303E+03  -5.9153040285742597E-01   5.1296451631894121E+06
   3.3900000000000000E+04   1.7846010365544123E+03   3.3519853496858200E+03   3.8165218826347918E+03  -5.8719014731710384E-01   5.1267556790425116E+06
   3.4000000000000000E+04   1.7817460130571776E+03   3.3518705828039292E+03   3.8036358148053209E+03  -5.8285922573653215E-01   5.1237721069345474E+06
   3.4100000000000000E+04   1.7788170658172576E+03   3.3516837612515051E+03   3.7905515394556146E+03  -5.7853753463672020E-01   5.1206955888061915E+06
   3.4200000000000000E+04   1.7763297986876880E+03   3.3514256439963738E+03   3.7796031633555140E+03  -5.7422497154445307E-01   5.1175273507392257E+06
   3.4300000000000000E+04   1.7724852793556197E+03   3.3510969866356731E+03   3.7626542683754228E+03  -5.6992143503097825E-01   5.1142685747093009E+06
   3.4400000000000000E+04   1.7711610689119007E+03   3.3506985413198599E+03   3.7571927945453949E+03  -5.6562682471200265E-01   5.1109205088041387E+06
   3.4500000000000000E+04   1.7682849041141633E+03   3.3502310566769265E+03   3.7448575561305083E+03  -5.6134104136374630E-01   5.1074842463466451E+06
   3.4600000000000000E+04   1.7654199558379310E+03   3.3496952777500846E+03   3.7326964622402834E+03  -5.5706398661347045E-01   5.1039610019136816E+06
   3.4700000000000000E+04   1.7635664985581686E+03   3.3490919459220604E+03   3.7251665473039707E+03  -5.5279556328763246E-01   5.1003518717375332E+06
   3.4800000000000000E+04   1.7608421862264390E+03   3.3484217988574151E+03   3.7138561832104206E+03  -5.4853567514110013E-01   5.0966580551178111E+06
   3.4900000000000000E+04   1.7560332654367185E+03   3.3476855704390487E+03   3.6934242519159102E+03  -5.4428422693451750E-01   5.0928807068175878E+06
   3.5000000000000000E+04   1.7535833111914344E+03   3.3468839907084644E+03   3.6835733430925320E+03  -5.4004112447298913E-01   5.0890208811342157E+06
   3.5100000000000000E+04   1.7512312502974048E+03   3.3460177858121333E+03   3.6742540647760684E+03  -5.3580627449003049E-01   5.0850797728145160E+06
   3.5200000000000000E+04   1.7479875054416750E+03   3.3450876779455925E+03   3.6611175468653705E+03  -5.3157958474427491E-01   5.0810584947377415E+06
   3.5300000000000000E+04   1.7448281029085472E+03   3.3440943853035596E+03   3.6484667540906389E+03  -5.2736096396144994E-01   5.0769581146843201E+06
   3.5400000000000000E+04   1.7437738012569580E+03   3.3430386220307441E+03   3.6451143612768487E+03  -5.2315032185371735E-01   5.0727797483188184E+06
   3.5500000000000000E+04   1.7405897443344795E+03   3.3419210981774368E+03   3.6325483641489559E+03  -5.1894756902296546E-01   5.0685244848531131E+06
   3.5600000000000000E+04   1.7374421542648388E+03   3.3407425196526488E+03   3.6202492093772303E+03  -5.1475261709620201E-01   5.0641933682045238E+06
   3.5700000000000000E+04   1.7343337368765140E+03   3.3395035881857834E+03   3.6082248446708845E+03  -5.1056537855147610E-01   5.0597875465106806E+06
   3.5800000000000000E+04   1.7311094885645603E+03   3.3382050012835889E+03   3.5958026805255649E+03  -5.0638576689195602E-01   5.0553079729568074E+06
   3.5900000000000000E+04   1.7278733105668082E+03   3.3368474521967887E+03   3.5834321415773402E+03  -5.0221369643316849E-01   5.0507557986594513E+06
   3.6000000000000000E+04   1.7231138393230078E+03   3.3354316298806775E+03   3.5646374649101904E+03  -4.9804908251576008E-01   5.0461319981880607E+06
   3.6100000000000000E+04   1.7203237835153213E+03   3.3339582189657485E+03   3.5543909396877521E+03  -4.9389184129273428E-01   5.0414376506886249E+06
   3.6200000000000000E+04   1.7171550445450048E+03   3.3324278997248480E+03   3.5426184252677999E+03  -4.8974188980682137E-01   5.0366738087433074E+06
   3.6300000000000000E+04   1.7140498698893914E+03   3.3308413480418371E+03   3.5312087281393988E+03  -4.8559914610652866E-01   5.0318414039579369E+06
   3.6400000000000000E+04   1.7102339696206102E+03   3.3291992353890246E+03   3.5168818901712802E+03  -4.8146352895601269E-01   5.0269414917441262E+06
   3.6500000000000000E+04   1.7073468786323917E+03   3.3275022287972051E+03   3.5065776521994044E+03  -4.7733495808652260E-01   5.0219750819805255E+06
   3.6600000000000000E+04   1.7030198956399768E+03   3.3257509908337520E+03   3.4903010869203263E+03  -4.7321335408035103E-01   5.0169431198766194E+06
   3.6700000000000000E+04   1.7016980886157464E+03   3.3239461795810375E+03   3.4867372579794178E+03  -4.6909863833214793E-01   5.0118466561902352E+06
   3.6800000000000000E+04   1.6981762272305662E+03   3.3220884486150821E+03   3.4740126676216405E+03  -4.6499073310694788E-01   5.0066866392254718E+06
   3.6900000000000000E+04   1.6946999042532257E+03   3.3201784469873533E+03   3.4615689769418432E+03  -4.6088956150148525E-01   5.0014639902528822E+06
   3.7000000000000000E+04   1.6922866301525503E+03   3.3182168192078507E+03   3.4536377987762303E+03  -4.5679504742485344E-01   4.9961796985158389E+06
   3.7100000000000000E+04   1.6887616099978898E+03   3.3162042052289335E+03   3.4411526213673483E+03  -4.5270711563718780E-01   4.9908347074468629E+06
   3.7200000000000000E+04   1.6853150998235960E+03   3.3141412404328044E+03   3.4290782399651848E+03  -4.4862569163361432E-01   4.9854299907398084E+06
   3.7300000000000000E+04   1.6804656030489652E+03   3.3120285556167805E+03   3.4112996101501071E+03  -4.4455070179898543E-01   4.9799664380352516E+06
   3.7400000000000000E+04   1.6777764160974314E+03   3.3098667769841782E+03   3.4025177477497618E+03  -4.4048207325314420E-01   4.9744449691836489E+06
   3.7500000000000000E+04   1.6738893897147450E+03   3.3076565261330366E+03   3.3888863599330462E+03  -4.3641973396697559E-01   4.9688664962118985E+06
   3.7600000000000000E+04   1.6700491876219940E+03   3.3053984200502555E+03   3.3755346177496726E+03  -4.3236361254964700E-01   4.9632319808657914E+06
   3.7700000000000000E+04   1.6669522006607260E+03   3.3030930711007800E+03   3.3652959615743403E+03  -4.2831363855807664E-01   4.9575422047107564E+06
   3.7800000000000000E+04   1.6632214594282650E+03   3.3007410870256435E+03   3.3525481560257895E+03  -4.2426974216812291E-01   4.9517981715548737E+06
   3.7900000000000000E+04   1.6612908895933747E+03   3.2983430709347017E+03   3.3471793733585150E+03  -4.2023185440668570E-01   4.9460006857182961E+06
   3.8000000000000000E+04   1.6577866530694421E+03   3.2958996213055689E+03   3.3354832713035485E+03  -4.1619990693894771E-01   4.9401506590335304E+06
   3.8100000000000000E+04   1.6542427971901086E+03   3.2934113319791622E+03   3.3236984840072787E+03  -4.1217383228113230E-01   4.9342489187417487E+06
   3.8200000000000000E+04   1.6496072753615470E+03   3.2908787921606299E+03   3.3075926452854833E+03  -4.0815356360708804E-01   4.9282963615213428E+06
   3.8300000000000000E+04   1.6459316676630583E+03   3.2883025864182264E+03   3.2954318041300671E+03  -4.0413903486433661E-01   4.9222937993451869E+06
   3.8400000000000000E+04   1.6420479441120162E+03   3.2856832946856625E+03   3.2825100148635693E+03  -4.0013018063868239E-01   4.9162420751777124E+06
   3.8500000000000000E+04   1.6391081822552553E+03   3.2830214922626915E+03   3.2734252820565657E+03  -3.9612693632828760E-01   4.9101419857154712E+06
   3.8600000000000000E+04   1.6352306741367820E+03   3.2803177498202544E+03   3.2606640005319186E+03  -3.9212923791157084E-01   4.9039944364272859E+06
   3.8700000000000000E+04   1.6314709749192486E+03   3.2775726334026699E+03   3.2484413049632790E+03  -3.8813702217930901E-01   4.8978001703215241E+06
   3.8800000000000000E+04   1.6258021191635130E+03   3.2747867044344184E+03   3.2287476859605022E+03  -3.8415022652187658E-01   4.8915599809994092E+06
   3.8900000000000000E+04   1.6228696478617671E+03   3.2719605197253272E+03   3.2199349999819628E+03  -3.8016878902595597E-01   4.8852747130396385E+06
   3.9000000000000000E+04   1.6218001371880353E+03   3.2690946314773469E+03   3.2185004807522182E+03  -3.7619264849387835E-01   4.8789451064147782E+06
   3.9100000000000000E+04   1.6182983719389076E+03   3.2661895872930609E+03   3.2075353289775335E+03  -3.7222174432757238E-01   4.8725719911640519E+06
   3.9200000000000000E+04   1.6144338272041898E+03   3.2632459301835797E+03   3.1952061770137470E+03  -3.6825601662527441E-01   4.8661561121100103E+06
   3.9300000000000000E+04   1.6108259701661304E+03   3.2602641985782825E+03   3.1839435695196548E+03  -3.6429540612350259E-01   4.8596982458457388E+06
   3.9400000000000000E+04   1.6068754032803665E+03   3.2572449263349235E+03   3.1714029382341760E+03  -3.6033985419705616E-01   4.8531991422364842E+06
   3.9500000000000000E+04   1.6033530497829613E+03   3.2541886427503423E+03   3.1605892840874376E+03  -3.5638930289769999E-01   4.8466595047189165E+06
   3.9600000000000000E+04   1.5998513667527814E+03   3.2510958725726427E+03   3.1499091484317632E+03  -3.5244369483811339E-01   4.8400801276131347E+06
   3.9700000000000000E+04   1.5938020134156282E+03   3.2479671360129223E+03   3.1294436632523730E+03  -3.4850297330794033E-01   4.8334617394254701E+06
   3.9800000000000000E+04   1.5893399511824007E+03   3.2448029487587869E+03   3.1151979643923396E+03  -3.4456708215773968E-01   4.8268050419252012E+06
   3.9900000000000000E+04   1.5892919003640166E+03   3.2416038219874154E+03   3.1179673952917642E+03  -3.4063596593437695E-01   4.8201107889116416E+06
   4.0000000000000000E+04   1.5853927437366883E+03   3.2383702623806053E+03   3.1059640301235513E+03  -3.3670956968760679E-01   4.8133796484737229E+06
   4.0100000000000000E+04   1.5817273431532665E+03   3.2351027721390251E+03   3.0949114296093139E+03  -3.3278783912480692E-01   4.8066123606380802E+06
   4.0200000000000000E+04   1.5778519764104076E+03   3.2318018489979213E+03   3.0831073053203231E+03  -3.2887072055295286E-01   4.7998095598200364E+06
   4.0300000000000000E+04   1.5740463287293505E+03   3.2284679862432972E+03   3.0716221333820777E+03  -3.2495816082059287E-01   4.7929719921993008E+06
   4.0400000000000000E+04   1.5702269109245592E+03   3.2251016727282445E+03   3.0601357600415499E+03  -3.2105010739521433E-01   4.7861002982910601E+06
   4.0500000000000000E+04   1.5646187447832274E+03   3.2217033928903093E+03   3.0419312160100130E+03  -3.1714650824719431E-01   4.7791951911411900E+06
   4.0600000000000000E+04   1.5607828669434959E+03   3.2182736267687960E+03   3.0305003560480009E+03  -3.1324731196584826E-01   4.7722573375402968E+06
   4.0700000000000000E+04   1.5565255963145348E+03   3.2148128500229682E+03   3.0175341921197942E+03  -3.0935246772074859E-01   4.7652873180143293E+06
   4.0800000000000000E+04   1.5538700450779356E+03   3.2113215339506837E+03   3.0106319070088953E+03  -3.0546192518435600E-01   4.7582858655936420E+06
   4.0900000000000000E+04   1.5491069677583773E+03   3.2078001455072513E+03   2.9958678453875937E+03  -3.0157563460938702E-01   4.7512535674638581E+06
   4.1000000000000000E+04   1.5481187482213545E+03   3.2042491473249152E+03   2.9952702888800713E+03  -2.9769354675144721E-01   4.7441910839710766E+06
   4.1100000000000000E+04   1.5440572055276900E+03   3.2006689977326059E+03   2.9832070806887104E+03  -2.9381561290771363E-01   4.7370990691289874E+06
   4.1200000000000000E+04   1.5402378102192718E+03   3.1970601507761726E+03   2.9720947172378328E+03  -2.8994178495562029E-01   4.7299781306012655E+06
   4.1300000000000000E+04   1.5364704046316519E+03   3.1934230562389948E+03   2.9612192060043963E+03  -2.8607201527548898E-01   4.7228288094642786E+06
   4.1400000000000000E+04   1.5326219877493684E+03   3.1897581596628420E+03   2.9500855596298534E+03  -2.8220625667316318E-01   4.7156518409256591E+06
   4.1500000000000000E+04   1.5277930874193989E+03   3.1860659023692660E+03   2.9353731290888782E+03  -2.7834446261210960E-01   4.7084477534964457E+06
   4.1600000000000000E+04   1.5249889127670795E+03   3.1823467214810603E+03   2.9281808920941339E+03  -2.7448658694263228E-01   4.7012171496448126E+06
   4.1700000000000000E+04   1.5210452176995529E+03   3.1786010499443605E+03   2.9168223669696490E+03  -2.7063258411463298E-01   4.6939606055450588E+06
   4.1800000000000000E+04   1.5166107815125933E+03   3.1748293165506484E+03   2.9037067607210588E+03  -2.6678240898419303E-01   4.6866787113829497E+06
   4.1900000000000000E+04   1.5119060554268715E+03   3.1710319459594125E+03   2.8896555881659056E+03  -2.6293601694896584E-01   4.6793720513099572E+06
   4.2000000000000000E+04   1.5077801110705409E+03   3.1672093587208187E+03   2.8777697424808516E+03  -2.5909336387081000E-01   4.6720411832762696E+06
   4.2100000000000000E+04   1.5037803969666124E+03   3.1633619712987725E+03   2.8663861991014460E+03  -2.5525440609513000E-01   4.6646866997068385E+06
   4.2200000000000000E+04   1.5006138778396369E+03   3.1594901960941816E+03   2.8580640901220586E+03  -2.5141910045087773E-01   4.6573091264231959E+06
   4.2300000000000000E+04   1.4961780264840377E+03   3.1555944414684309E+03   2.8451755817207818E+03  -2.4758740423120981E-01   4.6499089832258867E+06
   4.2400000000000000E+04   1.4925841772569720E+03   3.1516751117670879E+03   2.8353722546661725E+03  -2.4375927519348733E-01   4.6424868245901288E+06
   4.2500000000000000E+04   1.4909541179273301E+03   3.1477326073436966E+03   2.8326809667274615E+03  -2.3993467152059286E-01   4.6350432603120171E+06
   4.2600000000000000E+04   1.4871455278948119E+03   3.1437673245841488E+03   2.8221526040767731E+03  -2.3611355189829722E-01   4.6275787318243887E+06
   4.2700000000000000E+04   1.4831252520417113E+03   3.1397796559306607E+03   2.8108979655781905E+03  -2.3229587541855062E-01   4.6200938172257207E+06
   4.2800000000000000E+04   1.4794431141402115E+03   3.1357699899065183E+03   2.8008923763604189E+03  -2.2848160165684983E-01   4.6125889871269828E+06
   4.2900000000000000E+04   1.4745353054858301E+03   3.1317387111405028E+03   2.7865374168170333E+03  -2.2467069061421285E-01   4.6050647881035553E+06
   4.3000000000000000E+04   1.4705130220793912E+03   3.1276862003914575E+03   2.7753908564573358E+03  -2.2086310267849518E-01   4.5975217204205943E+06
   4.3100000000000000E+04   1.4666954610696780E+03   3.1236128345738407E+03   2.7650073804944223E+03  -2.1705879875978218E-01   4.5899602173267603E+06
   4.3200000000000000E+04   1.4637103650151164E+03   3.1195189867818663E+03   2.7576087083917141E+03  -2.1325774009697154E-01   4.5823808909845529E+06
   4.3300000000000000E+04   1.4582819799453982E+03   3.1154050263152922E+03   2.7415821776537009E+03  -2.0945988839316543E-01   4.5747841432837518E+06
   4.3400000000000000E+04   1.4544222606038766E+03   3.1112713187043114E+03   2.7311493721038923E+03  -2.0566520573830352E-01   4.5671705143260444E+06
   4.3500000000000000E+04   1.4511572578480157E+03   3.1071182257355795E+03   2.7228402430401861E+03  -2.0187365472521404E-01   4.5595404156195754E+06
   4.3600000000000000E+04   1.4476281539702927E+03   3.1029461054763597E+03   2.7136249796923607E+03  -1.9808519821751139E-01   4.5518943355864864E+06
   4.3700000000000000E+04   1.4436150055634489E+03   3.0987553123013922E+03   2.7027374351267072E+03  -1.9429979958169818E-01   4.5442327575094011E+06
   4.3800000000000000E+04   1.4413112251389130E+03   3.0945461969176067E+03   2.6978646390050676E+03  -1.9051742253243123E-01   4.5365561389325000E+06
   4.3900000000000000E+04   1.4375115618340528E+03   3.0903191063900276E+03   2.6877717613430800E+03  -1.8673803117120427E-01   4.5288649322729129E+06
   4.4000000000000000E+04   1.4334631605310760E+03   3.0860743841679059E+03   2.6768388578579979E+03  -1.8296159004437412E-01   4.5211595227192733E+06
   4.4100000000000000E+04   1.4296522697068274E+03   3.0818123701095979E+03   2.6667633776313032E+03  -1.7918806400776741E-01   4.5134404560551140E+06
   4.4200000000000000E+04   1.4249454915796655E+03   3.0775334005091859E+03   2.6536060929321652E+03  -1.7541741834273195E-01   4.5057080866958220E+06
   4.4300000000000000E+04   1.4218303119046184E+03   3.0732378081218080E+03   2.6459990531036151E+03  -1.7164961867876924E-01   4.4979628884607656E+06
   4.4400000000000000E+04   1.4166011391300785E+03   3.0689259221898146E+03   2.6311073959862924E+03  -1.6788463103221779E-01   4.4902052888521198E+06
   4.4500000000000000E+04   1.4123773187236457E+03   3.0645980684687165E+03   2.6197279047472034E+03  -1.6412242180625400E-01   4.4824357105308222E+06
   4.4600000000000000E+04   1.4097597749434669E+03   3.0602545692526514E+03   2.6138972432355081E+03  -1.6036295773286555E-01   4.4746545296480227E+06
   4.4700000000000000E+04   1.4056297271208884E+03   3.0558957434007771E+03   2.6028881753193664E+03  -1.5660620593087760E-01   4.4668621591830812E+06
   4.4800000000000000E+04   1.4034589839835985E+03   3.0515219063624108E+03   2.5986179144941011E+03  -1.5285213380924334E-01   4.4590590701544052E+06
   4.4900000000000000E+04   1.3995349953475554E+03   3.0471333702044235E+03   2.5883551793761048E+03  -1.4910070924112082E-01   4.4512455617359029E+06
   4.5000000000000000E+04   1.3946643274240851E+03   3.0427304436353716E+03   2.5748891782697601E+03  -1.4535190035111248E-01   4.4434221166475983E+06
   4.5100000000000000E+04   1.3914794347503607E+03   3.0383134320325466E+03   2.5671990400831205E+03  -1.4160567565065774E-01   4.4355890875390330E+06
   4.5200000000000000E+04   1.3876661928959845E+03   3.0338826374671826E+03   2.5573893293988613E+03  -1.3786200396066634E-01   4.4277468223551158E+06
   4.5300000000000000E+04   1.3836585412019958E+03   3.0294383587306575E+03   2.5469435312416149E+03  -1.3412085445020130E-01   4.4198957905695550E+06
   4.5400000000000000E+04   1.3795507222436672E+03   3.0249808913605125E+03   2.5361845502623369E+03  -1.3038219665582140E-01   4.4120363102273550E+06
   4.5500000000000000E+04   1.3761321225586598E+03   3.0205105276653217E+03   2.5277767883221745E+03  -1.2664600038487117E-01   4.4041687368729869E+06
   4.5600000000000000E+04   1.3721469699540373E+03   3.0160275567513586E+03   2.5174779156902923E+03  -1.2291223581219118E-01   4.3962934427224705E+06
   4.5700000000000000E+04   1.3683751265845269E+03   3.0115322645477427E+03   2.5079195096471385E+03  -1.1918087342209137E-01   4.3884108379662195E+06
   4.5800000000000000E+04   1.3642086368116982E+03   3.0070249338318649E+03   2.4970591010585749E+03  -1.1545188398900993E-01   4.3805212229821589E+06
   4.5900000000000000E+04   1.3602740609347909E+03   3.0025058442555860E+03   2.4870002269029101E+03  -1.1172523863553867E-01   4.3726249783666404E+06
   4.6000000000000000E+04   1.3568994752199053E+03   2.9979752723701645E+03   2.4788319228553355E+03  -1.0800090877439733E-01   4.3647224382573133E+06
   4.6100000000000000E+04   1.3542874219978712E+03   2.9934334916523367E+03   2.4732202952397724E+03  -1.0427886616645933E-01   4.3568139325795649E+06
   4.6200000000000000E+04   1.3505185221721126E+03   2.9888807725284801E+03   2.4637645569444726E+03  -1.0055908280470051E-01   4.3488998296049219E+06
   4.6300000000000000E+04   1.3448219571897832E+03   2.9843173824016080E+03   2.4479333588614850E+03  -9.6841531068934034E-02   4.3409804298426015E+06
   4.6400000000000000E+04   1.3407977911170212E+03   2.9797435856744933E+03   2.4376850235283209E+03  -9.3126183532391674E-02   4.3330560935366824E+06
   4.6500000000000000E+04   1.3370194545736049E+03   2.9751596437769931E+03   2.4282697844843819E+03  -8.9413013155142634E-02   4.3251271344315652E+06
   4.6600000000000000E+04   1.3350414378321648E+03   2.9705658151894058E+03   2.4248054703371145E+03  -8.5701993129358597E-02   4.3171938622844508E+06
   4.6700000000000000E+04   1.3308512137057492E+03   2.9659623554685727E+03   2.4140588977489037E+03  -8.1993096976022861E-02   4.3092566042687837E+06
   4.6800000000000000E+04   1.3275744154899885E+03   2.9613495172721305E+03   2.4063360068137140E+03  -7.8286298486904826E-02   4.3013156409530761E+06
   4.6900000000000000E+04   1.3288137886828604E+03   2.9567275503828632E+03   2.4134818629607994E+03  -7.4581571685876480E-02   4.2933713346289368E+06
   4.7000000000000000E+04   1.3195683410344202E+03   2.9520967017348125E+03   2.3861719288050426E+03  -7.0878890944963385E-02   4.2854239582628263E+06
   4.7100000000000000E+04   1.3162609781403917E+03   2.9474572154367688E+03   2.3783912865370689E+03  -6.7178230887635249E-02   4.2774738238787306E+06
   4.7200000000000000E+04   1.3136643410957049E+03   2.9428093327967772E+03   2.3729402249840432E+03  -6.3479566388806155E-02   4.2695212183594555E+06
   4.7300000000000000E+04   1.3097627692962085E+03   2.9381532923473046E+03   2.3632437909249761E+03  -5.9782872632860133E-02   4.2615664033591459E+06
   4.7400000000000000E+04   1.3059546980091352E+03   2.9334893298680827E+03   2.3538695256672804E+03  -5.6088124997599721E-02   4.2536097229443081E+06
   4.7500000000000000E+04   1.3021688250017548E+03   2.9288176784122988E+03   2.3445841227172073E+03  -5.2395299208981221E-02   4.2456514315708270E+06
   4.7600000000000000E+04   1.2984823093275334E+03   2.9241385683289814E+03   2.3356365652169156E+03  -4.8704371205721415E-02   4.2376918016056307E+06
   4.7700000000000000E+04   1.2935884262024533E+03   2.9194522272877257E+03   2.3228081033291332E+03  -4.5015317197323206E-02   4.2297311234796597E+06
   4.7800000000000000E+04   1.2896646866420219E+03   2.9147588803020726E+03   2.3131345940850561E+03  -4.1328113625391988E-02   4.2217696409358447E+06
   4.7900000000000000E+04   1.2866587064313480E+03   2.9100587497543011E+03   2.3064262206953931E+03  -3.7642737241002922E-02   4.2138076374675538E+06
   4.8000000000000000E+04   1.2828814342948774E+03   2.9053520554167326E+03   2.2972509723519097E+03  -3.3959164930624362E-02   4.2058454149296461E+06
   4.8100000000000000E+04   1.2785912959211894E+03   2.9006390144786601E+03   2.2864504873013861E+03  -3.0277373967561923E-02   4.1978831851159530E+06
   4.8200000000000000E+04   1.2768222740571803E+03   2.8959198415660635E+03   2.2837258432082740E+03  -2.6597341741172474E-02   4.1899212432215381E+06
   4.8300000000000000E+04   1.2732430337761252E+03   2.8911947487680791E+03   2.2752184376388377E+03  -2.2919045988966463E-02   4.1819598160248692E+06
   4.8400000000000000E+04   1.2695530398263586E+03   2.8864639456577506E+03   2.2663704371977997E+03  -1.9242464622531198E-02   4.1739991487133233E+06
   4.8500000000000000E+04   1.2658711778555157E+03   2.8817276393158536E+03   2.2575618862474648E+03  -1.5567575785556344E-02   4.1660395268398817E+06
   4.8600000000000000E+04   1.2621474670489399E+03   2.8769860343543510E+03   2.2486338322069323E+03  -1.1894357892517726E-02   4.1580811456113127E+06
   4.8700000000000000E+04   1.2586212671155151E+03   2.8722393329386323E+03   2.2403452125693552E+03  -8.2227895899936038E-03   4.1501242187211639E+06
   4.8800000000000000E+04   1.2549048882516324E+03   2.8674877348087316E+03   2.2314663603769536E+03  -4.5528496599552921E-03   4.1421691097862576E+06
   4.8900000000000000E+04   1.2508224519635464E+03   2.8627314373049403E+03   2.2214459924761227E+03  -8.8451723252771033E-04   4.1342159170513847E+06
   4.9000000000000000E+04   1.2474608553165438E+03   2.8579706353876568E+03   2.2137130350942848E+03   2.7822283880873937E-03   4.1262649543853649E+06
   4.9100000000000000E+04   1.2435900374724285E+03   2.8532055216598983E+03   2.2043885614014862E+03   6.4474077042696084E-03   4.1183164013065998E+06
   4.9200000000000000E+04   1.2395893061566394E+03   2.8484362863902688E+03   2.1946718384399537E+03   1.0111040966954244E-02   4.1103705000602365E+06
   4.9300000000000000E+04   1.2364402604320615E+03   2.8436631175340785E+03   2.1876366118663946E+03   1.3773148233657924E-02   4.1024274680250795E+06
   4.9400000000000000E+04   1.2338657316763392E+03   2.8388862007554599E+03   2.1824048145945012E+03   1.7433749349136760E-02   4.0944875636906931E+06
   4.9500000000000000E+04   1.2291911221441146E+03   2.8341057194499681E+03   2.1706186705596197E+03   2.1092863887360671E-02   4.0865508885138822E+06
   4.9600000000000000E+04   1.2254817549376294E+03   2.8293218547637684E+03   2.1618628392164246E+03   2.4750511306248411E-02   4.0786177613116596E+06
   4.9700000000000000E+04   1.2218721760222961E+03   2.8245347856174380E+03   2.1534292021855317E+03   2.8406710792932558E-02   4.0706883438864993E+06
   4.9800000000000000E+04   1.2190207727754769E+03   2.8197446887260630E+03   2.1473580267207690E+03   3.2061481341127039E-02   4.0627627950520054E+06
   4.9900000000000000E+04   1.2155200225210979E+03   2.8149517386197626E+03   2.1392786989799979E+03   3.5714841789810853E-02   4.0548414256519354E+06
   5.0000000000000000E+04   1.2119677367631550E+03   2.8101561076662206E+03   2.1310495056567765E+03   3.9366810726518653E-02   4.0469243891148712E+06


