#Te   kappa_tot   kappa_e_ph  kappa_e_e mu Ce
#[K]  [W/(K*m)]   [W/(K*m)]   [W/(K*m)]   [eV]  [J/(m^3*K)]
   3.0000000000000000E+02   1.7726997662510332E+01   1.8592037429831510E+01   3.8100098574723455E+02   9.4088703425734932E-01   1.6886255420331494E+04
   4.0000000000000000E+02   2.6795183951431245E+01   2.8510589340560283E+01   4.4534457614821019E+02   9.3065394713324046E-01   2.5032645208536134E+04
   5.0000000000000000E+02   3.7213967529410731E+01   4.0261274025743461E+01   4.9167412142159839E+02   9.1919939534272632E-01   3.4847705426123634E+04
   6.0000000000000000E+02   4.9729973677745022E+01   5.4816009186433718E+01   5.3597712585833040E+02   9.0619816909523543E-01   4.6833506769630243E+04
   7.0000000000000000E+02   6.4507061926863216E+01   7.2521419546505072E+01   5.8372035835349777E+02   8.9184854260196988E-01   6.0967160700959124E+04
   8.0000000000000000E+02   8.1175375753511631E+01   9.3218587663208027E+01   6.2832522897650563E+02   8.7695930515487497E-01   7.6652095698001736E+04
   9.0000000000000000E+02   9.9066815332368293E+01   1.1633233564611908E+02   6.6749647871651882E+02   8.6274295922832323E-01   9.2967115318404423E+04
   1.0000000000000000E+03   1.1760880653913316E+02   1.4106227607768554E+02   7.0736510476284491E+02   8.5027973526300804E-01   1.0922279124087855E+05
   1.1000000000000000E+03   1.3609410668644773E+02   1.6674134714875495E+02   7.4044234800891809E+02   8.4004570471398421E-01   1.2530746349408089E+05
   1.2000000000000000E+03   1.5425193138540476E+02   1.9299551772332939E+02   7.6838347121234358E+02   8.3191560550497567E-01   1.4143099130498638E+05
   1.3000000000000000E+03   1.7178415244901507E+02   2.1962907699606089E+02   7.8856420408457632E+02   8.2547127976772205E-01   1.5774999509395639E+05
   1.4000000000000000E+03   1.8864462156671098E+02   2.4648058572110639E+02   8.0395023229444450E+02   8.2026034304712314E-01   1.7425238198147574E+05
   1.5000000000000000E+03   2.0468857614354644E+02   2.7336532688156694E+02   8.1475548748443691E+02   8.1590606725649362E-01   1.9080684141906258E+05
   1.6000000000000000E+03   2.2046457397779869E+02   3.0007647403285353E+02   8.3098421169025403E+02   8.1212599737771396E-01   2.0723357868302942E+05
   1.7000000000000000E+03   2.3494981162795369E+02   3.2640353517976286E+02   8.3854922606556170E+02   8.0871761947014409E-01   2.2335041142899572E+05
   1.8000000000000000E+03   2.4892439286955656E+02   3.5214921269255154E+02   8.4920011601181204E+02   8.0553831623818439E-01   2.3899556022480139E+05
   1.9000000000000000E+03   2.6119550909657727E+02   3.7714013852058542E+02   8.4960649726515476E+02   8.0248826443536081E-01   2.5403640860459616E+05
   2.0000000000000000E+03   2.7283336904064885E+02   4.0123205602816847E+02   8.5257486802736548E+02   7.9949771638203060E-01   2.6837103510184668E+05
   2.1000000000000000E+03   2.8189824020133977E+02   4.2431109296198980E+02   8.3989996749044838E+02   7.9651800906776760E-01   2.8192635077100800E+05
   2.2000000000000000E+03   2.8974623560774313E+02   4.4629259860189478E+02   8.2602749722986164E+02   7.9351531549884735E-01   2.9465482004914567E+05
   2.3000000000000000E+03   2.9606289320685022E+02   4.6711861265859301E+02   8.0848794987815916E+02   7.9046630909909033E-01   3.0653074994159275E+05
   2.4000000000000000E+03   3.0165128959786648E+02   4.8675467730351886E+02   7.9323332731157871E+02   7.8735513862834661E-01   3.1754662633767753E+05
   2.5000000000000000E+03   3.0548007763744079E+02   5.0518644406514056E+02   7.7275650704041129E+02   7.8417129878661795E-01   3.2770972050841089E+05
   2.6000000000000000E+03   3.0878621553586498E+02   5.2241635025890889E+02   7.5511335486278927E+02   7.8090811662501480E-01   3.3703905780638161E+05
   2.7000000000000000E+03   3.1108527725210149E+02   5.3846052212468635E+02   7.3669911123498082E+02   7.7756166545160543E-01   3.4556277480155264E+05
   2.8000000000000000E+03   3.1199871158170026E+02   5.5334598523888531E+02   7.1533119822461708E+02   7.7412997894014934E-01   3.5331585507662792E+05
   2.9000000000000000E+03   3.1210119374684336E+02   5.6710821370225528E+02   6.9407952185418844E+02   7.7061247861179838E-01   3.6033821679400199E+05
   3.0000000000000000E+03   3.1216716691174889E+02   5.7978901897334958E+02   6.7629415933416601E+02   7.6700955460722220E-01   3.6667311891629599E+05
   3.1000000000000000E+03   3.1102129204039204E+02   5.9143476104518868E+02   6.5599132663177659E+02   7.6332225780346352E-01   3.7236584695655759E+05
   3.2000000000000000E+03   3.1102359473260185E+02   6.0209485466735680E+02   6.4336721567983511E+02   7.5955207343937570E-01   3.7746264369472570E+05
   3.3000000000000000E+03   3.0873118377200728E+02   6.1182053879127920E+02   6.2320921559600311E+02   7.5570075490709931E-01   3.8200984908915090E+05
   3.4000000000000000E+03   3.0555778162907723E+02   6.2066387631586235E+02   6.0185658221840890E+02   7.5177020217015478E-01   3.8605321813083289E+05
   3.5000000000000000E+03   3.0327559866935604E+02   6.2867695225633952E+02   5.8592988923815676E+02   7.4776237340941132E-01   3.8963739069760736E+05
   3.6000000000000000E+03   3.0053147494428174E+02   6.3591124074227116E+02   5.6983563888894787E+02   7.4367922154404198E-01   3.9280548512857786E+05
   3.7000000000000000E+03   2.9685867694585971E+02   6.4241711410147320E+02   5.5188088043603648E+02   7.3952264929721556E-01   3.9559879766023776E+05
   3.8000000000000000E+03   2.9338975255471519E+02   6.4824347041312717E+02   5.3596167042443938E+02   7.3529447817212423E-01   3.9805658853627573E+05
   3.9000000000000000E+03   2.8885305411576633E+02   6.5343745896746975E+02   5.1770564836192955E+02   7.3099642779875884E-01   4.0021593751469551E+05
   4.0000000000000000E+03   2.8619136361045526E+02   6.5804428596925538E+02   5.0645451519645064E+02   7.2663010300148456E-01   4.0211165873287752E+05
   4.1000000000000000E+03   2.8326158585216490E+02   6.6210708546469198E+02   4.9505538068818061E+02   7.2219698659820397E-01   4.0377626063361944E+05
   4.2000000000000000E+03   2.7815778541199052E+02   6.6566684281890434E+02   4.7782215997667799E+02   7.1769843639264774E-01   4.0523994457344810E+05
   4.3000000000000000E+03   2.7375238333776900E+02   6.6876236014497658E+02   4.6347004056971525E+02   7.1313568526024307E-01   4.0653063145514193E+05
   4.4000000000000000E+03   2.6912164351547875E+02   6.7143025485452324E+02   4.4914875943379849E+02   7.0850984342356771E-01   4.0767401307204226E+05
   4.5000000000000000E+03   2.6511927066660769E+02   6.7370498403733188E+02   4.3714737977236837E+02   7.0382190229725528E-01   4.0869361936787301E+05
   4.6000000000000000E+03   2.6132844843645159E+02   6.7561888866701213E+02   4.2617067343251244E+02   6.9907273941337977E-01   4.0961089993994584E+05
   4.7000000000000000E+03   2.5712151413662548E+02   6.7720225271725951E+02   4.1449952974212056E+02   6.9426312403138557E-01   4.1044531536774652E+05
   4.8000000000000000E+03   2.5367524785501496E+02   6.7848337319893528E+02   4.0515806453185053E+02   6.8939372321074588E-01   4.1121443435239029E+05
   4.9000000000000000E+03   2.5066323314804126E+02   6.7948863787818414E+02   3.9718453472943685E+02   6.8446510810305095E-01   4.1193403439547092E+05
   5.0000000000000000E+03   2.4704029501626530E+02   6.8024260807687597E+02   3.8791883033743892E+02   6.7947776032758134E-01   4.1261820682611165E+05
   5.1000000000000000E+03   2.4259129981362645E+02   6.8076810447991716E+02   3.7689904526830549E+02   6.7443207833257057E-01   4.1327945984180190E+05
   5.2000000000000000E+03   2.3902962130678139E+02   6.8108629430307190E+02   3.6827811669719654E+02   6.6932838365151759E-01   4.1392882075150392E+05
   5.3000000000000000E+03   2.3508517130163114E+02   6.8121677853084145E+02   3.5896125824635988E+02   6.6416692699492497E-01   4.1457593992577941E+05
   5.4000000000000000E+03   2.3093665161270900E+02   6.8117767822570067E+02   3.4938817847441243E+02   6.5894789414883259E-01   4.1522918683347438E+05
   5.5000000000000000E+03   2.2760771600257141E+02   6.8098571914638023E+02   3.4187279288031948E+02   6.5367141166346499E-01   4.1589574808150693E+05
   5.6000000000000000E+03   2.2508343320370557E+02   6.8065631410104606E+02   3.3628968367888115E+02   6.4833755228665479E-01   4.1658171654004900E+05
   5.7000000000000000E+03   2.2281814038795324E+02   6.8020364262198143E+02   3.3136535809259863E+02   6.4294634015398766E-01   4.1729218216583674E+05
   5.8000000000000000E+03   2.1981864323890915E+02   6.7964072767079688E+02   3.2490327825615645E+02   6.3749775573088041E-01   4.1803131430739199E+05
   5.9000000000000000E+03   2.1680301493602934E+02   6.7897950918270590E+02   3.1850344295534154E+02   6.3199174050183859E-01   4.1880244114724349E+05
   6.0000000000000000E+03   2.1285891127877886E+02   6.7823091433597381E+02   3.1021955139708552E+02   6.2642820138779765E-01   4.1960812646956166E+05
   6.1000000000000000E+03   2.0973054648900668E+02   6.7740492450247950E+02   3.0378509426521646E+02   6.2080701494880175E-01   4.2045023915028170E+05
   6.2000000000000000E+03   2.0761115918438330E+02   6.7651063887322687E+02   2.9953361865583673E+02   6.1512803132431415E-01   4.2133002092867275E+05
   6.3000000000000000E+03   2.0533257722409377E+02   6.7555633479690812E+02   2.9499514018585506E+02   6.0939107793262126E-01   4.2224814752177714E+05
   6.4000000000000000E+03   2.0381997955949774E+02   6.7454952489803338E+02   2.9207147020633573E+02   6.0359596295318907E-01   4.2320479019583960E+05
   6.5000000000000000E+03   2.0196013161779086E+02   6.7349701105893655E+02   2.8846003553074939E+02   5.9774247858481266E-01   4.2419966651628091E+05
   6.6000000000000000E+03   1.9985588167666884E+02   6.7240493536639713E+02   2.8438123016458366E+02   5.9183040408671228E-01   4.2523209441374271E+05
   6.7000000000000000E+03   1.9786369922743475E+02   6.7127882813339386E+02   2.8056076799758313E+02   5.8585950860496760E-01   4.2630103859153512E+05
   6.8000000000000000E+03   1.9561690165504254E+02   6.7012365311676069E+02   2.7626058500673406E+02   5.7982955382244561E-01   4.2740515283493366E+05
   6.9000000000000000E+03   1.9353054554075749E+02   6.6894385004808328E+02   2.7231267406388986E+02   5.7374029640122037E-01   4.2854282199667441E+05
   7.0000000000000000E+03   1.9188047430308794E+02   6.6774337460102174E+02   2.6925174320370292E+02   5.6759149023179301E-01   4.2971220049510611E+05
   7.1000000000000000E+03   1.9044113965223195E+02   6.6652573592230385E+02   2.6662051608277500E+02   5.6138288854397000E-01   4.3091124359018268E+05
   7.2000000000000000E+03   1.8890814555052944E+02   6.6529403183870681E+02   2.6381860885874028E+02   5.5511424581023627E-01   4.3213774229704245E+05
   7.3000000000000000E+03   1.8615463939439326E+02   6.6405098186372391E+02   2.5866733030346944E+02   5.4878531950600928E-01   4.3338935061171401E+05
   7.4000000000000000E+03   1.8497747295011266E+02   6.6279895811834876E+02   2.5658719867636864E+02   5.4239587173394732E-01   4.3466361306162464E+05
   7.5000000000000000E+03   1.8357014843741484E+02   6.6154001427069784E+02   2.5407249974901083E+02   5.3594567066936427E-01   4.3595798761053599E+05
   7.6000000000000000E+03   1.8241367472655688E+02   6.6027591260749364E+02   2.5204618821998918E+02   5.2943449189592517E-01   4.3726986983200902E+05
   7.7000000000000000E+03   1.8082055139386901E+02   6.5900814933460299E+02   2.4919554051358918E+02   5.2286211959823781E-01   4.3859661133311130E+05
   7.8000000000000000E+03   1.7983026994525156E+02   6.5773797820515961E+02   2.4749799203814285E+02   5.1622834763040837E-01   4.3993553837153735E+05
   7.9000000000000000E+03   1.7897055533729903E+02   6.5646643256921948E+02   2.4605063121863270E+02   5.0953298047726625E-01   4.4128396811748174E+05
   8.0000000000000000E+03   1.7822436373100885E+02   6.5519434592953257E+02   2.4481958987272904E+02   5.0277583408440729E-01   4.4263922460605501E+05
   8.1000000000000000E+03   1.7693137808871853E+02   6.5392237109331506E+02   2.4256094554696909E+02   4.9595673661190803E-01   4.4399865009317978E+05
   8.2000000000000000E+03   1.7561426616400772E+02   6.5265099799380516E+02   2.4026415247784928E+02   4.8907552906878099E-01   4.4535961775059701E+05
   8.3000000000000000E+03   1.7467854778369585E+02   6.5138057026035915E+02   2.3868623731959380E+02   4.8213206585918217E-01   4.4671954089804780E+05
   8.4000000000000000E+03   1.7414953065001478E+02   6.5011130060953303E+02   2.3786905801499606E+02   4.7512621524990262E-01   4.4807588555767917E+05
   8.5000000000000000E+03   1.7294400916099826E+02   6.4884328512340289E+02   2.3579266604158209E+02   4.6805785974961334E-01   4.4942617448263580E+05
   8.6000000000000000E+03   1.7183637667910386E+02   6.4757651648128103E+02   2.3390332852908043E+02   4.6092689641655182E-01   4.5076799621622835E+05
   8.7000000000000000E+03   1.7096060740128587E+02   6.4631089620651335E+02   2.3244690491985637E+02   4.5373323710181029E-01   4.5209900990805327E+05
   8.8000000000000000E+03   1.7017739367458827E+02   6.4504624598287262E+02   2.3116337996765171E+02   4.4647680860675715E-01   4.5341695240523427E+05
   8.9000000000000000E+03   1.6908862937129132E+02   6.4378231810233638E+02   2.2931897424714484E+02   4.3915755280706537E-01   4.5471964171129098E+05
   9.0000000000000000E+03   1.6828999525561247E+02   6.4251880509106422E+02   2.2801121403386657E+02   4.3177542670757313E-01   4.5600497774039785E+05
   9.1000000000000000E+03   1.6675257038784503E+02   6.4125534856415641E+02   2.2535374410030147E+02   4.2433040243989706E-01   4.5727095032591315E+05
   9.2000000000000000E+03   1.6680466694084402E+02   6.3999154735915749E+02   2.2560552990781531E+02   4.1682246722665511E-01   4.5851563733167970E+05
   9.3000000000000000E+03   1.6627891328749533E+02   6.3872696499036795E+02   2.2480106594409875E+02   4.0925162329798620E-01   4.5973720598687429E+05
   9.4000000000000000E+03   1.6580973340432928E+02   6.3746113646530580E+02   2.2410038517211458E+02   4.0161788775797913E-01   4.6093391791666351E+05
   9.5000000000000000E+03   1.6467758660040559E+02   6.3619357450799123E+02   2.2219145298885391E+02   3.9392129243440721E-01   4.6210412703864410E+05
   9.6000000000000000E+03   1.6410730605507848E+02   6.3492377522195295E+02   2.2130838049563675E+02   3.8616188368075954E-01   4.6324627733582276E+05
   9.7000000000000000E+03   1.6325045102055088E+02   6.3365122323253854E+02   2.1990577841955241E+02   3.7833972215680300E-01   4.6435890899439855E+05
   9.8000000000000000E+03   1.6268617583906081E+02   6.3237539634042730E+02   2.1903575903981223E+02   3.7045488257575576E-01   4.6544065221468970E+05
   9.9000000000000000E+03   1.6216873625982399E+02   6.3109576972365483E+02   2.1825144666755489E+02   3.6250745345145713E-01   4.6649022811867076E+05
   1.0000000000000000E+04   1.6142243715767395E+02   6.2981181970887269E+02   2.1705393562588472E+02   3.5449753678591106E-01   4.6750644743864704E+05
   1.0100000000000000E+04   1.6051139473821627E+02   6.2852302715233168E+02   2.1556111157519126E+02   3.4642524777113765E-01   4.6848821092418279E+05
   1.0200000000000000E+04   1.6027785005523674E+02   6.2722888045207935E+02   2.1529216107730886E+02   3.3829071446956149E-01   4.6943450478453224E+05
   1.0300000000000000E+04   1.5978421164389110E+02   6.2592887821614579E+02   2.1455474989417132E+02   3.3009407746816016E-01   4.7034440122969914E+05
   1.0400000000000000E+04   1.5936601798180087E+02   6.2462253161531100E+02   2.1395424392414998E+02   3.2183548953261348E-01   4.7121705544240185E+05
   1.0500000000000000E+04   1.5834107292916892E+02   6.2330936644308190E+02   2.1226280420870222E+02   3.1351511525907005E-01   4.7205170155724534E+05
   1.0600000000000000E+04   1.5803473249234747E+02   6.2198892489920570E+02   2.1186542759688993E+02   3.0513313069251635E-01   4.7284765484507108E+05
   1.0700000000000000E+04   1.5715991966564849E+02   6.2066076712647703E+02   2.1044836667631006E+02   2.9668972296661811E-01   4.7360430675465998E+05
   1.0800000000000000E+04   1.5667536004209774E+02   6.1932447251447434E+02   2.0973321270530067E+02   2.8818508993163117E-01   4.7432112111224403E+05
   1.0900000000000000E+04   1.5606367096408144E+02   6.1797964078745338E+02   2.0879159332645034E+02   2.7961943976561843E-01   4.7499763537031709E+05
   1.1000000000000000E+04   1.5566436685969163E+02   6.1662589289931043E+02   2.0823143317868420E+02   2.7099299060236282E-01   4.7563345444649499E+05
   1.1100000000000000E+04   1.5519331172662493E+02   6.1526287174756101E+02   2.0754401278926721E+02   2.6230597015212503E-01   4.7622824960699602E+05
   1.1200000000000000E+04   1.5516252388734506E+02   6.1389024272137192E+02   2.0764552814155650E+02   2.5355861531524360E-01   4.7678175739964721E+05
   1.1300000000000000E+04   1.5455594406106727E+02   6.1250769410252735E+02   2.0671763979090153E+02   2.4475117181481940E-01   4.7729377315184119E+05
   1.1400000000000000E+04   1.5406611513521474E+02   6.1111493732622398E+02   2.0600010266650168E+02   2.3588389381270197E-01   4.7776415370247705E+05
   1.1500000000000000E+04   1.5344079329883843E+02   6.0971170711926663E+02   2.0504188452562428E+02   2.2695704353740265E-01   4.7819281084498146E+05
   1.1600000000000000E+04   1.5264501885665777E+02   6.0829776152825775E+02   2.0378155244829827E+02   2.1797089092870228E-01   4.7857970855485916E+05
   1.1700000000000000E+04   1.5194979571832857E+02   6.0687288184170256E+02   2.0270285952872439E+02   2.0892571326079515E-01   4.7892486430972954E+05
   1.1800000000000000E+04   1.5168169592422731E+02   6.0543687242402871E+02   2.0238599213947904E+02   1.9982179478689718E-01   4.7922834238754015E+05
   1.1900000000000000E+04   1.5073720331807729E+02   6.0398956047020158E+02   2.0086756470642266E+02   1.9065942640055084E-01   4.7949025361295702E+05
   1.2000000000000000E+04   1.5022024660629424E+02   6.0253079568182693E+02   2.0011101863577321E+02   1.8143890527069373E-01   4.7971075273493340E+05
   1.2100000000000000E+04   1.4943843419824725E+02   6.0106044988575786E+02   1.9888652317510503E+02   1.7216053451966026E-01   4.7989003411856981E+05
   1.2200000000000000E+04   1.4921397583151622E+02   5.9957841659091639E+02   1.9865129496334106E+02   1.6282462287971594E-01   4.8002833339933195E+05
   1.2300000000000000E+04   1.4847457320806717E+02   5.9808461049838172E+02   1.9750528218016998E+02   1.5343148437105883E-01   4.8012592245218670E+05
   1.2400000000000000E+04   1.4818832882232618E+02   5.9657896697001183E+02   1.9716299272224686E+02   1.4398143799413232E-01   4.8018310688111809E+05
   1.2500000000000000E+04   1.4772501389526244E+02   5.9506144145627707E+02   1.9650861028006378E+02   1.3447480740762643E-01   4.8020022443300730E+05
   1.2600000000000000E+04   1.4735979331556231E+02   5.9353200889697075E+02   1.9602913651459696E+02   1.2491192063510095E-01   4.8017764529844187E+05
   1.2700000000000000E+04   1.4636402913589549E+02   5.9199066309413240E+02   1.9443662487509209E+02   1.1529310976922416E-01   4.8011576264472504E+05
   1.2800000000000000E+04   1.4557078006188519E+02   5.9043741606417484E+02   1.9320494790655286E+02   1.0561871068555162E-01   4.8001500289613754E+05
   1.2900000000000000E+04   1.4506568962202098E+02   5.8887229737311611E+02   1.9248286173703124E+02   9.5889062763460861E-02   4.7987581186355947E+05
   1.3000000000000000E+04   1.4477173182973775E+02   5.8729535346163141E+02   1.9213384610443245E+02   8.6104508628552345E-02   4.7969865981225064E+05
   1.3100000000000000E+04   1.4389905664809859E+02   5.8570664695586709E+02   1.9076773649533251E+02   7.6265393875969312E-02   4.7948403758834279E+05
   1.3200000000000000E+04   1.4374858180630787E+02   5.8410625597775686E+02   1.9067328866012687E+02   6.6372066829495063E-02   4.7923245459080540E+05
   1.3300000000000000E+04   1.4302956172505299E+02   5.8249427344880257E+02   1.8958041093207743E+02   5.6424878288724264E-02   4.7894443965946627E+05
   1.3400000000000000E+04   1.4273089404195778E+02   5.8087080639821818E+02   1.8922770371277269E+02   4.6424181307242067E-02   4.7862053445204475E+05
   1.3500000000000000E+04   1.4186355868657972E+02   5.7923597526656249E+02   1.8787759276899729E+02   3.6370330942180409E-02   4.7826129634410719E+05
   1.3600000000000000E+04   1.4107836512113550E+02   5.7758991322162058E+02   1.8667419229194550E+02   2.6263684051478234E-02   4.7786729868768080E+05
   1.3700000000000000E+04   1.4054046331793032E+02   5.7593276547717653E+02   1.8590557825373435E+02   1.6104599079215822E-02   4.7743912232038286E+05
   1.3800000000000000E+04   1.3942809976097675E+02   5.7426468861918397E+02   1.8413499771085466E+02   5.8934358433341679E-03   4.7697735874126840E+05
   1.3900000000000000E+04   1.3876957316366756E+02   5.7258584994364992E+02   1.8315931939209923E+02  -4.3694446599493513E-03   4.7648261257663189E+05
   1.4000000000000000E+04   1.3896869256435065E+02   5.7089642680762449E+02   1.8368056444004682E+02  -1.4683680435029078E-02   4.7595549112335697E+05
   1.4100000000000000E+04   1.3858319612880362E+02   5.6919660598727035E+02   1.8318306647558828E+02  -2.5048908687265760E-02   4.7539661085697287E+05
   1.4200000000000000E+04   1.3729356564939732E+02   5.6748658305587571E+02   1.8110999782294638E+02  -3.5464765982793307E-02   4.7480659511625429E+05
   1.4300000000000000E+04   1.3668570964102219E+02   5.6576656177185282E+02   1.8022758089276755E+02  -4.5930888425021701E-02   4.7418606763863476E+05
   1.4400000000000000E+04   1.3590045162393707E+02   5.6403675348340971E+02   1.7903842584237213E+02  -5.6446911816828836E-02   4.7353566052728787E+05
   1.4500000000000000E+04   1.3538365666199940E+02   5.6229737655055010E+02   1.7831676852347579E+02  -6.7012471808441526E-02   4.7285600690512371E+05
   1.4600000000000000E+04   1.3525595450850361E+02   5.6054865578044041E+02   1.7827144284228743E+02  -7.7627204054856777E-02   4.7214774180951505E+05
   1.4700000000000000E+04   1.3485971217333889E+02   5.5879082188291488E+02   1.7776088538503205E+02  -8.8290744349411851E-02   4.7141149788540707E+05
   1.4800000000000000E+04   1.3416295179295551E+02   5.5702411094014735E+02   1.7672940000990673E+02  -9.9002728766894643E-02   4.7064791604001564E+05
   1.4900000000000000E+04   1.3353732082353110E+02   5.5524876389706674E+02   1.7582267102119505E+02  -1.0976279378280236E-01   4.6985762631440704E+05
   1.5000000000000000E+04   1.3269254631313024E+02   5.5346502606416482E+02   1.7453775410210022E+02  -1.2057057641406702E-01   4.6904126619476860E+05
   1.5100000000000000E+04   1.3250885932055635E+02   5.5167314664446326E+02   1.7439839602354050E+02  -1.3142571431923250E-01   4.6819946902935044E+05
   1.5200000000000000E+04   1.3197035319122929E+02   5.4987337827215413E+02   1.7364551004860132E+02  -1.4232784592486933E-01   4.6733286197878345E+05
   1.5300000000000000E+04   1.3175123823667101E+02   5.4806597657406212E+02   1.7344658836100024E+02  -1.5327661051859562E-01   4.6644207175542478E+05
   1.5400000000000000E+04   1.3044565315412541E+02   5.4625119974186305E+02   1.7136879274773321E+02  -1.6427164837310723E-01   4.6552772506350937E+05
   1.5500000000000000E+04   1.2979784458454219E+02   5.4442930813045757E+02   1.7043026624090623E+02  -1.7531260081773217E-01   4.6459043670022115E+05
   1.5600000000000000E+04   1.2922479781650534E+02   5.4260056386507745E+02   1.6962157416926939E+02  -1.8639911035053441E-01   4.6363082564683887E+05
   1.5700000000000000E+04   1.2851589352736721E+02   5.4076523047064791E+02   1.6857983883678071E+02  -1.9753082071702407E-01   4.6264949869684584E+05
   1.5800000000000000E+04   1.2755240149448018E+02   5.3892357251609565E+02   1.6710212270271279E+02  -2.0870737699363898E-01   4.6164706111455988E+05
   1.5900000000000000E+04   1.2723873727703791E+02   5.3707585527468257E+02   1.6674149472115042E+02  -2.1992842566884058E-01   4.6062411386705557E+05
   1.6000000000000000E+04   1.2693500554868787E+02   5.3522234440139289E+02   1.6639862369301196E+02  -2.3119361471466909E-01   4.5958124613319722E+05
   1.6100000000000000E+04   1.2588615377631753E+02   5.3336330562445289E+02   1.6477747232195435E+02  -2.4250259366306895E-01   4.5851904985953716E+05
   1.6200000000000000E+04   1.2509189528848401E+02   5.3149900445671540E+02   1.6359511512361638E+02  -2.5385501365359237E-01   4.5743809715085215E+05
   1.6300000000000000E+04   1.2458236835930975E+02   5.2962970591189969E+02   1.6290076985725710E+02  -2.6525052753357742E-01   4.5633896790733928E+05
   1.6400000000000000E+04   1.2366012079175202E+02   5.2775567425075178E+02   1.6150222358980281E+02  -2.7668878987007245E-01   4.5522222239193972E+05
   1.6500000000000000E+04   1.2418544074643977E+02   5.2587717272578175E+02   1.6257812465206871E+02  -2.8816945704524383E-01   4.5408842088631127E+05
   1.6600000000000000E+04   1.2283704339329283E+02   5.2399446335168682E+02   1.6045055489501365E+02  -2.9969218728261415E-01   4.5293811388616904E+05
   1.6700000000000000E+04   1.2243994797116639E+02   5.2210780668138671E+02   1.5994994666748781E+02  -3.1125664071384462E-01   4.5177184899005736E+05
   1.6800000000000000E+04   1.2154986026531951E+02   5.2021746160176224E+02   1.5860922621577791E+02  -3.2286247940497370E-01   4.5059015484242322E+05
   1.6900000000000000E+04   1.2106420584156109E+02   5.1832368513598385E+02   1.5795833348347296E+02  -3.3450936741366094E-01   4.4939356142086175E+05
   1.7000000000000000E+04   1.2014305993254573E+02   5.1642673226053569E+02   1.5656735863039486E+02  -3.4619697082973488E-01   4.4818258891858201E+05
   1.7100000000000000E+04   1.1928093376975835E+02   5.1452685573564088E+02   1.5527862627021034E+02  -3.5792495780381522E-01   4.4695774869621405E+05
   1.7200000000000000E+04   1.1866244134697959E+02   5.1262430594576597E+02   1.5440390835614133E+02  -3.6969299858070487E-01   4.4571954054402286E+05
   1.7300000000000000E+04   1.1808900166505859E+02   5.1071933074985174E+02   1.5360590212141284E+02  -3.8150076553755335E-01   4.4446845992839109E+05
   1.7400000000000000E+04   1.1758745247560434E+02   5.0881217534337799E+02   1.5292982265698907E+02  -3.9334793321247868E-01   4.4320499160510371E+05
   1.7500000000000000E+04   1.1684227872761177E+02   5.0690308213102924E+02   1.5184225303710761E+02  -4.0523417832841896E-01   4.4192961573961622E+05
   1.7600000000000000E+04   1.1659555158191827E+02   5.0499229060794937E+02   1.5159719109820841E+02  -4.1715917982175438E-01   4.4064280020486354E+05
   1.7700000000000000E+04   1.1638732409740240E+02   5.0308003725409088E+02   1.5141774683274090E+02  -4.2912261884707825E-01   4.3934500291368098E+05
   1.7800000000000000E+04   1.1515477305792250E+02   5.0116655542834138E+02   1.4950766683901611E+02  -4.4112417883444011E-01   4.3803668068785517E+05
   1.7900000000000000E+04   1.1504028479290159E+02   4.9925207528471572E+02   1.4948552424870081E+02  -4.5316354546549520E-01   4.3671827250426321E+05
   1.8000000000000000E+04   1.1452472294007073E+02   4.9733682368520351E+02   1.4878673330748131E+02  -4.6524040671643646E-01   4.3539021218790481E+05
   1.8100000000000000E+04   1.1377633647950957E+02   4.9542102412511997E+02   1.4769546377709472E+02  -4.7735445287230638E-01   4.3405293365315656E+05
   1.8200000000000000E+04   1.1325289640967007E+02   4.9350489666967979E+02   1.4698373421304549E+02  -4.8950537651745613E-01   4.3270684344563965E+05
   1.8300000000000000E+04   1.1245396174585549E+02   4.9158865788805235E+02   1.4580858120172141E+02  -5.0169287258324857E-01   4.3135236117187532E+05
   1.8400000000000000E+04   1.1188393656568125E+02   4.8967252080747130E+02   1.4501891147911505E+02  -5.1391663831466605E-01   4.2998988282074820E+05
   1.8500000000000000E+04   1.1116727838703855E+02   4.8775669486032007E+02   1.4398329297320024E+02  -5.2617637331801526E-01   4.2861980169859744E+05
   1.8600000000000000E+04   1.1057768686464743E+02   4.8584138584900177E+02   1.4316124041760065E+02  -5.3847177953707337E-01   4.2724250318177015E+05
   1.8700000000000000E+04   1.0935219083579477E+02   4.8392679590874934E+02   1.4127614264309651E+02  -5.5080256127693972E-01   4.2585836202280043E+05
   1.8800000000000000E+04   1.0921285684342887E+02   4.8201312347941985E+02   1.4120706169615627E+02  -5.6316842520642407E-01   4.2446774904806959E+05
   1.8900000000000000E+04   1.0888119577822287E+02   4.8010056328398611E+02   1.4081679998376489E+02  -5.7556908035088739E-01   4.2307102175257303E+05
   1.9000000000000000E+04   1.0824165055192610E+02   4.7818930631001564E+02   1.3991168476310813E+02  -5.8800423809701430E-01   4.2166853510216140E+05
   1.9100000000000000E+04   1.0742208977429550E+02   4.7627953979508283E+02   1.3870654768839341E+02  -6.0047361220235307E-01   4.2026063071628666E+05
   1.9200000000000000E+04   1.0681281673407210E+02   4.7437144722074180E+02   1.3785270227168087E+02  -6.1297691877861971E-01   4.1884764090140531E+05
   1.9300000000000000E+04   1.0602471636875413E+02   4.7246520830466199E+02   1.3670156766782100E+02  -6.2551387631316446E-01   4.1742990384280140E+05
   1.9400000000000000E+04   1.0554743804705525E+02   4.7056099900456258E+02   1.3606756899526911E+02  -6.3808420564034973E-01   4.1600773619258462E+05
   1.9500000000000000E+04   1.0489982648480255E+02   4.6865899151986963E+02   1.3515053809362448E+02  -6.5068762995109064E-01   4.1458144952817849E+05
   1.9600000000000000E+04   1.0435967286382349E+02   4.6675935429912789E+02   1.3441196561725548E+02  -6.6332387478808386E-01   4.1315135045422829E+05
   1.9700000000000000E+04   1.0325878907618916E+02   4.6486225204998368E+02   1.3274517019044754E+02  -6.7599266804581004E-01   4.1171774351449264E+05
   1.9800000000000000E+04   1.0292258146021877E+02   4.6296784575588617E+02   1.3234404266220920E+02  -6.8869373994667915E-01   4.1028091161456815E+05
   1.9900000000000000E+04   1.0209043722440474E+02   4.6107629269059140E+02   1.3112349580866373E+02  -7.0142682305057358E-01   4.0884114127248561E+05
   2.0000000000000000E+04   1.0182386843997993E+02   4.5918774643831233E+02   1.3083659418651081E+02  -7.1419165224530634E-01   4.0739871152953553E+05
   2.0100000000000000E+04   1.0180584195418318E+02   4.5730235691711124E+02   1.3096064100215963E+02  -7.2698796473230831E-01   4.0595389400703064E+05
   2.0200000000000000E+04   1.0122225662061784E+02   4.5542027040392406E+02   1.3014942401472567E+02  -7.3981550001709140E-01   4.0450695010415639E+05
   2.0300000000000000E+04   1.0030975751426632E+02   4.5354162956039301E+02   1.2879543009609088E+02  -7.5267399990924644E-01   4.0305813675403537E+05
   2.0400000000000000E+04   9.9453867898972675E+01   4.5166657346427428E+02   1.2753653409408093E+02  -7.6556320849858905E-01   4.0160770076906023E+05
   2.0500000000000000E+04   9.8936026780230250E+01   4.4979523763784221E+02   1.2683421811211126E+02  -7.7848287216470624E-01   4.0015589334386605E+05
   2.0600000000000000E+04   9.8677191196578022E+01   4.4792775408502581E+02   1.2655742704191329E+02  -7.9143273953878690E-01   3.9870294416149886E+05
   2.0700000000000000E+04   9.8040987633807205E+01   4.4606425132183443E+02   1.2565993228237154E+02  -8.0441256152270824E-01   3.9724909330306604E+05
   2.0800000000000000E+04   9.7330536556549774E+01   4.4420485441793744E+02   1.2464081252276129E+02  -8.1742209124133014E-01   3.9579455355694587E+05
   2.0900000000000000E+04   9.6983556290949096E+01   4.4234968502796460E+02   1.2421787201622364E+02  -8.3046108407588737E-01   3.9433955715520657E+05
   2.1000000000000000E+04   9.6475839027576612E+01   4.4049886143836449E+02   1.2353096880014444E+02  -8.4352929759720596E-01   3.9288430321683531E+05
   2.1100000000000000E+04   9.5961091703401280E+01   4.3865249860113954E+02   1.2283229692056766E+02  -8.5662649159909410E-01   3.9142900767952745E+05
   2.1200000000000000E+04   9.4983425816706472E+01   4.3681070817811667E+02   1.2137643668919465E+02  -8.6975242806495145E-01   3.8997386814173532E+05
   2.1300000000000000E+04   9.4259530917513942E+01   4.3497359858340957E+02   1.2033670239932745E+02  -8.8290687115345634E-01   3.8851908459508291E+05
   2.1400000000000000E+04   9.3530758016409962E+01   4.3314127502736557E+02   1.1928968554350428E+02  -8.9608958717948550E-01   3.8706484170682926E+05
   2.1500000000000000E+04   9.3243356689388690E+01   4.3131383955732906E+02   1.1896084463139516E+02  -9.0930034462365494E-01   3.8561132975368586E+05
   2.1600000000000000E+04   9.2629338830624363E+01   4.2949139110756204E+02   1.1810028266120088E+02  -9.2253891407984467E-01   3.8415872080713877E+05
   2.1700000000000000E+04   9.2070430732123612E+01   4.2767402553928559E+02   1.1732929072755854E+02  -9.3580506827905208E-01   3.8270719278043968E+05
   2.1800000000000000E+04   9.1669873844182391E+01   4.2586183568968329E+02   1.1681519967488937E+02  -9.4909858205122843E-01   3.8125691454856965E+05
   2.1900000000000000E+04   9.1266605801607000E+01   4.2405491141740634E+02   1.1629631145527368E+02  -9.6241923231573789E-01   3.7980805205489078E+05
   2.2000000000000000E+04   9.0499120335893807E+01   4.2225333964907560E+02   1.1518634450602259E+02  -9.7576679806704614E-01   3.7836076233733987E+05
   2.2100000000000000E+04   9.0158792151263171E+01   4.2045720442669273E+02   1.1476868278372670E+02  -9.8914106035564087E-01   3.7691519967475417E+05
   2.2200000000000000E+04   8.9507423897694494E+01   4.1866658695400321E+02   1.1384695270926534E+02  -1.0025418022784898E+00   3.7547151264171913E+05
   2.2300000000000000E+04   8.9321919248642914E+01   4.1688156564427624E+02   1.1367902594982857E+02  -1.0159688089599586E+00   3.7402985034355684E+05
   2.2400000000000000E+04   8.8667215133303472E+01   4.1510221616816557E+02   1.1275125947466348E+02  -1.0294218675327294E+00   3.7259035022859898E+05
   2.2500000000000000E+04   8.8006978730295828E+01   4.1332861149977265E+02   1.1181488919508504E+02  -1.0429007671330326E+00   3.7115314736816828E+05
   2.2600000000000000E+04   8.7377932532529087E+01   4.1156082196638573E+02   1.1092915421172556E+02  -1.0564052988672528E+00   3.6971837767992681E+05
   2.2700000000000000E+04   8.7186106528582698E+01   4.0979891529447997E+02   1.1074815045576386E+02  -1.0699352558071595E+00   3.6828616563201055E+05
   2.2800000000000000E+04   8.6716919012556517E+01   4.0804295665686698E+02   1.1011939239491686E+02  -1.0834904329755930E+00   3.6685663672527869E+05
   2.2900000000000000E+04   8.5796209598778191E+01   4.0629300872090295E+02   1.0876364516031896E+02  -1.0970706273226156E+00   3.6542990511859651E+05
   2.3000000000000000E+04   8.5376087388476350E+01   4.0454913169471649E+02   1.0821346801254630E+02  -1.1106756377159721E+00   3.6400609247515583E+05
   2.3100000000000000E+04   8.5058179548222569E+01   4.0281138337442667E+02   1.0782708894375084E+02  -1.1243052649220049E+00   3.6258530929718335E+05
   2.3200000000000000E+04   8.4767458680390789E+01   4.0107981919110443E+02   1.0748399760896794E+02  -1.1379593115865740E+00   3.6116766438908112E+05
   2.3300000000000000E+04   8.3969256915741127E+01   3.9935449225743838E+02   1.0632552257713986E+02  -1.1516375822159761E+00   3.5975325863510621E+05
   2.3400000000000000E+04   8.3486383476893110E+01   3.9763545341121664E+02   1.0567322689969237E+02  -1.1653398831817159E+00   3.5834219774126320E+05
   2.3500000000000000E+04   8.2798182213283155E+01   3.9592275126541472E+02   1.0469214920085183E+02  -1.1790660226680281E+00   3.5693457011644274E+05
   2.3600000000000000E+04   8.2152212389417102E+01   3.9421643224925685E+02   1.0377912624550457E+02  -1.1928158106909665E+00   3.5553047873965191E+05
   2.3700000000000000E+04   8.1739901357939431E+01   3.9251654065525668E+02   1.0323898021120426E+02  -1.2065890590650010E+00   3.5413000942544034E+05
   2.3800000000000000E+04   8.1495417067684357E+01   3.9082311868465251E+02   1.0296618405143094E+02  -1.2203855813791744E+00   3.5273325322169281E+05
   2.3900000000000000E+04   8.0959353672056594E+01   3.8913620649016173E+02   1.0222771593567458E+02  -1.2342051929923317E+00   3.5134028726752300E+05
   2.4000000000000000E+04   8.0819237324291947E+01   3.8745584221835350E+02   1.0212050735347469E+02  -1.2480477110283432E+00   3.4995120057845529E+05
   2.4100000000000000E+04   8.0243674093708023E+01   3.8578206205654743E+02   1.0131810364408049E+02  -1.2619129543284062E+00   3.4856606192298053E+05
   2.4200000000000000E+04   7.9874006890555933E+01   3.8411490027201359E+02   1.0084376182995358E+02  -1.2758007434653571E+00   3.4718495865560265E+05
   2.4300000000000000E+04   7.9219892358421660E+01   3.8245438925678053E+02   9.9916057898530028E+01  -1.2897109007055034E+00   3.4580794822686899E+05
   2.4400000000000000E+04   7.8727204856874536E+01   3.8080055956754342E+02   9.9245309773850138E+01  -1.3036432500086290E+00   3.4443511013997800E+05
   2.4500000000000000E+04   7.7980508190908509E+01   3.7915343996834031E+02   9.8171431796905750E+01  -1.3175976169993688E+00   3.4306650707520539E+05
   2.4600000000000000E+04   7.7731872836533853E+01   3.7751305746946900E+02   9.7887387473229452E+01  -1.3315738289672103E+00   3.4170220118588721E+05
   2.4700000000000000E+04   7.7115411472680847E+01   3.7587943736963484E+02   9.7020039108981251E+01  -1.3455717148331010E+00   3.4034226077524392E+05
   2.4800000000000000E+04   7.7100352671442749E+01   3.7425260329434934E+02   9.7105129245067019E+01  -1.3595911051446767E+00   3.3898673739975732E+05
   2.4900000000000000E+04   7.6359768776440006E+01   3.7263257723643039E+02   9.6040327103407733E+01  -1.3736318320476393E+00   3.3763568889457319E+05
   2.5000000000000000E+04   7.6303722073222644E+01   3.7101937959124967E+02   9.6059231676140399E+01  -1.3876937293000720E+00   3.3628916961803025E+05
   2.5100000000000000E+04   7.5845308746824600E+01   3.6941302919926312E+02   9.5440483754606575E+01  -1.4017766322151903E+00   3.3494723049966525E+05
   2.5200000000000000E+04   7.5218920171561905E+01   3.6781354337963620E+02   9.4555864541015609E+01  -1.4158803776804241E+00   3.3360992242577934E+05
   2.5300000000000000E+04   7.5031419164640354E+01   3.6622093796904022E+02   9.4364923629275964E+01  -1.4300048041240283E+00   3.3227728966272628E+05
   2.5400000000000000E+04   7.4305198928059653E+01   3.6463522735728804E+02   9.3322393317528025E+01  -1.4441497515055384E+00   3.3094937320876290E+05
   2.5500000000000000E+04   7.4119692320608038E+01   3.6305642452243541E+02   9.3133296952448816E+01  -1.4583150613062335E+00   3.2962622425352928E+05
   2.5600000000000000E+04   7.3223418512659450E+01   3.6148454106782071E+02   9.1823460624318400E+01  -1.4725005764957386E+00   3.2830787751119607E+05
   2.5700000000000000E+04   7.2875911474598055E+01   3.5991958725402770E+02   9.1377968552958691E+01  -1.4867061415415721E+00   3.2699437131864415E+05
   2.5800000000000000E+04   7.2601167446621631E+01   3.5836157203430542E+02   9.1046443384054868E+01  -1.5009316023805177E+00   3.2568575112598576E+05
   2.5900000000000000E+04   7.1845389055471244E+01   3.5681050308936699E+02   8.9959044637599973E+01  -1.5151768063900051E+00   3.2438203585645772E+05
   2.6000000000000000E+04   7.1861707272009824E+01   3.5526638685625420E+02   9.0083371711791784E+01  -1.5294416024119617E+00   3.2308327528502519E+05
   2.6100000000000000E+04   7.1264125685419017E+01   3.5372922856495984E+02   8.9243605479328266E+01  -1.5437258406955696E+00   3.2178948595113546E+05
   2.6200000000000000E+04   7.0981762419201502E+01   3.5219903226669226E+02   8.8898196210299716E+01  -1.5580293729163428E+00   3.2050070190158696E+05
   2.6300000000000000E+04   7.0314891610923141E+01   3.5067580086692703E+02   8.7949960620280720E+01  -1.5723520521427390E+00   3.1921695450331020E+05
   2.6400000000000000E+04   6.9823333788717832E+01   3.4915953615595214E+02   8.7276488446277426E+01  -1.5866937328218460E+00   3.1793826223553525E+05
   2.6500000000000000E+04   6.9442331144548859E+01   3.4765023883699024E+02   8.6775545699040094E+01  -1.6010542707841537E+00   3.1666465801343147E+05
   2.6600000000000000E+04   6.9285062007643248E+01   3.4614790855803864E+02   8.6623682473387760E+01  -1.6154335232053916E+00   3.1539615853720019E+05
   2.6700000000000000E+04   6.8841583474018265E+01   3.4465254393983474E+02   8.6024234979985479E+01  -1.6298313486017555E+00   3.1413278481078515E+05
   2.6800000000000000E+04   6.8298725706360472E+01   3.4316414260241379E+02   8.5269634545273206E+01  -1.6442476068346816E+00   3.1287456226107996E+05
   2.6900000000000000E+04   6.7839422303495368E+01   3.4168270119711946E+02   8.4645338581833997E+01  -1.6586821590535996E+00   3.1162149668241979E+05
   2.7000000000000000E+04   6.7702061950832515E+01   3.4020821542842828E+02   8.4522119530821087E+01  -1.6731348677388653E+00   3.1037361905872670E+05
   2.7100000000000000E+04   6.7235981968848918E+01   3.3874068008534800E+02   8.3886438858459044E+01  -1.6876055966397503E+00   3.0913094084060384E+05
   2.7200000000000000E+04   6.7093832272308930E+01   3.3728008906542635E+02   8.3754865969635730E+01  -1.7020942107839798E+00   3.0789346769056341E+05
   2.7300000000000000E+04   6.6854485466805201E+01   3.3582643540054664E+02   8.3471542480119382E+01  -1.7166005764634185E+00   3.0666122035972780E+05
   2.7400000000000000E+04   6.6289029218849890E+01   3.3437971128178447E+02   8.2679883839250252E+01  -1.7311245612245370E+00   3.0543421050068678E+05
   2.7500000000000000E+04   6.5918157477767380E+01   3.3293990808595231E+02   8.2191002200591782E+01  -1.7456660338350118E+00   3.0421244412313751E+05
   2.7600000000000000E+04   6.5415523677339422E+01   3.3150701639681029E+02   8.1497175496595176E+01  -1.7602248643028147E+00   3.0299593559191498E+05
   2.7700000000000000E+04   6.5007305840066920E+01   3.3008102603194067E+02   8.0949851217726561E+01  -1.7748009238285014E+00   3.0178468673060188E+05
   2.7800000000000000E+04   6.4767497430593679E+01   3.2866192606259045E+02   8.0663356790594378E+01  -1.7893940848290661E+00   3.0057871133486123E+05
   2.7900000000000000E+04   6.4429158923535667E+01   3.2724970483955548E+02   8.0223649057958553E+01  -1.8040042208902427E+00   2.9937800719871884E+05
   2.8000000000000000E+04   6.4055693692731452E+01   3.2584435001255139E+02   7.9729145522685272E+01  -1.8186312067855788E+00   2.9818258772655122E+05
   2.8100000000000000E+04   6.3602212487058402E+01   3.2444584855427638E+02   7.9110512763192006E+01  -1.8332749184382779E+00   2.9699244683209341E+05
   2.8200000000000000E+04   6.3193755802029543E+01   3.2305418677975632E+02   7.8561431278211714E+01  -1.8479352329307372E+00   2.9580759770065389E+05
   2.8300000000000000E+04   6.2699147806138491E+01   3.2166935036904778E+02   7.7879207506871964E+01  -1.8626120284711574E+00   2.9462803759210743E+05
   2.8400000000000000E+04   6.2222136503345538E+01   3.2029132438572094E+02   7.7224292718932148E+01  -1.8773051844030832E+00   2.9345376548662176E+05
   2.8500000000000000E+04   6.2079894723202933E+01   3.1892009329784349E+02   7.7084996534491125E+01  -1.8920145811815487E+00   2.9228478569679975E+05
   2.8600000000000000E+04   6.1860950817822243E+01   3.1755564099809249E+02   7.6827148330125155E+01  -1.9067401003539999E+00   2.9112109015709534E+05
   2.8700000000000000E+04   6.1399841314687237E+01   3.1619795082059096E+02   7.6195635996128630E+01  -1.9214816245746029E+00   2.8996268332981714E+05
   2.8800000000000000E+04   6.1037180831395020E+01   3.1484700556223095E+02   7.5715641162059256E+01  -1.9362390375613132E+00   2.8880956091268471E+05
   2.8900000000000000E+04   6.0758201209642714E+01   3.1350278749831000E+02   7.5364088791405550E+01  -1.9510122241149535E+00   2.8766172412341210E+05
   2.9000000000000000E+04   6.0371114070032320E+01   3.1216527840299972E+02   7.4845919011250970E+01  -1.9658010700762836E+00   2.8651916186517751E+05
   2.9100000000000000E+04   6.0211548124761507E+01   3.1083445956382781E+02   7.4677226887981519E+01  -1.9806054623498528E+00   2.8538187579082721E+05
   2.9200000000000000E+04   5.9735592714491709E+01   3.0951031180173078E+02   7.4021830529077405E+01  -1.9954252888562929E+00   2.8424985168407980E+05
   2.9300000000000000E+04   5.9512935617857146E+01   3.0819281548479864E+02   7.3755300170028704E+01  -2.0102604385561733E+00   2.8312309177745739E+05
   2.9400000000000000E+04   5.9152635142322040E+01   3.0688195054675919E+02   7.3277060580499310E+01  -2.0251108014118375E+00   2.8200158246106416E+05
   2.9500000000000000E+04   5.8775683477701648E+01   3.0557769650080058E+02   7.2773061075864291E+01  -2.0399762684017082E+00   2.8088532308758690E+05
   2.9600000000000000E+04   5.8397893285209662E+01   3.0428003245729388E+02   7.2267603186195899E+01  -2.0548567314821380E+00   2.7977430441029085E+05
   2.9700000000000000E+04   5.7735393948881949E+01   3.0298893713691723E+02   7.1326943620712399E+01  -2.0697520836017058E+00   2.7866851216017833E+05
   2.9800000000000000E+04   5.7416881390759890E+01   3.0170438888688778E+02   7.0912038398298819E+01  -2.0846622186726051E+00   2.7756793794096069E+05
   2.9900000000000000E+04   5.7172511896850068E+01   3.0042636569381546E+02   7.0609898666161911E+01  -2.0995870315801790E+00   2.7647258293641213E+05
   3.0000000000000000E+04   5.6913359503084642E+01   2.9915484519997887E+02   7.0284853162021051E+01  -2.1145264181447567E+00   2.7538242160468694E+05
   3.0100000000000000E+04   5.6403243813880600E+01   2.9788980471440954E+02   6.9577169107547292E+01  -2.1294802751455135E+00   2.7429744891868875E+05
   3.0200000000000000E+04   5.6209236590903707E+01   2.9663122122887103E+02   6.9350623319283812E+01  -2.1444485002775289E+00   2.7321765497945651E+05
   3.0300000000000000E+04   5.6045256473841079E+01   2.9537907142833683E+02   6.9169481204959126E+01  -2.1594309921756385E+00   2.7214302866723429E+05
   3.0400000000000000E+04   5.5859080418567750E+01   2.9413333170630978E+02   6.8954229593708774E+01  -2.1744276503715074E+00   2.7107355400735181E+05
   3.0500000000000000E+04   5.5626981011685018E+01   2.9289397817507933E+02   6.8668664235515052E+01  -2.1894383753127054E+00   2.7000922848878207E+05
   3.0600000000000000E+04   5.5183413340283430E+01   2.9166098668003627E+02   6.8060782914392888E+01  -2.2044630683245501E+00   2.6895002279781090E+05
   3.0700000000000000E+04   5.4910277813799269E+01   2.9043433280971681E+02   6.7712106525694026E+01  -2.2195016316244112E+00   2.6789592478236865E+05
   3.0800000000000000E+04   5.4615158787787095E+01   2.8921399190704449E+02   6.7329695896754288E+01  -2.2345539683169444E+00   2.6684693592818850E+05
   3.0900000000000000E+04   5.4343706718861114E+01   2.8799993908273291E+02   6.6982952118258481E+01  -2.2496199823559291E+00   2.6580302721013641E+05
   3.1000000000000000E+04   5.3826340478848998E+01   2.8679214922417799E+02   6.6262821801789357E+01  -2.2646995785633441E+00   2.6476419061300869E+05
   3.1100000000000000E+04   5.3475105777634688E+01   2.8559059700794768E+02   6.5794778724804928E+01  -2.2797926625959857E+00   2.6373041341860039E+05
   3.1200000000000000E+04   5.3189692331057046E+01   2.8439525690851366E+02   6.5426177103570879E+01  -2.2948991409597674E+00   2.6270166707543121E+05
   3.1300000000000000E+04   5.2941670388211257E+01   2.8320610320883083E+02   6.5113851863052631E+01  -2.3100189209954163E+00   2.6167795163962131E+05
   3.1400000000000000E+04   5.2797685133804848E+01   2.8202311001132216E+02   6.4958620409540089E+01  -2.3251519108546170E+00   2.6065924025629423E+05
   3.1500000000000000E+04   5.2830535601986135E+01   2.8084625124656111E+02   6.5071207189480418E+01  -2.3402980195047882E+00   2.5964551621278346E+05
   3.1600000000000000E+04   5.2307477819512265E+01   2.7967550068207851E+02   6.4341149931322818E+01  -2.3554571567290719E+00   2.5863677302266701E+05
   3.1700000000000000E+04   5.2162327529926330E+01   2.7851083193327401E+02   6.4183208429986152E+01  -2.3706292330929521E+00   2.5763298467273827E+05
   3.1800000000000000E+04   5.1776108999226999E+01   2.7735221847073547E+02   6.3660193131099263E+01  -2.3858141599585605E+00   2.5663413539996152E+05
   3.1900000000000000E+04   5.1382724881095228E+01   2.7619963362968110E+02   6.3126434155022025E+01  -2.4010118494655965E+00   2.5564020482039877E+05
   3.2000000000000000E+04   5.0968831204698596E+01   2.7505305061817216E+02   6.2561890997899084E+01  -2.4162222145265555E+00   2.5465118288966318E+05
   3.2100000000000000E+04   5.0772434479679674E+01   2.7391244252511780E+02   6.2325002419304553E+01  -2.4314451688219525E+00   2.5366704749733445E+05
   3.2200000000000000E+04   5.0581503247619004E+01   2.7277778232935663E+02   6.2096045621425894E+01  -2.4466806267764913E+00   2.5268777567882606E+05
   3.2300000000000000E+04   5.0410671235864633E+01   2.7164904290561964E+02   6.1897086342208667E+01  -2.4619285035781200E+00   2.5171335113170769E+05
   3.2400000000000000E+04   5.0155829689491178E+01   2.7052619703352445E+02   6.1571190484865184E+01  -2.4771887151494250E+00   2.5074376052626077E+05
   3.2500000000000000E+04   4.9928607393918107E+01   2.6940921740474357E+02   6.1286630483853301E+01  -2.4924611781428534E+00   2.4977898222717270E+05
   3.2600000000000000E+04   4.9691459932257743E+01   2.6829807662966931E+02   6.0986823391530436E+01  -2.5077458099407215E+00   2.4881899381145026E+05
   3.2700000000000000E+04   4.9406563541843575E+01   2.6719274724453351E+02   6.0614843514032074E+01  -2.5230425286456613E+00   2.4786377963070828E+05
   3.2800000000000000E+04   4.9152043364286037E+01   2.6609320171894166E+02   6.0288350486492419E+01  -2.5383512530615517E+00   2.4691331952597658E+05
   3.2900000000000000E+04   4.8842261281158507E+01   2.6499941246105897E+02   5.9878521122830492E+01  -2.5536719027078227E+00   2.4596758882050161E+05
   3.3000000000000000E+04   4.8506836948657309E+01   2.6391135182540984E+02   5.9430067745884962E+01  -2.5690043977908315E+00   2.4502657725139862E+05
   3.3100000000000000E+04   4.8198901326032200E+01   2.6282899211802402E+02   5.9022798760283621E+01  -2.5843486592134108E+00   2.4409025872533332E+05
   3.3200000000000000E+04   4.8028367367084122E+01   2.6175230560356346E+02   5.8821374884076761E+01  -2.5997046085510105E+00   2.4315861401827316E+05
   3.3300000000000000E+04   4.7695703705493024E+01   2.6068126450984846E+02   5.8376616267691752E+01  -2.6150721680660101E+00   2.4223162324057508E+05
   3.3400000000000000E+04   4.7198403479355001E+01   2.5961584103494357E+02   5.7685721830594474E+01  -2.6304512606790991E+00   2.4130926583831015E+05
   3.3500000000000000E+04   4.7066235005014022E+01   2.5855600735167485E+02   5.7540644490481441E+01  -2.6458418099788155E+00   2.4039152441876993E+05
   3.3600000000000000E+04   4.6913948534998426E+01   2.5750173561407632E+02   5.7365260064845188E+01  -2.6612437401976941E+00   2.3947836569373374E+05
   3.3700000000000000E+04   4.6689277616799735E+01   2.5645299796044731E+02   5.7081392329522082E+01  -2.6766569762408885E+00   2.3856979391151524E+05
   3.3800000000000000E+04   4.6342529783140797E+01   2.5540976652212905E+02   5.6614967015295534E+01  -2.6920814436193861E+00   2.3766576307260644E+05
   3.3900000000000000E+04   4.6113642344543457E+01   2.5437201342422534E+02   5.6324362803251276E+01  -2.7075170685120287E+00   2.3676626477602223E+05
   3.4000000000000000E+04   4.6073900871147309E+01   2.5333971079349661E+02   5.6315842570454123E+01  -2.7229637777082534E+00   2.3587128240670121E+05
   3.4100000000000000E+04   4.6017073597065313E+01   2.5231283076201083E+02   5.6281807547674887E+01  -2.7384214986176514E+00   2.3498077960177956E+05
   3.4200000000000000E+04   4.5551193956643033E+01   2.5129134547042148E+02   5.5636300123859769E+01  -2.7538901592842677E+00   2.3409475394797561E+05
   3.4300000000000000E+04   4.5349811833167578E+01   2.5027522707508095E+02   5.5385684791511451E+01  -2.7693696883341277E+00   2.3321316792631306E+05
   3.4400000000000000E+04   4.5124960884036867E+01   2.4926444774907438E+02   5.5099817419911716E+01  -2.7848600150229439E+00   2.3233601421930388E+05
   3.4500000000000000E+04   4.4909544902397023E+01   2.4825897968933333E+02   5.4827778633676537E+01  -2.8003610691788730E+00   2.3146325417951695E+05
   3.4600000000000000E+04   4.4690472672677629E+01   2.4725879511746666E+02   5.4550051522928037E+01  -2.8158727812502153E+00   2.3059488716679814E+05
   3.4700000000000000E+04   4.4545828559994845E+01   2.4626386628659893E+02   5.4382979785835587E+01  -2.8313950822481715E+00   2.2973088119237521E+05
   3.4800000000000000E+04   4.4019700983534698E+01   2.4527416548363661E+02   5.3647979687775944E+01  -2.8469279037659283E+00   2.2887121145644976E+05
   3.4900000000000000E+04   4.4018868569563381E+01   2.4428966503228224E+02   5.3694072465330564E+01  -2.8624711779834207E+00   2.2801587200872257E+05
   3.5000000000000000E+04   4.3632188211002081E+01   2.4331033729810758E+02   5.3166370377573692E+01  -2.8780248376339506E+00   2.2716482546608147E+05
   3.5100000000000000E+04   4.3261088228002642E+01   2.4233615469105808E+02   5.2662173898459251E+01  -2.8935888160137142E+00   2.2631805330127434E+05
   3.5200000000000000E+04   4.2993030872918695E+01   2.4136708966841448E+02   5.2310784992903010E+01  -2.9091630469818113E+00   2.2547553652981776E+05
   3.5300000000000000E+04   4.2817853565625647E+01   2.4040311473792437E+02   5.2096726762390169E+01  -2.9247474649554772E+00   2.2463725961015845E+05
   3.5400000000000000E+04   4.2693988397991596E+01   2.3944420246214699E+02   5.1958408535971621E+01  -2.9403420048814510E+00   2.2380319489155020E+05
   3.5500000000000000E+04   4.2339114547673894E+01   2.3849032546004506E+02   5.1477985586720806E+01  -2.9559466022550618E+00   2.2297332594635754E+05
   3.5600000000000000E+04   4.2067110315070316E+01   2.3754145641034523E+02   5.1120174339122684E+01  -2.9715611931059214E+00   2.2214762423286223E+05
   3.5700000000000000E+04   4.1994997517703204E+01   2.3659756805504099E+02   5.1057466793634610E+01  -2.9871857139788349E+00   2.2132606465443177E+05
   3.5800000000000000E+04   4.1489029878574030E+01   2.3565863319945885E+02   5.0354164126289014E+01  -3.0028201019767446E+00   2.2050864123080554E+05
   3.5900000000000000E+04   4.1563076769889527E+01   2.3472462471867323E+02   5.0506312982915581E+01  -3.0184642946843918E+00   2.1969532806148860E+05
   3.6000000000000000E+04   4.1300729260391584E+01   2.3379551555688710E+02   5.0162009455341042E+01  -3.0341182302207987E+00   2.1888609491757394E+05
   3.6100000000000000E+04   4.1226635445053780E+01   2.3287127873110066E+02   5.0095317819768034E+01  -3.0497818472106473E+00   2.1808092681843130E+05
   3.6200000000000000E+04   4.1029152221809341E+01   2.3195188733365524E+02   4.9846286184688310E+01  -3.0654550847747335E+00   2.1727980057259678E+05
   3.6300000000000000E+04   4.0811984270839325E+01   2.3103731453369875E+02   4.9568010914723352E+01  -3.0811378825395108E+00   2.1648270045048042E+05
   3.6400000000000000E+04   4.0575715489175707E+01   2.3012753357958155E+02   4.9261407370396789E+01  -3.0968301806275500E+00   2.1568959465922802E+05
   3.6500000000000000E+04   4.0383017100025299E+01   2.2922251780166218E+02   4.9018858987139538E+01  -3.1125319196384553E+00   2.1490047459110469E+05
   3.6600000000000000E+04   4.0010266133997042E+01   2.2832224061306218E+02   4.8511166836364417E+01  -3.1282430406679462E+00   2.1411530770949973E+05
   3.6700000000000000E+04   4.0105340599040794E+01   2.2742667551280920E+02   4.8691860363623398E+01  -3.1439634852792411E+00   2.1333407684775267E+05
   3.6800000000000000E+04   3.9622917365697262E+01   2.2653579608598722E+02   4.8022421944075184E+01  -3.1596931955316716E+00   2.1255677239358556E+05
   3.6900000000000000E+04   3.9658619299910896E+01   2.2564957600793383E+02   4.8114977139095139E+01  -3.1754321139282071E+00   2.1178336074379305E+05
   3.7000000000000000E+04   3.9527962766475511E+01   2.2476798904401343E+02   4.7962748011684347E+01  -3.1911801834488664E+00   2.1101381583106838E+05
   3.7100000000000000E+04   3.9287521503754732E+01   2.2389100905175229E+02   4.7648735944552733E+01  -3.2069373475363760E+00   2.1024813100713908E+05
   3.7200000000000000E+04   3.9168380374739392E+01   2.2301860998242165E+02   4.7513009720343241E+01  -3.2227035500914232E+00   2.0948628352596948E+05
   3.7300000000000000E+04   3.8689861945460827E+01   2.2215076588349567E+02   4.6849123048111935E+01  -3.2384787354487985E+00   2.0872823843001536E+05
   3.7400000000000000E+04   3.8613886800736779E+01   2.2128745089776777E+02   4.6776163927317171E+01  -3.2542628484203258E+00   2.0797398816454932E+05
   3.7500000000000000E+04   3.8321042670101555E+01   2.2042863926755359E+02   4.6384969374762100E+01  -3.2700558342328496E+00   2.0722350506968930E+05
   3.7600000000000000E+04   3.8175005253984537E+01   2.1957430533371240E+02   4.6208834632053950E+01  -3.2858576385711644E+00   2.0647677705216018E+05
   3.7700000000000000E+04   3.7904373624889175E+01   2.1872442353854672E+02   4.5850071795978302E+01  -3.3016682075398629E+00   2.0573377585754954E+05
   3.7800000000000000E+04   3.7688691784350148E+01   2.1787896842543864E+02   4.5571678119095822E+01  -3.3174874876919436E+00   2.0499449280655620E+05
   3.7900000000000000E+04   3.7683296468247953E+01   2.1703791464207262E+02   4.5600744299658807E+01  -3.3333154259811191E+00   2.0425888712519617E+05
   3.8000000000000000E+04   3.7543550780749804E+01   2.1620123693930071E+02   4.5433041770663628E+01  -3.3491519698047409E+00   2.0352695355940092E+05
   3.8100000000000000E+04   3.7298693827063801E+01   2.1536891017357831E+02   4.5111300504071856E+01  -3.3649970669704135E+00   2.0279866270600108E+05
   3.8200000000000000E+04   3.7005404486563322E+01   2.1454090930754657E+02   4.4718790958722714E+01  -3.3808506657007618E+00   2.0207400482175319E+05
   3.8300000000000000E+04   3.7185558652731721E+01   2.1371720941123058E+02   4.5018520993334427E+01  -3.3967127146238880E+00   2.0135295795207916E+05
   3.8400000000000000E+04   3.7020746913029114E+01   2.1289778566232144E+02   4.4813325817841211E+01  -3.4125831627829144E+00   2.0063549587849720E+05
   3.8500000000000000E+04   3.6722796605098914E+01   2.1208261334837715E+02   4.4413063483478027E+01  -3.4284619596025965E+00   1.9992159611038346E+05
   3.8600000000000000E+04   3.6383182124728016E+01   2.1127166786505509E+02   4.3952210674078025E+01  -3.4443490549417852E+00   1.9921125192990009E+05
   3.8700000000000000E+04   3.6319635186283001E+01   2.1046492472018244E+02   4.3894436110243142E+01  -3.4602443990171121E+00   1.9850443236031389E+05
   3.8800000000000000E+04   3.6211992512427429E+01   2.0966235953212686E+02   4.3772128730364457E+01  -3.4761479424506869E+00   1.9780111818669646E+05
   3.8900000000000000E+04   3.5922974823733220E+01   2.0886394803096169E+02   4.3384827826261791E+01  -3.4920596362557865E+00   1.9710128594495170E+05
   3.9000000000000000E+04   3.5645475995564581E+01   2.0806966605915869E+02   4.3014511387186509E+01  -3.5079794318320898E+00   1.9640493604367354E+05
   3.9100000000000000E+04   3.5504489791602900E+01   2.0727948957307106E+02   4.2842977912492017E+01  -3.5239072809418168E+00   1.9571203252742841E+05
   3.9200000000000000E+04   3.5623616842268149E+01   2.0649339464228029E+02   4.3050571411203279E+01  -3.5398431357335931E+00   1.9502255124660159E+05
   3.9300000000000000E+04   3.5425890805706324E+01   2.0571135745038083E+02   4.2795831201128067E+01  -3.5557869487328979E+00   1.9433648795492164E+05
   3.9400000000000000E+04   3.5085988185392146E+01   2.0493335429614643E+02   4.2333828379409326E+01  -3.5717386728229812E+00   1.9365381001957037E+05
   3.9500000000000000E+04   3.4943901920035209E+01   2.0415936159320322E+02   4.2160005482649957E+01  -3.5876982612591917E+00   1.9297450069949622E+05
   3.9600000000000000E+04   3.4809703049874393E+01   2.0338935587030502E+02   4.1997494732605766E+01  -3.6036656676689565E+00   1.9229855112171482E+05
   3.9700000000000000E+04   3.4743265849454836E+01   2.0262331377340027E+02   4.1933486109772758E+01  -3.6196408460088620E+00   1.9162593204160652E+05
   3.9800000000000000E+04   3.4424175399252206E+01   2.0186121206359704E+02   4.1501605073871076E+01  -3.6356237506171181E+00   1.9095662611380845E+05
   3.9900000000000000E+04   3.4417383039497359E+01   2.0110302761897046E+02   4.1523911368772303E+01  -3.6516143361754043E+00   1.9029061580495726E+05
   4.0000000000000000E+04   3.4068143176722330E+01   2.0034873743430350E+02   4.1048142163926670E+01  -3.6676125577184004E+00   1.8962788338840028E+05
   4.0100000000000000E+04   3.3979061498299238E+01   1.9959831862181150E+02   4.0950331870827014E+01  -3.6836183706194889E+00   1.8896841095258764E+05
   4.0200000000000000E+04   3.3888773176173665E+01   1.9885174841122665E+02   4.0850632016011772E+01  -3.6996317305907409E+00   1.8831217229575015E+05
   4.0300000000000000E+04   3.3595933795339860E+01   1.9810900414967205E+02   4.0456706408420786E+01  -3.7156525936876941E+00   1.8765915723486120E+05
   4.0400000000000000E+04   3.3321100024887635E+01   1.9737006330171212E+02   4.0089175145210085E+01  -3.7316809163093501E+00   1.8700934731797525E+05
   4.0500000000000000E+04   3.3193485345041722E+01   1.9663490345034776E+02   3.9934784350668309E+01  -3.7477166551743282E+00   1.8636271578679391E+05
   4.0600000000000000E+04   3.3184692498818116E+01   1.9590350229623169E+02   3.9952341657585620E+01  -3.7637597673399381E+00   1.8571925601401896E+05
   4.0700000000000000E+04   3.2998706815891616E+01   1.9517583765860815E+02   3.9713060719323465E+01  -3.7798102101783382E+00   1.8507893682976466E+05
   4.0800000000000000E+04   3.2850909612891812E+01   1.9445188747411612E+02   3.9528977262464700E+01  -3.7958679414051448E+00   1.8444175942405002E+05
   4.0900000000000000E+04   3.2530436022412232E+01   1.9373162979862758E+02   3.9095085098630143E+01  -3.8119329190317397E+00   1.8380768413710702E+05
   4.1000000000000000E+04   3.2375715452224213E+01   1.9301504280563282E+02   3.8900810946040401E+01  -3.8280051014034271E+00   1.8317670370211120E+05
   4.1100000000000000E+04   3.2435981822793337E+01   1.9230210478689472E+02   3.9017069155754001E+01  -3.8440844471803617E+00   1.8254880256939723E+05
   4.1200000000000000E+04   3.2335188372297843E+01   1.9159279415306253E+02   3.8900428392993106E+01  -3.8601709153184478E+00   1.8192395686242467E+05
   4.1300000000000000E+04   3.1999000016493547E+01   1.9088708943240437E+02   3.8443384902860103E+01  -3.8762644650979858E+00   1.8130215071982844E+05
   4.1400000000000000E+04   3.1722714196156936E+01   1.9018496927175411E+02   3.8073315451269515E+01  -3.8923650560950298E+00   1.8068335994612405E+05
   4.1500000000000000E+04   3.1636709273813718E+01   1.8948641243522854E+02   3.7977433099263827E+01  -3.9084726482100152E+00   1.8006758473252397E+05
   4.1600000000000000E+04   3.1336609382789529E+01   1.8879139780622310E+02   3.7573212902072441E+01  -3.9245872016105285E+00   1.7945479242026430E+05
   4.1700000000000000E+04   3.1272119330343891E+01   1.8809990438535951E+02   3.7507911330264065E+01  -3.9407086767789878E+00   1.7884497474214001E+05
   4.1800000000000000E+04   3.1243438839335806E+01   1.8741191129081116E+02   3.7494076085023323E+01  -3.9568370344983501E+00   1.7823810282439212E+05
   4.1900000000000000E+04   3.1121522139586435E+01   1.8672739775859276E+02   3.7345895971434629E+01  -3.9729722358377875E+00   1.7763417633283886E+05
   4.2000000000000000E+04   3.0873584243658403E+01   1.8604634314265149E+02   3.7016274563875797E+01  -3.9891142421431636E+00   1.7703316200562456E+05
   4.2100000000000000E+04   3.0755308159071735E+01   1.8536872691316427E+02   3.6873075863722704E+01  -4.0052630150751716E+00   1.7643505105347093E+05
   4.2200000000000000E+04   3.0526491033159562E+01   1.8469452865855504E+02   3.6570977744872550E+01  -4.0214185165473388E+00   1.7583983045494810E+05
   4.2300000000000000E+04   3.0376396866350255E+01   1.8402372808324682E+02   3.6381873689631007E+01  -4.0375807087784947E+00   1.7524747474579656E+05
   4.2400000000000000E+04   3.0346152125166988E+01   1.8335630500840318E+02   3.6364634764724357E+01  -4.0537495542641544E+00   1.7465797476320920E+05
   4.2500000000000000E+04   3.0248130225946273E+01   1.8269223937263436E+02   3.6249997974639676E+01  -4.0699250157478843E+00   1.7407130477306439E+05
   4.2600000000000000E+04   3.0000213069444623E+01   1.8203151122923089E+02   3.5920130843652892E+01  -4.0861070562880926E+00   1.7348745537157566E+05
   4.2700000000000000E+04   2.9775101264254030E+01   1.8137410074823507E+02   3.5623138905097839E+01  -4.1022956391912508E+00   1.7290641293226948E+05
   4.2800000000000000E+04   2.9741685883055784E+01   1.8071998821503894E+02   3.5600593192937311E+01  -4.1184907280405083E+00   1.7232815546977799E+05
   4.2900000000000000E+04   2.9543693722587022E+01   1.8006915403102965E+02   3.5342246585242329E+01  -4.1346922866670788E+00   1.7175266911542660E+05
   4.3000000000000000E+04   2.9728816609600614E+01   1.7942157871151139E+02   3.5632926632004860E+01  -4.1509002791979270E+00   1.7117993163958922E+05
   4.3100000000000000E+04   2.9477378507584138E+01   1.7877724288701000E+02   3.5297315768016929E+01  -4.1671146700080790E+00   1.7060994134020468E+05
   4.3200000000000000E+04   2.9470892054424933E+01   1.7813612730318292E+02   3.5313101748105304E+01  -4.1833354237110845E+00   1.7004266336385233E+05
   4.3300000000000000E+04   2.9298490036343964E+01   1.7749821281841733E+02   3.5090683856247523E+01  -4.1995625052162495E+00   1.6947810407382590E+05
   4.3400000000000000E+04   2.9055244099884153E+01   1.7686348040606006E+02   3.4766747266427103E+01  -4.2157958796523163E+00   1.6891622010355457E+05
   4.3500000000000000E+04   2.8882661071326563E+01   1.7623191115200180E+02   3.4544095453275474E+01  -4.2320355124247104E+00   1.6835702176625747E+05
   4.3600000000000000E+04   2.8670642562270857E+01   1.7560348625523702E+02   3.4265074169755273E+01  -4.2482813691869126E+00   1.6780048617293657E+05
   4.3700000000000000E+04   2.8519868341180647E+01   1.7497818702805770E+02   3.4073550081425552E+01  -4.2645334158213828E+00   1.6724659031087387E+05
   4.3800000000000000E+04   2.8581500218234492E+01   1.7435599489430118E+02   3.4185375961657378E+01  -4.2807916184777177E+00   1.6669532350945310E+05
   4.3900000000000000E+04   2.8430254793013486E+01   1.7373689139018771E+02   3.3992832019519774E+01  -4.2970559435344891E+00   1.6614667084004733E+05
   4.4000000000000000E+04   2.8279086775854353E+01   1.7312085816288578E+02   3.3800330690632265E+01  -4.3133263576278758E+00   1.6560061730181181E+05
   4.4100000000000000E+04   2.8060931890780580E+01   1.7250787697131690E+02   3.3512178354594703E+01  -4.3296028276134857E+00   1.6505713946418476E+05
   4.4200000000000000E+04   2.7893469908216659E+01   1.7189792968440406E+02   3.3296397461500987E+01  -4.3458853206045305E+00   1.6451623459380699E+05
   4.4300000000000000E+04   2.7862963589826769E+01   1.7129099828185247E+02   3.3275745977001002E+01  -4.3621738039336506E+00   1.6397788323451832E+05
   4.4400000000000000E+04   2.7647967777919987E+01   1.7068706485271346E+02   3.2992032008479278E+01  -4.3784682451815513E+00   1.6344207416770799E+05
   4.4500000000000000E+04   2.7560413210207027E+01   1.7008611159613395E+02   3.2889812644269753E+01  -4.3947686121388321E+00   1.6290878775383072E+05
   4.4600000000000000E+04   2.7311748477867631E+01   1.6948812081961333E+02   3.2558271459374915E+01  -4.4110748728441465E+00   1.6237800425887213E+05
   4.4700000000000000E+04   2.7205106465454520E+01   1.6889307493912213E+02   3.2428682085668626E+01  -4.4273869955651302E+00   1.6184972887659154E+05
   4.4800000000000000E+04   2.6894038774458927E+01   1.6830095647950270E+02   3.2008988830231914E+01  -4.4437049487697715E+00   1.6132391666830803E+05
   4.4900000000000000E+04   2.6784676053445040E+01   1.6771174807212384E+02   3.1875386170468570E+01  -4.4600287011836590E+00   1.6080058102684922E+05
   4.5000000000000000E+04   2.6712861202564437E+01   1.6712543245649064E+02   3.1794863100649607E+01  -4.4763582217231885E+00   1.6027969351629243E+05
   4.5100000000000000E+04   2.6743340043007436E+01   1.6654199247820500E+02   3.1859313796670428E+01  -4.4926934795432834E+00   1.5976124233795857E+05
   4.5200000000000000E+04   2.6605707928289799E+01   1.6596141108934484E+02   3.1685253855070972E+01  -4.5090344440087557E+00   1.5924521559103581E+05
   4.5300000000000000E+04   2.6513313992277091E+01   1.6538367134763141E+02   3.1575271290005421E+01  -4.5253810847038540E+00   1.5873160132334928E+05
   4.5400000000000000E+04   2.6364698196582609E+01   1.6480875641648879E+02   3.1385479297153825E+01  -4.5417333714131880E+00   1.5822037912392791E+05
   4.5500000000000000E+04   2.6330767254685984E+01   1.6423664956332874E+02   3.1358176474756601E+01  -4.5580912741598736E+00   1.5771153687046893E+05
   4.5600000000000000E+04   2.6193611947165110E+01   1.6366733416106197E+02   3.1184422523830460E+01  -4.5744547631387711E+00   1.5720506237564419E+05
   4.5700000000000000E+04   2.5982707098338814E+01   1.6310079368493368E+02   3.0906208329751610E+01  -4.5908238088023294E+00   1.5670094337585577E+05
   4.5800000000000000E+04   2.5913485164716313E+01   1.6253701171517022E+02   3.0828515030630296E+01  -4.6071983817556550E+00   1.5619916754572801E+05
   4.5900000000000000E+04   2.5816066756055587E+01   1.6197597193353727E+02   3.0710821213209396E+01  -4.6235784528519153E+00   1.5569971408563887E+05
   4.6000000000000000E+04   2.5621981988760677E+01   1.6141765812481711E+02   3.0456347704312840E+01  -4.6399639931255372E+00   1.5520257051930745E+05
   4.6100000000000000E+04   2.5490524955716882E+01   1.6086205417566799E+02   3.0290403233388442E+01  -4.6563549738113181E+00   1.5470773269956873E+05
   4.6200000000000000E+04   2.5407647562551094E+01   1.6030914407379950E+02   3.0192980352458139E+01  -4.6727513663539488E+00   1.5421517962267058E+05
   4.6300000000000000E+04   2.5404334316903814E+01   1.5975891190797785E+02   3.0207893776182662E+01  -4.6891531423889177E+00   1.5372489860290792E+05
   4.6400000000000000E+04   2.5366725705259544E+01   1.5921134186719274E+02   3.0174321195147357E+01  -4.7055602737520923E+00   1.5323687690450667E+05
   4.6500000000000000E+04   2.5226386532727933E+01   1.5866641824037663E+02   2.9995349559451494E+01  -4.7219727324701344E+00   1.5275111013463364E+05
   4.6600000000000000E+04   2.5143862452982258E+01   1.5812412541584592E+02   2.9898055330695584E+01  -4.7383904907605237E+00   1.5226756858468874E+05
   4.6700000000000000E+04   2.5046929145731887E+01   1.5758444788073970E+02   2.9780295709547062E+01  -4.7548135210315658E+00   1.5178624774232044E+05
   4.6800000000000000E+04   2.4852525397484001E+01   1.5704737022046081E+02   2.9524780351598775E+01  -4.7712417958823670E+00   1.5130713460732342E+05
   4.6900000000000000E+04   2.4841676027687551E+01   1.5651287711784420E+02   2.9528417416505334E+01  -4.7876752881123963E+00   1.5083022455967258E+05
   4.7000000000000000E+04   2.4641470669483446E+01   1.5598095335341421E+02   2.9264620268878836E+01  -4.8041139706928462E+00   1.5035550449071691E+05
   4.7100000000000000E+04   2.4489780549647879E+01   1.5545158380454245E+02   2.9069355177240656E+01  -4.8205578167761942E+00   1.4988294435385749E+05
   4.7200000000000000E+04   2.4466066906765203E+01   1.5492475344461801E+02   2.9054403994710899E+01  -4.8370067997057244E+00   1.4941253934141278E+05
   4.7300000000000000E+04   2.4196582059618397E+01   1.5440044734275614E+02   2.8693181158997582E+01  -4.8534608930059910E+00   1.4894428460862543E+05
   4.7400000000000000E+04   2.4192195351384367E+01   1.5387865066323249E+02   2.8705097755202889E+01  -4.8699200703828343E+00   1.4847815836826820E+05
   4.7500000000000000E+04   2.4118772592807236E+01   1.5335934866492559E+02   2.8619798579096116E+01  -4.8863843057233538E+00   1.4801416411977267E+05
   4.7600000000000000E+04   2.3947012208354600E+01   1.5284252670127594E+02   2.8396037420466055E+01  -4.9028535730768459E+00   1.4755227148831121E+05
   4.7700000000000000E+04   2.3805754221151489E+01   1.5232817021893274E+02   2.8215210187553915E+01  -4.9193278466834292E+00   1.4709247542741086E+05
   4.7800000000000000E+04   2.3570380328999800E+01   1.5181626475798123E+02   2.7902393253448491E+01  -4.9358071009453983E+00   1.4663476236169986E+05
   4.7900000000000000E+04   2.3493811493975613E+01   1.5130679595059692E+02   2.7812302145461747E+01  -4.9522913104558786E+00   1.4617912714981506E+05
   4.8000000000000000E+04   2.3475650837473573E+01   1.5079974952152398E+02   2.7804023768748124E+01  -4.9687804499606321E+00   1.4572555611685492E+05
   4.8100000000000000E+04   2.3322006479537990E+01   1.5029511128673497E+02   2.7605716695630797E+01  -4.9852744943867009E+00   1.4527403554982558E+05
   4.8200000000000000E+04   2.3298836722711105E+01   1.4979286715364250E+02   2.7590231271388657E+01  -5.0017734188137828E+00   1.4482454318848305E+05
   4.8300000000000000E+04   2.3186525949518298E+01   1.4929300311951570E+02   2.7449708917376128E+01  -5.0182771985123775E+00   1.4437708217212404E+05
   4.8400000000000000E+04   2.3160710351060398E+01   1.4879550527194391E+02   2.7430375488839449E+01  -5.0347858089056521E+00   1.4393163864319131E+05
   4.8500000000000000E+04   2.3049324039925750E+01   1.4830035978827152E+02   2.7290976298713687E+01  -5.0512992255694078E+00   1.4348819017190294E+05
   4.8600000000000000E+04   2.2963006145478811E+01   1.4780755293428442E+02   2.7186655994833540E+01  -5.0678174242607303E+00   1.4304673979289838E+05
   4.8700000000000000E+04   2.2850330932477068E+01   1.4731707106441195E+02   2.7045328111404160E+01  -5.0843403808893575E+00   1.4260726498591181E+05
   4.8800000000000000E+04   2.2698532286582068E+01   1.4682890062067281E+02   2.6849195616431462E+01  -5.1008680715367465E+00   1.4216976869692956E+05
   4.8900000000000000E+04   2.2530332369549047E+01   1.4634302813310649E+02   2.6630201721006614E+01  -5.1174004724179420E+00   1.4173421980543644E+05
   4.9000000000000000E+04   2.2473359576302606E+01   1.4585944021798940E+02   2.6566624294812168E+01  -5.1339375599292483E+00   1.4130061265553228E+05
   4.9100000000000000E+04   2.2351455699113085E+01   1.4537812357802605E+02   2.6412262843472433E+01  -5.1504793106196294E+00   1.4086895008033514E+05
   4.9200000000000000E+04   2.2194084288662935E+01   1.4489906500179652E+02   2.6208406890317139E+01  -5.1670257011906955E+00   1.4043921785342056E+05
   4.9300000000000000E+04   2.2141233985080454E+01   1.4442225136344453E+02   2.6150312850242248E+01  -5.1835767084871671E+00   1.4001139315864487E+05
   4.9400000000000000E+04   2.2022465236987099E+01   1.4394766962164906E+02   2.6000223384385507E+01  -5.2001323095159613E+00   1.3958547018586370E+05
   4.9500000000000000E+04   2.1966594335512539E+01   1.4347530681956243E+02   2.5937760327122497E+01  -5.2166924814271010E+00   1.3916143456127233E+05
   4.9600000000000000E+04   2.2015858902102451E+01   1.4300515008331436E+02   2.6021982406630851E+01  -5.2332572015518863E+00   1.3873929748258615E+05
   4.9700000000000000E+04   2.1895379995350076E+01   1.4253718662336789E+02   2.5869190389444743E+01  -5.2498264473265577E+00   1.3831901888015241E+05
   4.9800000000000000E+04   2.1731360359524825E+01   1.4207140373255154E+02   2.5655673579287043E+01  -5.2664001963495615E+00   1.3790059279272615E+05
   4.9900000000000000E+04   2.1610631339297406E+01   1.4160778878530013E+02   2.5502551754938718E+01  -5.2829784263910602E+00   1.3748403031288367E+05
   5.0000000000000000E+04   2.1660551132212159E+01   1.4114632923851568E+02   2.5587206528252345E+01  -5.2995611153357167E+00   1.3706930833395754E+05


