#Te   kappa_tot   kappa_e_ph  kappa_e_e mu Ce
#[K]  [W/(K*m)]   [W/(K*m)]   [W/(K*m)]   [eV]  [J/(m^3*K)]
   3.0000000000000000E+02   3.2447509848294487E+01   3.3325715971499825E+01   1.2313014776530647E+03   1.3619727135987356E+00   2.9823689217063205E+04
   4.0000000000000000E+02   4.3804937572927429E+01   4.5421716511158614E+01   1.2306539930581430E+03   1.3671618465140600E+00   4.0499989650199459E+04
   5.0000000000000000E+02   5.7198464533462349E+01   5.9963472763008419E+01   1.2404370205803079E+03   1.3721267295613861E+00   5.3250799314037256E+04
   6.0000000000000000E+02   7.3207809799684838E+01   7.7677741735720744E+01   1.2721932736409358E+03   1.3763519831524240E+00   6.8569264020876188E+04
   7.0000000000000000E+02   9.1281645053008404E+01   9.8109091532470970E+01   1.3116996664388480E+03   1.3795633602524331E+00   8.5963544651892109E+04
   8.0000000000000000E+02   1.1047033459771981E+02   1.2025859350248609E+02   1.3572390342067715E+03   1.3816576274897958E+00   1.0439734128919226E+05
   9.0000000000000000E+02   1.2984935507296680E+02   1.4311871692353267E+02   1.4005099341381469E+03   1.3826517596496153E+00   1.2285214468030288E+05
   1.0000000000000000E+03   1.4873021558173429E+02   1.6592985407612534E+02   1.4348431204665023E+03   1.3826339841044941E+00   1.4061030363793098E+05
   1.1000000000000000E+03   1.6672834261291550E+02   1.8822258308529163E+02   1.4600208535148704E+03   1.3817251810946445E+00   1.5728846542372965E+05
   1.2000000000000000E+03   1.8370403941412087E+02   2.0975807126005697E+02   1.4789804978379154E+03   1.3800541983936458E+00   1.7275884825436823E+05
   1.3000000000000000E+03   1.9940220028996154E+02   2.3044801062677229E+02   1.4801301648402496E+03   1.3777444328186821E+00   1.8705283568571269E+05
   1.4000000000000000E+03   2.1399853180960159E+02   2.5028980111703217E+02   1.4758825190772643E+03   1.3749076368145896E+00   2.0028476125766072E+05
   1.5000000000000000E+03   2.2757675935546368E+02   2.6932395391140892E+02   1.4681674613086088E+03   1.3716417918771941E+00   2.1260206055580845E+05
   1.6000000000000000E+03   2.4010483256303360E+02   2.8760940416985602E+02   1.4536792038313956E+03   1.3680310649335989E+00   2.2415649665096853E+05
   1.7000000000000000E+03   2.5161647110873128E+02   3.0521046624586700E+02   1.4329213611661337E+03   1.3641467267045562E+00   2.3508939461514514E+05
   1.8000000000000000E+03   2.6254631679884000E+02   3.2219047797477634E+02   1.4182431546051050E+03   1.3600484411122122E+00   2.4552525479281269E+05
   1.9000000000000000E+03   2.7247860867199131E+02   3.3860896679111539E+02   1.3951792002835411E+03   1.3557856336706735E+00   2.5557000521990014E+05
   2.0000000000000000E+03   2.8167884529870304E+02   3.5452054533540371E+02   1.3709309062587627E+03   1.3513988065832980E+00   2.6531162554735440E+05
   2.1000000000000000E+03   2.8915561974325698E+02   3.6997460940341790E+02   1.3237017428844431E+03   1.3469207488851600E+00   2.7482184766667621E+05
   2.2000000000000000E+03   2.9615084756765521E+02   3.8501539438788484E+02   1.2831060243319703E+03   1.3423776277529473E+00   2.8415823153109069E+05
   2.3000000000000000E+03   3.0209621574669131E+02   3.9968219226279649E+02   1.2372933293751018E+03   1.3377899630855541E+00   2.9336625411199202E+05
   2.4000000000000000E+03   3.0777156313760150E+02   4.1400964544945828E+02   1.1993853142038790E+03   1.3331734929583545E+00   3.0248123791661335E+05
   2.5000000000000000E+03   3.1293083564770222E+02   4.2802808184895565E+02   1.1637392705249458E+03   1.3285399384855410E+00   3.1153005550656113E+05
   2.6000000000000000E+03   3.1801829176195014E+02   4.4176387295880392E+02   1.1353051226694949E+03   1.3238976763588242E+00   3.2053259557150543E+05
   2.7000000000000000E+03   3.2221609920069733E+02   4.5523980263694136E+02   1.1027026734139483E+03   1.3192523265744152E+00   3.2950300746067904E+05
   2.8000000000000000E+03   3.2604173685168917E+02   4.6847543591931725E+02   1.0723764516356744E+03   1.3146072624587555E+00   3.3845074898261676E+05
   2.9000000000000000E+03   3.2922328504622305E+02   4.8148747859354239E+02   1.0410647816679668E+03   1.3099640498513028E+00   3.4738146887310367E+05
   3.0000000000000000E+03   3.3234013859132637E+02   4.9429011985932055E+02   1.0143406356221342E+03   1.3053228221766575E+00   3.5629774801396939E+05
   3.1000000000000000E+03   3.3474214790183055E+02   5.0689535235978985E+02   9.8562928029497016E+02   1.3006825980052337E+00   3.6519972572042810E+05
   3.2000000000000000E+03   3.3688838499680060E+02   5.1931326586596924E+02   9.5902821266179990E+02   1.2960415475873281E+00   3.7408563031449937E+05
   3.3000000000000000E+03   3.3889022479146325E+02   5.3155231274882135E+02   9.3499392986823784E+02   1.2913972145092407E+00   3.8295222585221531E+05
   3.4000000000000000E+03   3.4059262986315201E+02   5.4361954487752769E+02   9.1196189639061822E+02   1.2867466983213662E+00   3.9179519305258302E+05
   3.5000000000000000E+03   3.4221251612630385E+02   5.5552082274695124E+02   8.9122726406936454E+02   1.2820868034862372E+00   4.0060944935864792E+05
   3.6000000000000000E+03   3.4352706757077453E+02   5.6726099841249413E+02   8.7098772456545350E+02   1.2774141595930164E+00   4.0938941778857174E+05
   3.7000000000000000E+03   3.4469600868712217E+02   5.7884407431693410E+02   8.5213277988248899E+02   1.2727253172013602E+00   4.1812925048978813E+05
   3.8000000000000000E+03   3.4572932979074659E+02   5.9027334033435068E+02   8.3451157071275816E+02   1.2680168231966498E+00   4.2682301238722284E+05
   3.9000000000000000E+03   3.4643013474129367E+02   6.0155149141955133E+02   8.1684876146655245E+02   1.2632852790671130E+00   4.3546483008476067E+05
   4.0000000000000000E+03   3.4745180325871149E+02   6.1268072819869212E+02   8.0261616972081242E+02   1.2585273850347596E+00   4.4404900838369376E+05
   4.1000000000000000E+03   3.4768532583795144E+02   6.2366284269801656E+02   7.8571044896541775E+02   1.2537399725589111E+00   4.5257012035148154E+05
   4.2000000000000000E+03   3.4814205607395843E+02   6.3449929122642720E+02   7.7139970885465254E+02   1.2489200273435785E+00   4.6102307347607071E+05
   4.3000000000000000E+03   3.4877357146958792E+02   6.4519125621158764E+02   7.5915058477609557E+02   1.2440647046998394E+00   4.6940315524247574E+05
   4.4000000000000000E+03   3.4844599898917545E+02   6.5573969859648162E+02   7.4355534996747872E+02   1.2391713387455225E+00   4.7770606105091644E+05
   4.5000000000000000E+03   3.4931810150055168E+02   6.6614540218870923E+02   7.3445895196044637E+02   1.2342374467284274E+00   4.8592790858212748E+05
   4.6000000000000000E+03   3.4963663645482626E+02   6.7640901116474993E+02   7.2373734695693690E+02   1.2292607295492197E+00   4.9406523905103322E+05
   4.7000000000000000E+03   3.4981854429398317E+02   6.8653106177057361E+02   7.1325324772899671E+02   1.2242390693196996E+00   5.0211501091289119E+05
   4.8000000000000000E+03   3.4997653818330269E+02   6.9651200908971168E+02   7.0342831314416549E+02   1.2191705247197737E+00   5.1007458182790416E+05
   4.9000000000000000E+03   3.5002555031703588E+02   7.0635224963254689E+02   6.9386137881401817E+02   1.2140533246970349E+00   5.1794169071777171E+05
   5.0000000000000000E+03   3.5008144292954034E+02   7.1605214037141172E+02   6.8496349097409779E+02   1.2088858610038393E+00   5.2571443133787776E+05
   5.1000000000000000E+03   3.4974953142904457E+02   7.2561201474858524E+02   6.7520030175996226E+02   1.2036666799617108E+00   5.3339122593094117E+05
   5.2000000000000000E+03   3.4992511123361834E+02   7.3503219610215695E+02   6.6788234516417367E+02   1.1983944737495316E+00   5.4097079445851943E+05
   5.3000000000000000E+03   3.4960247257033677E+02   7.4431300888132307E+02   6.5925189305349397E+02   1.1930680714559734E+00   5.4845212763352285E+05
   5.4000000000000000E+03   3.4947748589482063E+02   7.5345478796072621E+02   6.5180762306534746E+02   1.1876864300945713E+00   5.5583445575701480E+05
   5.5000000000000000E+03   3.4925226070546177E+02   7.6245788631427968E+02   6.4444945563269562E+02   1.1822486257331848E+00   5.6311722002911533E+05
   5.6000000000000000E+03   3.4920387352364509E+02   7.7132268127378813E+02   6.3808781578119454E+02   1.1767538448172059E+00   5.7030004689692892E+05
   5.7000000000000000E+03   3.4939742018311318E+02   7.8004957955080431E+02   6.3287111136315480E+02   1.1712013758125794E+00   5.7738272205874347E+05
   5.8000000000000000E+03   3.4884792176969205E+02   7.8863902118407111E+02   6.2555855253298103E+02   1.1655906012036423E+00   5.8436516470277158E+05
   5.9000000000000000E+03   3.4879167380471830E+02   7.9709148254973229E+02   6.2016281727244382E+02   1.1599209898737906E+00   5.9124740795858367E+05
   6.0000000000000000E+03   3.4834501658376871E+02   8.0540747854827612E+02   6.1383225449255349E+02   1.1541920899110130E+00   5.9802957786141161E+05
   6.1000000000000000E+03   3.4845849825800019E+02   8.1358756406849409E+02   6.0951147028983587E+02   1.1484035218616031E+00   6.0471187691234774E+05
   6.2000000000000000E+03   3.4805827470942205E+02   8.2163233482460942E+02   6.0386739264175458E+02   1.1425549723900641E+00   6.1129456694094813E+05
   6.3000000000000000E+03   3.4775782160536454E+02   8.2954242763635500E+02   5.9877352649471811E+02   1.1366461884035381E+00   6.1777795597855560E+05
   6.4000000000000000E+03   3.4788288835581233E+02   8.3731852023199360E+02   5.9515238842645522E+02   1.1306769715684142E+00   6.2416238555709401E+05
   6.5000000000000000E+03   3.4763312302841064E+02   8.4496133063076525E+02   5.9062916946041253E+02   1.1246471732541197E+00   6.3044822082623816E+05
   6.6000000000000000E+03   3.4742818344883113E+02   8.5247161616756478E+02   5.8643008870036988E+02   1.1185566898504098E+00   6.3663584313307144E+05
   6.7000000000000000E+03   3.4718489722398328E+02   8.5985017220921657E+02   5.8230390906635887E+02   1.1124054584604832E+00   6.4272564229333645E+05
   6.8000000000000000E+03   3.4699817790011622E+02   8.6709783060764130E+02   5.7850714899668264E+02   1.1061934529722710E+00   6.4871800672636332E+05
   6.9000000000000000E+03   3.4645717553535297E+02   8.7421545794463987E+02   5.7389571791496223E+02   1.0999206803981689E+00   6.5461332829456241E+05
   7.0000000000000000E+03   3.4618367379267721E+02   8.8120395359115946E+02   5.7018104459464791E+02   1.0935871776022750E+00   6.6041198609365488E+05
   7.1000000000000000E+03   3.4587735101159660E+02   8.8806424763558960E+02   5.6652293040073369E+02   1.0871930082470567E+00   6.6611435528933036E+05
   7.2000000000000000E+03   3.4557168879397489E+02   8.9479729870241829E+02   5.6300472531211403E+02   1.0807382600388149E+00   6.7172079855753691E+05
   7.3000000000000000E+03   3.4508161453377909E+02   9.0140409169345332E+02   5.5913250332262317E+02   1.0742230422439318E+00   6.7723166728983552E+05
   7.4000000000000000E+03   3.4516537327648086E+02   9.0788563548756883E+02   5.5688537504247529E+02   1.0676474833755287E+00   6.8264730035450973E+05
   7.5000000000000000E+03   3.4454903041127471E+02   9.1424296061082794E+02   5.5293115994487573E+02   1.0610117291602434E+00   6.8796802315385779E+05
   7.6000000000000000E+03   3.4382900230395211E+02   9.2047711691246798E+02   5.4883857370537612E+02   1.0543159406380669E+00   6.9319415240452951E+05
   7.7000000000000000E+03   3.4362164419891224E+02   9.2658917125609946E+02   5.4616437407961268E+02   1.0475602924886147E+00   6.9832599136084516E+05
   7.8000000000000000E+03   3.4311396896165195E+02   9.3258020525116615E+02   5.4283227078953848E+02   1.0407449714904509E+00   7.0336383254763496E+05
   7.9000000000000000E+03   3.4309528527952330E+02   9.3845131303585515E+02   5.4081626112091647E+02   1.0338701751461579E+00   7.0830796184988972E+05
   8.0000000000000000E+03   3.4321604128752097E+02   9.4420359912724507E+02   5.3922218061676881E+02   1.0269361104311197E+00   7.1315865560238634E+05
   8.1000000000000000E+03   3.4294641647726110E+02   9.4983817634778131E+02   5.3674084960597497E+02   1.0199429926847066E+00   7.1791618677763501E+05
   8.2000000000000000E+03   3.4258195985562963E+02   9.5535616384061314E+02   5.3410829770617067E+02   1.0128910445901633E+00   7.2258082085518050E+05
   8.3000000000000000E+03   3.4223088252343888E+02   9.6075868517797210E+02   5.3158692512996345E+02   1.0057804952875531E+00   7.2715282339733595E+05
   8.4000000000000000E+03   3.4184913193387683E+02   9.6604686657296702E+02   5.2906677550881523E+02   9.9861157954273083E-01   7.3163245951478789E+05
   8.5000000000000000E+03   3.4145560594947960E+02   9.7122183519497696E+02   5.2659085998495141E+02   9.9138453704236518E-01   7.3601999134563468E+05
   8.6000000000000000E+03   3.4080559151248184E+02   9.7628471759622255E+02   5.2357863068681195E+02   9.8409961173098448E-01   7.4031568726430426E+05
   8.7000000000000000E+03   3.3983688993869225E+02   9.8123663824874734E+02   5.1989482115474084E+02   9.7675705123672740E-01   7.4451981579744711E+05
   8.8000000000000000E+03   3.3953985220233619E+02   9.8607871819431239E+02   5.1785443976653551E+02   9.6935710634844441E-01   7.4863265468321124E+05
   8.9000000000000000E+03   3.3922106615026365E+02   9.9081207380626915E+02   5.1582100440611964E+02   9.6190003056283557E-01   7.5265448543195031E+05
   9.0000000000000000E+03   3.3843391321303653E+02   9.9543781566359098E+02   5.1276699279669879E+02   9.5438607966193312E-01   7.5658560003892845E+05
   9.1000000000000000E+03   3.3803382681904526E+02   9.9995704753409007E+02   5.1066241046427695E+02   9.4681551136061193E-01   7.6042629820620979E+05
   9.2000000000000000E+03   3.3788039339381663E+02   1.0043708654656348E+03   5.0917040431487078E+02   9.3918858497511370E-01   7.6417689152312465E+05
   9.3000000000000000E+03   3.3737048103481152E+02   1.0086803569815872E+03   5.0691787718049875E+02   9.3150556114292404E-01   7.6783769980345049E+05
   9.4000000000000000E+03   3.3706703802252088E+02   1.0128866003774125E+03   5.0518023635224546E+02   9.2376670155898954E-01   7.7140905980911781E+05
   9.5000000000000000E+03   3.3624688990857567E+02   1.0169906641141993E+03   5.0233283186981441E+02   9.1597226875862436E-01   7.7489131940734945E+05
   9.6000000000000000E+03   3.3554916073255839E+02   1.0209936063051512E+03   4.9981227497264604E+02   9.0812252592142395E-01   7.7828483809337323E+05
   9.7000000000000000E+03   3.3594407859899553E+02   1.0248964742902474E+03   4.9975572168428164E+02   9.0021773668918503E-01   7.8158999536784575E+05
   9.8000000000000000E+03   3.3544834378415618E+02   1.0287003042946499E+03   4.9776391987668154E+02   8.9225816502584610E-01   7.8480718062785279E+05
   9.9000000000000000E+03   3.3508469696991006E+02   1.0324061211652479E+03   4.9610334668798254E+02   8.8424407506341751E-01   7.8793680476824287E+05
   1.0000000000000000E+04   3.3449942151031252E+02   1.0360149381816118E+03   4.9399676737324171E+02   8.7617573100861035E-01   7.9097928811144293E+05
   1.0100000000000000E+04   3.3403521520775467E+02   1.0395277569350153E+03   4.9219354913671486E+02   8.6805339703078632E-01   7.9393507221172063E+05
   1.0200000000000000E+04   3.3308456421038403E+02   1.0429455672703421E+03   4.8937618529814023E+02   8.5987733715457471E-01   7.9680461490600242E+05
   1.0300000000000000E+04   3.3238483323690269E+02   1.0462693472884146E+03   4.8714330633911050E+02   8.5164781521785959E-01   7.9958838832040306E+05
   1.0400000000000000E+04   3.3168802623395607E+02   1.0495000633997727E+03   4.8495509484061313E+02   8.4336509477840149E-01   8.0228688101357222E+05
   1.0500000000000000E+04   3.3126852795571307E+02   1.0526386704281920E+03   4.8339408895802706E+02   8.3502943906248195E-01   8.0490060202787013E+05
   1.0600000000000000E+04   3.3107775612361831E+02   1.0556861117579967E+03   4.8234910118544389E+02   8.2664111091588466E-01   8.0743007634831453E+05
   1.0700000000000000E+04   3.3060646841227191E+02   1.0586433195208890E+03   4.8073710642818719E+02   8.1820037276420798E-01   8.0987584177973424E+05
   1.0800000000000000E+04   3.2923433847534153E+02   1.0615112148175151E+03   4.7725929069388667E+02   8.0970748657551961E-01   8.1223845651316713E+05
   1.0900000000000000E+04   3.2884565189549005E+02   1.0642907079689367E+03   4.7588513754779444E+02   8.0116271381833359E-01   8.1451849435199355E+05
   1.1000000000000000E+04   3.2823386346130872E+02   1.0669826987971087E+03   4.7407161503456808E+02   7.9256631545927891E-01   8.1671654330479680E+05
   1.1100000000000000E+04   3.2761826190177868E+02   1.0695880769241749E+03   4.7227876339172491E+02   7.8391855190940762E-01   8.1883320785453578E+05
   1.1200000000000000E+04   3.2709997764568311E+02   1.0721077220951154E+03   4.7071512282095409E+02   7.7521968303353617E-01   8.2086911045778217E+05
   1.1300000000000000E+04   3.2638573333612908E+02   1.0745425045130614E+03   4.6877253116966762E+02   7.6646996812222667E-01   8.2282488346989301E+05
   1.1400000000000000E+04   3.2583597797312990E+02   1.0768932851872446E+03   4.6719547680487335E+02   7.5766966587311746E-01   8.2470118009489134E+05
   1.1500000000000000E+04   3.2509971714834427E+02   1.0791609162917434E+03   4.6526052400327239E+02   7.4881903439092223E-01   8.2649866235708352E+05
   1.1600000000000000E+04   3.2485725407855114E+02   1.0813462415297965E+03   4.6435992665943616E+02   7.3991833117808858E-01   8.2821800828172755E+05
   1.1700000000000000E+04   3.2328924286414627E+02   1.0834500965007535E+03   4.6078110929171748E+02   7.3096781311612991E-01   8.2985991149912809E+05
   1.1800000000000000E+04   3.2304562198826090E+02   1.0854733090711532E+03   4.5992217520613519E+02   7.2196773647495638E-01   8.3142507264076243E+05
   1.1900000000000000E+04   3.2199659906245466E+02   1.0874166997425200E+03   4.5745398999805622E+02   7.1291835689887328E-01   8.3291420986752328E+05
   1.2000000000000000E+04   3.2151507770362821E+02   1.0892810820173977E+03   4.5615498701188699E+02   7.0381992940424398E-01   8.3432805023814377E+05
   1.2100000000000000E+04   3.2087143254502791E+02   1.0910672627606471E+03   4.5454974159881073E+02   6.9467270837715756E-01   8.3566733429402125E+05
   1.2200000000000000E+04   3.2015746104473277E+02   1.0927760425534518E+03   4.5282421578735460E+02   6.8547694756408939E-01   8.3693281348713115E+05
   1.2300000000000000E+04   3.1950327094930583E+02   1.0944082160435876E+03   4.5123857705821871E+02   6.7623290009524750E-01   8.3812524206413876E+05
   1.2400000000000000E+04   3.1877623621422151E+02   1.0959645722785381E+03   4.4952741203538784E+02   6.6694081844488418E-01   8.3924539798502915E+05
   1.2500000000000000E+04   3.1792137340393941E+02   1.0974458950365040E+03   4.4758246405874911E+02   6.5760095445697853E-01   8.4029405550333951E+05
   1.2600000000000000E+04   3.1732505961734762E+02   1.0988529631413371E+03   4.4616907530393837E+02   6.4821355933356206E-01   8.4127200737689331E+05
   1.2700000000000000E+04   3.1653678508197873E+02   1.1001865507677692E+03   4.4439433152347010E+02   6.3877888364172231E-01   8.4218004454901244E+05
   1.2800000000000000E+04   3.1587067886100778E+02   1.1014474277314359E+03   4.4287836577075683E+02   6.2929717730426560E-01   8.4301897218227992E+05
   1.2900000000000000E+04   3.1518712424818938E+02   1.1026363597658956E+03   4.4134500060517240E+02   6.1976868959504783E-01   8.4378960026825033E+05
   1.3000000000000000E+04   3.1452808848591883E+02   1.1037541087881052E+03   4.3987610781342084E+02   6.1019366915064677E-01   8.4449274531599646E+05
   1.3100000000000000E+04   3.1384473488870140E+02   1.1048014331452755E+03   4.3837559458616596E+02   6.0057236395402214E-01   8.4512923335032375E+05
   1.3200000000000000E+04   3.1315899789503783E+02   1.1057790878516848E+03   4.3688606361701346E+02   5.9090502134851919E-01   8.4569988892227807E+05
   1.3300000000000000E+04   3.1235203577768652E+02   1.1066878248054913E+03   4.3517640753849372E+02   5.8119188801919808E-01   8.4620554860448174E+05
   1.3400000000000000E+04   3.1119717864365549E+02   1.1075283929957757E+03   4.3280949554192171E+02   5.7143321000683556E-01   8.4664704516316939E+05
   1.3500000000000000E+04   3.0931532702887188E+02   1.1083015386896659E+03   4.2906203872256106E+02   5.6162923269158760E-01   8.4702522615424555E+05
   1.3600000000000000E+04   3.0973787177999372E+02   1.1090080056091574E+03   4.2976931691254208E+02   5.5178020080466073E-01   8.4734093061711336E+05
   1.3700000000000000E+04   3.0836976466710348E+02   1.1096485350871305E+03   4.2704495646208636E+02   5.4188635840496557E-01   8.4759501284161652E+05
   1.3800000000000000E+04   3.0641134821040481E+02   1.1102238662176428E+03   4.2321459798421898E+02   5.3194794890713437E-01   8.4778831496185379E+05
   1.3900000000000000E+04   3.0602183964287656E+02   1.1107347359807520E+03   4.2239796181588298E+02   5.2196521504650040E-01   8.4792169486193568E+05
   1.4000000000000000E+04   3.0511483276498899E+02   1.1111818793613654E+03   4.2060778284439209E+02   5.1193839889077331E-01   8.4799600726688711E+05
   1.4100000000000000E+04   3.0498561752784661E+02   1.1115660294531872E+03   4.2030732076238019E+02   5.0186774184470562E-01   8.4801210053309787E+05
   1.4200000000000000E+04   3.0347687684444242E+02   1.1118879175430779E+03   4.1740186072351565E+02   4.9175348462208285E-01   8.4797083662166051E+05
   1.4300000000000000E+04   3.0288053884007002E+02   1.1121482731928243E+03   4.1623810508657482E+02   4.8159586727373288E-01   8.4787306775228027E+05
   1.4400000000000000E+04   3.0185352634893337E+02   1.1123478242959045E+03   4.1427325786350070E+02   4.7139512915017839E-01   8.4771965137329581E+05
   1.4500000000000000E+04   3.0089416823097110E+02   1.1124872971326822E+03   4.1244920393947643E+02   4.6115150892031148E-01   8.4751144204272225E+05
   1.4600000000000000E+04   2.9968710459318407E+02   1.1125674164085528E+03   4.1017367851311604E+02   4.5086524456205496E-01   8.4724929363220371E+05
   1.4700000000000000E+04   2.9876255642001001E+02   1.1125889052807390E+03   4.0844082530817383E+02   4.4053657335302687E-01   8.4693405897333391E+05
   1.4800000000000000E+04   2.9794922345246118E+02   1.1125524853752038E+03   4.0692710741819474E+02   4.3016573186586926E-01   8.4656658951830585E+05
   1.4900000000000000E+04   2.9707126491891711E+02   1.1124588767932819E+03   4.0530363827771572E+02   4.1975295596358286E-01   8.4614773500906175E+05
   1.5000000000000000E+04   2.9612597810344477E+02   1.1123087981104984E+03   4.0356587117417132E+02   4.0929848080419218E-01   8.4567834039747086E+05
   1.5100000000000000E+04   2.9519187513053765E+02   1.1121029663603108E+03   4.0185983946421504E+02   3.9880254081740463E-01   8.4515925099843531E+05
   1.5200000000000000E+04   2.9433132644112311E+02   1.1118420970168595E+03   4.0030048653375496E+02   3.8826536971861497E-01   8.4459130528751889E+05
   1.5300000000000000E+04   2.9338404594318411E+02   1.1115269039606483E+03   3.9859085374025835E+02   3.7768720048089505E-01   8.4397534717846825E+05
   1.5400000000000000E+04   2.9256275733082578E+02   1.1111580994474034E+03   3.9712353672117104E+02   3.6706826535833437E-01   8.4331220327878697E+05
   1.5500000000000000E+04   2.9166649701176493E+02   1.1107363940567175E+03   3.9552740776679059E+02   3.5640879584869367E-01   8.4260270936040697E+05
   1.5600000000000000E+04   2.9083529298704309E+02   1.1102624966460030E+03   3.9406004226210246E+02   3.4570902271207715E-01   8.4184769034557266E+05
   1.5700000000000000E+04   2.8926372071927494E+02   1.1097371142922291E+03   3.9124569939134591E+02   3.3496917596159681E-01   8.4104796708062303E+05
   1.5800000000000000E+04   2.8810390554173136E+02   1.1091609522236772E+03   3.8919780726735922E+02   3.2418948483535937E-01   8.4020435610333749E+05
   1.5900000000000000E+04   2.8671488043108008E+02   1.1085347137588403E+03   3.8674340167975521E+02   3.1337017782447824E-01   8.3931767090067151E+05
   1.6000000000000000E+04   2.8585856976584159E+02   1.1078591002265034E+03   3.8526862958998555E+02   3.0251148263805971E-01   8.3838871877070633E+05
   1.6100000000000000E+04   2.8540168613068539E+02   1.1071348108929244E+03   3.8452647493581753E+02   2.9161362621954112E-01   8.3741830206859612E+05
   1.6200000000000000E+04   2.8375405845552598E+02   1.1063625428761393E+03   3.8163338648931352E+02   2.8067683472334948E-01   8.3640721499446535E+05
   1.6300000000000000E+04   2.8308725148599513E+02   1.1055429910630876E+03   3.8052519020729613E+02   2.6970133351956876E-01   8.3535624938345060E+05
   1.6400000000000000E+04   2.8209825474687142E+02   1.1046768480199160E+03   3.7884211117836918E+02   2.5868734718226905E-01   8.3426619004608400E+05
   1.6500000000000000E+04   2.8107808614229913E+02   1.1037648039017074E+03   3.7711086363090135E+02   2.4763509948717138E-01   8.3313781609153294E+05
   1.6600000000000000E+04   2.8003668733518884E+02   1.1028075463604471E+03   3.7534942890040617E+02   2.3654481341164874E-01   8.3197189457008091E+05
   1.6700000000000000E+04   2.7907000155573314E+02   1.1018057604455546E+03   3.7372987859013637E+02   2.2541671111138142E-01   8.3076919572297612E+05
   1.6800000000000000E+04   2.7805480012614913E+02   1.1007601285093178E+03   3.7203069794260779E+02   2.1425101392502643E-01   8.2953048372705979E+05
   1.6900000000000000E+04   2.7711344049915249E+02   1.0996713301122256E+03   3.7047083196663908E+02   2.0304794238355489E-01   8.2825650075539411E+05
   1.7000000000000000E+04   2.7528155583770518E+02   1.0985400419151429E+03   3.6733033063442133E+02   1.9180771616823322E-01   8.2694800134233793E+05
   1.7100000000000000E+04   2.7485989155436420E+02   1.0973669375896666E+03   3.6671072778663427E+02   1.8053055414797331E-01   8.2560571765765082E+05
   1.7200000000000000E+04   2.7358938196502839E+02   1.0961526877092258E+03   3.6458681572033822E+02   1.6921667433731399E-01   8.2423038788739883E+05
   1.7300000000000000E+04   2.7256631439429452E+02   1.0948979596545598E+03   3.6290990772515318E+02   1.5786629391509555E-01   8.2282272736049222E+05
   1.7400000000000000E+04   2.7132687470908348E+02   1.0936034175081584E+03   3.6085669722937331E+02   1.4647962919644811E-01   8.2138346383063088E+05
   1.7500000000000000E+04   2.6980144216503157E+02   1.0922697219626327E+03   3.5830676204465573E+02   1.3505689566080334E-01   8.1991329861122149E+05
   1.7600000000000000E+04   2.7024393743902550E+02   1.0908975302139181E+03   3.5923615823172810E+02   1.2359830791454483E-01   8.1841293890894053E+05
   1.7700000000000000E+04   2.6853262484519649E+02   1.0894874958654732E+03   3.5636908596105974E+02   1.1210407969567732E-01   8.1688307822089468E+05
   1.7800000000000000E+04   2.6684889114349596E+02   1.0880402688335762E+03   3.5356233290516485E+02   1.0057442387849473E-01   8.1532440609078004E+05
   1.7900000000000000E+04   2.6552004176063122E+02   1.0865564952493116E+03   3.5138820544203753E+02   8.9009552459574481E-02   8.1373759806499712E+05
   1.8000000000000000E+04   2.6477750945443171E+02   1.0850368173653872E+03   3.5024698092125510E+02   7.7409676557777418E-02   8.1212332557942462E+05
   1.8100000000000000E+04   2.6378086434908437E+02   1.0834818734622540E+03   3.4866589391862055E+02   6.5775006404910186E-02   8.1048225260833709E+05
   1.8200000000000000E+04   2.6271971907146695E+02   1.0818922977559371E+03   3.4697748426648133E+02   5.4105751336388182E-02   8.0881503903683613E+05
   1.8300000000000000E+04   2.6141897673404031E+02   1.0802687203135210E+03   3.4487736691187069E+02   4.2402119805241299E-02   8.0712233040714753E+05
   1.8400000000000000E+04   2.6036580096569730E+02   1.0786117669602479E+03   3.4321417801832615E+02   3.0664319354101941E-02   8.0540477151571936E+05
   1.8500000000000000E+04   2.5940710155991866E+02   1.0769220592002853E+03   3.4172002282309194E+02   1.8892556633879794E-02   8.0366298920017527E+05
   1.8600000000000000E+04   2.5868840576354518E+02   1.0752002141293069E+03   3.4064642595485572E+02   7.0870373804182325E-03   8.0189760949886160E+05
   1.8700000000000000E+04   2.5742207845077883E+02   1.0734468443586636E+03   3.3862810214320103E+02  -4.7520335714995076E-03   8.0010924728263903E+05
   1.8800000000000000E+04   2.5667738772744434E+02   1.0716625579315039E+03   3.3751724074475590E+02  -1.6624452316162573E-02   7.9829851673924597E+05
   1.8900000000000000E+04   2.5538725068330118E+02   1.0698479582553291E+03   3.3546802954126377E+02  -2.8530015848920280E-02   7.9646601024898200E+05
   1.9000000000000000E+04   2.5438029800395842E+02   1.0680036440208075E+03   3.3391259796729139E+02  -4.0468522103531711E-02   7.9461232655338466E+05
   1.9100000000000000E+04   2.5307801174911506E+02   1.0661302091383245E+03   3.3185337234287664E+02  -5.2439769928822259E-02   7.9273804601435573E+05
   1.9200000000000000E+04   2.5127696274405807E+02   1.0642282426678789E+03   3.2894473148389625E+02  -6.4443559102689646E-02   7.9084374475898047E+05
   1.9300000000000000E+04   2.5095715788779358E+02   1.0622983287528284E+03   3.2858109385541064E+02  -7.6479690341441475E-02   7.8892999840046489E+05
   1.9400000000000000E+04   2.4951245897331785E+02   1.0603410465610441E+03   3.2629375175941601E+02  -8.8547965290457664E-02   7.8699736037603149E+05
   1.9500000000000000E+04   2.4811673720836828E+02   1.0583569702253199E+03   3.2409656735540875E+02  -1.0064818652885921E-01   7.8504638355459308E+05
   1.9600000000000000E+04   2.4744976618118238E+02   1.0563466687818895E+03   3.2314715924358012E+02  -1.1278015759285175E-01   7.8307762043333647E+05
   1.9700000000000000E+04   2.4641325929625344E+02   1.0543107061269234E+03   3.2157068750103531E+02  -1.2494368293837604E-01   7.8109159376580047E+05
   1.9800000000000000E+04   2.4538588094914078E+02   1.0522496409548025E+03   3.2001338754178215E+02  -1.3713856798779464E-01   7.7908884061218053E+05
   1.9900000000000000E+04   2.4439945993245996E+02   1.0501640267178896E+03   3.1852917285043213E+02  -1.4936461910187993E-01   7.7706988304520701E+05
   2.0000000000000000E+04   2.4344190986846448E+02   1.0480544115785865E+03   3.1709719530641888E+02  -1.6162164359382042E-01   7.7503523174691689E+05
   2.0100000000000000E+04   2.4238278435933884E+02   1.0459213383676956E+03   3.1549615752696252E+02  -1.7390944972922029E-01   7.7298539348269696E+05
   2.0200000000000000E+04   2.4141929767636952E+02   1.0437653445467240E+03   3.1406037008881844E+02  -1.8622784672143111E-01   7.7092085986689455E+05
   2.0300000000000000E+04   2.4030646133494272E+02   1.0415869621659610E+03   3.1237510059351939E+02  -1.9857664475489500E-01   7.6884212623190368E+05
   2.0400000000000000E+04   2.3887335410402463E+02   1.0393867178381263E+03   3.1015321261224551E+02  -2.1095565495713273E-01   7.6674967282770062E+05
   2.0500000000000000E+04   2.3756047705167722E+02   1.0371651327019099E+03   3.0813908093827905E+02  -2.2336468942208712E-01   7.6464397235983971E+05
   2.0600000000000000E+04   2.3641222219520242E+02   1.0349227223940484E+03   3.0640596528230742E+02  -2.3580356121012283E-01   7.6252549773655250E+05
   2.0700000000000000E+04   2.3558692273428255E+02   1.0326599970275297E+03   3.0521817732486187E+02  -2.4827208433402054E-01   7.6039470292713051E+05
   2.0800000000000000E+04   2.3458353150528598E+02   1.0303774611654562E+03   3.0373388714696682E+02  -2.6077007377298317E-01   7.5825203830085031E+05
   2.0900000000000000E+04   2.3357755733697340E+02   1.0280756138009867E+03   3.0224792707245723E+02  -2.7329734547263534E-01   7.5609795075780724E+05
   2.1000000000000000E+04   2.3257949688628241E+02   1.0257549483386713E+03   3.0077780316621806E+02  -2.8585371634969259E-01   7.5393287993789767E+05
   2.1100000000000000E+04   2.3152735062799954E+02   1.0234159525852211E+03   2.9921984418874968E+02  -2.9843900426861736E-01   7.5175725039212825E+05
   2.1200000000000000E+04   2.3012866262585769E+02   1.0210591087265676E+03   2.9708676447040659E+02  -3.1105302808363838E-01   7.4957148728552752E+05
   2.1300000000000000E+04   2.2884755466678905E+02   1.0186848933269778E+03   2.9515386954145293E+02  -3.2369560760139932E-01   7.4737600072765828E+05
   2.1400000000000000E+04   2.2801543754317490E+02   1.0162937773155257E+03   2.9397061750285781E+02  -3.3636656360430428E-01   7.4517120958878309E+05
   2.1500000000000000E+04   2.2707776829673756E+02   1.0138862259841097E+03   2.9261381121903571E+02  -3.4906571783650997E-01   7.4295750584082620E+05
   2.1600000000000000E+04   2.2612250963977726E+02   1.0114626989819818E+03   2.9122982244471399E+02  -3.6179289301326389E-01   7.4073528636915435E+05
   2.1700000000000000E+04   2.2478286898548441E+02   1.0090236503148038E+03   2.8921121725844671E+02  -3.7454791282090477E-01   7.3850493308748433E+05
   2.1800000000000000E+04   2.2401269087010215E+02   1.0065695283458665E+03   2.8813798282043678E+02  -3.8733060191686131E-01   7.3626684120477806E+05
   2.1900000000000000E+04   2.2301282050207644E+02   1.0041007758039664E+03   2.8668646669096040E+02  -4.0014078591097885E-01   7.3402136271536106E+05
   2.2000000000000000E+04   2.2201712256155290E+02   1.0016178297796801E+03   2.8524385164752346E+02  -4.1297829140286824E-01   7.3176887926945102E+05
   2.2100000000000000E+04   2.2100074964794322E+02   9.9912112174185370E+02   2.8376909898896042E+02  -4.2584294594455574E-01   7.2950974963557185E+05
   2.2200000000000000E+04   2.2004431987233841E+02   9.9661107754237958E+02   2.8239504790678916E+02  -4.3873457805915839E-01   7.2724431767680298E+05
   2.2300000000000000E+04   2.1858230561353395E+02   9.9408811742855903E+02   2.8019141749820994E+02  -4.5165301723621581E-01   7.2497293704726046E+05
   2.2400000000000000E+04   2.1795028329110866E+02   9.9155265605503917E+02   2.7935434261031418E+02  -4.6459809393635781E-01   7.2269595082768740E+05
   2.2500000000000000E+04   2.1655672421599695E+02   9.8900510250202569E+02   2.7726863212008476E+02  -4.7756963957729903E-01   7.2041369150617905E+05
   2.2600000000000000E+04   2.1615145332679515E+02   9.8644586028959213E+02   2.7680547126196916E+02  -4.9056748654317672E-01   7.1812648096304410E+05
   2.2700000000000000E+04   2.1511059536723735E+02   9.8387532739703431E+02   2.7530140057895954E+02  -5.0359146817987965E-01   7.1583464303797332E+05
   2.2800000000000000E+04   2.1408137891574964E+02   9.8129389628270826E+02   2.7381819988910695E+02  -5.1664141879505254E-01   7.1353849111840606E+05
   2.2900000000000000E+04   2.1311290092529248E+02   9.7870195390322124E+02   2.7243599124918563E+02  -5.2971717366742854E-01   7.1123834080022131E+05
   2.3000000000000000E+04   2.1211127719052590E+02   9.7609988174299883E+02   2.7100115282911736E+02  -5.4281856901882020E-01   7.0893449314093066E+05
   2.3100000000000000E+04   2.1125928088804224E+02   9.7348805583417879E+02   2.6981189032539464E+02  -5.5594544203279395E-01   7.0662723882510327E+05
   2.3200000000000000E+04   2.0989072940983635E+02   9.7086684678017525E+02   2.6778232059988369E+02  -5.6909763086400578E-01   7.0431687950631569E+05
   2.3300000000000000E+04   2.0871344835480883E+02   9.6823661979267126E+02   2.6606693691486032E+02  -5.8227497459618560E-01   7.0200368960098608E+05
   2.3400000000000000E+04   2.0811540431554553E+02   9.6559773470899245E+02   2.6529432423956030E+02  -5.9547731328882114E-01   6.9968795468015887E+05
   2.3500000000000000E+04   2.0698498686311939E+02   9.6295054603158849E+02   2.6365791893935182E+02  -6.0870448793514176E-01   6.9736994593931478E+05
   2.3600000000000000E+04   2.0623377739151434E+02   9.6029540295116965E+02   2.6263814739987498E+02  -6.2195634049479931E-01   6.9504993743471429E+05
   2.3700000000000000E+04   2.0513510180232308E+02   9.5763264938626730E+02   2.6105609467008412E+02  -6.3523271386118652E-01   6.9272818891291146E+05
   2.3800000000000000E+04   2.0323581412386599E+02   9.5496262401403692E+02   2.5818236598174815E+02  -6.4853345187077494E-01   6.9040495444892708E+05
   2.3900000000000000E+04   2.0220179231794609E+02   9.5228566030106265E+02   2.5670978343969364E+02  -6.6185839931711921E-01   6.8808049125070893E+05
   2.4000000000000000E+04   2.0121674193836165E+02   9.4960208654593509E+02   2.5531745025396845E+02  -6.7520740191818007E-01   6.8575503793550527E+05
   2.4100000000000000E+04   1.9990987166483615E+02   9.4691222590767677E+02   2.5340897586720322E+02  -6.8858030634900080E-01   6.8342884958227526E+05
   2.4200000000000000E+04   1.9907136444101326E+02   9.4421639645117284E+02   2.5225484743827548E+02  -7.0197696020436062E-01   6.8110215400073898E+05
   2.4300000000000000E+04   1.9774196246400587E+02   9.4151491118056163E+02   2.5031430162556049E+02  -7.1539721201744821E-01   6.7877518244233250E+05
   2.4400000000000000E+04   1.9675898304615737E+02   9.3880807807985661E+02   2.4893086448696675E+02  -7.2884091125052541E-01   6.7644816091844696E+05
   2.4500000000000000E+04   1.9590531606962418E+02   9.3609620015008159E+02   2.4775531002357243E+02  -7.4230790830426241E-01   6.7412131471693236E+05
   2.4600000000000000E+04   1.9484806571355131E+02   9.3337957545450934E+02   2.4625517321209122E+02  -7.5579805449439741E-01   6.7179485959448910E+05
   2.4700000000000000E+04   1.9398602841594803E+02   9.3065849715715501E+02   2.4506786032544568E+02  -7.6931120206107051E-01   6.6946900176335895E+05
   2.4800000000000000E+04   1.9324405636037443E+02   9.2793325356299363E+02   2.4407271351335655E+02  -7.8284720417349563E-01   6.6714395588226966E+05
   2.4900000000000000E+04   1.9260582756115673E+02   9.2520412816502574E+02   2.4324340722785752E+02  -7.9640591490661561E-01   6.6481992275822593E+05
   2.5000000000000000E+04   1.9169830853110173E+02   9.2247139968351621E+02   2.4198511019170232E+02  -8.0998718925510560E-01   6.6249709832192049E+05
   2.5100000000000000E+04   1.9067803299196774E+02   9.1973534210994399E+02   2.4054806626777764E+02  -8.2359088312871076E-01   6.6017567822693649E+05
   2.5200000000000000E+04   1.8973809886943368E+02   9.1699622475449235E+02   2.3923984368496949E+02  -8.3721685333356588E-01   6.5785584432128211E+05
   2.5300000000000000E+04   1.8889205289597584E+02   9.1425431228469472E+02   2.3808155398378372E+02  -8.5086495759554059E-01   6.5553778739564412E+05
   2.5400000000000000E+04   1.8785540054305767E+02   9.1150986477479398E+02   2.3662128710558682E+02  -8.6453505453689605E-01   6.5322169370744028E+05
   2.5500000000000000E+04   1.8693946706995175E+02   9.0876313775028871E+02   2.3535345758852222E+02  -8.7822700367628570E-01   6.5090773126376211E+05
   2.5600000000000000E+04   1.8596827826761742E+02   9.0601438223283139E+02   2.3399881455046184E+02  -8.9194066542875294E-01   6.4859606810077594E+05
   2.5700000000000000E+04   1.8507764163554776E+02   9.0326384478543582E+02   2.3277242229708517E+02  -9.0567590110573382E-01   6.4628688163820631E+05
   2.5800000000000000E+04   1.8415968471555328E+02   9.0051176755997130E+02   2.3150342850682782E+02  -9.1943257290571800E-01   6.4398033578256750E+05
   2.5900000000000000E+04   1.8324475599631361E+02   8.9775838834386911E+02   2.3023985739112524E+02  -9.3321054390958114E-01   6.4167658085041773E+05
   2.6000000000000000E+04   1.8210186002191318E+02   8.9500394060602457E+02   2.2861748723998798E+02  -9.4700967808058245E-01   6.3937578143155714E+05
   2.6100000000000000E+04   1.8100201426382117E+02   8.9224865354191081E+02   2.2706441703427703E+02  -9.6082984026903717E-01   6.3707808402262139E+05
   2.6200000000000000E+04   1.7998561458148080E+02   8.8949275212479449E+02   2.2564381834309657E+02  -9.7467089618896974E-01   6.3478364497231867E+05
   2.6300000000000000E+04   1.7926692226137340E+02   8.8673645714911936E+02   2.2469167602432438E+02  -9.8853271243212260E-01   6.3249259787354607E+05
   2.6400000000000000E+04   1.7815274647561236E+02   8.8397998527896186E+02   2.2311899222522766E+02  -1.0024151564586157E+00   6.3020509571836714E+05
   2.6500000000000000E+04   1.7723004997134038E+02   8.8122354909652859E+02   2.2184763614489992E+02  -1.0163180965876117E+00   6.2792126879779040E+05
   2.6600000000000000E+04   1.7635284066283774E+02   8.7846735714679266E+02   2.2064807125512951E+02  -1.0302414020066524E+00   6.2564125288762641E+05
   2.6700000000000000E+04   1.7641426625213001E+02   8.7571161398897766E+02   2.2091893002355465E+02  -1.0441849427483167E+00   6.2336517520002229E+05
   2.6800000000000000E+04   1.7462890994281102E+02   8.7295652023928835E+02   2.1829789243495046E+02  -1.0581485897088903E+00   6.2109316387641965E+05
   2.6900000000000000E+04   1.7435920682636606E+02   8.7020227261947525E+02   2.1804884677480592E+02  -1.0721322146390344E+00   6.1882534810506913E+05
   2.7000000000000000E+04   1.7271258986727796E+02   8.6744906401009916E+02   2.1564921376552215E+02  -1.0861356901111048E+00   6.1656184389318374E+05
   2.7100000000000000E+04   1.7185664711131011E+02   8.6469708348839424E+02   2.1448508737784627E+02  -1.1001588895611625E+00   6.1430276836383331E+05
   2.7200000000000000E+04   1.7095403391637737E+02   8.6194651638234859E+02   2.1324867887110182E+02  -1.1142016872516338E+00   6.1204823507053452E+05
   2.7300000000000000E+04   1.7005847322943671E+02   8.5919754431416538E+02   2.1202371004528891E+02  -1.1282639582853096E+00   6.0979835403739766E+05
   2.7400000000000000E+04   1.6923785403875368E+02   8.5645034524837797E+02   2.1091557614946225E+02  -1.1423455785960113E+00   6.0755324629129504E+05
   2.7500000000000000E+04   1.6812827837043318E+02   8.5370509354259548E+02   2.0935942470187297E+02  -1.1564464249252457E+00   6.0531299570296158E+05
   2.7600000000000000E+04   1.6756170968765363E+02   8.5096195998500207E+02   2.0864587162823418E+02  -1.1705663748642250E+00   6.0307772136811842E+05
   2.7700000000000000E+04   1.6658466502783324E+02   8.4822111185133383E+02   2.0729617737690950E+02  -1.1847053067978406E+00   6.0084751006551122E+05
   2.7800000000000000E+04   1.6621483874730490E+02   8.4548271294483482E+02   2.0688711793087569E+02  -1.1988630999326761E+00   5.9862246467569529E+05
   2.7900000000000000E+04   1.6531980312787744E+02   8.4274692364260011E+02   2.0566456713064395E+02  -1.2130396342923382E+00   5.9640268004461355E+05
   2.8000000000000000E+04   1.6420595273758167E+02   8.4001390094443332E+02   2.0410426258433696E+02  -1.2272347906987835E+00   5.9418824296460068E+05
   2.8100000000000000E+04   1.6332554465644355E+02   8.3728379851867942E+02   2.0290549398484310E+02  -1.2414484507676478E+00   5.9197924197351304E+05
   2.8200000000000000E+04   1.6256306958175620E+02   8.3455676674330425E+02   2.0188896163024944E+02  -1.2556804969269200E+00   5.8977576254038129E+05
   2.8300000000000000E+04   1.6172628712133442E+02   8.3183295275582714E+02   2.0075797160888834E+02  -1.2699308123889352E+00   5.8757788711051713E+05
   2.8400000000000000E+04   1.6073906104351178E+02   8.2911250049571811E+02   1.9939566260793907E+02  -1.2841992811597049E+00   5.8538570007829298E+05
   2.8500000000000000E+04   1.5988666621496557E+02   8.2639555075192266E+02   1.9824136279353510E+02  -1.2984857880202481E+00   5.8319926808988000E+05
   2.8600000000000000E+04   1.5920920384335145E+02   8.2368224120295201E+02   1.9735607988388551E+02  -1.3127902185452607E+00   5.8101868456907908E+05
   2.8700000000000000E+04   1.5840892097165616E+02   8.2097270646649304E+02   1.9628208396782469E+02  -1.3271124590704426E+00   5.7884400047567917E+05
   2.8800000000000000E+04   1.5800668439912369E+02   8.1826707813628366E+02   1.9581920889948458E+02  -1.3414523967251690E+00   5.7667530861938559E+05
   2.8900000000000000E+04   1.5712712932509885E+02   8.1556548483459324E+02   1.9462332705319480E+02  -1.3558099193811406E+00   5.7451265929346520E+05
   2.9000000000000000E+04   1.5635253672845079E+02   8.1286805224675095E+02   1.9358869514905118E+02  -1.3701849156944017E+00   5.7235612994715257E+05
   2.9100000000000000E+04   1.5531592078803152E+02   8.1017490317029626E+02   1.9215291302486182E+02  -1.3845772750679888E+00   5.7020577539224015E+05
   2.9200000000000000E+04   1.5449079032623024E+02   8.0748615755415710E+02   1.9104143906504797E+02  -1.3989868876659370E+00   5.6806166783047933E+05
   2.9300000000000000E+04   1.5357143870492030E+02   8.0480193254186145E+02   1.8978624591848461E+02  -1.4134136444039422E+00   5.6592385682045843E+05
   2.9400000000000000E+04   1.5207793371606866E+02   8.0212234251523159E+02   1.8765657666766811E+02  -1.4278574369353594E+00   5.6379239937701810E+05
   2.9500000000000000E+04   1.5145309513633327E+02   7.9944749913173666E+02   1.8685161074841858E+02  -1.4423181576698687E+00   5.6166735505797388E+05
   2.9600000000000000E+04   1.5068379463287886E+02   7.9677751136920097E+02   1.8582669321988064E+02  -1.4567956997501417E+00   5.5954878605123633E+05
   2.9700000000000000E+04   1.5020952988623196E+02   7.9411248556754083E+02   1.8525037364935642E+02  -1.4712899570424958E+00   5.5743672679830575E+05
   2.9800000000000000E+04   1.4945379010657041E+02   7.9145252546591098E+02   1.8424581405770269E+02  -1.4858008241509066E+00   5.5533122955484048E+05
   2.9900000000000000E+04   1.4865580168792357E+02   7.8879773224207895E+02   1.8317712628909300E+02  -1.5003281964170019E+00   5.5323235953657667E+05
   3.0000000000000000E+04   1.4769814027548347E+02   7.8614820455807580E+02   1.8186642039829772E+02  -1.5148719698827189E+00   5.5114014913788415E+05
   3.0100000000000000E+04   1.4710207869409197E+02   7.8350403859457151E+02   1.8110420772510051E+02  -1.5294320413136417E+00   5.4905463348112162E+05
   3.0200000000000000E+04   1.4725067592297552E+02   7.8086532809075788E+02   1.8147141479886807E+02  -1.5440083081896683E+00   5.4697586588127934E+05
   3.0300000000000000E+04   1.4585187593109654E+02   7.7823216438299971E+02   1.7949108022175642E+02  -1.5586006687003382E+00   5.4490388212285738E+05
   3.0400000000000000E+04   1.4521576504044191E+02   7.7560463644228810E+02   1.7866752691781548E+02  -1.5732090217448340E+00   5.4283872606919124E+05
   3.0500000000000000E+04   1.4443155391653164E+02   7.7298283091617122E+02   1.7761973526319997E+02  -1.5878332669039701E+00   5.4078042917257722E+05
   3.0600000000000000E+04   1.4365971839560794E+02   7.7036683215971209E+02   1.7659075465838390E+02  -1.6024733044728741E+00   5.3872903106999898E+05
   3.0700000000000000E+04   1.4286347848223031E+02   7.6775672227745258E+02   1.7552501497138309E+02  -1.6171290354283019E+00   5.3668456935592019E+05
   3.0800000000000000E+04   1.4212783834677455E+02   7.6515258115845791E+02   1.7455082421722923E+02  -1.6318003614333105E+00   5.3464706406302925E+05
   3.0900000000000000E+04   1.4139142194057365E+02   7.6255448651180347E+02   1.7357545756441888E+02  -1.6464871848372582E+00   5.3261654870759207E+05
   3.1000000000000000E+04   1.4065636200958127E+02   7.5996251390326995E+02   1.7260213247104858E+02  -1.6611894086664625E+00   5.3059306005910924E+05
   3.1100000000000000E+04   1.3962221396421319E+02   7.5737673679081217E+02   1.7117902482019863E+02  -1.6759069366195352E+00   5.2857662257482810E+05
   3.1200000000000000E+04   1.3880216114940976E+02   7.5479722655808382E+02   1.7007845055761291E+02  -1.6906396730720523E+00   5.2656726400094270E+05
   3.1300000000000000E+04   1.3849604216236551E+02   7.5222405255302795E+02   1.6974955083378848E+02  -1.7053875230485394E+00   5.2456499451740959E+05
   3.1400000000000000E+04   1.3774886133562245E+02   7.4965728211436704E+02   1.6875799302090365E+02  -1.7201503922644881E+00   5.2256985380216973E+05
   3.1500000000000000E+04   1.3711425315598029E+02   7.4709698061560516E+02   1.6793532000293729E+02  -1.7349281870609994E+00   5.2058185882375477E+05
   3.1600000000000000E+04   1.3628636068211441E+02   7.4454321148919837E+02   1.6682275675119271E+02  -1.7497208144561345E+00   5.1860104050597193E+05
   3.1700000000000000E+04   1.3586915610388328E+02   7.4199603626582655E+02   1.6632553113785173E+02  -1.7645281821029002E+00   5.1662740700671909E+05
   3.1800000000000000E+04   1.3490868137686556E+02   7.3945551460551167E+02   1.6501445864749275E+02  -1.7793501982939148E+00   5.1466095940046071E+05
   3.1900000000000000E+04   1.3424663410815049E+02   7.3692170432535420E+02   1.6415024164060154E+02  -1.7941867719847531E+00   5.1270174980146717E+05
   3.2000000000000000E+04   1.3324877210080794E+02   7.3439466143752145E+02   1.6278442323195623E+02  -1.8090378127519287E+00   5.1074977064264228E+05
   3.2100000000000000E+04   1.3256615841036481E+02   7.3187444017769053E+02   1.6188960827803200E+02  -1.8239032308068972E+00   5.0880505498077016E+05
   3.2200000000000000E+04   1.3185488356182989E+02   7.2936109303839044E+02   1.6095200430026424E+02  -1.8387829369773847E+00   5.0686759187778406E+05
   3.2300000000000000E+04   1.3154475672805040E+02   7.2685467079301009E+02   1.6061200827856592E+02  -1.8536768427447357E+00   5.0493741120678099E+05
   3.2400000000000000E+04   1.3101161356054592E+02   7.2435522253578711E+02   1.5993927474725979E+02  -1.8685848601785517E+00   5.0301452007001534E+05
   3.2500000000000000E+04   1.3033296768123435E+02   7.2186279570356692E+02   1.5904949499717617E+02  -1.8835069019833788E+00   5.0109892933922692E+05
   3.2600000000000000E+04   1.2968383493394168E+02   7.1937743611050871E+02   1.5820355603930636E+02  -1.8984428814613545E+00   4.9919063767704670E+05
   3.2700000000000000E+04   1.2885972687142836E+02   7.1689918797066480E+02   1.5709733728338830E+02  -1.9133927125495647E+00   4.9728967432934878E+05
   3.2800000000000000E+04   1.2819556857632017E+02   7.1442809393766140E+02   1.5622899062583267E+02  -1.9283563097453362E+00   4.9539601892199984E+05
   3.2900000000000000E+04   1.2762326992260812E+02   7.1196419511930287E+02   1.5549689356150745E+02  -1.9433335881902800E+00   4.9350970319707511E+05
   3.3000000000000000E+04   1.2701668461551667E+02   7.0950753111644178E+02   1.5471366606618054E+02  -1.9583244635955863E+00   4.9163072535164130E+05
   3.3100000000000000E+04   1.2621746407693462E+02   7.0705814004696731E+02   1.5364468964340685E+02  -1.9733288522607049E+00   4.8975907675349870E+05
   3.3200000000000000E+04   1.2556359560836454E+02   7.0461605857022164E+02   1.5279120890864581E+02  -1.9883466710873456E+00   4.8789476890932507E+05
   3.3300000000000000E+04   1.2498152638086846E+02   7.0218132191675181E+02   1.5204387473459485E+02  -2.0033778375561417E+00   4.8603780662217352E+05
   3.3400000000000000E+04   1.2432264341467305E+02   6.9975396391410709E+02   1.5118270319069831E+02  -2.0184222697266421E+00   4.8418819338030316E+05
   3.3500000000000000E+04   1.2365883961992525E+02   6.9733401701367325E+02   1.5031418260620703E+02  -2.0334798862279797E+00   4.8234592595513741E+05
   3.3600000000000000E+04   1.2278164143942942E+02   6.9492151231436810E+02   1.4913067292976555E+02  -2.0485506062682082E+00   4.8051100524991064E+05
   3.3700000000000000E+04   1.2236680411613736E+02   6.9251647958945944E+02   1.4862944249643010E+02  -2.0636343496202887E+00   4.7868342546077253E+05
   3.3800000000000000E+04   1.2156650800252538E+02   6.9011894731093639E+02   1.4755956483630590E+02  -2.0787310366221061E+00   4.7686319586571137E+05
   3.3900000000000000E+04   1.2144788058046531E+02   6.8772894267422259E+02   1.4749428877739868E+02  -2.0938405881717790E+00   4.7505030275760032E+05
   3.4000000000000000E+04   1.2064475581739342E+02   6.8534649162320807E+02   1.4641970245443298E+02  -2.1089629257183393E+00   4.7324474209974980E+05
   3.4100000000000000E+04   1.2026931174928632E+02   6.8297161887221671E+02   1.4597510176568835E+02  -2.1240979712710626E+00   4.7144651959990093E+05
   3.4200000000000000E+04   1.1949161979049086E+02   6.8060434793237857E+02   1.4493792760717028E+02  -2.1392456473761268E+00   4.6965562343649985E+05
   3.4300000000000000E+04   1.1896219714906763E+02   6.7824470113023517E+02   1.4426605387584658E+02  -2.1544058771446202E+00   4.6787205157348834E+05
   3.4400000000000000E+04   1.1840867174925857E+02   6.7589269963676213E+02   1.4355847487196422E+02  -2.1695785842058584E+00   4.6609580087209062E+05
   3.4500000000000000E+04   1.1787993842406252E+02   6.7354836348530580E+02   1.4288708163420486E+02  -2.1847636927353973E+00   4.6432686160451866E+05
   3.4600000000000000E+04   1.1719833392454893E+02   6.7121171159524386E+02   1.4199096534518299E+02  -2.1999611274410222E+00   4.6256521193015121E+05
   3.4700000000000000E+04   1.1661795029496977E+02   6.6888276179394722E+02   1.4124335833805532E+02  -2.2151708135580859E+00   4.6081086194946588E+05
   3.4800000000000000E+04   1.1605306158150846E+02   6.6656153083583354E+02   1.4051828574179160E+02  -2.2303926768635098E+00   4.5906380977421749E+05
   3.4900000000000000E+04   1.1593630035306532E+02   6.6424803442956102E+02   1.4045013966054395E+02  -2.2456266436290946E+00   4.5732402486160939E+05
   3.5000000000000000E+04   1.1453448237553505E+02   6.6194228725251162E+02   1.3849860480155689E+02  -2.2608726406635467E+00   4.5559150877412170E+05
   3.5100000000000000E+04   1.1423211947907357E+02   6.5964430297409876E+02   1.3815710230043800E+02  -2.2761305952891258E+00   4.5386625104105211E+05
   3.5200000000000000E+04   1.1369282141380441E+02   6.5735409427805007E+02   1.3746876111414593E+02  -2.2914004353229802E+00   4.5214824021594360E+05
   3.5300000000000000E+04   1.1316198062515684E+02   6.5507167287671848E+02   1.3679254867387118E+02  -2.3066820891144855E+00   4.5043745832708781E+05
   3.5400000000000000E+04   1.1253485167661825E+02   6.5279704953722262E+02   1.3597549381672593E+02  -2.3219754854938959E+00   4.4873390311377874E+05
   3.5500000000000000E+04   1.1196691780113508E+02   6.5053023409455682E+02   1.3524475775534376E+02  -2.3372805538143600E+00   4.4703756587350840E+05
   3.5600000000000000E+04   1.1129903335992842E+02   6.4827123547767678E+02   1.3436815086359039E+02  -2.3525972238958990E+00   4.4534841466701654E+05
   3.5700000000000000E+04   1.1127683675337001E+02   6.4602006172081815E+02   1.3443287467903036E+02  -2.3679254260767562E+00   4.4366645009774662E+05
   3.5800000000000000E+04   1.1017956959964104E+02   6.4377671998646167E+02   1.3292994888551584E+02  -2.3832650911760580E+00   4.4199166076237726E+05
   3.5900000000000000E+04   1.0923677386233241E+02   6.4154121658235056E+02   1.3165378151095484E+02  -2.3986161504984675E+00   4.4032401759098534E+05
   3.6000000000000000E+04   1.0886518623300519E+02   6.3931355698008588E+02   1.3120784845450495E+02  -2.4139785358248633E+00   4.3866352423772257E+05
   3.6100000000000000E+04   1.0831937082234613E+02   6.3709374582977421E+02   1.3050858166522048E+02  -2.4293521794310027E+00   4.3701015553180332E+05
   3.6200000000000000E+04   1.0765826587728512E+02   6.3488178698112927E+02   1.2964192508019335E+02  -2.4447370140548479E+00   4.3536389667070034E+05
   3.6300000000000000E+04   1.0746134367373529E+02   6.3267768349937023E+02   1.2944836027721419E+02  -2.4601329729012296E+00   4.3372473203969758E+05
   3.6400000000000000E+04   1.0671738743020651E+02   6.3048143767909573E+02   1.2846114929113801E+02  -2.4755399896605237E+00   4.3209264522763505E+05
   3.6500000000000000E+04   1.0651449351946816E+02   6.2829305106450931E+02   1.2825808026839175E+02  -2.4909579984759693E+00   4.3046761339313869E+05
   3.6600000000000000E+04   1.0580378691490723E+02   6.2611252446334936E+02   1.2731878468004253E+02  -2.5063869339576819E+00   4.2884962985210936E+05
   3.6700000000000000E+04   1.0526051975688907E+02   6.2393985796416064E+02   1.2662203582920040E+02  -2.5218267311686344E+00   4.2723867022420192E+05
   3.6800000000000000E+04   1.0461999886251562E+02   6.2177505094975243E+02   1.2578452992107800E+02  -2.5372773256386725E+00   4.2563472068996314E+05
   3.6900000000000000E+04   1.0416498235265996E+02   6.1961810211569980E+02   1.2521508978729533E+02  -2.5527386533365028E+00   4.2403776671016688E+05
   3.7000000000000000E+04   1.0375446484739157E+02   6.1746900948387758E+02   1.2470966085685265E+02  -2.5682106506790237E+00   4.2244777600832959E+05
   3.7100000000000000E+04   1.0350770711021086E+02   6.1532777041578447E+02   1.2444054307998150E+02  -2.5836932545406710E+00   4.2086473827384756E+05
   3.7200000000000000E+04   1.0276945754406418E+02   6.1319438162968743E+02   1.2346116146667578E+02  -2.5991864022300657E+00   4.1928864821832348E+05
   3.7300000000000000E+04   1.0249229723980456E+02   6.1106883921401845E+02   1.2314734151832155E+02  -2.6146900314946913E+00   4.1771946576513693E+05
   3.7400000000000000E+04   1.0152091130116462E+02   6.0895113864227403E+02   1.2183206912363823E+02  -2.6302040805115485E+00   4.1615716716646287E+05
   3.7500000000000000E+04   1.0120981237465486E+02   6.0684127478482731E+02   1.2146849262387417E+02  -2.6457284879011671E+00   4.1460175654267491E+05
   3.7600000000000000E+04   1.0070494226039479E+02   6.0473924192450397E+02   1.2082556778613338E+02  -2.6612631927089292E+00   4.1305319746443542E+05
   3.7700000000000000E+04   1.0059194334504649E+02   6.0264503377019128E+02   1.2074666255485033E+02  -2.6768081344003991E+00   4.1151147567711456E+05
   3.7800000000000000E+04   9.9486846020495804E+01   6.0055864346855822E+02   1.1923976881821477E+02  -2.6923632528706625E+00   4.0997656486014946E+05
   3.7900000000000000E+04   9.9100014897923302E+01   5.9848006361779733E+02   1.1876602473941296E+02  -2.7079284884349897E+00   4.0844844952927402E+05
   3.8000000000000000E+04   9.8554987540829970E+01   5.9640928628223162E+02   1.1806488349578764E+02  -2.7235037818101580E+00   4.0692709638590057E+05
   3.8100000000000000E+04   9.8219386887816952E+01   5.9434630299953596E+02   1.1766410485681004E+02  -2.7390890741564742E+00   4.0541250021968526E+05
   3.8200000000000000E+04   9.7621761923001159E+01   5.9229110479987060E+02   1.1688717332999690E+02  -2.7546843070170755E+00   4.0390464379075327E+05
   3.8300000000000000E+04   9.7163983245146653E+01   5.9024368221432303E+02   1.1631066411600787E+02  -2.7702894223459462E+00   4.0240347474795330E+05
   3.8400000000000000E+04   9.6790026997137929E+01   5.8820402528539762E+02   1.1585401247321161E+02  -2.7859043625172579E+00   4.0090900346029276E+05
   3.8500000000000000E+04   9.6317088261488934E+01   5.8617212358324628E+02   1.1525530635100584E+02  -2.8015290702833413E+00   3.9942118792987958E+05
   3.8600000000000000E+04   9.5836601393003789E+01   5.8414796621089044E+02   1.1464561307756057E+02  -2.8171634888260542E+00   3.9794002019889967E+05
   3.8700000000000000E+04   9.5368592868691167E+01   5.8213154182269091E+02   1.1405359863032257E+02  -2.8328075616914052E+00   3.9646546289758035E+05
   3.8800000000000000E+04   9.4789154354179686E+01   5.8012283862975573E+02   1.1330215700428785E+02  -2.8484612328362600E+00   3.9499750702796201E+05
   3.8900000000000000E+04   9.4053012325476089E+01   5.7812184441370857E+02   1.1232720917747210E+02  -2.8641244466003077E+00   3.9353611993571027E+05
   3.9000000000000000E+04   9.3504461216009418E+01   5.7612854653705040E+02   1.1162018426675670E+02  -2.8797971477060771E+00   3.9208128581713425E+05
   3.9100000000000000E+04   9.3075873864633863E+01   5.7414293195231699E+02   1.1108400422821038E+02  -2.8954792812682655E+00   3.9063297097484360E+05
   3.9200000000000000E+04   9.2616433292610282E+01   5.7216498721417543E+02   1.1050368088349244E+02  -2.9111707927750712E+00   3.8919115861674002E+05
   3.9300000000000000E+04   9.2398980985463581E+01   5.7019469848718643E+02   1.1026764613757699E+02  -2.9268716281068583E+00   3.8775583147811913E+05
   3.9400000000000000E+04   9.2045111941388427E+01   5.6823205155958874E+02   1.0983707960664125E+02  -2.9425817334988160E+00   3.8632696602796926E+05
   3.9500000000000000E+04   9.1614559851315761E+01   5.6627703184966788E+02   1.0929707758104995E+02  -2.9583010555689642E+00   3.8490451493584266E+05
   3.9600000000000000E+04   9.1188287021142870E+01   5.6432962441610960E+02   1.0876295875799202E+02  -2.9740295413088216E+00   3.8348848867212242E+05
   3.9700000000000000E+04   9.0727851000540127E+01   5.6238981396815518E+02   1.0818005955979044E+02  -2.9897671380740669E+00   3.8207885066546191E+05
   3.9800000000000000E+04   9.0301159860175247E+01   5.6045758487655962E+02   1.0764496085536267E+02  -3.0055137935658598E+00   3.8067555214257143E+05
   3.9900000000000000E+04   8.9509610332866387E+01   5.5853292117688034E+02   1.0659185370265527E+02  -3.0212694558822037E+00   3.7927860232934024E+05
   4.0000000000000000E+04   8.9656229993127383E+01   5.5661580658563832E+02   1.0687022447898212E+02  -3.0370340734479075E+00   3.7788796327400050E+05
   4.0100000000000000E+04   8.8911535469349147E+01   5.5470622450280916E+02   1.0588309252149378E+02  -3.0528075950706182E+00   3.7650362001000508E+05
   4.0200000000000000E+04   8.8324331965742232E+01   5.5280415802707626E+02   1.0511986791688709E+02  -3.0685899698754500E+00   3.7512552197299426E+05
   4.0300000000000000E+04   8.7936208632943888E+01   5.5090958995611300E+02   1.0463863063102184E+02  -3.0843811473796912E+00   3.7375367095111293E+05
   4.0400000000000000E+04   8.7516686539498806E+01   5.4902250280247108E+02   1.0411272965087876E+02  -3.1001810774181036E+00   3.7238803903730965E+05
   4.0500000000000000E+04   8.7202529563819482E+01   5.4714287879702147E+02   1.0373571951987884E+02  -3.1159897101849352E+00   3.7102859203147830E+05
   4.0600000000000000E+04   8.7005858446674097E+01   5.4527069989911649E+02   1.0352473294738854E+02  -3.1318069962105821E+00   3.6967531885781360E+05
   4.0700000000000000E+04   8.6237621071445488E+01   5.4340594780271942E+02   1.0250499318192350E+02  -3.1476328863755985E+00   3.6832817864504381E+05
   4.0800000000000000E+04   8.5539995501411525E+01   5.4154860394717878E+02   1.0158594440426369E+02  -3.1634673318780009E+00   3.6698715957498096E+05
   4.0900000000000000E+04   8.5299258141483563E+01   5.3969864952022260E+02   1.0131152307302477E+02  -3.1793102842753065E+00   3.6565221998802881E+05
   4.1000000000000000E+04   8.5080747034457787E+01   5.3785606547034456E+02   1.0106822077959836E+02  -3.1951616954331592E+00   3.6432335325788689E+05
   4.1100000000000000E+04   8.4707356260596029E+01   5.3602083250814451E+02   1.0060614187701272E+02  -3.2110215175813654E+00   3.6300052880697174E+05
   4.1200000000000000E+04   8.4323985293661963E+01   5.3419293112074058E+02   1.0012977620624227E+02  -3.2268897032391908E+00   3.6168372160501219E+05
   4.1300000000000000E+04   8.3934189721564721E+01   5.3237234157287435E+02   9.9644155912290486E+01  -3.2427662052713839E+00   3.6037290627115226E+05
   4.1400000000000000E+04   8.3547449038845414E+01   5.3055904391633953E+02   9.9162650793984284E+01  -3.2586509768601668E+00   3.5906804522734071E+05
   4.1500000000000000E+04   8.3109816367715723E+01   5.2875301799555348E+02   9.8609304638701971E+01  -3.2745439715145723E+00   3.5776913613475632E+05
   4.1600000000000000E+04   8.2800455121254046E+01   5.2695424345575134E+02   9.8236359414664079E+01  -3.2904451430517625E+00   3.5647613480811508E+05
   4.1700000000000000E+04   8.2118527746693971E+01   5.2516269974740760E+02   9.7339250702674278E+01  -3.3063544456157170E+00   3.5518903830877022E+05
   4.1800000000000000E+04   8.1805145140154480E+01   5.2337836613507716E+02   9.6960234835864725E+01  -3.3222718336492041E+00   3.5390779583813704E+05
   4.1900000000000000E+04   8.1508854184790408E+01   5.2160122170158104E+02   9.6604988089598351E+01  -3.3381972619124700E+00   3.5263239788921468E+05
   4.2000000000000000E+04   8.0677849042505827E+01   5.1983124535389834E+02   9.5499356472019258E+01  -3.3541306854832280E+00   3.5136282279076969E+05
   4.2100000000000000E+04   8.0443579164805598E+01   5.1806841583162191E+02   9.5230604229772695E+01  -3.3700720597286598E+00   3.5009901873933926E+05
   4.2200000000000000E+04   8.0096231685546684E+01   5.1631271170993148E+02   9.4803164192695760E+01  -3.3860213403334081E+00   3.4884099923274817E+05
   4.2300000000000000E+04   7.9744000928018664E+01   5.1456411140779539E+02   9.4368682562433563E+01  -3.4019784832715803E+00   3.4758871186766162E+05
   4.2400000000000000E+04   7.9275096371940350E+01   5.1282259319163165E+02   9.3770718998944275E+01  -3.4179434448254216E+00   3.4634213975401985E+05
   4.2500000000000000E+04   7.8944224044242276E+01   5.1108813518196166E+02   9.3365786744361856E+01  -3.4339161815713015E+00   3.4510125377031893E+05
   4.2600000000000000E+04   7.8614365183114373E+01   5.0936071535817985E+02   9.2962062872560324E+01  -3.4498966503843849E+00   3.4386604247910529E+05
   4.2700000000000000E+04   7.8433005307350058E+01   5.0764031156540966E+02   9.2765790960919730E+01  -3.4658848084199656E+00   3.4263645824461756E+05
   4.2800000000000000E+04   7.7859657205912839E+01   5.0592690151776378E+02   9.2021278541755905E+01  -3.4818806131321298E+00   3.4141249508963327E+05
   4.2900000000000000E+04   7.7693380510571856E+01   5.0422046280370529E+02   9.1845497986226192E+01  -3.4978840222690910E+00   3.4019412281542481E+05
   4.3000000000000000E+04   7.7510136865602249E+01   5.0252097289298734E+02   9.1645826611962704E+01  -3.5138949938498523E+00   3.3898131094901677E+05
   4.3100000000000000E+04   7.6727344717755940E+01   5.0082840913880034E+02   9.0608671413962227E+01  -3.5299134861922097E+00   3.3777404077942576E+05
   4.3200000000000000E+04   7.6391893445713805E+01   4.9914274878494052E+02   9.0196055662106147E+01  -3.5459394578847476E+00   3.3657228733889404E+05
   4.3300000000000000E+04   7.6014409326058100E+01   4.9746396896947851E+02   8.9724686850320580E+01  -3.5619728677961682E+00   3.3537601336996100E+05
   4.3400000000000000E+04   7.5682863823093754E+01   4.9579204672834283E+02   8.9317166784180941E+01  -3.5780136750846401E+00   3.3418521750969230E+05
   4.3500000000000000E+04   7.5367605777950430E+01   4.9412695900218205E+02   8.8932141010334703E+01  -3.5940618391697692E+00   3.3299986202567356E+05
   4.3600000000000000E+04   7.5051912315012714E+01   4.9246868263974631E+02   8.8546313936103004E+01  -3.6101173197419598E+00   3.3181990892092290E+05
   4.3700000000000000E+04   7.4732101003946326E+01   4.9081719440041053E+02   8.8154564363244120E+01  -3.6261800767810648E+00   3.3064535617460951E+05
   4.3800000000000000E+04   7.4388036482470909E+01   4.8917247096154057E+02   8.7728893833270675E+01  -3.6422500705190499E+00   3.2947616533401050E+05
   4.3900000000000000E+04   7.4031935082717382E+01   4.8753448892082844E+02   8.7286333057336464E+01  -3.6583272614586724E+00   3.2831231583405827E+05
   4.4000000000000000E+04   7.3551494880601794E+01   4.8590322480100315E+02   8.6670931532936166E+01  -3.6744116103641238E+00   3.2715377479504800E+05
   4.4100000000000000E+04   7.3141434368294512E+01   4.8427865505204608E+02   8.6153317390110530E+01  -3.6905030782797326E+00   3.2600053334453824E+05
   4.4200000000000000E+04   7.2949983401231577E+01   4.8266075605815621E+02   8.5938902495863573E+01  -3.7066016264925890E+00   3.2485254604968161E+05
   4.4300000000000000E+04   7.2462634088422774E+01   4.8104950413979054E+02   8.5313838382805784E+01  -3.7227072165512385E+00   3.2370980969532853E+05
   4.4400000000000000E+04   7.2330586700790590E+01   4.7944487555645088E+02   8.5181311707731950E+01  -3.7388198102750043E+00   3.2257229663549282E+05
   4.4500000000000000E+04   7.1569743307356191E+01   4.7784684651258647E+02   8.4177463793374741E+01  -3.7549393697259874E+00   3.2143996685940243E+05
   4.4600000000000000E+04   7.1336054957161892E+01   4.7625539316099821E+02   8.3903577070145047E+01  -3.7710658572090598E+00   3.2031280443632544E+05
   4.4700000000000000E+04   7.1148859665294751E+01   4.7467049160305640E+02   8.3693813469537346E+01  -3.7871992353092154E+00   3.1919079327576963E+05
   4.4800000000000000E+04   7.0755967899314598E+01   4.7309211789669166E+02   8.3199311589414222E+01  -3.8033394668355460E+00   3.1807390493305173E+05
   4.4900000000000000E+04   7.0374951012279027E+01   4.7152024805647613E+02   8.2721185073786700E+01  -3.8194865148585952E+00   3.1696209858296905E+05
   4.5000000000000000E+04   7.0241771369197210E+01   4.6995485805909340E+02   8.2585391354074957E+01  -3.8356403426823329E+00   3.1585536975129473E+05
   4.5100000000000000E+04   6.9925306782743874E+01   4.6839592384409656E+02   8.2196094939522823E+01  -3.8518009138721863E+00   3.1475368944017187E+05
   4.5200000000000000E+04   6.9471224788286008E+01   4.6684342131922909E+02   8.1616641895264564E+01  -3.8679681922270106E+00   3.1365704066944850E+05
   4.5300000000000000E+04   6.9317773924416812E+01   4.6529732636410000E+02   8.1452122155866121E+01  -3.8841421417697632E+00   3.1256536963283463E+05
   4.5400000000000000E+04   6.9007180790191299E+01   4.6375761483002572E+02   8.1070475950823379E+01  -3.9003227267848448E+00   3.1147868343195482E+05
   4.5500000000000000E+04   6.8687524213274187E+01   4.6222426254511862E+02   8.0676178697092070E+01  -3.9165099117900950E+00   3.1039695235786540E+05
   4.5600000000000000E+04   6.8532717458943907E+01   4.6069724531778076E+02   8.0509153440930689E+01  -3.9327036615274524E+00   3.0932014653453353E+05
   4.5700000000000000E+04   6.8203088334219444E+01   4.5917653893862342E+02   8.0100728061761970E+01  -3.9489039409722859E+00   3.0824823589555448E+05
   4.5800000000000000E+04   6.7757139346520304E+01   4.5766211918162213E+02   7.9531879782934851E+01  -3.9651107153520786E+00   3.0718122699091007E+05
   4.5900000000000000E+04   6.7393233750831826E+01   4.5615396181111566E+02   7.9076121521043973E+01  -3.9813239500903963E+00   3.0611906493446737E+05
   4.6000000000000000E+04   6.7330285222290541E+01   4.5465204257987051E+02   7.9034681430350034E+01  -3.9975436108629196E+00   3.0506173144878302E+05
   4.6100000000000000E+04   6.6944778111939556E+01   4.5315633723448656E+02   7.8548789464263635E+01  -4.0137696635600841E+00   3.0400919582500431E+05
   4.6200000000000000E+04   6.6448333394582193E+01   4.5166682151559297E+02   7.7910350787502651E+01  -4.0300020743150995E+00   3.0296146406945039E+05
   4.6300000000000000E+04   6.6214517309256436E+01   4.5018347116453384E+02   7.7633050652841135E+01  -4.0462408094479256E+00   3.0191848060625693E+05
   4.6400000000000000E+04   6.5825476497290509E+01   4.4870626191914869E+02   7.7142297609954227E+01  -4.0624858355493059E+00   3.0088025118431496E+05
   4.6500000000000000E+04   6.5538282523564874E+01   4.4723516952391844E+02   7.6791364805408648E+01  -4.0787371193780615E+00   2.9984671990083891E+05
   4.6600000000000000E+04   6.5172669291266558E+01   4.4577016972567571E+02   7.6332692196568843E+01  -4.0949946279451162E+00   2.9881789224736736E+05
   4.6700000000000000E+04   6.4978777615159643E+01   4.4431123827931594E+02   7.6109492695455799E+01  -4.1112583284668167E+00   2.9779373665468325E+05
   4.6800000000000000E+04   6.4662003587275066E+01   4.4285835094914722E+02   7.5717569663168632E+01  -4.1275281883742814E+00   2.9677422140689887E+05
   4.6900000000000000E+04   6.4398536587986399E+01   4.4141148351091954E+02   7.5398613769744202E+01  -4.1438041753133756E+00   2.9575935166155954E+05
   4.7000000000000000E+04   6.4131590131645851E+01   4.3997061175449676E+02   7.5074734978751721E+01  -4.1600862571353963E+00   2.9474905839999748E+05
   4.7100000000000000E+04   6.3842321358104620E+01   4.3853571148577134E+02   7.4720127329015313E+01  -4.1763744018970579E+00   2.9374334651811002E+05
   4.7200000000000000E+04   6.3563259712900290E+01   4.3710675852648006E+02   7.4379370816860245E+01  -4.1926685778885178E+00   2.9274219613807107E+05
   4.7300000000000000E+04   6.3267278358993806E+01   4.3568372871950004E+02   7.4015322670891607E+01  -4.2089687535866736E+00   2.9174558724686148E+05
   4.7400000000000000E+04   6.2973152529207653E+01   4.3426659792992314E+02   7.3653701805231066E+01  -4.2252748976645096E+00   2.9075348733436933E+05
   4.7500000000000000E+04   6.2690511202017738E+01   4.3285534204475692E+02   7.3307673793674041E+01  -4.2415869790191136E+00   2.8976586375349341E+05
   4.7600000000000000E+04   6.2311666700335735E+01   4.3144993697735191E+02   7.2830066225965965E+01  -4.2579049667343147E+00   2.8878270850122668E+05
   4.7700000000000000E+04   6.2113304797823588E+01   4.3005035866703111E+02   7.2598964212487431E+01  -4.2742288301087124E+00   2.8780400111074944E+05
   4.7800000000000000E+04   6.1717556396816001E+01   4.2865658308272560E+02   7.2098182306238883E+01  -4.2905585386276384E+00   2.8682972097504576E+05
   4.7900000000000000E+04   6.1626598247617856E+01   4.2726858622254127E+02   7.2013363817423695E+01  -4.3068940619912048E+00   2.8585984740616038E+05
   4.8000000000000000E+04   6.1183497321509442E+01   4.2588634411928643E+02   7.1447799827946497E+01  -4.3232353700582387E+00   2.8489433472717676E+05
   4.8100000000000000E+04   6.1166726011386494E+01   4.2450983283599078E+02   7.1463793165485797E+01  -4.3395824329303565E+00   2.8393318687035120E+05
   4.8200000000000000E+04   6.0901796588911800E+01   4.2313902847332611E+02   7.1141022436741537E+01  -4.3559352208679050E+00   2.8297637036646140E+05
   4.8300000000000000E+04   6.0409781989841449E+01   4.2177390716837118E+02   7.0508575715580662E+01  -4.3722937043273120E+00   2.8202386408226704E+05
   4.8400000000000000E+04   6.0118123215506969E+01   4.2041444509469773E+02   7.0149279570654940E+01  -4.3886578539797734E+00   2.8107564677191526E+05
   4.8500000000000000E+04   5.9907272782938037E+01   4.1906061846762640E+02   6.9899888403565271E+01  -4.4050276406552165E+00   2.8013170956608595E+05
   4.8600000000000000E+04   5.9571824997999009E+01   4.1771240354228308E+02   6.9480789650976490E+01  -4.4214030353889910E+00   2.7919201857384201E+05
   4.8700000000000000E+04   5.9367519350457123E+01   4.1636977661680874E+02   6.9240012540877899E+01  -4.4377840093938650E+00   2.7825655226180761E+05
   4.8800000000000000E+04   5.9157775781149994E+01   4.1503271403295770E+02   6.8991686684132901E+01  -4.4541705340693376E+00   2.7732528899407055E+05
   4.8900000000000000E+04   5.8859796873624155E+01   4.1370119217729928E+02   6.8623245371619660E+01  -4.4705625810016780E+00   2.7639821954353794E+05
   4.9000000000000000E+04   5.8511571813592205E+01   4.1237518748302807E+02   6.8186497079984491E+01  -4.4869601219545521E+00   2.7547529711120558E+05
   4.9100000000000000E+04   5.8211655122605393E+01   4.1105467643046791E+02   6.7815350214980569E+01  -4.5033631288783749E+00   2.7455653727727634E+05
   4.9200000000000000E+04   5.8024464660949405E+01   4.0973963554943555E+02   6.7597092678912404E+01  -4.5197715738916413E+00   2.7364188055465103E+05
   4.9300000000000000E+04   5.7754108869480802E+01   4.0843004141782114E+02   6.7265845437966405E+01  -4.5361854293182624E+00   2.7273134238166793E+05
   4.9400000000000000E+04   5.7501166757893728E+01   4.0712587066760534E+02   6.6958119145826117E+01  -4.5526046676128784E+00   2.7182486304129061E+05
   4.9500000000000000E+04   5.7231523088013056E+01   4.0582709998028309E+02   6.6627646998059163E+01  -4.5690292614448857E+00   2.7092245784153056E+05
   4.9600000000000000E+04   5.6985418281233038E+01   4.0453370609157338E+02   6.6328977178174540E+01  -4.5854591836424197E+00   2.7002407937951823E+05
   4.9700000000000000E+04   5.6671916346275886E+01   4.0324566579113196E+02   6.5938937023704071E+01  -4.6018944072110228E+00   2.6912973032586643E+05
   4.9800000000000000E+04   5.6532044588786512E+01   4.0196295592410058E+02   6.5783886159751987E+01  -4.6183349053243168E+00   2.6823937562776840E+05
   4.9900000000000000E+04   5.6218686382453100E+01   4.0068555339199014E+02   6.5393852418033276E+01  -4.6347806513239931E+00   2.6735300526825950E+05
   5.0000000000000000E+04   5.5901370850394002E+01   3.9941343515355879E+02   6.4998469868713656E+01  -4.6512316187198133E+00   2.6647057145119435E+05


