#Te   kappa_tot   kappa_e_ph  kappa_e_e mu Ce
#[K]  [W/(K*m)]   [W/(K*m)]   [W/(K*m)]   [eV]  [J/(m^3*K)]
   3.0000000000000000E+02   7.2775344723957076E+01   7.2838719446896462E+01   8.3643173037129774E+04   2.6899850546291590E+00   3.5547762941725843E+05
   4.0000000000000000E+02   9.4902922778347047E+01   9.5014948753300104E+01   8.0492014000331284E+04   2.6858638267669996E+00   4.6335469150460738E+05
   5.0000000000000000E+02   1.1554738932476025E+02   1.1571978730610596E+02   7.7559604886687521E+04   2.6828240682257425E+00   5.6806669795161067E+05
   6.0000000000000000E+02   1.3450394083018480E+02   1.3474635540448324E+02   7.4764134404286160E+04   2.6804663569904958E+00   6.6551787780045532E+05
   7.0000000000000000E+02   1.5162851057867954E+02   1.5194844256944191E+02   7.2014417741260622E+04   2.6784200732224943E+00   7.5248697190519632E+05
   8.0000000000000000E+02   1.6692409952065537E+02   1.6732743868163539E+02   6.9249368097970830E+04   2.6764520736711592E+00   8.2756334273684060E+05
   9.0000000000000000E+02   1.8053975913882397E+02   1.8103155469171034E+02   6.6457276989895996E+04   2.6744398907594098E+00   8.9097049503509572E+05
   1.0000000000000000E+03   1.9271477471710551E+02   1.9329994909158657E+02   6.3659240333359732E+04   2.6723314027405118E+00   9.4396556345898414E+05
   1.1000000000000000E+03   2.0372296720623666E+02   2.0440686608622173E+02   6.0889664386236880E+04   2.6701152945646611E+00   9.8826869492731569E+05
   1.2000000000000000E+03   2.1383539139717627E+02   2.1462420118592215E+02   5.8181643684802766E+04   2.6678024913835436E+00   1.0256736548188275E+06
   1.3000000000000000E+03   2.2330068758451029E+02   2.2420171676173351E+02   5.5563569722360167E+04   2.6654151098541288E+00   1.0578343062749146E+06
   1.4000000000000000E+03   2.3233721679837126E+02   2.3335912099093218E+02   5.3055862849212099E+04   2.6629800450970418E+00   1.0861743500527898E+06
   1.5000000000000000E+03   2.4113180808708279E+02   2.4228472809326539E+02   5.0673554317491646E+04   2.6605253165516838E+00   1.1118690545275824E+06
   1.6000000000000000E+03   2.4984144796744090E+02   2.5113717439021610E+02   4.8424169010705336E+04   2.6580780410486717E+00   1.1358626115678973E+06
   1.7000000000000000E+03   2.5859610560300155E+02   2.6004820892396748E+02   4.6310378280824661E+04   2.6556633672313317E+00   1.1588992245908277E+06
   1.8000000000000000E+03   2.6750166256170030E+02   2.6912560657671952E+02   4.4331298697109080E+04   2.6533039799326601E+00   1.1815563614195655E+06
   1.9000000000000000E+03   2.7664260284898620E+02   2.7845583913867267E+02   4.2483568499028799E+04   2.6510199418624243E+00   1.2042749493007532E+06
   2.0000000000000000E+03   2.8608439164440495E+02   2.8810643135657199E+02   4.0762183179454754E+04   2.6488287317135621E+00   1.2273847862890356E+06
   2.1000000000000000E+03   2.9584414851184613E+02   2.9812804782231575E+02   3.8617918947291335E+04   2.6467453919183725E+00   1.2511251556260651E+06
   2.2000000000000000E+03   3.0598086222139534E+02   3.0855638595546105E+02   3.6657534065714310E+04   2.6447827318321848E+00   1.2756613190880273E+06
   2.3000000000000000E+03   3.1651420706970833E+02   3.1941394007028390E+02   3.4864951341481785E+04   2.6429515524847997E+00   1.3010977695793281E+06
   2.4000000000000000E+03   3.2745233603087723E+02   3.3071167856944032E+02   3.3225201223556636E+04   2.6412608720638917E+00   1.3274890341684464E+06
   2.5000000000000000E+03   3.3879345341316036E+02   3.4245065361013968E+02   3.1723732175230969E+04   2.6397181400340060E+00   1.3548486416481743E+06
   2.6000000000000000E+03   3.5052760310614502E+02   3.5462354536387102E+02   3.0348411559496282E+04   2.6383294332466680E+00   1.3831567492768548E+06
   2.7000000000000000E+03   3.6263803736690835E+02   3.6721613216494126E+02   2.9087763214291677E+04   2.6370996313724597E+00   1.4123667367681002E+06
   2.8000000000000000E+03   3.7510272401415511E+02   3.8020867277138245E+02   2.7931598147842800E+04   2.6360325712701216E+00   1.4424109709834976E+06
   2.9000000000000000E+03   3.8789543965708020E+02   3.9357718617192546E+02   2.6869694955639010E+04   2.6351311812770941E+00   1.4732058875262463E+06
   3.0000000000000000E+03   4.0098729549429305E+02   4.0729461635393949E+02   2.5893714671478767E+04   2.6343975973460210E+00   1.5046564555156198E+06
   3.1000000000000000E+03   4.1432271633201498E+02   4.2133187305641098E+02   2.4905616037146043E+04   2.6338332631537278E+00   1.5366600786690395E+06
   3.2000000000000000E+03   4.2789106641255870E+02   4.3565874374033234E+02   2.3998742041520334E+04   2.6334390163659442E+00   1.5691099714818085E+06
   3.3000000000000000E+03   4.4166028547001423E+02   4.5024467614264688E+02   2.3164741654928821E+04   2.6332151633041487E+00   1.6018980318525345E+06
   3.4000000000000000E+03   4.5559909314128390E+02   4.6505943459651405E+02   2.2396724014843345E+04   2.6331615436803997E+00   1.6349172457981291E+06
   3.5000000000000000E+03   4.6967731712954190E+02   4.8007363627625898E+02   2.1688416287418353E+04   2.6332775872552858E+00   1.6680636486060866E+06
   3.6000000000000000E+03   4.8386613879415069E+02   4.9525917595326138E+02   2.1033824591649245E+04   2.6335623635990006E+00   1.7012378837073585E+06
   3.7000000000000000E+03   4.9813873203274574E+02   5.1058954938126141E+02   2.0427930440106626E+04   2.6340146261922972E+00   1.7343463924399570E+06
   3.8000000000000000E+03   5.1247024256947145E+02   5.2604008640336622E+02   1.9866101185854579E+04   2.6346328517191844E+00   1.7673022746019680E+06
   3.9000000000000000E+03   5.2683797025081299E+02   5.4158810521640112E+02   1.9344174051957027E+04   2.6354152753085631E+00   1.8000258644026055E+06
   4.0000000000000000E+03   5.4122142583931611E+02   5.5721299914112592E+02   1.8858408000245399E+04   2.6363599222864100E+00   1.8324450590389224E+06
   4.1000000000000000E+03   5.5558308578207982E+02   5.7289626680527499E+02   1.8384344004621660E+04   2.6374646368360386E+00   1.8644954355489877E+06
   4.2000000000000000E+03   5.6992356423260492E+02   5.8862149589459000E+02   1.7941517114762933E+04   2.6387271080459902E+00   1.8961201997776900E+06
   4.3000000000000000E+03   5.8422870420452409E+02   6.0437430980649151E+02   1.7527039238684738E+04   2.6401448935285576E+00   1.9272700033399523E+06
   4.4000000000000000E+03   5.9848634804259495E+02   6.2014228554966394E+02   1.7138334076936408E+04   2.6417154408171792E+00   1.9579026355475308E+06
   4.5000000000000000E+03   6.1268614978537369E+02   6.3591485018425919E+02   1.6773052924193355E+04   2.6434361068708006E+00   1.9879826568337942E+06
   4.6000000000000000E+03   6.2681952717320826E+02   6.5168316216800929E+02   1.6429123563883928E+04   2.6453041756978579E+00   2.0174809617226250E+06
   4.7000000000000000E+03   6.4087945985898034E+02   6.6743998296307461E+02   1.6104674373063241E+04   2.6473168742954627E+00   2.0463743058521713E+06
   4.8000000000000000E+03   6.5486035633857193E+02   6.8317954337028220E+02   1.5798024099834720E+04   2.6494713870552600E+00   2.0746448293295102E+06
   4.9000000000000000E+03   6.6875790819169583E+02   6.9889740825585181E+02   1.5507661633101798E+04   2.6517648687116449E+00   2.1022795410919092E+06
   5.0000000000000000E+03   6.8256894816106728E+02   7.1459034259849568E+02   1.5232227923946817E+04   2.6541944559207131E+00   2.1292698479096331E+06
   5.1000000000000000E+03   6.9627445013340878E+02   7.3025618112164227E+02   1.4962708084030641E+04   2.6567572776339947E+00   2.1556110634436184E+06
   5.2000000000000000E+03   7.0988819630155581E+02   7.4589370325914888E+02   1.4706115269060538E+04   2.6594504642543200E+00   2.1813019504474774E+06
   5.3000000000000000E+03   7.2340953496669840E+02   7.6150251466741258E+02   1.4461409538965478E+04   2.6622711558136669E+00   2.2063443052875688E+06
   5.4000000000000000E+03   7.3683853693604806E+02   7.7708293617281686E+02   1.4227685457518546E+04   2.6652165090908877E+00   2.2307425256458968E+06
   5.5000000000000000E+03   7.5017577533069868E+02   7.9263590065221831E+02   1.4004109663457852E+04   2.6682837038460487E+00   2.2545032686252561E+06
   5.6000000000000000E+03   7.6342228986994508E+02   8.0816285809992848E+02   1.3789935267407222E+04   2.6714699482470654E+00   2.2776350624098796E+06
   5.7000000000000000E+03   7.7657948164662287E+02   8.2366568892030489E+02   1.3584484943414724E+04   2.6747724835643929E+00   2.3001480481311334E+06
   5.8000000000000000E+03   7.8964904263503399E+02   8.3914662534332501E+02   1.3387145251878779E+04   2.6781885880895557E+00   2.3220536512346328E+06
   5.9000000000000000E+03   8.0263288872391411E+02   8.5460818066525098E+02   1.3197359883012086E+04   2.6817155805425865E+00   2.3433643406211203E+06
   6.0000000000000000E+03   8.1553310061070556E+02   8.7005308600589933E+02   1.3014623642743230E+04   2.6853508228547547E+00   2.3640934196421825E+06
   6.1000000000000000E+03   8.2833620307912406E+02   8.8548423414980300E+02   1.2834714244046838E+04   2.6890917224780426E+00   2.3842548002288160E+06
   6.2000000000000000E+03   8.4105909706916975E+02   9.0090463003098421E+02   1.2661162783240106E+04   2.6929357342087581E+00   2.4038628507452994E+06
   6.3000000000000000E+03   8.5370329581283727E+02   9.1631734736733893E+02   1.2493411942478469E+04   2.6968803616514596E+00   2.4229322291130982E+06
   6.4000000000000000E+03   8.6627138045361414E+02   9.3172549097510853E+02   1.2331190827286186E+04   2.7009231582853568E+00   2.4414777492830427E+06
   6.5000000000000000E+03   8.7876556969740466E+02   9.4713216425683186E+02   1.2174178650633434E+04   2.7050617282846199E+00   2.4595142958217729E+06
   6.6000000000000000E+03   8.9118798792589223E+02   9.6254044142786211E+02   1.2022074045004152E+04   2.7092937269411510E+00   2.4770566948933755E+06
   6.7000000000000000E+03   9.0354072214410758E+02   9.7795334398112584E+02   1.1874607409738839E+04   2.7136168609485347E+00   2.4941196387114879E+06
   6.8000000000000000E+03   9.1582592151192682E+02   9.9337382098287890E+02   1.1731555609036799E+04   2.7180288884525257E+00   2.5107176710178037E+06
   6.9000000000000000E+03   9.2804515698845569E+02   1.0088047328031922E+03   1.1592635760900095E+04   2.7225276188364971E+00   2.5268650309846881E+06
   7.0000000000000000E+03   9.4020034491058925E+02   1.0242488378607572E+03   1.1457660653141180E+04   2.7271109124753528E+00   2.5425757126654717E+06
   7.1000000000000000E+03   9.5227820584523954E+02   1.0397087820749239E+03   1.1324322179861059E+04   2.7317766802496575E+00   2.5578633901970955E+06
   7.2000000000000000E+03   9.6429403487108016E+02   1.0551870906770023E+03   1.1194591360042123E+04   2.7365228829651076E+00   2.5727413833521153E+06
   7.3000000000000000E+03   9.7624978052168115E+02   1.0706861620828099E+03   1.1068373369053201E+04   2.7413475307089032E+00   2.5872226414379901E+06
   7.4000000000000000E+03   9.8814555304971600E+02   1.0862082635750055E+03   1.0945361999357481E+04   2.7462486820673107E+00   2.6013197465704237E+06
   7.5000000000000000E+03   9.9998299645958321E+02   1.1017555285287979E+03   1.0825482793676158E+04   2.7512244433432040E+00   2.6150449082075632E+06
   7.6000000000000000E+03   1.0117630885643135E+03   1.1173299549884352E+03   1.0708598677759119E+04   2.7562729676474298E+00   2.6284099396569142E+06
   7.7000000000000000E+03   1.0234866822912111E+03   1.1329334053771668E+03   1.0594581725536855E+04   2.7613924539901484E+00   2.6414263028297387E+06
   7.8000000000000000E+03   1.0351550173390540E+03   1.1485676071820892E+03   1.0483364527458290E+04   2.7665811462964767E+00   2.6541050207459438E+06
   7.9000000000000000E+03   1.0467677339027236E+03   1.1642341544395360E+03   1.0374732983311667E+04   2.7718373324599721E+00   2.6664568019515085E+06
   8.0000000000000000E+03   1.0583278352748396E+03   1.1799345099041145E+03   1.0268823972366734E+04   2.7771593433330248E+00   2.6784919835131294E+06
   8.1000000000000000E+03   1.0698173380379856E+03   1.1956700077762125E+03   1.0163856734637644E+04   2.7825455516857041E+00   2.6902205332556530E+06
   8.2000000000000000E+03   1.0812518882084030E+03   1.2114418568682925E+03   1.0061249792719993E+04   2.7879943712150741E+00   2.7016521129018958E+06
   8.3000000000000000E+03   1.0926316475504018E+03   1.2272511441408101E+03   9.9609155697602782E+03   2.7935042554851162E+00   2.7127960331204440E+06
   8.4000000000000000E+03   1.1039566852996197E+03   1.2430988384970610E+03   9.8627715736129521E+03   2.7990736969675822E+00   2.7236613203945113E+06
   8.5000000000000000E+03   1.1152269839480507E+03   1.2589857948091244E+03   9.7667400166190619E+03   2.8047012259629942E+00   2.7342566711536562E+06
   8.6000000000000000E+03   1.1264424450836821E+03   1.2749127580752279E+03   9.6727474707783313E+03   2.8103854096225791E+00   2.7445905428180001E+06
   8.7000000000000000E+03   1.1376028952601305E+03   1.2908803676754394E+03   9.5807245550284097E+03   2.8161248509765104E+00   2.7546710861134259E+06
   8.8000000000000000E+03   1.1487080918707327E+03   1.3068891616933970E+03   9.4906056514751435E+03   2.8219181879117028E+00   2.7645062019591192E+06
   8.9000000000000000E+03   1.1597577289584076E+03   1.3229395812372193E+03   9.4023286465910805E+03   2.8277640922631422E+00   2.7741035875942372E+06
   9.0000000000000000E+03   1.1707514429792682E+03   1.3390319747668266E+03   9.3158346957966096E+03   2.8336612688169116E+00   2.7834706791203739E+06
   9.1000000000000000E+03   1.1816769745371305E+03   1.3551666023645596E+03   9.2303452991945069E+03   2.8396084544267737E+00   2.7926147258304409E+06
   9.2000000000000000E+03   1.1925427503673245E+03   1.3713436399637892E+03   9.1464081626889838E+03   2.8456044170550530E+00   2.8015427447016505E+06
   9.3000000000000000E+03   1.2033503572017153E+03   1.3875631834779199E+03   9.0641063721293558E+03   2.8516479549523237E+00   2.8102615802569436E+06
   9.4000000000000000E+03   1.2141015464410739E+03   1.4038252528591725E+03   8.9835184153178907E+03   2.8577378957487607E+00   2.8187779198996797E+06
   9.5000000000000000E+03   1.2247912137402329E+03   1.4201297960476941E+03   8.9043468833626721E+03   2.8638730956085960E+00   2.8270982437663223E+06
   9.6000000000000000E+03   1.2354209521879477E+03   1.4364766928097847E+03   8.8266736286071973E+03   2.8700524384098074E+00   2.8352289174983623E+06
   9.7000000000000000E+03   1.2459927450852813E+03   1.4528657584589764E+03   8.7505864834706954E+03   2.8762748349490623E+00   2.8431761239752052E+06
   9.8000000000000000E+03   1.2565008176889155E+03   1.4692967474529953E+03   8.6757888961933877E+03   2.8825392221844965E+00   2.8509459574223342E+06
   9.9000000000000000E+03   1.2669470157497451E+03   1.4857693568861619E+03   8.6023714170292751E+03   2.8888445624027983E+00   2.8585443351161238E+06
   1.0000000000000000E+04   1.2773336554744014E+03   1.5022832298308726E+03   8.5304314756199765E+03   2.8951898425377181E+00   2.8659770570802474E+06
   1.0100000000000000E+04   1.2876404849570354E+03   1.5188379585645907E+03   8.4590770609240390E+03   2.9015740734507274E+00   2.8732498691080390E+06
   1.0200000000000000E+04   1.2978826920224064E+03   1.5354330876754284E+03   8.3890074094562315E+03   2.9079962892116669E+00   2.8803683517587450E+06
   1.0300000000000000E+04   1.3080595958848285E+03   1.5520681170449081E+03   8.3201913782166394E+03   2.9144555463920234E+00   2.8873379976551314E+06
   1.0400000000000000E+04   1.3181760094513247E+03   1.5687425046861260E+03   8.2528142190202343E+03   2.9209509234844040E+00   2.8941642207170264E+06
   1.0500000000000000E+04   1.3282204847377509E+03   1.5854556694932057E+03   8.1864178100924591E+03   2.9274815201831927E+00   2.9008523284224020E+06
   1.0600000000000000E+04   1.3382005865103408E+03   1.6022069938506534E+03   8.1212966021621460E+03   2.9340464567914029E+00   2.9074075468383175E+06
   1.0700000000000000E+04   1.3481099785729716E+03   1.6189958261280403E+03   8.0572109919013101E+03   2.9406448736401529E+00   2.9138350464939326E+06
   1.0800000000000000E+04   1.3579508638646275E+03   1.6358214830735878E+03   7.9942427968522125E+03   2.9472759304702811E+00   2.9201399124262067E+06
   1.0900000000000000E+04   1.3677226627197686E+03   1.6526832520940450E+03   7.9323682729247030E+03   2.9539388058518252E+00   2.9263271116329408E+06
   1.1000000000000000E+04   1.3774248225397671E+03   1.6695803934103196E+03   7.8715646949892907E+03   2.9606326967044470E+00   2.9324016312403567E+06
   1.1100000000000000E+04   1.3870512699648255E+03   1.6865121421481356E+03   7.8116342596695504E+03   2.9673568176538234E+00   2.9383682938937745E+06
   1.1200000000000000E+04   1.3965987660761898E+03   1.7034777102840280E+03   7.7524864873417409E+03   2.9741104006151664E+00   2.9442319344027624E+06
   1.1300000000000000E+04   1.4060744962180377E+03   1.7204762885302091E+03   7.6943512721716133E+03   2.9808926942253318E+00   2.9499972892106599E+06
   1.1400000000000000E+04   1.4154780283984087E+03   1.7375070481105381E+03   7.6372093825158081E+03   2.9877029633632457E+00   2.9556690587939201E+06
   1.1500000000000000E+04   1.4248089686563876E+03   1.7545691424412094E+03   7.5810423726585477E+03   2.9945404887082057E+00   2.9612518723678109E+06
   1.1600000000000000E+04   1.4340669627704722E+03   1.7716617087440354E+03   7.5258325433603195E+03   3.0014045662224578E+00   2.9667502706198851E+06
   1.1700000000000000E+04   1.4432609559237010E+03   1.7887838695486014E+03   7.4718110310573638E+03   3.0082945067725904E+00   2.9721688101063818E+06
   1.1800000000000000E+04   1.4523723838725066E+03   1.8059347341385719E+03   7.4184644744136431E+03   3.0152096356499651E+00   2.9775119454936986E+06
   1.1900000000000000E+04   1.4614100555616199E+03   1.8231133999120816E+03   7.3660260450319192E+03   3.0221492921416502E+00   2.9827840720617939E+06
   1.2000000000000000E+04   1.4703917280215192E+03   1.8403189536531079E+03   7.3149246091652894E+03   3.0291128291770377E+00   2.9879895491059073E+06
   1.2100000000000000E+04   1.4792686480819036E+03   1.8575504727558875E+03   7.2639392044427796E+03   3.0360996128735303E+00   2.9931326819351465E+06
   1.2200000000000000E+04   1.4880708354665746E+03   1.8748070263573632E+03   7.2138210070906889E+03   3.0431090221958015E+00   2.9982177666910780E+06
   1.2300000000000000E+04   1.4967982404763750E+03   1.8920876764196382E+03   7.1645565182734581E+03   3.0501404485519408E+00   3.0032489438258470E+06
   1.2400000000000000E+04   1.5054566265525411E+03   1.9093914787339022E+03   7.1162615427209930E+03   3.0571932954653431E+00   3.0082303906814414E+06
   1.2500000000000000E+04   1.5140347946823404E+03   1.9267174838824074E+03   7.0686689470189231E+03   3.0642669781708562E+00   3.0131662177354363E+06
   1.2600000000000000E+04   1.5225381560570929E+03   1.9440647381152551E+03   7.0218886960187174E+03   3.0713609233371457E+00   3.0180604039044017E+06
   1.2700000000000000E+04   1.5309670211024716E+03   1.9614322841871074E+03   6.9759128058278202E+03   3.0784745687259476E+00   3.0229170381335183E+06
   1.2800000000000000E+04   1.5393215842616314E+03   1.9788191621477456E+03   6.9307299992307426E+03   3.0856073628260852E+00   3.0277400152792921E+06
   1.2900000000000000E+04   1.5476020891554178E+03   1.9962244100627297E+03   6.8863293765412191E+03   3.0927587645758288E+00   3.0325332115420671E+06
   1.3000000000000000E+04   1.5558088284125929E+03   2.0136470646863659E+03   6.8427003957633742E+03   3.0999282430852535E+00   3.0373005094178035E+06
   1.3100000000000000E+04   1.5639293176604701E+03   2.0310861621065728E+03   6.7995904017615976E+03   3.1071152772828752E+00   3.0420456194383870E+06
   1.3200000000000000E+04   1.5719762675954171E+03   2.0485407383144702E+03   6.7572335364697501E+03   3.1143193557011086E+00   3.0467723055500290E+06
   1.3300000000000000E+04   1.5799501093339543E+03   2.0660098297557115E+03   6.7156201578999335E+03   3.1215399761607650E+00   3.0514842518533901E+06
   1.3400000000000000E+04   1.5878513213704896E+03   2.0834924738278601E+03   6.6747409113039266E+03   3.1287766455186539E+00   3.0561850627262141E+06
   1.3500000000000000E+04   1.5956804289043073E+03   2.1009877093489363E+03   6.6345867137054911E+03   3.1360288793773119E+00   3.0608783094373909E+06
   1.3600000000000000E+04   1.6034380030496154E+03   2.1184945769641031E+03   6.5951487389863478E+03   3.1432962019083273E+00   3.0655674849473848E+06
   1.3700000000000000E+04   1.6111246599939636E+03   2.1360121195533625E+03   6.5564184039511283E+03   3.1505781455242174E+00   3.0702560275776475E+06
   1.3800000000000000E+04   1.6187410600387061E+03   2.1535393825722558E+03   6.5183873548171514E+03   3.1578742507017497E+00   3.0749473455289365E+06
   1.3900000000000000E+04   1.6262879065752384E+03   2.1710754143767440E+03   6.4810474544694871E+03   3.1651840657421491E+00   3.0796447946231561E+06
   1.4000000000000000E+04   1.6337659449889850E+03   2.1886192665222648E+03   6.4443907703567356E+03   3.1725071465187096E+00   3.0843515835334184E+06
   1.4100000000000000E+04   1.6411634086132456E+03   2.2061699940125322E+03   6.4082181711123849E+03   3.1798430563253426E+00   3.0890710124698183E+06
   1.4200000000000000E+04   1.6484932219588168E+03   2.2237266555576666E+03   6.3727142844280070E+03   3.1871913655736996E+00   3.0938061395900361E+06
   1.4300000000000000E+04   1.6557562436242813E+03   2.2412883137562721E+03   6.3378716701675157E+03   3.1945516517174513E+00   3.0985601412652270E+06
   1.4400000000000000E+04   1.6629533691788122E+03   2.2588540353101143E+03   6.3036830498766749E+03   3.2019234989367815E+00   3.1033360243680347E+06
   1.4500000000000000E+04   1.6700855297244457E+03   2.2764228911715854E+03   6.2701412972563339E+03   3.2093064980248118E+00   3.1081367468513907E+06
   1.4600000000000000E+04   1.6771536904307357E+03   2.2939939566947933E+03   6.2372394292584750E+03   3.2167002461730516E+00   3.1129652187280389E+06
   1.4700000000000000E+04   1.6841588490101390E+03   2.3115663117541294E+03   6.2049705975572351E+03   3.2241043468199679E+00   3.1178243030844023E+06
   1.4800000000000000E+04   1.6911020341654055E+03   2.3291390408603802E+03   6.1733280805388640E+03   3.2315184094364340E+00   3.1227167672951529E+06
   1.4900000000000000E+04   1.6979843039759096E+03   2.3467112332356405E+03   6.1423052755726158E+03   3.2389420494247729E+00   3.1276453579765921E+06
   1.5000000000000000E+04   1.7048067442800209E+03   2.3642819829053356E+03   6.1118956918514341E+03   3.2463748878789755E+00   3.1326127020548773E+06
   1.5100000000000000E+04   1.7115581516454715E+03   2.3818503887430952E+03   6.0819374344916378E+03   3.2538165514963571E+00   3.1376214324495001E+06
   1.5200000000000000E+04   1.7182515637620384E+03   2.3994155545208946E+03   6.0525799728160164E+03   3.2612666724134991E+00   3.1426740381142921E+06
   1.5300000000000000E+04   1.7248881349638491E+03   2.4169765889539667E+03   6.0238170666427914E+03   3.2687248880169477E+00   3.1477730412817723E+06
   1.5400000000000000E+04   1.7314690405960928E+03   2.4345326057136190E+03   5.9956425624334852E+03   3.2761908408548659E+00   3.1529207700175890E+06
   1.5500000000000000E+04   1.7379954752769838E+03   2.4520827234427857E+03   5.9680503878132686E+03   3.2836641784982281E+00   3.1581196388383773E+06
   1.5600000000000000E+04   1.7444686511630682E+03   2.4696260657776511E+03   5.9410345464564698E+03   3.2911445533388801E+00   3.1633718170786980E+06
   1.5700000000000000E+04   1.7508897961715099E+03   2.4871617613185254E+03   5.9145891130745813E+03   3.2986316225895496E+00   3.1686796146783787E+06
   1.5800000000000000E+04   1.7572601522472019E+03   2.5046889436473307E+03   5.8887082289145455E+03   3.3061250480440649E+00   3.1740451228323691E+06
   1.5900000000000000E+04   1.7635809735991525E+03   2.5222067513016564E+03   5.8633860973588808E+03   3.3136244960142469E+00   3.1794703944729986E+06
   1.6000000000000000E+04   1.7698535249553167E+03   2.5397143277585633E+03   5.8386169798435430E+03   3.3211296372037191E+00   3.1849574456392122E+06
   1.6100000000000000E+04   1.7760669592152101E+03   2.5572108214070449E+03   5.8142652941095012E+03   3.3286401466195548E+00   3.1905082568266727E+06
   1.6200000000000000E+04   1.7822342958758288E+03   2.5746953855287020E+03   5.7904551749443153E+03   3.3361557034334632E+00   3.1961246422005575E+06
   1.6300000000000000E+04   1.7883568168319832E+03   2.5921671782658455E+03   5.7671809994468222E+03   3.3436759908934461E+00   3.2018084872286818E+06
   1.6400000000000000E+04   1.7944358076993956E+03   2.6096253625911718E+03   5.7444371891342516E+03   3.3512006962228469E+00   3.2075614592343946E+06
   1.6500000000000000E+04   1.8004725561466200E+03   2.6270691062717328E+03   5.7222182069680312E+03   3.3587295105446064E+00   3.2133852993247835E+06
   1.6600000000000000E+04   1.8064683502608448E+03   2.6444975818433436E+03   5.7005185546096973E+03   3.3662621287550896E+00   3.2192815844353982E+06
   1.6700000000000000E+04   1.8124244769296015E+03   2.6619099665700969E+03   5.6793327698113435E+03   3.3737982494735848E+00   3.2252518609902635E+06
   1.6800000000000000E+04   1.8183422202674128E+03   2.6793054424228612E+03   5.6586554240410032E+03   3.3813375749034900E+00   3.2312975923724286E+06
   1.6900000000000000E+04   1.8242228600541578E+03   2.6966831960315349E+03   5.6384811201917992E+03   3.3888798108323201E+00   3.2374202679192480E+06
   1.7000000000000000E+04   1.8300676702325625E+03   2.7140424186696378E+03   5.6188044905455299E+03   3.3964246664802471E+00   3.2436211878717979E+06
   1.7100000000000000E+04   1.8358659502338835E+03   2.7313823062210649E+03   5.5995088638384723E+03   3.4039718544496433E+00   3.2499016531141549E+06
   1.7200000000000000E+04   1.8416305707302017E+03   2.7487020591546866E+03   5.5806998748916758E+03   3.4115210906493356E+00   3.2562628303976920E+06
   1.7300000000000000E+04   1.8473719524203623E+03   2.7660008824972465E+03   5.5624553978152180E+03   3.4190720942441488E+00   3.2627059442746271E+06
   1.7400000000000000E+04   1.8530729368018924E+03   2.7832779858146000E+03   5.5446023611500086E+03   3.4266245875791670E+00   3.2692320872794171E+06
   1.7500000000000000E+04   1.8587439549636749E+03   2.8005325831964760E+03   5.5272200721545669E+03   3.4341782961040241E+00   3.2758423302523303E+06
   1.7600000000000000E+04   1.8643862132123400E+03   2.8177638932473028E+03   5.5103032771494527E+03   3.4417329482845544E+00   3.2825375301086395E+06
   1.7700000000000000E+04   1.8700009026564319E+03   2.8349711390602974E+03   5.4938467416407602E+03   3.4492882756280432E+00   3.2893186618485926E+06
   1.7800000000000000E+04   1.8755891980539952E+03   2.8521535482261061E+03   5.4778452493186596E+03   3.4568440125443960E+00   3.2961865715360544E+06
   1.7900000000000000E+04   1.8811522566951344E+03   2.8693103528247993E+03   5.4622936011109859E+03   3.4643998963209013E+00   3.3031420601319126E+06
   1.8000000000000000E+04   1.8866912173356554E+03   2.8864407894227852E+03   5.4471866143382085E+03   3.4719556670969931E+00   3.3101858007533266E+06
   1.8100000000000000E+04   1.8921953538606365E+03   2.9035440990876382E+03   5.4324214866059156E+03   3.4795110677632870E+00   3.3173185071621942E+06
   1.8200000000000000E+04   1.8976772806182084E+03   2.9206195273919998E+03   5.4180901609465982E+03   3.4870658439489630E+00   3.3245407673659525E+06
   1.8300000000000000E+04   1.9031380723454965E+03   2.9376663244289794E+03   5.4041874783105386E+03   3.4946197439712812E+00   3.3318531001553815E+06
   1.8400000000000000E+04   1.9085787816047696E+03   2.9546837448322126E+03   5.3907082940712580E+03   3.5021725187851058E+00   3.3392560409484883E+06
   1.8500000000000000E+04   1.9140004379803370E+03   2.9716710477964989E+03   5.3776474776060968E+03   3.5097239219576579E+00   3.3467499736073106E+06
   1.8600000000000000E+04   1.9194040473327434E+03   2.9886274971114117E+03   5.3649999119576150E+03   3.5172737095928079E+00   3.3543352725005038E+06
   1.8700000000000000E+04   1.9247905910981442E+03   3.0055523611871804E+03   5.3527604935445743E+03   3.5248216403310564E+00   3.3620122756494111E+06
   1.8800000000000000E+04   1.9301610256427498E+03   3.0224449130896492E+03   5.3409241319431576E+03   3.5323674753243153E+00   3.3697812289638035E+06
   1.8900000000000000E+04   1.9355162816772252E+03   3.0393044305952667E+03   5.3294857497402472E+03   3.5399109781096887E+00   3.3776423440584997E+06
   1.9000000000000000E+04   1.9408572637037207E+03   3.0561301962152002E+03   5.3184402824081790E+03   3.5474519147104431E+00   3.3855957710056668E+06
   1.9100000000000000E+04   1.9461875311779211E+03   3.0729214972610348E+03   5.3078026244722814E+03   3.5549900534971886E+00   3.3936415704933158E+06
   1.9200000000000000E+04   1.9514903276699697E+03   3.0896776258857226E+03   5.2974374358123987E+03   3.5625251652383487E+00   3.4017798298779624E+06
   1.9300000000000000E+04   1.9567810885631998E+03   3.1063978791513191E+03   5.2874494120484105E+03   3.5700570229992108E+00   3.4100105206821798E+06
   1.9400000000000000E+04   1.9620606076675560E+03   3.1230815590837110E+03   5.2778335258609186E+03   3.5775854021545355E+00   3.4183336147835548E+06
   1.9500000000000000E+04   1.9673374440976388E+03   3.1397279727386581E+03   5.2686406569741857E+03   3.5851100803507099E+00   3.4267488831105707E+06
   1.9600000000000000E+04   1.9725966165376453E+03   3.1563364322627594E+03   5.2597525944686613E+03   3.5926308375309759E+00   3.4352563310287409E+06
   1.9700000000000000E+04   1.9778467566177428E+03   3.1729062549769055E+03   5.2512216789830309E+03   3.6001474558218520E+00   3.4438556200197218E+06
   1.9800000000000000E+04   1.9830885447694361E+03   3.1894367634387913E+03   5.2430429389771070E+03   3.6076597195962394E+00   3.4525465909447321E+06
   1.9900000000000000E+04   1.9883226326609401E+03   3.2059272855305339E+03   5.2352114173206246E+03   3.6151674153724525E+00   3.4613288289426463E+06
   2.0000000000000000E+04   1.9935496431230827E+03   3.2223771545260634E+03   5.2277221715837195E+03   3.6226703318899469E+00   3.4702020725246323E+06
   2.0100000000000000E+04   1.9987585354851421E+03   3.2387857091855626E+03   5.2204909038597370E+03   3.6301682599957350E+00   3.4791658644975079E+06
   2.0200000000000000E+04   2.0039612277134254E+03   3.2551522938299722E+03   5.2135914040566331E+03   3.6376609927074877E+00   3.4882198161784052E+06
   2.0300000000000000E+04   2.0091582551164104E+03   3.2714762584365417E+03   5.2070187652930072E+03   3.6451483251251915E+00   3.4973633740114761E+06
   2.0400000000000000E+04   2.0143501243873739E+03   3.2877569587181511E+03   5.2007680972042481E+03   3.6526300544942520E+00   3.5065960849813120E+06
   2.0500000000000000E+04   2.0195373137309066E+03   3.3039937562252035E+03   5.1948345263256069E+03   3.6601059800919118E+00   3.5159173035920779E+06
   2.0600000000000000E+04   2.0247202730185916E+03   3.3201860184244624E+03   5.1892131965177796E+03   3.6675759033282094E+00   3.5253264875017130E+06
   2.0700000000000000E+04   2.0298994239825684E+03   3.3363331188036241E+03   5.1838992693778255E+03   3.6750396276324002E+00   3.5348229035513964E+06
   2.0800000000000000E+04   2.0350751604373504E+03   3.3524344369586679E+03   5.1788879246860197E+03   3.6824969585034379E+00   3.5444059539684039E+06
   2.0900000000000000E+04   2.0402479951593457E+03   3.3684893586944977E+03   5.1741753038774077E+03   3.6899477034468759E+00   3.5540748223002465E+06
   2.1000000000000000E+04   2.0454179700582959E+03   3.3844972761132531E+03   5.1697547089800873E+03   3.6973916720379578E+00   3.5638287706497544E+06
   2.1100000000000000E+04   2.0505740334599900E+03   3.4004575877186189E+03   5.1655492870178614E+03   3.7048286758332871E+00   3.5736670521761738E+06
   2.1200000000000000E+04   2.0557277265847501E+03   3.4163696985076272E+03   5.1616266868211796E+03   3.7122585284086851E+00   3.5835887632482983E+06
   2.1300000000000000E+04   2.0608793076898637E+03   3.4322330200700767E+03   5.1579821794883346E+03   3.7196810453213272E+00   3.5935930228235521E+06
   2.1400000000000000E+04   2.0660290091295806E+03   3.4480469706819476E+03   5.1546110574919212E+03   3.7270960441349872E+00   3.6036789440388866E+06
   2.1500000000000000E+04   2.0711770377588905E+03   3.4638109754043230E+03   5.1515086351580903E+03   3.7345033443821722E+00   3.6138456054415377E+06
   2.1600000000000000E+04   2.0763235753576041E+03   3.4795244661782808E+03   5.1486702491573751E+03   3.7419027675641314E+00   3.6240920220556525E+06
   2.1700000000000000E+04   2.0814687790733506E+03   3.4951868819192191E+03   5.1460912589974560E+03   3.7492941371508444E+00   3.6344171462045051E+06
   2.1800000000000000E+04   2.0866127818821537E+03   3.5107976686104034E+03   5.1437670475170225E+03   3.7566772785810305E+00   3.6448200786866974E+06
   2.1900000000000000E+04   2.0917556930627161E+03   3.5263562794010795E+03   5.1416930213528467E+03   3.7640520191864200E+00   3.6552995593989133E+06
   2.2000000000000000E+04   2.0968975986913292E+03   3.5418621746880849E+03   5.1398646114738885E+03   3.7714181883179667E+00   3.6658546591667766E+06
   2.2100000000000000E+04   2.1020271979100976E+03   3.5573148222160062E+03   5.1382093703938126E+03   3.7787756172070175E+00   3.6764841495781527E+06
   2.2200000000000000E+04   2.1071556635583324E+03   3.5727136971589571E+03   5.1367900339949501E+03   3.7861241390536509E+00   3.6871869551985771E+06
   2.2300000000000000E+04   2.1122830154075841E+03   3.5880582822106762E+03   5.1356021057489133E+03   3.7934635889762065E+00   3.6979619138336657E+06
   2.2400000000000000E+04   2.1174092521892790E+03   3.6033480676705581E+03   5.1346411156725881E+03   3.8007938039860383E+00   3.7088077771308166E+06
   2.2500000000000000E+04   2.1225343521431878E+03   3.6185825515222646E+03   5.1339026208244595E+03   3.8081146230506162E+00   3.7197233928765063E+06
   2.2600000000000000E+04   2.1276582735661868E+03   3.6337612395194310E+03   5.1333822057340358E+03   3.8154258870051869E+00   3.7307074641411896E+06
   2.2700000000000000E+04   2.1327809553762577E+03   3.6488836452586429E+03   5.1330754828983609E+03   3.8227274386411061E+00   3.7417587618941525E+06
   2.2800000000000000E+04   2.1379023176717001E+03   3.6639492902606448E+03   5.1329780931912064E+03   3.8300191226048970E+00   3.7528759746123012E+06
   2.2900000000000000E+04   2.1430222623035979E+03   3.6789577040398922E+03   5.1330857063355970E+03   3.8373007854613275E+00   3.7640578000143110E+06
   2.3000000000000000E+04   2.1481406734476682E+03   3.6939084241757650E+03   5.1333940213368633E+03   3.8445722756808105E+00   3.7753030068794652E+06
   2.3100000000000000E+04   2.1532462395425305E+03   3.7088009963824093E+03   5.1338352208800115E+03   3.8518334435889057E+00   3.7866101017560889E+06
   2.3200000000000000E+04   2.1583497817300745E+03   3.7236349745710745E+03   5.1344680006976423E+03   3.8590841414168149E+00   3.7979778158376403E+06
   2.3300000000000000E+04   2.1634511352687200E+03   3.7384099209125670E+03   5.1352881492653141E+03   3.8663242232887503E+00   3.8094048021972198E+06
   2.3400000000000000E+04   2.1685501201055986E+03   3.7531254058973523E+03   5.1362914862473053E+03   3.8735535451840861E+00   3.8208896668756385E+06
   2.3500000000000000E+04   2.1736465414515255E+03   3.7677810083903878E+03   5.1374738628925215E+03   3.8807719649499650E+00   3.8324309086477701E+06
   2.3600000000000000E+04   2.1787401903533655E+03   3.7823763156833829E+03   5.1388311624148346E+03   3.8879793423013096E+00   3.8440271941244998E+06
   2.3700000000000000E+04   2.1838308442673683E+03   3.7969109235428132E+03   5.1403593003844962E+03   3.8951755388586768E+00   3.8556770844503874E+06
   2.3800000000000000E+04   2.1889182676168020E+03   3.8113844362584582E+03   5.1420542250327380E+03   3.9023604180472957E+00   3.8673790968495053E+06
   2.3900000000000000E+04   2.1940022123625295E+03   3.8257964666831285E+03   5.1439119176493914E+03   3.9095338451854191E+00   3.8791318581662183E+06
   2.4000000000000000E+04   2.1990824185541237E+03   3.8401466362733481E+03   5.1459283928786062E+03   3.9166956874085850E+00   3.8909338002151498E+06
   2.4100000000000000E+04   2.2041476616263717E+03   3.8544345751232472E+03   5.1480399475795948E+03   3.9238458137327337E+00   3.9027834965762468E+06
   2.4200000000000000E+04   2.2092084285239803E+03   3.8686599219974760E+03   5.1503018559947168E+03   3.9309840950037160E+00   3.9146795106533123E+06
   2.4300000000000000E+04   2.2142644278197222E+03   3.8828223243594584E+03   5.1527102357090371E+03   3.9381104038846830E+00   3.9266202128182980E+06
   2.4400000000000000E+04   2.2193153584083234E+03   3.8969214383951867E+03   5.1552612391633793E+03   3.9452246149317975E+00   3.9386042706541433E+06
   2.4500000000000000E+04   2.2243609100191316E+03   3.9109569290358595E+03   5.1579510538555041E+03   3.9523266044680376E+00   3.9506300988922617E+06
   2.4600000000000000E+04   2.2294007637432214E+03   3.9249284699743798E+03   5.1607759026530712E+03   3.9594162506589141E+00   3.9626961354660015E+06
   2.4700000000000000E+04   2.2344345925448461E+03   3.9388357436795313E+03   5.1637320440498652E+03   3.9664934335124817E+00   3.9748009035461596E+06
   2.4800000000000000E+04   2.2394620617568471E+03   3.9526784414065560E+03   5.1668157723684935E+03   3.9735580348162189E+00   3.9869428896859000E+06
   2.4900000000000000E+04   2.2444831689197172E+03   3.9664562632037319E+03   5.1700252184942728E+03   3.9806099382001467E+00   3.9991205138583491E+06
   2.5000000000000000E+04   2.2494968265284283E+03   3.9801689179156915E+03   5.1733528231345263E+03   3.9876490290863376E+00   4.0113323139660992E+06
   2.5100000000000000E+04   2.2544923968765611E+03   3.9938161231831618E+03   5.1767407918704321E+03   3.9946751947141625E+00   4.0235767932800907E+06
   2.5200000000000000E+04   2.2594800465580624E+03   4.0073976054384070E+03   5.1802414147682830E+03   4.0016883240519423E+00   4.0358522675973885E+06
   2.5300000000000000E+04   2.2644594112574277E+03   4.0209130998988576E+03   5.1838511711384026E+03   4.0086883079357740E+00   4.0481572953150808E+06
   2.5400000000000000E+04   2.2694301218847786E+03   4.0343623505553610E+03   5.1875665774683357E+03   4.0156750389433320E+00   4.0604903099121004E+06
   2.5500000000000000E+04   2.2743918050196048E+03   4.0477451101582974E+03   5.1913841876152255E+03   4.0226484114443455E+00   4.0728498353281333E+06
   2.5600000000000000E+04   2.2793440833343434E+03   4.0610611401996343E+03   5.1953005929341089E+03   4.0296083215753526E+00   4.0852343023919892E+06
   2.5700000000000000E+04   2.2842865760075351E+03   4.0743102108913681E+03   5.1993124223935574E+03   4.0365546672144710E+00   4.0976420800535157E+06
   2.5800000000000000E+04   2.2892188991360090E+03   4.0874921011418355E+03   5.2034163427258409E+03   4.0434873480192524E+00   4.1100716907450268E+06
   2.5900000000000000E+04   2.2941406661297065E+03   4.1006065985281057E+03   5.2076090585296615E+03   4.0504062654140647E+00   4.1225216268285578E+06
   2.6000000000000000E+04   2.2990514880940609E+03   4.1136534992646839E+03   5.2118873123515696E+03   4.0573113225648463E+00   4.1349904431336573E+06
   2.6100000000000000E+04   2.3039405868184299E+03   4.1266326081677080E+03   5.2161946403912389E+03   4.0642024243160089E+00   4.1474764198628077E+06
   2.6200000000000000E+04   2.3088178167704123E+03   4.1395437386213898E+03   5.2205806576258501E+03   4.0710794773166441E+00   4.1599781155631063E+06
   2.6300000000000000E+04   2.3136827855691367E+03   4.1523867125357892E+03   5.2250422239916807E+03   4.0779423899321721E+00   4.1724940913293026E+06
   2.6400000000000000E+04   2.3185350999810589E+03   4.1651613603019759E+03   5.2295762377313567E+03   4.0847910721938723E+00   4.1850227271776837E+06
   2.6500000000000000E+04   2.3233743662631514E+03   4.1778675207480810E+03   5.2341796354839862E+03   4.0916254358619764E+00   4.1975625600201609E+06
   2.6600000000000000E+04   2.3282001904881372E+03   4.1905050410913682E+03   5.2388493923270316E+03   4.0984453944382908E+00   4.2101120694096433E+06
   2.6700000000000000E+04   2.3330121788400761E+03   4.2030737768829877E+03   5.2435825217166775E+03   4.1052508630652289E+00   4.2226697392073292E+06
   2.6800000000000000E+04   2.3378099379294094E+03   4.2155735919567196E+03   5.2483760755579433E+03   4.1120417586015492E+00   4.2352341500608688E+06
   2.6900000000000000E+04   2.3425930750765774E+03   4.2280043583702864E+03   5.2532271441641215E+03   4.1188179995718590E+00   4.2478037651571808E+06
   2.7000000000000000E+04   2.3473611985895936E+03   4.2403659563448300E+03   5.2581328562255567E+03   4.1255795061413707E+00   4.2603771145231351E+06
   2.7100000000000000E+04   2.3521038627994849E+03   4.2526582742067840E+03   5.2630400339453045E+03   4.1323262001916499E+00   4.2729526729874248E+06
   2.7200000000000000E+04   2.3568306127928613E+03   4.2648812083204893E+03   5.2679958357787655E+03   4.1390580052448618E+00   4.2855291972695049E+06
   2.7300000000000000E+04   2.3615410626678895E+03   4.2770346630176691E+03   5.2729975090106054E+03   4.1457748463880595E+00   4.2981049607087346E+06
   2.7400000000000000E+04   2.3662354459456628E+03   4.2891185505366675E+03   5.2780454110348228E+03   4.1524766504246493E+00   4.3106786724882917E+06
   2.7500000000000000E+04   2.3709122870588076E+03   4.3011327909467536E+03   5.2831314151863317E+03   4.1591633457733952E+00   4.3232488653874490E+06
   2.7600000000000000E+04   2.3755716983693846E+03   4.3130773120723306E+03   5.2882553335450748E+03   4.1658348624179595E+00   4.3358141410181029E+06
   2.7700000000000000E+04   2.3802133035609550E+03   4.3249520494224862E+03   5.2934145664579628E+03   4.1724911319826159E+00   4.3483730478470568E+06
   2.7800000000000000E+04   2.3848367292154799E+03   4.3367569461131652E+03   5.2986065522744466E+03   4.1791320877070124E+00   4.3609242954422319E+06
   2.7900000000000000E+04   2.3894416049898559E+03   4.3484919527824395E+03   5.3038287671624703E+03   4.1857576643452141E+00   4.3734663574346201E+06
   2.8000000000000000E+04   2.3940275638280041E+03   4.3601570275182385E+03   5.3090787251137044E+03   4.1923677982918903E+00   4.3859978996720826E+06
   2.8100000000000000E+04   2.3985845437693970E+03   4.3717521357685528E+03   5.3143063693951990E+03   4.1989624274561343E+00   4.3985175360141592E+06
   2.8200000000000000E+04   2.4031217792194916E+03   4.3832772502648504E+03   5.3195565593180127E+03   4.2055414913623999E+00   4.4110239812356895E+06
   2.8300000000000000E+04   2.4076389151625781E+03   4.3947323509287153E+03   5.3248269252826303E+03   4.2121049310243261E+00   4.4235158985875184E+06
   2.8400000000000000E+04   2.4121356005292146E+03   4.4061174247908657E+03   5.3301151350191631E+03   4.2186526890204323E+00   4.4359919002299588E+06
   2.8500000000000000E+04   2.4166114883237924E+03   4.4174324658972482E+03   5.3354188933626738E+03   4.2251847094058013E+00   4.4484506389428526E+06
   2.8600000000000000E+04   2.4210662357807005E+03   4.4286774752268011E+03   5.3407359421799001E+03   4.2317009378004036E+00   4.4608908995819166E+06
   2.8700000000000000E+04   2.4254995044738312E+03   4.4398524605940702E+03   5.3460640601184850E+03   4.2382013212881384E+00   4.4733112948014913E+06
   2.8800000000000000E+04   2.4299109604501577E+03   4.4509574365620383E+03   5.3514010624862613E+03   4.2446858084673247E+00   4.4857106305206120E+06
   2.8900000000000000E+04   2.4343002743349502E+03   4.4619924243462401E+03   5.3567448010320732E+03   4.2511543494002098E+00   4.4980876018323340E+06
   2.9000000000000000E+04   2.4386671214405765E+03   4.4729574517217825E+03   5.3620931637661970E+03   4.2576068956129696E+00   4.5104409756534034E+06
   2.9100000000000000E+04   2.4430018590257760E+03   4.4838525529274593E+03   5.3673990729117786E+03   4.2640434000704781E+00   4.5227694693782590E+06
   2.9200000000000000E+04   2.4473134063681309E+03   4.4946777685755123E+03   5.3727052025463790E+03   4.2704638172267826E+00   4.5350719331877409E+06
   2.9300000000000000E+04   2.4516014545446433E+03   4.5054331455489892E+03   5.3780095522725951E+03   4.2768681029367519E+00   4.5473471376620298E+06
   2.9400000000000000E+04   2.4558656996803511E+03   4.5161187369067902E+03   5.3833101571756833E+03   4.2832562144687154E+00   4.5595938650750071E+06
   2.9500000000000000E+04   2.4601058430243011E+03   4.5267346017872505E+03   5.3886050876128693E+03   4.2896281105044558E+00   4.5718109700659513E+06
   2.9600000000000000E+04   2.4643215910168192E+03   4.5372808053101244E+03   5.3938924489856681E+03   4.2959837511265775E+00   4.5839972283789981E+06
   2.9700000000000000E+04   2.4685126553509863E+03   4.5477574184781279E+03   5.3991703815069950E+03   4.3023230978059068E+00   4.5961514883934846E+06
   2.9800000000000000E+04   2.4726787530256020E+03   4.5581645180768874E+03   5.4044370599512267E+03   4.3086461133762333E+00   4.6082727313253181E+06
   2.9900000000000000E+04   2.4768196063984501E+03   4.5685021865769286E+03   5.4096906934236722E+03   4.3149527620343235E+00   4.6203597391642425E+06
   3.0000000000000000E+04   2.4809349432314248E+03   4.5787705120342680E+03   5.4149295251133444E+03   4.3212430093272882E+00   4.6324114571667984E+06
   3.0100000000000000E+04   2.4850155616560069E+03   4.5889695879883047E+03   5.4201093252956853E+03   4.3275168221147418E+00   4.6444267525257245E+06
   3.0200000000000000E+04   2.4890700604357548E+03   4.5990995133670749E+03   5.4252706699346945E+03   4.3337741686066353E+00   4.6564045953001725E+06
   3.0300000000000000E+04   2.4930981848049773E+03   4.6091603923824277E+03   5.4304119068782329E+03   4.3400150183001811E+00   4.6683438777641188E+06
   3.0400000000000000E+04   2.4971017712183425E+03   4.6191523344340576E+03   5.4355412994323169E+03   4.3462393420050729E+00   4.6802435650324300E+06
   3.0500000000000000E+04   2.5010765070473435E+03   4.6290754540085154E+03   5.4406379683144951E+03   4.3524471118182646E+00   4.6921026948881280E+06
   3.0600000000000000E+04   2.5050241400152654E+03   4.6389298705768679E+03   5.4457097814600365E+03   4.3586383010860921E+00   4.7039201976502603E+06
   3.0700000000000000E+04   2.5089444376087631E+03   4.6487157085005811E+03   5.4507552174050506E+03   4.3648128844421512E+00   4.7156951364545356E+06
   3.0800000000000000E+04   2.5128371728984971E+03   4.6584330969254643E+03   5.4557727866320502E+03   4.3709708377315577E+00   4.7274264074121630E+06
   3.0900000000000000E+04   2.5167021245589194E+03   4.6680821696894982E+03   5.4607610313500472E+03   4.3771121380614453E+00   4.7391131890038578E+06
   3.1000000000000000E+04   2.5205390768663401E+03   4.6776630652228905E+03   5.4657185251976680E+03   4.3832367637757148E+00   4.7507545227287402E+06
   3.1100000000000000E+04   2.5243392787965872E+03   4.6871759264397369E+03   5.4706037604065050E+03   4.3893446943540742E+00   4.7623494031962026E+06
   3.1200000000000000E+04   2.5281110035101851E+03   4.6966209006556874E+03   5.4754552856287337E+03   4.3954359105382430E+00   4.7738968978719702E+06
   3.1300000000000000E+04   2.5318540529919683E+03   4.7059981394805427E+03   5.4802717707914389E+03   4.4015103942310008E+00   4.7853962062872658E+06
   3.1400000000000000E+04   2.5355682347898528E+03   4.7153077987226152E+03   5.4850519160768536E+03   4.4075681284961590E+00   4.7968463619158315E+06
   3.1500000000000000E+04   2.5392533620022873E+03   4.7245500382937153E+03   5.4897944516369516E+03   4.4136090975585898E+00   4.8082465303322468E+06
   3.1600000000000000E+04   2.5429092532629334E+03   4.7337250221147851E+03   5.4944981373063920E+03   4.4196332868042134E+00   4.8195958304957692E+06
   3.1700000000000000E+04   2.5465357327099518E+03   4.7428329180160972E+03   5.4991617622628137E+03   4.4256406827295169E+00   4.8308935129271429E+06
   3.1800000000000000E+04   2.5501326299652123E+03   4.7518738976440236E+03   5.5037841447361880E+03   4.4316312729415586E+00   4.8421387220996860E+06
   3.1900000000000000E+04   2.5536997801110538E+03   4.7608481363685651E+03   5.5083641317167821E+03   4.4376050461579659E+00   4.8533306154652098E+06
   3.2000000000000000E+04   2.5572370236583333E+03   4.7697558131885344E+03   5.5129005986363791E+03   4.4435619921816913E+00   4.8644684225102467E+06
   3.2100000000000000E+04   2.5607360613621768E+03   4.7785971106405696E+03   5.5173546367658037E+03   4.4495021019010270E+00   4.8755513263456300E+06
   3.2200000000000000E+04   2.5642048367130969E+03   4.7873722147089984E+03   5.5217628279382470E+03   4.4554253672895783E+00   4.8865786409979342E+06
   3.2300000000000000E+04   2.5676432071665968E+03   4.7960813147268518E+03   5.5261241346565248E+03   4.4613317813305731E+00   4.8975496338758320E+06
   3.2400000000000000E+04   2.5710510354727185E+03   4.8047246032936546E+03   5.5304375466602196E+03   4.4672213380673194E+00   4.9084634672316667E+06
   3.2500000000000000E+04   2.5744281896336565E+03   4.8133022761845714E+03   5.5347020806011760E+03   4.4730940325779738E+00   4.9193195516222455E+06
   3.2600000000000000E+04   2.5777745428595044E+03   4.8218145322603577E+03   5.5389167797180753E+03   4.4789498609503102E+00   4.9301171920937877E+06
   3.2700000000000000E+04   2.5810899735157404E+03   4.8302615733747289E+03   5.5430807134846973E+03   4.4847888202312198E+00   4.9408556181098167E+06
   3.2800000000000000E+04   2.5843743651151071E+03   4.8386436043061594E+03   5.5471929774388427E+03   4.4906109085529309E+00   4.9515343064403431E+06
   3.2900000000000000E+04   2.5876276062128391E+03   4.8469608326419557E+03   5.5512526926360342E+03   4.4964161248932113E+00   4.9621524235236272E+06
   3.3000000000000000E+04   2.5908495904187844E+03   4.8552134687238186E+03   5.5552590055688597E+03   4.5022044692899232E+00   4.9727094997358751E+06
   3.3100000000000000E+04   2.5940324640555887E+03   4.8634017255454974E+03   5.5591754836435584E+03   4.5079759426895700E+00   4.9832048141309787E+06
   3.3200000000000000E+04   2.5971838387510165E+03   4.8715258186785541E+03   5.5630367983329261E+03   4.5137305469977989E+00   4.9936378333504191E+06
   3.3300000000000000E+04   2.6003036236486678E+03   4.8795859661801032E+03   5.5668421735199363E+03   4.5194682849910208E+00   5.0040078900510678E+06
   3.3400000000000000E+04   2.6033917327358713E+03   4.8875823885295413E+03   5.5705908572426233E+03   4.5251891604300321E+00   5.0143145038675666E+06
   3.3500000000000000E+04   2.6064480847608920E+03   4.8955153085330876E+03   5.5742821212635299E+03   4.5308931779337911E+00   5.0245570896057719E+06
   3.3600000000000000E+04   2.6094726031824589E+03   4.9033849512466868E+03   5.5779152607696469E+03   4.5365803429794198E+00   5.0347350159871280E+06
   3.3700000000000000E+04   2.6124652161387135E+03   4.9111915439109180E+03   5.5814895941511550E+03   4.5422506619779348E+00   5.0448478957240321E+06
   3.3800000000000000E+04   2.6154258563684207E+03   4.9189353158619233E+03   5.5850044625984865E+03   4.5479041421732749E+00   5.0548951787899537E+06
   3.3900000000000000E+04   2.6183544611514776E+03   4.9266164984539237E+03   5.5884592297781201E+03   4.5535407916170652E+00   5.0648762690551346E+06
   3.4000000000000000E+04   2.6212509722827040E+03   4.9342353250012302E+03   5.5918532816400329E+03   4.5591606192695835E+00   5.0747907555679604E+06
   3.4100000000000000E+04   2.6241079702920752E+03   4.9417920306884598E+03   5.5951525390555653E+03   4.5647636348735441E+00   5.0846381806281172E+06
   3.4200000000000000E+04   2.6269327348635925E+03   4.9492868525037084E+03   5.5983898184672798E+03   4.5703498489793617E+00   5.0944180401773630E+06
   3.4300000000000000E+04   2.6297252215958611E+03   4.9567200291692288E+03   5.6015645736178622E+03   4.5759192729451250E+00   5.1041298990418287E+06
   3.4400000000000000E+04   2.6324853903526523E+03   4.9640918010732639E+03   5.6046762792421541E+03   4.5814719189366135E+00   5.1137733617732730E+06
   3.4500000000000000E+04   2.6352132051936242E+03   4.9714024101954537E+03   5.6077244307223009E+03   4.5870077998768153E+00   5.1233480436803121E+06
   3.4600000000000000E+04   2.6379086343115041E+03   4.9786521000369366E+03   5.6107085437704482E+03   4.5925269294206856E+00   5.1328533989872113E+06
   3.4700000000000000E+04   2.6405716499964910E+03   4.9858411155669182E+03   5.6136281542175429E+03   4.5980293220308637E+00   5.1422892364945775E+06
   3.4800000000000000E+04   2.6432022285524772E+03   4.9929697031436644E+03   5.6164828176202509E+03   4.6035149928767121E+00   5.1516550034470744E+06
   3.4900000000000000E+04   2.6458003502473566E+03   5.0000381104556209E+03   5.6192721090002906E+03   4.6089839578595635E+00   5.1609504436447388E+06
   3.5000000000000000E+04   2.6483659992494831E+03   5.0070465864559783E+03   5.6219956225328824E+03   4.6144362335874760E+00   5.1701751399427969E+06
   3.5100000000000000E+04   2.6508921753297409E+03   5.0139953813061657E+03   5.6246215103211953E+03   4.6198718374004679E+00   5.1793287995761307E+06
   3.5200000000000000E+04   2.6533858283534332E+03   5.0208847463087141E+03   5.6271807900792928E+03   4.6252907873200577E+00   5.1884110829992061E+06
   3.5300000000000000E+04   2.6558469544340651E+03   5.0277149338489980E+03   5.6296731144872847E+03   4.6306931020492303E+00   5.1974217174815359E+06
   3.5400000000000000E+04   2.6582755533334057E+03   5.0344861973301395E+03   5.6320981541632909E+03   4.6360788009219931E+00   5.2063603268588139E+06
   3.5500000000000000E+04   2.6606716284325826E+03   5.0411987911328788E+03   5.6344555974909299E+03   4.6414479040043028E+00   5.2152267148421416E+06
   3.5600000000000000E+04   2.6630351866408114E+03   5.0478529705407500E+03   5.6367451502128597E+03   4.6468004319678986E+00   5.2240205815226957E+06
   3.5700000000000000E+04   2.6653662383388805E+03   5.0544489916860639E+03   5.6389665351572185E+03   4.6521364060902721E+00   5.2327415803517420E+06
   3.5800000000000000E+04   2.6676647973507847E+03   5.0609871115133265E+03   5.6411194920707267E+03   4.6574558483556476E+00   5.2413895999655752E+06
   3.5900000000000000E+04   2.6699308808388246E+03   5.0674675876991560E+03   5.6432037771657688E+03   4.6627587812782894E+00   5.2499643127519889E+06
   3.6000000000000000E+04   2.6722128591391338E+03   5.0738906786260259E+03   5.6454349568783409E+03   4.6680452280539484E+00   5.2584655132106123E+06
   3.6100000000000000E+04   2.6744084216964989E+03   5.0802566433040211E+03   5.6473559010109166E+03   4.6733152123831809E+00   5.2668929487636629E+06
   3.6200000000000000E+04   2.6765715634771991E+03   5.0865657413510462E+03   5.6492075142972362E+03   4.6785687586480300E+00   5.2752464880835963E+06
   3.6300000000000000E+04   2.6787023149491520E+03   5.0928182329123138E+03   5.6509896184387098E+03   4.6838058917100973E+00   5.2835258407145971E+06
   3.6400000000000000E+04   2.6808007096722881E+03   5.0990143786428634E+03   5.6527020503998792E+03   4.6890266370872373E+00   5.2917309487490011E+06
   3.6500000000000000E+04   2.6828667841809452E+03   5.1051544396245972E+03   5.6543446619159513E+03   4.6942310207263809E+00   5.2998615393992709E+06
   3.6600000000000000E+04   2.6849005780000844E+03   5.1112386773636472E+03   5.6559173194987452E+03   4.6994190692559510E+00   5.3079175715837823E+06
   3.6700000000000000E+04   2.6869021335142811E+03   5.1172673537007777E+03   5.6574199038967936E+03   4.7045908097082121E+00   5.3158987343436638E+06
   3.6800000000000000E+04   2.6888714959706972E+03   5.1232407308025722E+03   5.6588523100533321E+03   4.7097462697211885E+00   5.3238050031901374E+06
   3.6900000000000000E+04   2.6908087133910180E+03   5.1291590710988867E+03   5.6602144467275893E+03   4.7148854774124747E+00   5.3316362504840177E+06
   3.7000000000000000E+04   2.6927138365260053E+03   5.1350226372465431E+03   5.6615062362747467E+03   4.7200084614044666E+00   5.3393923014808344E+06
   3.7100000000000000E+04   2.6945806494143658E+03   5.1408316920812022E+03   5.6626999264460710E+03   4.7251152507738832E+00   5.3470731000267481E+06
   3.7200000000000000E+04   2.6964154573822589E+03   5.1465864985959561E+03   5.6638231185259656E+03   4.7302058751527332E+00   5.3546784874852886E+06
   3.7300000000000000E+04   2.6982183194813679E+03   5.1522873198778898E+03   5.6648757763045087E+03   4.7352803645768589E+00   5.3622084782068552E+06
   3.7400000000000000E+04   2.7000135882067470E+03   5.1579344190885640E+03   5.6659648446130195E+03   4.7403387495869165E+00   5.3696628740455043E+06
   3.7500000000000000E+04   2.7017531755170539E+03   5.1635280594152464E+03   5.6668781628424003E+03   4.7453810611526439E+00   5.3770417043029759E+06
   3.7600000000000000E+04   2.7034610119860713E+03   5.1690685040359185E+03   5.6677209223307109E+03   4.7504073306728554E+00   5.3843448409313699E+06
   3.7700000000000000E+04   2.7051371663681448E+03   5.1745560160940686E+03   5.6684931355989074E+03   4.7554175900259352E+00   5.3915722728714691E+06
   3.7800000000000000E+04   2.7067817097112434E+03   5.1799908586524170E+03   5.6691948267595953E+03   4.7604118714941146E+00   5.3987239414982125E+06
   3.7900000000000000E+04   2.7083947153087938E+03   5.1853732946606051E+03   5.6698260312922230E+03   4.7653902077634589E+00   5.4057999041607557E+06
   3.8000000000000000E+04   2.7099762586520537E+03   5.1907035869237534E+03   5.6703867958207065E+03   4.7703526319238829E+00   5.4128000072155902E+06
   3.8100000000000000E+04   2.7115204871522201E+03   5.1959819980718967E+03   5.6708512394827667E+03   4.7752991774691447E+00   5.4197242674882011E+06
   3.8200000000000000E+04   2.7130333945886809E+03   5.2012087905257922E+03   5.6712453486865588E+03   4.7802298782715988E+00   5.4265727082879553E+06
   3.8300000000000000E+04   2.7145150631600609E+03   5.2063842264769601E+03   5.6715692041225093E+03   4.7851447686326969E+00   5.4333453053214541E+06
   3.8400000000000000E+04   2.7159655770527306E+03   5.2115085678416872E+03   5.6718228966668994E+03   4.7900438831819985E+00   5.4400421488760319E+06
   3.8500000000000000E+04   2.7173850224029575E+03   5.2165820762381072E+03   5.6720065271972690E+03   4.7949272569024330E+00   5.4466632273109714E+06
   3.8600000000000000E+04   2.7187734872596398E+03   5.2216050129641790E+03   5.6721202064101399E+03   4.7997949251555383E+00   5.4532084816877320E+06
   3.8700000000000000E+04   2.7201310615333850E+03   5.2265776389674393E+03   5.6721640545898317E+03   4.8046469236562004E+00   5.4596780746019762E+06
   3.8800000000000000E+04   2.7214578369390588E+03   5.2315002148108742E+03   5.6721382013545062E+03   4.8094832884222045E+00   5.4660719057763377E+06
   3.8900000000000000E+04   2.7227539069672612E+03   5.2363730006577171E+03   5.6720427855066355E+03   4.8143040558246888E+00   5.4723901494515017E+06
   3.9000000000000000E+04   2.7240193668351017E+03   5.2411962562433810E+03   5.6718779548094335E+03   4.8191092625629173E+00   5.4786328245645622E+06
   3.9100000000000000E+04   2.7252487080328478E+03   5.2459702408526491E+03   5.6716195879318766E+03   4.8238989456642685E+00   5.4848000093881479E+06
   3.9200000000000000E+04   2.7264476216128992E+03   5.2506952132837478E+03   5.6712921201980198E+03   4.8286731424085421E+00   5.4908917344432333E+06
   3.9300000000000000E+04   2.7276162080467025E+03   5.2553714318406737E+03   5.6708957267147935E+03   4.8334318904036389E+00   5.4969080892105605E+06
   3.9400000000000000E+04   2.7287545693588545E+03   5.2599991543078786E+03   5.6704305907405587E+03   4.8381752275603578E+00   5.5028492215680126E+06
   3.9500000000000000E+04   2.7298628090877623E+03   5.2645786379302290E+03   5.6698969034989341E+03   4.8429031920923720E+00   5.5087151783729410E+06
   3.9600000000000000E+04   2.7309410322185349E+03   5.2691101393749577E+03   5.6692948638945782E+03   4.8476158224152801E+00   5.5145060647781091E+06
   3.9700000000000000E+04   2.7319893451802182E+03   5.2735939147361059E+03   5.6686246784580590E+03   4.8523131572728024E+00   5.5202219382884493E+06
   3.9800000000000000E+04   2.7330078557939487E+03   5.2780302195071308E+03   5.6678865611164820E+03   4.8569952356862993E+00   5.5258630197838051E+06
   3.9900000000000000E+04   2.7339966732075391E+03   5.2824193085446159E+03   5.6670807329169738E+03   4.8616620968538165E+00   5.5314293238626970E+06
   4.0000000000000000E+04   2.7349559079014366E+03   5.2867614360794387E+03   5.6662074220031827E+03   4.8663137803015202E+00   5.5369210806962028E+06
   4.0100000000000000E+04   2.7358803760752417E+03   5.2910568556770049E+03   5.6652441565997797E+03   4.8709503257574962E+00   5.5423383671544679E+06
   4.0200000000000000E+04   2.7367754761461179E+03   5.2953058202261573E+03   5.6642138878753876E+03   4.8755717731769996E+00   5.5476813173994068E+06
   4.0300000000000000E+04   2.7376413225924102E+03   5.2995085819287297E+03   5.6631168654224866E+03   4.8801781627676766E+00   5.5529501223304309E+06
   4.0400000000000000E+04   2.7384780310389929E+03   5.3036653922707137E+03   5.6619533450925801E+03   4.8847695349138638E+00   5.5581448205205891E+06
   4.0500000000000000E+04   2.7392857182517564E+03   5.3077765020271827E+03   5.6607235889332942E+03   4.8893459302775391E+00   5.5632657157892399E+06
   4.0600000000000000E+04   2.7400645020619090E+03   5.3118421612201892E+03   5.6594278648796198E+03   4.8939073896468743E+00   5.5683128034514217E+06
   4.0700000000000000E+04   2.7408145013827402E+03   5.3158626191391750E+03   5.6580664467696733E+03   4.8984539541129326E+00   5.5732863952338286E+06
   4.0800000000000000E+04   2.7415358361138237E+03   5.3198381242854111E+03   5.6566396139669378E+03   4.9029856648424959E+00   5.5781865987457912E+06
   4.0900000000000000E+04   2.7422286271658395E+03   5.3237689243983177E+03   5.6551476514047436E+03   4.9075025632799800E+00   5.5830136293263119E+06
   4.1000000000000000E+04   2.7428929964011618E+03   5.3276552664248402E+03   5.6535908493366360E+03   4.9120046910464916E+00   5.5877676543373857E+06
   4.1100000000000000E+04   2.7435240658612747E+03   5.3314973964938836E+03   5.6519482798465442E+03   4.9164920898641009E+00   5.5924488449031748E+06
   4.1200000000000000E+04   2.7441269521751292E+03   5.3352955599298866E+03   5.6502414779214478E+03   4.9209648016820289E+00   5.5970573245925093E+06
   4.1300000000000000E+04   2.7447017801382126E+03   5.3390500012379816E+03   5.6484707501727744E+03   4.9254228686514230E+00   5.6015934774187542E+06
   4.1400000000000000E+04   2.7452486753404037E+03   5.3427609640651926E+03   5.6466364078150500E+03   4.9298663329739121E+00   5.6060573311680350E+06
   4.1500000000000000E+04   2.7457677641866139E+03   5.3464286912252182E+03   5.6447387666968716E+03   4.9342952370782927E+00   5.6104491737604365E+06
   4.1600000000000000E+04   2.7462591738475462E+03   5.3500534246751013E+03   5.6427781470900682E+03   4.9387096235447876E+00   5.6147691938234158E+06
   4.1700000000000000E+04   2.7467230322180458E+03   5.3536354054971080E+03   5.6407548735059772E+03   4.9431095350545942E+00   5.6190175833413675E+06
   4.1800000000000000E+04   2.7471594679110003E+03   5.3571748739054228E+03   5.6386692746347908E+03   4.9474950144655869E+00   5.6231946392024532E+06
   4.1900000000000000E+04   2.7475686102026270E+03   5.3606720692190038E+03   5.6365216831178641E+03   4.9518661047113604E+00   5.6273005086508850E+06
   4.2000000000000000E+04   2.7479505890343326E+03   5.3641272298740387E+03   5.6343124355151722E+03   4.9562228489021871E+00   5.6313354436603487E+06
   4.2100000000000000E+04   2.7483008141234186E+03   5.3675405934024502E+03   5.6320220467745658E+03   4.9605652902493080E+00   5.6352996989289736E+06
   4.2200000000000000E+04   2.7486241316688534E+03   5.3709123964254395E+03   5.6296707041339332E+03   4.9648934720649214E+00   5.6391934813385596E+06
   4.2300000000000000E+04   2.7489206736179663E+03   5.3742428746474325E+03   5.6272587560373750E+03   4.9692074377621793E+00   5.6430169503897596E+06
   4.2400000000000000E+04   2.7491905724807229E+03   5.3775322628652530E+03   5.6247865543376829E+03   4.9735072309309309E+00   5.6467705702213813E+06
   4.2500000000000000E+04   2.7494339612500016E+03   5.3807807949230964E+03   5.6222544539870742E+03   4.9777928951357699E+00   5.6504543546127807E+06
   4.2600000000000000E+04   2.7496509734479359E+03   5.3839887037571334E+03   5.6196628131583220E+03   4.9820644741684594E+00   5.6540687219666084E+06
   4.2700000000000000E+04   2.7498417430331428E+03   5.3871562213411244E+03   5.6170119928923323E+03   4.9863220117955223E+00   5.6576137921051364E+06
   4.2800000000000000E+04   2.7500064044269570E+03   5.3902835787168369E+03   5.6143023571514186E+03   4.9905655519349210E+00   5.6610898876344152E+06
   4.2900000000000000E+04   2.7501450924703449E+03   5.3933710059750765E+03   5.6115342726370600E+03   4.9947951385803382E+00   5.6644972831640104E+06
   4.3000000000000000E+04   2.7502579423952311E+03   5.3964187322468724E+03   5.6087081086574744E+03   4.9990108157759376E+00   5.6678362057355205E+06
   4.3100000000000000E+04   2.7503406341723939E+03   5.3994269857100253E+03   5.6058057267274744E+03   5.0032126276668452E+00   5.6711069343533665E+06
   4.3200000000000000E+04   2.7503977552492902E+03   5.4023959935708544E+03   5.6028460347277796E+03   5.0074006184234232E+00   5.6743097499578428E+06
   4.3300000000000000E+04   2.7504294421217096E+03   5.4053259820763333E+03   5.5998294101593465E+03   5.0115748323169962E+00   5.6774449353949167E+06
   4.3400000000000000E+04   2.7504358315845857E+03   5.4082171764963523E+03   5.5967562326766993E+03   5.0157353136441376E+00   5.6805127260729866E+06
   4.3500000000000000E+04   2.7504170607261281E+03   5.4110698011314034E+03   5.5936268840347775E+03   5.0198821067771258E+00   5.6835133595625320E+06
   4.3600000000000000E+04   2.7503732669015817E+03   5.4138840793054105E+03   5.5904417479676831E+03   5.0240152561387337E+00   5.6864472227600263E+06
   4.3700000000000000E+04   2.7503045877142872E+03   5.4166602333638257E+03   5.5872012100925003E+03   5.0281348062022042E+00   5.6893145565123325E+06
   4.3800000000000000E+04   2.7502111609833273E+03   5.4193984846618432E+03   5.5839056577687643E+03   5.0322408014407891E+00   5.6921156036100704E+06
   4.3900000000000000E+04   2.7500931247529156E+03   5.4220990535832789E+03   5.5805554800980135E+03   5.0363332864286914E+00   5.6948507063843915E+06
   4.4000000000000000E+04   2.7499506172332572E+03   5.4247621595088758E+03   5.5771510676948783E+03   5.0404123056896424E+00   5.6975201108424766E+06
   4.4100000000000000E+04   2.7497795720842018E+03   5.4273880208509463E+03   5.5736755373565566E+03   5.0444779038735703E+00   5.7001241134551130E+06
   4.4200000000000000E+04   2.7495843298068171E+03   5.4299768550169729E+03   5.5701465853766222E+03   5.0485301255799220E+00   5.7026630119930627E+06
   4.4300000000000000E+04   2.7493650292592638E+03   5.4325288784345412E+03   5.5665646074502120E+03   5.0525690154838676E+00   5.7051371540247528E+06
   4.4400000000000000E+04   2.7491218094030642E+03   5.4350443065305435E+03   5.5629300004503857E+03   5.0565946182353372E+00   5.7075467430109745E+06
   4.4500000000000000E+04   2.7488548093075919E+03   5.4375233537463655E+03   5.5592431624136989E+03   5.0606069785347376E+00   5.7098921772934534E+06
   4.4600000000000000E+04   2.7485641681138140E+03   5.4399662335225421E+03   5.5555044923911937E+03   5.0646061410572401E+00   5.7121736630886402E+06
   4.4700000000000000E+04   2.7482500250325761E+03   5.4423731583092012E+03   5.5517143904142922E+03   5.0685921505032532E+00   5.7143915525916200E+06
   4.4800000000000000E+04   2.7479125193362847E+03   5.4447443395716273E+03   5.5478732574390187E+03   5.0725650516236662E+00   5.7165461507746559E+06
   4.4900000000000000E+04   2.7475517903101145E+03   5.4470799877650725E+03   5.5439814951575563E+03   5.0765248890936459E+00   5.7186377635641545E+06
   4.5000000000000000E+04   2.7471679772648231E+03   5.4493803123560447E+03   5.5400395060133333E+03   5.0804717076136070E+00   5.7206666978861922E+06
   4.5100000000000000E+04   2.7467572518387228E+03   5.4516455218232068E+03   5.5360315757544713E+03   5.0844055519091933E+00   5.7226332139148721E+06
   4.5200000000000000E+04   2.7463237193772393E+03   5.4538758236480990E+03   5.5319742557849822E+03   5.0883264666808188E+00   5.7245377157835970E+06
   4.5300000000000000E+04   2.7458675192987844E+03   5.4560714243111106E+03   5.5278679509252643E+03   5.0922344965784099E+00   5.7263804177814694E+06
   4.5400000000000000E+04   2.7453887909977007E+03   5.4582325293135018E+03   5.5237130664736878E+03   5.0961296863023753E+00   5.7281617252520127E+06
   4.5500000000000000E+04   2.7448876738042522E+03   5.4603593431581758E+03   5.5195100080505663E+03   5.1000120805026476E+00   5.7298819016848989E+06
   4.5600000000000000E+04   2.7443643069787481E+03   5.4624520693564236E+03   5.5152591815543419E+03   5.1038817238039105E+00   5.7315412588038538E+06
   4.5700000000000000E+04   2.7438188296991934E+03   5.4645109104296434E+03   5.5109609930970428E+03   5.1077386608056141E+00   5.7331401089847786E+06
   4.5800000000000000E+04   2.7432513810558839E+03   5.4665360679164005E+03   5.5066158489626714E+03   5.1115829361072054E+00   5.7346788122053323E+06
   4.5900000000000000E+04   2.7426621000261302E+03   5.4685277423639818E+03   5.5022241555015780E+03   5.1154145942576568E+00   5.7361576348401625E+06
   4.6000000000000000E+04   2.7420511254694284E+03   5.4704861333356894E+03   5.4977863190917142E+03   5.1192336797806908E+00   5.7375769377577640E+06
   4.6100000000000000E+04   2.7414148521860161E+03   5.4724114394130202E+03   5.4932877131539626E+03   5.1230402371747994E+00   5.7389370352360317E+06
   4.6200000000000000E+04   2.7407571619894429E+03   5.4743038581927603E+03   5.4887438093109085E+03   5.1268343108879861E+00   5.7402382419779953E+06
   4.6300000000000000E+04   2.7400781934348270E+03   5.4761635862893663E+03   5.4841550141893104E+03   5.1306159453177793E+00   5.7414808265692797E+06
   4.6400000000000000E+04   2.7393780849210357E+03   5.4779908193479432E+03   5.4795217342260175E+03   5.1343851848617099E+00   5.7426652440650528E+06
   4.6500000000000000E+04   2.7386569746537316E+03   5.4797857520258840E+03   5.4748443755279850E+03   5.1381420738163355E+00   5.7437916706993897E+06
   4.6600000000000000E+04   2.7379150006686327E+03   5.4815485780217841E+03   5.4701233439263569E+03   5.1418866565034671E+00   5.7448605153418612E+06
   4.6700000000000000E+04   2.7371523007884143E+03   5.4832794900519821E+03   5.4653590448177938E+03   5.1456189771439531E+00   5.7458720940685011E+06
   4.6800000000000000E+04   2.7363690126264651E+03   5.4849786798638906E+03   5.4605518831568215E+03   5.1493390799081489E+00   5.7468267231556289E+06
   4.6900000000000000E+04   2.7355652735841563E+03   5.4866463382442207E+03   5.4557022634275418E+03   5.1530470089411882E+00   5.7477247650479050E+06
   4.7000000000000000E+04   2.7347412208284427E+03   5.4882826550114705E+03   5.4508105895529388E+03   5.1567428083124724E+00   5.7485664902283838E+06
   4.7100000000000000E+04   2.7338934583605937E+03   5.4898878190189880E+03   5.4458632462382802E+03   5.1604265220156824E+00   5.7493522154163066E+06
   4.7200000000000000E+04   2.7330256558734868E+03   5.4914620181739847E+03   5.4408746886615054E+03   5.1640981940445050E+00   5.7500823488207981E+06
   4.7300000000000000E+04   2.7321379499039890E+03   5.4930054394196513E+03   5.4358453192913830E+03   5.1677578682916590E+00   5.7507571611743784E+06
   4.7400000000000000E+04   2.7312304767124806E+03   5.4945182687384140E+03   5.4307755398251393E+03   5.1714055885489074E+00   5.7513769690506719E+06
   4.7500000000000000E+04   2.7303033723075969E+03   5.4960006911817600E+03   5.4256657512496195E+03   5.1750413986332555E+00   5.7519421798985554E+06
   4.7600000000000000E+04   2.7293567723924443E+03   5.4974528908365883E+03   5.4205163536542241E+03   5.1786653422102624E+00   5.7524530190925291E+06
   4.7700000000000000E+04   2.7283908123897481E+03   5.4988750508551557E+03   5.4153277462941769E+03   5.1822774629202470E+00   5.7529098483248046E+06
   4.7800000000000000E+04   2.7274056274147310E+03   5.5002673534426967E+03   5.4101003274888308E+03   5.1858778043025699E+00   5.7533130288175344E+06
   4.7900000000000000E+04   2.7264013522874461E+03   5.5016299798769151E+03   5.4048344946448942E+03   5.1894664098713488E+00   5.7536629213046161E+06
   4.8000000000000000E+04   2.7253781214995870E+03   5.5029631104903665E+03   5.3995306441366820E+03   5.1930433230145043E+00   5.7539597511762027E+06
   4.8100000000000000E+04   2.7243327351454614E+03   5.5042669246847072E+03   5.3941761003998372E+03   5.1966085870442322E+00   5.7542038788863467E+06
   4.8200000000000000E+04   2.7232686618782823E+03   5.5055416009504142E+03   5.3887843633110742E+03   5.2001622452727352E+00   5.7543957091084151E+06
   4.8300000000000000E+04   2.7221860352880317E+03   5.5067873168279120E+03   5.3833558263969726E+03   5.2037043408102832E+00   5.7545354668236328E+06
   4.8400000000000000E+04   2.7210849886476699E+03   5.5080042489592934E+03   5.3778908821258219E+03   5.2072349167923946E+00   5.7546235558190905E+06
   4.8500000000000000E+04   2.7199656548551848E+03   5.5091925730494977E+03   5.3723899217130584E+03   5.2107540161779076E+00   5.7546602453753930E+06
   4.8600000000000000E+04   2.7188281664792135E+03   5.5103524639128409E+03   5.3668533352504619E+03   5.2142616819508918E+00   5.7546459380339654E+06
   4.8700000000000000E+04   2.7176726557015895E+03   5.5114840954341989E+03   5.3612815115143521E+03   5.2177579569187449E+00   5.7545809466182292E+06
   4.8800000000000000E+04   2.7164992543374724E+03   5.5125876405942590E+03   5.3556748380160134E+03   5.2212428838131393E+00   5.7544655394043466E+06
   4.8900000000000000E+04   2.7153080938361850E+03   5.5136632714788229E+03   5.3500337009920631E+03   5.2247165053152642E+00   5.7543000728763985E+06
   4.9000000000000000E+04   2.7140993052565736E+03   5.5147111592667170E+03   5.3443584853162802E+03   5.2281788639801121E+00   5.7540849027140206E+06
   4.9100000000000000E+04   2.7128698724870428E+03   5.5157314742498465E+03   5.3386373882356447E+03   5.2316300023121993E+00   5.7538203838355867E+06
   4.9200000000000000E+04   2.7116230738287745E+03   5.5167243858104039E+03   5.3328830130379738E+03   5.2350699626393506E+00   5.7535066949437074E+06
   4.9300000000000000E+04   2.7103590392619549E+03   5.5176900624624113E+03   5.3270957407764909E+03   5.2384987872893953E+00   5.7531443216021266E+06
   4.9400000000000000E+04   2.7090778983553300E+03   5.5186286718289848E+03   5.3212759510295864E+03   5.2419165184639667E+00   5.7527335291527547E+06
   4.9500000000000000E+04   2.7077797802616155E+03   5.5195403806463692E+03   5.3154240218767609E+03   5.2453231982384860E+00   5.7522746698843669E+06
   4.9600000000000000E+04   2.7064648137193994E+03   5.5204253547733733E+03   5.3095403298947649E+03   5.2487188685874280E+00   5.7517680082458993E+06
   4.9700000000000000E+04   2.7051331270613737E+03   5.5212837592062169E+03   5.3036252501732288E+03   5.2521035714347697E+00   5.7512138952545216E+06
   4.9800000000000000E+04   2.7037848481911110E+03   5.5221157580665285E+03   5.2976791562342296E+03   5.2554773485783031E+00   5.7506126809888678E+06
   4.9900000000000000E+04   2.7024201045790105E+03   5.5229215146054139E+03   5.2917024200111682E+03   5.2588402416896054E+00   5.7499646713479068E+06
   5.0000000000000000E+04   2.7010390232772183E+03   5.5237011912237576E+03   5.2856954118856511E+03   5.2621922923897912E+00   5.7492702147629112E+06


