#Te   kappa_tot   kappa_e_ph  kappa_e_e mu Ce
#[K]  [W/(K*m)]   [W/(K*m)]   [W/(K*m)]   [eV]  [J/(m^3*K)]
   3.0000000000000000E+02   3.1758302804680154E+00   3.1787196554361996E+00   3.4938608681853379E+03  -6.2504267324800029E+00   1.3902046345514723E+05
   4.0000000000000000E+02   3.9935668424130539E+00   3.9943101630758524E+00   2.1459842869852258E+04  -6.2495501600938175E+00   1.8056441109701412E+05
   5.0000000000000000E+02   4.9312027769367761E+00   4.9317596947704372E+00   4.3668034370831192E+04  -6.2483334817388814E+00   2.2009045067292408E+05
   6.0000000000000000E+02   5.9875245652261473E+00   5.9876249260020336E+00   3.5722174340913864E+05  -6.2467975952978430E+00   2.5748255675625114E+05
   7.0000000000000000E+02   7.1676139400753236E+00   7.1689353725926157E+00   3.8885194998368461E+04  -6.2449633740717791E+00   2.9275154567902751E+05
   8.0000000000000000E+02   8.4794071359162704E+00   8.4825668017929274E+00   2.2764159337669102E+04  -6.2428461971058891E+00   3.2602267693124438E+05
   9.0000000000000000E+02   9.9248924538315997E+00   9.9307709123635242E+00   1.6766611987405486E+04  -6.2404573425142029E+00   3.5747801921544207E+05
   1.0000000000000000E+03   1.1500295388371171E+01   1.1509863779598462E+01   1.3833760576990355E+04  -6.2378052925162990E+00   3.8731921362879412E+05
   1.1000000000000000E+03   1.3195919816138531E+01   1.3210713986629969E+01   1.1783528017499319E+04  -6.2348966194414421E+00   4.1574897266241448E+05
   1.2000000000000000E+03   1.4998774528542489E+01   1.5020051978795266E+01   1.0587846304918034E+04  -6.2317366473744196E+00   4.4296243987860973E+05
   1.3000000000000000E+03   1.6892213221287264E+01   1.6921975599369745E+01   9.6043944861459859E+03  -6.2283299701999866E+00   4.6914322082543653E+05
   1.4000000000000000E+03   1.8859401693688461E+01   1.8899321839100228E+01   8.9285722440490827E+03  -6.2246808470527935E+00   4.9446168546011200E+05
   1.5000000000000000E+03   2.0882622715847059E+01   2.0934769995873889E+01   8.3834267720567077E+03  -6.2207934866115950E+00   5.1907447897763952E+05
   1.6000000000000000E+03   2.2945023317031534E+01   2.3011650713508040E+01   7.9247110063956488E+03  -6.2166722354274206E+00   5.4312471894144651E+05
   1.7000000000000000E+03   2.5031620701547819E+01   2.5114487900635407E+01   7.5863108945899985E+03  -6.2123216893339208E+00   5.6674258822633151E+05
   1.8000000000000000E+03   2.7128285087363984E+01   2.7229320650868257E+01   7.3111362745134684E+03  -6.2077467470469418E+00   5.9004612875008513E+05
   1.9000000000000000E+03   2.9221883699949338E+01   2.9343855694882329E+01   7.0301608077742831E+03  -6.2029526227687084E+00   6.1314217179888848E+05
   2.0000000000000000E+03   3.1304421973557719E+01   3.1447496551078817E+01   6.8806472757315869E+03  -6.1979448320754491E+00   6.3612724823374441E+05
   2.1000000000000000E+03   3.3360531417044882E+01   3.3531288181526818E+01   6.5509650304491670E+03  -6.1927291613128572E+00   6.5908854117581539E+05
   2.2000000000000000E+03   3.5387474727822799E+01   3.5587807957458750E+01   6.2863393007825553E+03  -6.1873116286377208E+00   6.8210472912099154E+05
   2.3000000000000000E+03   3.7378492638371405E+01   3.7611026297587443E+01   6.0457633287396156E+03  -6.1816984417689405E+00   7.0524679927130986E+05
   2.4000000000000000E+03   3.9331894040564435E+01   3.9596153925122692E+01   5.8934095623335179E+03  -6.1758959561303266E+00   7.2857872764035780E+05
   2.5000000000000000E+03   4.1240305615330080E+01   4.1539487472721362E+01   5.7259526811437645E+03  -6.1699106354025464E+00   7.5215812092793838E+05
   2.6000000000000000E+03   4.3102411083790280E+01   4.3438261094085000E+01   5.5747915112442515E+03  -6.1637490157770038E+00   7.7603671157851396E+05
   2.7000000000000000E+03   4.4916410958935103E+01   4.5290508695311452E+01   5.4378492658166351E+03  -6.1574176743131979E+00   8.0026082097546069E+05
   2.8000000000000000E+03   4.6683753780477304E+01   4.7094939199598763E+01   5.3469029874603057E+03  -6.1509232015758020E+00   8.2487169470396300E+05
   2.9000000000000000E+03   4.8398428028763512E+01   4.8850825738194054E+01   5.2261607969052939E+03  -6.1442721782381042E+00   8.4990581057807000E+05
   3.0000000000000000E+03   5.0068156934928631E+01   5.0557908654385848E+01   5.1686215775107457E+03  -6.1374711553677681E+00   8.7539514825140906E+05
   3.1000000000000000E+03   5.1684096633447432E+01   5.2216311585122263E+01   5.0707949585311781E+03  -6.1305266380032215E+00   9.0136735861107579E+05
   3.2000000000000000E+03   5.3256962990616557E+01   5.3826469535049512E+01   5.0335405694027604E+03  -6.1234450715211590E+00   9.2784595992599218E+05
   3.3000000000000000E+03   5.4777787189060014E+01   5.5389067695590093E+01   4.9634996215607180E+03  -6.1162328302369611E+00   9.5485050737637433E+05
   3.4000000000000000E+03   5.6254437772907259E+01   5.6904989726997194E+01   4.9206803291267006E+03  -6.1088962081498854E+00   9.8239671066692180E+05
   3.5000000000000000E+03   5.7682332058401208E+01   5.8375274261752168E+01   4.8593114082000566E+03  -6.1014414110201418E+00   1.0104966020941790E+06
   3.6000000000000000E+03   5.9068008232506799E+01   5.9801078479607632E+01   4.8185431204116994E+03  -6.0938745499052436E+00   1.0391586416110127E+06
   3.7000000000000000E+03   6.0411423020197269E+01   6.1183647713542015E+01   4.7864193618727413E+03  -6.0862016355189432E+00   1.0683878841954151E+06
   3.8000000000000000E+03   6.1714416120838152E+01   6.2524290168939487E+01   4.7645063700857700E+03  -6.0784285733639045E+00   1.0981861124928789E+06
   3.9000000000000000E+03   6.2974290938477942E+01   6.3824355958220551E+01   4.7282189805798735E+03  -6.0705611595303068E+00   1.1285519657148093E+06
   4.0000000000000000E+03   6.4199780685013366E+01   6.5085219761786874E+01   4.7190788662374225E+03  -6.0626050767294970E+00   1.1594810967162948E+06
   4.1000000000000000E+03   6.5381708611380006E+01   6.6308266534655530E+01   4.6789819094833056E+03  -6.0545658908173055E+00   1.1909663481864706E+06
   4.2000000000000000E+03   6.6539866505430922E+01   6.7494879762867697E+01   4.7026575330223804E+03  -6.0464490474544830E+00   1.2229978529518456E+06
   4.3000000000000000E+03   6.7651375337355432E+01   6.8646431855930444E+01   4.6670972355482936E+03  -6.0382598689336282E+00   1.2555632653610313E+06
   4.4000000000000000E+03   6.8747414349026457E+01   6.9764276329934333E+01   4.7165826844385338E+03  -6.0300035512215464E+00   1.2886478738816911E+06
   4.5000000000000000E+03   6.9790681766616373E+01   7.0849741492107256E+01   4.6689073738789994E+03  -6.0216851611681310E+00   1.3222347565271584E+06
   4.6000000000000000E+03   7.0813711391580071E+01   7.1904125383258190E+01   4.6696007402820096E+03  -6.0133096336956324E+00   1.3563050269425858E+06
   4.7000000000000000E+03   7.1808386261469053E+01   7.2928691783816092E+01   4.6745209808343898E+03  -6.0048817693894785E+00   1.3908378956233528E+06
   4.8000000000000000E+03   7.2779729953956036E+01   7.3924667109522062E+01   4.6991376627193567E+03  -5.9964062320400959E+00   1.4258108886538863E+06
   4.9000000000000000E+03   7.3717924533254219E+01   7.4893238063170941E+01   4.6974478988453939E+03  -5.9878875465373502E+00   1.4612000343636533E+06
   5.0000000000000000E+03   7.4635590863238249E+01   7.5835549921441256E+01   4.7168534944030271E+03  -5.9793300968726406E+00   1.4969799890443687E+06
   5.1000000000000000E+03   7.5530664544315243E+01   7.6752705363191524E+01   4.7438536848438807E+03  -5.9707381245328115E+00   1.5331241878012787E+06
   5.2000000000000000E+03   7.6392945274665294E+01   7.7645763751188824E+01   4.7345953880835350E+03  -5.9621157270017306E+00   1.5696050707981316E+06
   5.3000000000000000E+03   7.7236476180633105E+01   7.8515740802543959E+01   4.7404415321375400E+03  -5.9534668566928097E+00   1.6063941844748002E+06
   5.4000000000000000E+03   7.8059135741832463E+01   7.9363608586313660E+01   4.7490867455079597E+03  -5.9447953202144950E+00   1.6434623011627733E+06
   5.5000000000000000E+03   7.8858877719039384E+01   8.0190295793083379E+01   4.7496100987970958E+03  -5.9361047777728579E+00   1.6807797002931247E+06
   5.6000000000000000E+03   7.9642590243702443E+01   8.0996688242348625E+01   4.7638989639093297E+03  -5.9273987432205786E+00   1.7183161441249694E+06
   5.7000000000000000E+03   8.0408221859861158E+01   8.1783629579327894E+01   4.7811831638322456E+03  -5.9186805842136341E+00   1.7560411438589825E+06
   5.8000000000000000E+03   8.1161800577270824E+01   8.2551922134592232E+01   4.8197674557816053E+03  -5.9099535227989000E+00   1.7939240360367096E+06
   5.9000000000000000E+03   8.1888180297339574E+01   8.3302327919286924E+01   4.8237368871356748E+03  -5.9012206364816358E+00   1.8319341316303094E+06
   6.0000000000000000E+03   8.2599373752747212E+01   8.4035569723293222E+01   4.8331046559477427E+03  -5.8924848593909260E+00   1.8700408221234886E+06
   6.1000000000000000E+03   8.3297087623550340E+01   8.4752332305220577E+01   4.8511583922956988E+03  -5.8837489840424730E+00   1.9082136984114323E+06
   6.2000000000000000E+03   8.3979574405447735E+01   8.5453263645976861E+01   4.8696350052531943E+03  -5.8750156632385560E+00   1.9464226643667659E+06
   6.3000000000000000E+03   8.4642128804952677E+01   8.6138976254804589E+01   4.8708947087475008E+03  -5.8662874123498838E+00   1.9846380794400210E+06
   6.4000000000000000E+03   8.5300934517988381E+01   8.6810048512756552E+01   4.9068382437388909E+03  -5.8575666119304568E+00   2.0228307387240478E+06
   6.5000000000000000E+03   8.5936760257425973E+01   8.7467026037767155E+01   4.9119786533825172E+03  -5.8488555104989066E+00   2.0609720847562409E+06
   6.6000000000000000E+03   8.6563753314129130E+01   8.8110423063580456E+01   4.9313493906407775E+03  -5.8401562276136465E+00   2.0990342309856913E+06
   6.7000000000000000E+03   8.7177110864370476E+01   8.8740723823148826E+01   4.9476181912430056E+03  -5.8314707572222257E+00   2.1369899966992200E+06
   6.8000000000000000E+03   8.7780016184014741E+01   8.9358383923486556E+01   4.9696152492358688E+03  -5.8228009710498707E+00   2.1748130729135294E+06
   6.9000000000000000E+03   8.8368018887420277E+01   8.9963831712040687E+01   4.9817406260068947E+03  -5.8141486223209942E+00   2.2124779755088300E+06
   7.0000000000000000E+03   8.8949159980135818E+01   9.0557469623351523E+01   5.0083706747031174E+03  -5.8055153495590561E+00   2.2499601428515892E+06
   7.1000000000000000E+03   8.9527262464551697E+01   9.1139675500467703E+01   5.0604190537500817E+03  -5.7969026804256014E+00   2.2872360091706989E+06
   7.2000000000000000E+03   9.0079801011109595E+01   9.1710803891799557E+01   5.0651602538233519E+03  -5.7883120357943367E+00   2.3242829676641971E+06
   7.3000000000000000E+03   9.0622830197941596E+01   9.2271187313624097E+01   5.0728546991000958E+03  -5.7797447337664423E+00   2.3610794712002571E+06
   7.4000000000000000E+03   9.1161048328926483E+01   9.2821137480731636E+01   5.0971191460566015E+03  -5.7712019938425909E+00   2.3976049610163583E+06
   7.5000000000000000E+03   9.1680787270161076E+01   9.3360946496077716E+01   5.0944011394979543E+03  -5.7626849409382634E+00   2.4338400539524532E+06
   7.6000000000000000E+03   9.2204872264959405E+01   9.3890888007555859E+01   5.1347072965334792E+03  -5.7541946096536902E+00   2.4697663529147464E+06
   7.7000000000000000E+03   9.2702578723685846E+01   9.4411218320011955E+01   5.1222992944379430E+03  -5.7457319483283431E+00   2.5053665797778810E+06
   7.8000000000000000E+03   9.3200102874453549E+01   9.4922177467315336E+01   5.1372668418033900E+03  -5.7372978231150187E+00   2.5406245496460916E+06
   7.9000000000000000E+03   9.3687928867881325E+01   9.5423990243731453E+01   5.1496313060166312E+03  -5.7288930220539127E+00   2.5755251729543628E+06
   8.0000000000000000E+03   9.4172087510943157E+01   9.5916867191374081E+01   5.1769812041201494E+03  -5.7205182590095873E+00   2.6100544381723572E+06
   8.1000000000000000E+03   9.4642393103247144E+01   9.6401005547592121E+01   5.1879661672596312E+03  -5.7121741776275314E+00   2.6441993743398990E+06
   8.2000000000000000E+03   9.5102594775715900E+01   9.6876590147657538E+01   5.1934831633646581E+03  -5.7038613550948360E+00   2.6779480770788253E+06
   8.3000000000000000E+03   9.5554951869437929E+01   9.7343794287896472E+01   5.1998328539099339E+03  -5.6955803059008954E+00   2.7112897003643494E+06
   8.4000000000000000E+03   9.6003211594280103E+01   9.7802780545414535E+01   5.2175722576739263E+03  -5.6873314854022219E+00   2.7442143951306995E+06
   8.5000000000000000E+03   9.6437398208718847E+01   9.8253701560920362E+01   5.2168220310919760E+03  -5.6791152934362259E+00   2.7767133042887347E+06
   8.6000000000000000E+03   9.6872542451221705E+01   9.8696700776485443E+01   5.2413215472309384E+03  -5.6709320775922265E+00   2.8087785657301284E+06
   8.7000000000000000E+03   9.7290513617580615E+01   9.9131913139232140E+01   5.2376437768155965E+03  -5.6627821365706241E+00   2.8404032184164198E+06
   8.8000000000000000E+03   9.7703945831838325E+01   9.9559465764743322E+01   5.2423865018233200E+03  -5.6546657233167856E+00   2.8715812455785917E+06
   8.9000000000000000E+03   9.8110261220260327E+01   9.9979478564245241E+01   5.2476576842006398E+03  -5.6465830480570256E+00   2.9023074952753843E+06
   9.0000000000000000E+03   9.8513713421547905E+01   1.0039206483536606E+02   5.2652528340717172E+03  -5.6385342811778880E+00   2.9325776964023719E+06
   9.1000000000000000E+03   9.8904583386893648E+01   1.0079733181986562E+02   5.2671120664992586E+03  -5.6305195560466492E+00   2.9623883855332718E+06
   9.2000000000000000E+03   9.9286895273166124E+01   1.0119538122726958E+02   5.2645790745470995E+03  -5.6225389716751453E+00   2.9917368767270870E+06
   9.3000000000000000E+03   9.9665882900361481E+01   1.0158630972495634E+02   5.2721036384519784E+03  -5.6145925951975109E+00   3.0206212583966451E+06
   9.4000000000000000E+03   1.0004119012235127E+02   1.0197020939985988E+02   5.2882940177573219E+03  -5.6066804643381376E+00   3.0490403540641791E+06
   9.5000000000000000E+03   1.0040585675418968E+02   1.0234716818855235E+02   5.2934603518216163E+03  -5.5988025896739622E+00   3.0769936638864889E+06
   9.6000000000000000E+03   1.0076581869092931E+02   1.0271727028059976E+02   5.3039439401466225E+03  -5.5909589568575662E+00   3.1044813423545663E+06
   9.7000000000000000E+03   1.0111131364232803E+02   1.0308059649200233E+02   5.2925939633633461E+03  -5.5831495286052704E+00   3.1315041763484403E+06
   9.8000000000000000E+03   1.0145533261740634E+02   1.0343722461571714E+02   5.2950705877784703E+03  -5.5753742467145626E+00   3.1580635540660340E+06
   9.9000000000000000E+03   1.0180577627896830E+02   1.0378722974453174E+02   5.3325196254261082E+03  -5.5676330338465290E+00   3.1841614340591473E+06
   1.0000000000000000E+04   1.0212134803448478E+02   1.0413068457276667E+02   5.2922771659830460E+03  -5.5599257953180388E+00   3.2098002760566124E+06
   1.0100000000000000E+04   1.0244546928739732E+02   1.0446765967336992E+02   5.2923990217899445E+03  -5.5522524206980899E+00   3.2349830863762139E+06
   1.0200000000000000E+04   1.0276466601358521E+02   1.0479822375506562E+02   5.2959177127501343E+03  -5.5446127853747447E+00   3.2597132819542303E+06
   1.0300000000000000E+04   1.0307521622840684E+02   1.0512244389823753E+02   5.2927765655714638E+03  -5.5370067519850101E+00   3.2839947656158074E+06
   1.0400000000000000E+04   1.0338073447628496E+02   1.0544038577179963E+02   5.2924029170810099E+03  -5.5294341717662840E+00   3.3078318287674440E+06
   1.0500000000000000E+04   1.0367905338177422E+02   1.0575211383178335E+02   5.2889335933993607E+03  -5.5218948858197567E+00   3.3312291901920014E+06
   1.0600000000000000E+04   1.0397229792382170E+02   1.0605769150399293E+02   5.2877605469853379E+03  -5.5143887263541522E+00   3.3541918688451000E+06
   1.0700000000000000E+04   1.0425902218634577E+02   1.0635718134791409E+02   5.2849640451207952E+03  -5.5069155177336384E+00   3.3767252233921490E+06
   1.0800000000000000E+04   1.0454042429611022E+02   1.0665064520687712E+02   5.2834770257910614E+03  -5.4994750775257257E+00   3.3988349342261502E+06
   1.0900000000000000E+04   1.0481413873900448E+02   1.0693814434439273E+02   5.2771186052289131E+03  -5.4920672175099918E+00   3.4205269357797024E+06
   1.1000000000000000E+04   1.0508407076462319E+02   1.0721973956431081E+02   5.2756713500653686E+03  -5.4846917444909415E+00   3.4418074797411812E+06
   1.1100000000000000E+04   1.0535693090970834E+02   1.0749549132248437E+02   5.2958031883078247E+03  -5.4773484612577557E+00   3.4626829672206496E+06
   1.1200000000000000E+04   1.0560738655393899E+02   1.0776545982140041E+02   5.2736062042551030E+03  -5.4700371672306733E+00   3.4831600636173678E+06
   1.1300000000000000E+04   1.0587274761638147E+02   1.0802970509791318E+02   5.3025624291775966E+03  -5.4627576592640468E+00   3.5032455918823276E+06
   1.1400000000000000E+04   1.0610816204830017E+02   1.0828828709770916E+02   5.2704642416780434E+03  -5.4555097322535344E+00   3.5229465788178346E+06
   1.1500000000000000E+04   1.0634845493479774E+02   1.0854126574272681E+02   5.2641093644133653E+03  -5.4482931798314445E+00   3.5422701273164852E+06
   1.1600000000000000E+04   1.0658328705227011E+02   1.0878870098550098E+02   5.2575424370312339E+03  -5.4411077948074293E+00   3.5612235781673649E+06
   1.1700000000000000E+04   1.0681267708613932E+02   1.0903065285970466E+02   5.2506686751019552E+03  -5.4339533698050673E+00   3.5798143002313818E+06
   1.1800000000000000E+04   1.0703667404690103E+02   1.0926718151951565E+02   5.2434685092618593E+03  -5.4268296976829786E+00   3.5980497705246373E+06
   1.1900000000000000E+04   1.0725526513206974E+02   1.0949834727268998E+02   5.2357753893971694E+03  -5.4197365719657418E+00   3.6159375835366631E+06
   1.2000000000000000E+04   1.0746872810409094E+02   1.0972421060761019E+02   5.2281147549698198E+03  -5.4126737872747990E+00   3.6334853237169604E+06
   1.2100000000000000E+04   1.0767694808126190E+02   1.0994483221279151E+02   5.2200744409261770E+03  -5.4056411396516486E+00   3.6507007020724812E+06
   1.2200000000000000E+04   1.0788009483133318E+02   1.1016027299236997E+02   5.2119176036922845E+03  -5.3986384269397769E+00   3.6675914188592802E+06
   1.2300000000000000E+04   1.0807816172606388E+02   1.1037059407459219E+02   5.2034909225798865E+03  -5.3916654490393014E+00   3.6841651848770594E+06
   1.2400000000000000E+04   1.0827124976696631E+02   1.1057585681641375E+02   5.1948926453369768E+03  -5.3847220081811793E+00   3.7004297764884126E+06
   1.2500000000000000E+04   1.0845945705428552E+02   1.1077612280417570E+02   5.1862113187840096E+03  -5.3778079092014321E+00   3.7163929194355621E+06
   1.2600000000000000E+04   1.0864282641546339E+02   1.1097145384970543E+02   5.1774071800323709E+03  -5.3709229597565935E+00   3.7320622902811910E+06
   1.2700000000000000E+04   1.0882138826014342E+02   1.1116191198220018E+02   5.1684131502519967E+03  -5.3640669704804020E+00   3.7474455949884620E+06
   1.2800000000000000E+04   1.0899524786654472E+02   1.1134755943761536E+02   5.1593313528249646E+03  -5.3572397551600979E+00   3.7625505185802984E+06
   1.2900000000000000E+04   1.0916445824534688E+02   1.1152845864607204E+02   5.1501445445197041E+03  -5.3504411309518609E+00   3.7773846413175622E+06
   1.3000000000000000E+04   1.0932899735148798E+02   1.1170467221403838E+02   5.1406697124903230E+03  -5.3436709184200017E+00   3.7919555412030504E+06
   1.3100000000000000E+04   1.0948902454655618E+02   1.1187626290708531E+02   5.1311268694994214E+03  -5.3369289417328210E+00   3.8062706668545580E+06
   1.3200000000000000E+04   1.0964466380754378E+02   1.1204329362811289E+02   5.1216528521393511E+03  -5.3302150286919883E+00   3.8203375081830099E+06
   1.3300000000000000E+04   1.0979580068102958E+02   1.1220582739579210E+02   5.1118639409822026E+03  -5.3235290108696542E+00   3.8341633699320550E+06
   1.3400000000000000E+04   1.0994265836006211E+02   1.1236392731993197E+02   5.1021134281562900E+03  -5.3168707236378321E+00   3.8477555100925798E+06
   1.3500000000000000E+04   1.1008526105621796E+02   1.1251765657680845E+02   5.0923196876653146E+03  -5.3102400062663282E+00   3.8611210909333383E+06
   1.3600000000000000E+04   1.1022370895384491E+02   1.1266707838128073E+02   5.0825647226055426E+03  -5.3036367018737813E+00   3.8742672195901079E+06
   1.3700000000000000E+04   1.1035801252551312E+02   1.1281225596102399E+02   5.0727389859704463E+03  -5.2970606575647565E+00   3.8872008656328502E+06
   1.3800000000000000E+04   1.1048822495626378E+02   1.1295325252758664E+02   5.0628254709996272E+03  -5.2905117244003899E+00   3.8999288568280758E+06
   1.3900000000000000E+04   1.1061434896890221E+02   1.1309013124721146E+02   5.0527024740078250E+03  -5.2839897573787731E+00   3.9124580001359181E+06
   1.4000000000000000E+04   1.1073664710654002E+02   1.1322295521249950E+02   5.0427903145526188E+03  -5.2774946154937341E+00   3.9247948977988642E+06
   1.4100000000000000E+04   1.1085503883583270E+02   1.1335178741246142E+02   5.0327922135781873E+03  -5.2710261616956577E+00   3.9369460802761959E+06
   1.4200000000000000E+04   1.1096977349937576E+02   1.1347669070255830E+02   5.0230947590672040E+03  -5.2645842628523072E+00   3.9489179930209997E+06
   1.4300000000000000E+04   1.1108065545829967E+02   1.1359772777590412E+02   5.0131694555086760E+03  -5.2581687897880025E+00   3.9607168455032469E+06
   1.4400000000000000E+04   1.1118785488987241E+02   1.1371496113271665E+02   5.0032414082446967E+03  -5.2517796171856936E+00   3.9723488149716887E+06
   1.4500000000000000E+04   1.1129145441657489E+02   1.1382845305167277E+02   4.9933547140520159E+03  -5.2454166236065243E+00   3.9838199421855249E+06
   1.4600000000000000E+04   1.1139154751660985E+02   1.1393826556026468E+02   4.9835747438699891E+03  -5.2390796914115070E+00   3.9951360951484228E+06
   1.4700000000000000E+04   1.1148822459093464E+02   1.1404446040664249E+02   4.9739598893957536E+03  -5.2327687067615187E+00   4.0063030137758767E+06
   1.4800000000000000E+04   1.1158134358728488E+02   1.1414709903015589E+02   4.9641078270981452E+03  -5.2264835594801831E+00   4.0173263555031004E+06
   1.4900000000000000E+04   1.1167123850786281E+02   1.1424624253513657E+02   4.9545628914124909E+03  -5.2202241431224303E+00   4.0282115552434982E+06
   1.5000000000000000E+04   1.1175773018882404E+02   1.1434195166226671E+02   4.9448536491385375E+03  -5.2139903548080060E+00   4.0389639873756655E+06
   1.5100000000000000E+04   1.1184091686014659E+02   1.1443428676252111E+02   4.9350598000072632E+03  -5.2077820952018996E+00   4.0495888725443888E+06
   1.5200000000000000E+04   1.1192114457953792E+02   1.1452330777155957E+02   4.9257401404058519E+03  -5.2015992684751398E+00   4.0600912538503753E+06
   1.5300000000000000E+04   1.1199819339697083E+02   1.1460907418426376E+02   4.9163521053927070E+03  -5.1954417822166876E+00   4.0704760668641543E+06
   1.5400000000000000E+04   1.1207213151255253E+02   1.1469164502987395E+02   4.9069176548180467E+03  -5.1893095473256778E+00   4.0807481166225816E+06
   1.5500000000000000E+04   1.1214313411480673E+02   1.1477107884945200E+02   4.8976633025170968E+03  -5.1832024780310313E+00   4.0909120306983469E+06
   1.5600000000000000E+04   1.1221120835779864E+02   1.1484743367188980E+02   4.8884931193970051E+03  -5.1771204917151570E+00   4.1009723302809447E+06
   1.5700000000000000E+04   1.1227641859088135E+02   1.1492076699307938E+02   4.8794221400534725E+03  -5.1710635089335382E+00   4.1109333954706136E+06
   1.5800000000000000E+04   1.1233886555720298E+02   1.1499113575395616E+02   4.8705345916669648E+03  -5.1650314532580524E+00   4.1207994541299934E+06
   1.5900000000000000E+04   1.1239852785453294E+02   1.1505859632089985E+02   4.8616857073386154E+03  -5.1590242512475735E+00   4.1305746419923743E+06
   1.6000000000000000E+04   1.1245129027771650E+02   1.1512320446659848E+02   4.8451229972289329E+03  -5.1530418323794329E+00   4.1402628730223938E+06
   1.6100000000000000E+04   1.1250554597955011E+02   1.1518501535151822E+02   4.8363878222899311E+03  -5.1470841289514686E+00   4.1498680067330101E+06
   1.6200000000000000E+04   1.1255722398508171E+02   1.1524408350634168E+02   4.8277753330758060E+03  -5.1411510759841041E+00   4.1593937066738987E+06
   1.6300000000000000E+04   1.1260651028258191E+02   1.1530046281574160E+02   4.8195291460533244E+03  -5.1352426111615799E+00   4.1688435608384679E+06
   1.6400000000000000E+04   1.1265327280063954E+02   1.1535420650307671E+02   4.8113098378410532E+03  -5.1293586747731998E+00   4.1782210115286727E+06
   1.6500000000000000E+04   1.1269767382608626E+02   1.1540536711562461E+02   4.8033196637252167E+03  -5.1234992096153888E+00   4.1875293087347508E+06
   1.6600000000000000E+04   1.1273970275476880E+02   1.1545399651057210E+02   4.7954460421325275E+03  -5.1176641608741784E+00   4.1967716793951355E+06
   1.6700000000000000E+04   1.1277951980388534E+02   1.1550014584297415E+02   4.7878873458889766E+03  -5.1118534761154066E+00   4.2059511251773778E+06
   1.6800000000000000E+04   1.1281686313104781E+02   1.1554386555348587E+02   4.7800824665662376E+03  -5.1060671051574031E+00   4.2150706041910881E+06
   1.6900000000000000E+04   1.1285200905426075E+02   1.1558520535783029E+02   4.7724426615626080E+03  -5.1003050000318284E+00   4.2241328763958570E+06
   1.7000000000000000E+04   1.1288482390953064E+02   1.1562421423627025E+02   4.7646437735924237E+03  -5.0945671148465443E+00   4.2331406257246491E+06
   1.7100000000000000E+04   1.1291552096372459E+02   1.1566094042502530E+02   4.7569835966190112E+03  -5.0888534057660513E+00   4.2420964016816411E+06
   1.7200000000000000E+04   1.1294410286460521E+02   1.1569543140783904E+02   4.7493843430756442E+03  -5.0831638309135236E+00   4.2510026453793570E+06
   1.7300000000000000E+04   1.1297076123782493E+02   1.1572773390825553E+02   4.7421036618045619E+03  -5.0774983502533217E+00   4.2598616793729048E+06
   1.7400000000000000E+04   1.1299522733499688E+02   1.1575789388388171E+02   4.7345885953951392E+03  -5.0718569256105575E+00   4.2686757095832014E+06
   1.7500000000000000E+04   1.1301784140707375E+02   1.1578595651982185E+02   4.7273607989995417E+03  -5.0662395204948103E+00   4.2774468394456860E+06
   1.7600000000000000E+04   1.1303859023612156E+02   1.1581196622453342E+02   4.7203197291655897E+03  -5.0606461001197287E+00   4.2861769990861649E+06
   1.7700000000000000E+04   1.1305744604409858E+02   1.1583596662488165E+02   4.7133422862636126E+03  -5.0550766312267337E+00   4.2948681415508064E+06
   1.7800000000000000E+04   1.1307451159248014E+02   1.1585800056344357E+02   4.7065344840429825E+03  -5.0495310820948287E+00   4.3035220143296188E+06
   1.7900000000000000E+04   1.1308979331074465E+02   1.1587811009582845E+02   4.6998359691698897E+03  -5.0440094224622332E+00   4.3121402584364815E+06
   1.8000000000000000E+04   1.1310324721098237E+02   1.1589633648852526E+02   4.6931016856863325E+03  -5.0385116234186667E+00   4.3207244713547472E+06
   1.8100000000000000E+04   1.1311502536825282E+02   1.1591272021782315E+02   4.6865262271029751E+03  -5.0330376573465836E+00   4.3292761119446987E+06
   1.8200000000000000E+04   1.1312542369764363E+02   1.1592730096947174E+02   4.6805494202603340E+03  -5.0275874978722106E+00   4.3377965633310480E+06
   1.8300000000000000E+04   1.1313396626056425E+02   1.1594011763891126E+02   4.6742900110160654E+03  -5.0221611198067801E+00   4.3462870985443555E+06
   1.8400000000000000E+04   1.1314089443324939E+02   1.1595120833195413E+02   4.6680989719118534E+03  -5.0167584990583869E+00   4.3547488948437450E+06
   1.8500000000000000E+04   1.1315003455444587E+02   1.1596061036614907E+02   4.6684195513421046E+03  -5.0113796125536565E+00   4.3631830724347169E+06
   1.8600000000000000E+04   1.1315388944264851E+02   1.1596836027313572E+02   4.6624292122864290E+03  -5.0060244382181303E+00   4.3715906234612968E+06
   1.8700000000000000E+04   1.1315630830221619E+02   1.1597449380103762E+02   4.6566294451631202E+03  -5.0006929548783674E+00   4.3799724751115767E+06
   1.8800000000000000E+04   1.1315727004125965E+02   1.1597904591785679E+02   4.6509265058573719E+03  -4.9953851422325286E+00   4.3883295039819470E+06
   1.8900000000000000E+04   1.1315679717389295E+02   1.1598205081503050E+02   4.6453023575625884E+03  -4.9901009807622581E+00   4.3966624283930734E+06
   1.9000000000000000E+04   1.1315486883335114E+02   1.1598354191167914E+02   4.6396674724959976E+03  -4.9848404516739180E+00   4.4049719935583388E+06
   1.9100000000000000E+04   1.1315164360165836E+02   1.1598355185966378E+02   4.6342354087849180E+03  -4.9796035368985798E+00   4.4132587539823679E+06
   1.9200000000000000E+04   1.1314702252686040E+02   1.1598211254838786E+02   4.6287880108142162E+03  -4.9743902189647171E+00   4.4215232586885216E+06
   1.9300000000000000E+04   1.1314119236266644E+02   1.1597925511060619E+02   4.6235874178869226E+03  -4.9692004809688290E+00   4.4297660044464171E+06
   1.9400000000000000E+04   1.1313403337591551E+02   1.1597500992868063E+02   4.6183839959091019E+03  -4.9640343065558445E+00   4.4379873524159063E+06
   1.9500000000000000E+04   1.1312562659360292E+02   1.1596940664069983E+02   4.6132652929013248E+03  -4.9588916797918081E+00   4.4461876888639666E+06
   1.9600000000000000E+04   1.1310993687937102E+02   1.1596247414785566E+02   4.5981899259137699E+03  -4.9537725852128540E+00   4.4543672197190858E+06
   1.9700000000000000E+04   1.1310101920994362E+02   1.1595424062135837E+02   4.5963985632253516E+03  -4.9486770077076843E+00   4.4625261922148876E+06
   1.9800000000000000E+04   1.1308906326737218E+02   1.1594473351016899E+02   4.5915950332585644E+03  -4.9436049324979754E+00   4.4706647017239090E+06
   1.9900000000000000E+04   1.1307595441351579E+02   1.1593397954874875E+02   4.5868544768285101E+03  -4.9385563450502321E+00   4.4787828888430567E+06
   2.0000000000000000E+04   1.1306172690832733E+02   1.1592200476562780E+02   4.5821919055958269E+03  -4.9335312311051878E+00   4.4868807462212509E+06
   2.0100000000000000E+04   1.1304638505377223E+02   1.1590883449161069E+02   4.5775742138408486E+03  -4.9285295765602646E+00   4.4949582911322415E+06
   2.0200000000000000E+04   1.1302999517901175E+02   1.1589449336884239E+02   4.5730711484683243E+03  -4.9235513674891713E+00   4.5030154211684708E+06
   2.0300000000000000E+04   1.1301255896799573E+02   1.1587900535963375E+02   4.5686474251049121E+03  -4.9185965900439603E+00   4.5110520014199391E+06
   2.0400000000000000E+04   1.1299408026889809E+02   1.1586239375598286E+02   4.5642725870651393E+03  -4.9136652304746189E+00   4.5190678783758665E+06
   2.0500000000000000E+04   1.1297459349352977E+02   1.1584468118883291E+02   4.5599672048744169E+03  -4.9087572750213448E+00   4.5270628452630546E+06
   2.0600000000000000E+04   1.1295409247043816E+02   1.1582588963802412E+02   4.5556867303555991E+03  -4.9038727099439194E+00   4.5350366195365610E+06
   2.0700000000000000E+04   1.1293075579487700E+02   1.1580604044211184E+02   4.5484413813835845E+03  -4.8990115214629508E+00   4.5429888932642927E+06
   2.0800000000000000E+04   1.1291035955794094E+02   1.1578515430835169E+02   4.5475745364289860E+03  -4.8941736957011059E+00   4.5509193226808310E+06
   2.0900000000000000E+04   1.1288508570085179E+02   1.1576325132295173E+02   4.5403726756579736E+03  -4.8893592186537527E+00   4.5588275419649761E+06
   2.1000000000000000E+04   1.1286283135930499E+02   1.1574035096153096E+02   4.5395985146141147E+03  -4.8845680761889305E+00   4.5667131406198228E+06
   2.1100000000000000E+04   1.1284184837064522E+02   1.1571647209960661E+02   4.5423894846118019E+03  -4.8798002540179866E+00   4.5745756289090971E+06
   2.1200000000000000E+04   1.1281180998374559E+02   1.1569163302299606E+02   4.5320085100424785E+03  -4.8750557375976413E+00   4.5824145603518011E+06
   2.1300000000000000E+04   1.1280614145838521E+02   1.1566585143873807E+02   4.5626369418387412E+03  -4.8703345121789505E+00   4.5902294003046388E+06
   2.1400000000000000E+04   1.1276133995294019E+02   1.1563914448577334E+02   4.5311016556048498E+03  -4.8656365627485476E+00   4.5980195879783696E+06
   2.1500000000000000E+04   1.1273264343450458E+02   1.1561152874576553E+02   4.5271665376992069E+03  -4.8609618739894671E+00   4.6057845620021932E+06
   2.1600000000000000E+04   1.1270323287677996E+02   1.1558302025404663E+02   4.5234520267456055E+03  -4.8563104302713507E+00   4.6135237136759032E+06
   2.1700000000000000E+04   1.1267305347393871E+02   1.1555363451055518E+02   4.5198453627289000E+03  -4.8516822156210795E+00   4.6212364365043296E+06
   2.1800000000000000E+04   1.1264203456417515E+02   1.1552338649080698E+02   4.5162096215297943E+03  -4.8470772136933693E+00   4.6289220675576823E+06
   2.1900000000000000E+04   1.1261022192452586E+02   1.1549229065694590E+02   4.5125962247714433E+03  -4.8424954077707962E+00   4.6365799249019232E+06
   2.2000000000000000E+04   1.1257764691010331E+02   1.1546036096869399E+02   4.5090340162289122E+03  -4.8379367807050144E+00   4.6442093448245339E+06
   2.2100000000000000E+04   1.1254434115483042E+02   1.1542761089443690E+02   4.5055529285870916E+03  -4.8334013149363670E+00   4.6518095873579085E+06
   2.2200000000000000E+04   1.1251021098525175E+02   1.1539405342217448E+02   4.5019828860088446E+03  -4.8288889924350924E+00   4.6593799333385443E+06
   2.2300000000000000E+04   1.1247539653795410E+02   1.1535970107056059E+02   4.4985291864051915E+03  -4.8243997947111517E+00   4.6669196615276374E+06
   2.2400000000000000E+04   1.1243982325755532E+02   1.1532456589985557E+02   4.4950539493167144E+03  -4.8199337027946205E+00   4.6744279665736184E+06
   2.2500000000000000E+04   1.1240356767045124E+02   1.1528865952282395E+02   4.4916617235780104E+03  -4.8154906971867302E+00   4.6819041267747134E+06
   2.2600000000000000E+04   1.1236656621484912E+02   1.1525199311567738E+02   4.4882338596443424E+03  -4.8110707578990377E+00   4.6893473386712549E+06
   2.2700000000000000E+04   1.1232891731221670E+02   1.1521457742884562E+02   4.4849109798439376E+03  -4.8066738643750755E+00   4.6967567896708082E+06
   2.2800000000000000E+04   1.1229052911180524E+02   1.1517642279780380E+02   4.4815308061825917E+03  -4.8022999955393333E+00   4.7041316944506159E+06
   2.2900000000000000E+04   1.1225155309063334E+02   1.1513753915373026E+02   4.4783194743396816E+03  -4.7979491297286847E+00   4.7114712368756970E+06
   2.3000000000000000E+04   1.1221179832720098E+02   1.1509793603416576E+02   4.4749584730402403E+03  -4.7936212447119795E+00   4.7187745946820639E+06
   2.3100000000000000E+04   1.1217135503123488E+02   1.1505762259356145E+02   4.4715776186005342E+03  -4.7893163176900666E+00   4.7260409169533737E+06
   2.3200000000000000E+04   1.1212970833002191E+02   1.1501660761371203E+02   4.4673462415872682E+03  -4.7850343252174028E+00   4.7332694190637870E+06
   2.3300000000000000E+04   1.1209019478365801E+02   1.1497489951416667E+02   4.4675487045435193E+03  -4.7807752432804422E+00   4.7404592191859707E+06
   2.3400000000000000E+04   1.1204785466596503E+02   1.1493250636247065E+02   4.4642966029129911E+03  -4.7765390472290505E+00   4.7476094801463187E+06
   2.3500000000000000E+04   1.1200485155162657E+02   1.1488943588434329E+02   4.4610150811422855E+03  -4.7723257117863218E+00   4.7547193864731640E+06
   2.3600000000000000E+04   1.1196031510098348E+02   1.1484569547373144E+02   4.4563137583779953E+03  -4.7681352110583610E+00   4.7617880520986076E+06
   2.3700000000000000E+04   1.1191688185766873E+02   1.1480129220275710E+02   4.4543602051774051E+03  -4.7639675184755186E+00   4.7688146609838707E+06
   2.3800000000000000E+04   1.1186808377060156E+02   1.1475623283154469E+02   4.4449090392189864E+03  -4.7598226068315839E+00   4.7757983745888751E+06
   2.3900000000000000E+04   1.1182653182345994E+02   1.1471052381791456E+02   4.4478903085982647E+03  -4.7557004482935454E+00   4.7827382867279900E+06
   2.4000000000000000E+04   1.1178038415927946E+02   1.1466417132698835E+02   4.4445738797080367E+03  -4.7516010143134872E+00   4.7896336323393993E+06
   2.4100000000000000E+04   1.1173336624895619E+02   1.1461718124061619E+02   4.4408408746806990E+03  -4.7475242757069109E+00   4.7964835338476496E+06
   2.4200000000000000E+04   1.1168632224300528E+02   1.1456955916670164E+02   4.4380163833108509E+03  -4.7434702026233628E+00   4.8032871636083387E+06
   2.4300000000000000E+04   1.1165265999308507E+02   1.1452131044838245E+02   4.4573603988047435E+03  -4.7394387645366418E+00   4.8100436639906857E+06
   2.4400000000000000E+04   1.1158976147300254E+02   1.1447244017308665E+02   4.4312785513607814E+03  -4.7354299302350062E+00   4.8167522282478986E+06
   2.4500000000000000E+04   1.1154059840269898E+02   1.1442295318143714E+02   4.4279090010039818E+03  -4.7314436678211704E+00   4.8234120322902687E+06
   2.4600000000000000E+04   1.1149516840688047E+02   1.1437285407599553E+02   4.4313459121823289E+03  -4.7274799447318943E+00   4.8300222582051540E+06
   2.4700000000000000E+04   1.1144247759429990E+02   1.1432214722988577E+02   4.4242378270613044E+03  -4.7235387277281902E+00   4.8365820608702973E+06
   2.4800000000000000E+04   1.1139169170014966E+02   1.1427083679528991E+02   4.4210421503606267E+03  -4.7196199828659404E+00   4.8430906930933055E+06
   2.4900000000000000E+04   1.1133946439073344E+02   1.1421892671176387E+02   4.4164752670982516E+03  -4.7157236755154868E+00   4.8495473247912796E+06
   2.5000000000000000E+04   1.1128744198753846E+02   1.1416642071435258E+02   4.4131235857491283E+03  -4.7118497704008027E+00   4.8559511793495240E+06
   2.5100000000000000E+04   1.1124647638420802E+02   1.1411332234174364E+02   4.4281085231125689E+03  -4.7079982315015583E+00   4.8623014887867151E+06
   2.5200000000000000E+04   1.1118622304978257E+02   1.1405963494395824E+02   4.4135197037227854E+03  -4.7041690221902321E+00   4.8685974493767070E+06
   2.5300000000000000E+04   1.1112749640601211E+02   1.1400536169026097E+02   4.4022666699658703E+03  -4.7003621050949960E+00   4.8748383119039908E+06
   2.5400000000000000E+04   1.1107305265450005E+02   1.1395050557659086E+02   4.3986229657299864E+03  -4.6965774421976532E+00   4.8810233591480842E+06
   2.5500000000000000E+04   1.1101812765604926E+02   1.1389506943305544E+02   4.3950897646846433E+03  -4.6928149947846762E+00   4.8871518063044213E+06
   2.5600000000000000E+04   1.1097722737289268E+02   1.1383905593110862E+02   4.4145002179508083E+03  -4.6890747234961667E+00   4.8932229680368891E+06
   2.5700000000000000E+04   1.1091112773448398E+02   1.1378246759076875E+02   4.3950707434658370E+03  -4.6853565882671004E+00   4.8992361034557456E+06
   2.5800000000000000E+04   1.1087199646281017E+02   1.1372530678743060E+02   4.4190608021388107E+03  -4.6816605484056666E+00   4.9051905051591406E+06
   2.5900000000000000E+04   1.1079783301491203E+02   1.1366757575880338E+02   4.3885888743658888E+03  -4.6779865625247181E+00   4.9110854883061694E+06
   2.6000000000000000E+04   1.1074047680476613E+02   1.1360927661150961E+02   4.3855083341227064E+03  -4.6743345885711687E+00   4.9169203797925683E+06
   2.6100000000000000E+04   1.1068199991780936E+02   1.1355041132745893E+02   4.3815146512572328E+03  -4.6707045838847154E+00   4.9226944750089962E+06
   2.6200000000000000E+04   1.1062028889217507E+02   1.1349098177040921E+02   4.3733014023506103E+03  -4.6670965050999405E+00   4.9284071688711680E+06
   2.6300000000000000E+04   1.1056357056319301E+02   1.1343098969194897E+02   4.3737363356084497E+03  -4.6635103082442271E+00   4.9340577817819705E+06
   2.6400000000000000E+04   1.1050351006952347E+02   1.1337043673768089E+02   4.3697773426762406E+03  -4.6599459486790096E+00   4.9396457119955458E+06
   2.6500000000000000E+04   1.1044685506049608E+02   1.1330932445303166E+02   4.3719798602915835E+03  -4.6564033811389294E+00   4.9451703274528310E+06
   2.6600000000000000E+04   1.1038196458639393E+02   1.1324765428889908E+02   4.3621256531304261E+03  -4.6528825597710322E+00   4.9506310094058169E+06
   2.6700000000000000E+04   1.1032023481647042E+02   1.1318542760755493E+02   4.3580463382157868E+03  -4.6493834380172308E+00   4.9560272166398345E+06
   2.6800000000000000E+04   1.1025814970161697E+02   1.1312264568765549E+02   4.3542367186632882E+03  -4.6459059687905899E+00   4.9613583357124934E+06
   2.6900000000000000E+04   1.1019521842092459E+02   1.1305930972995677E+02   4.3499295189794238E+03  -4.6424501043186295E+00   4.9666238520352691E+06
   2.7000000000000000E+04   1.1014699938046071E+02   1.1299542086207067E+02   4.3694750345214870E+03  -4.6390157963000327E+00   4.9718231585113844E+06
   2.7100000000000000E+04   1.1008136880136381E+02   1.1293098014386428E+02   4.3625587422766803E+03  -4.6356029957675213E+00   4.9769557678975482E+06
   2.7200000000000000E+04   1.1000372334620393E+02   1.1286598857196125E+02   4.3377108698166649E+03  -4.6322116532249646E+00   4.9820211433176100E+06
   2.7300000000000000E+04   1.0993849963773619E+02   1.1280044708477259E+02   4.3331025955097057E+03  -4.6288417185494657E+00   4.9870188039293811E+06
   2.7400000000000000E+04   1.0988586734544349E+02   1.1273435656687849E+02   4.3489413467891400E+03  -4.6254931410696773E+00   4.9919482618069360E+06
   2.7500000000000000E+04   1.0981810922009549E+02   1.1266771785355562E+02   4.3419842288296368E+03  -4.6221658695462455E+00   4.9968090223891875E+06
   2.7600000000000000E+04   1.0974026466589562E+02   1.1260053173511604E+02   4.3201602700338690E+03  -4.6188598521717896E+00   5.0016006468805429E+06
   2.7700000000000000E+04   1.0967323444669202E+02   1.1253279896106275E+02   4.3159844729416545E+03  -4.6155750365904931E+00   5.0063227103697611E+06
   2.7800000000000000E+04   1.0960550846139819E+02   1.1246452024409182E+02   4.3115355451971018E+03  -4.6123113699177027E+00   5.0109747608586373E+06
   2.7900000000000000E+04   1.0954840355591072E+02   1.1239569626410923E+02   4.3243776998531630E+03  -4.6090687987203172E+00   5.0155564017673107E+06
   2.8000000000000000E+04   1.0947264179843172E+02   1.1232632767198642E+02   4.3090446456362533E+03  -4.6058472690364010E+00   5.0200672301165946E+06
   2.8100000000000000E+04   1.0939926455272706E+02   1.1225641509311940E+02   4.2982576797743950E+03  -4.6026467264143385E+00   5.0245068774480429E+06
   2.8200000000000000E+04   1.0932913590168947E+02   1.1218595913113732E+02   4.2932981801887690E+03  -4.5994671158736740E+00   5.0288749489032924E+06
   2.8300000000000000E+04   1.0925970599845225E+02   1.1211496037121270E+02   4.2902123625307386E+03  -4.5963083819442723E+00   5.0331711043869862E+06
   2.8400000000000000E+04   1.0918706607788504E+02   1.1204341938353836E+02   4.2829758530254621E+03  -4.5931704686271555E+00   5.0373950377620431E+06
   2.8500000000000000E+04   1.0911603601840486E+02   1.1197133672618678E+02   4.2790128472089154E+03  -4.5900533194924327E+00   5.0415463966007847E+06
   2.8600000000000000E+04   1.0904970122132389E+02   1.1189871294845167E+02   4.2830715991405341E+03  -4.5869568776107466E+00   5.0456248926267754E+06
   2.8700000000000000E+04   1.0897698085105975E+02   1.1182554859365918E+02   4.2780835033362655E+03  -4.5838810856022398E+00   5.0496302116504461E+06
   2.8800000000000000E+04   1.0889966731896718E+02   1.1175184420218474E+02   4.2668246585639827E+03  -4.5808258855973882E+00   5.0535621127914181E+06
   2.8900000000000000E+04   1.0884372443451021E+02   1.1167760031384648E+02   4.2893219292704471E+03  -4.5777912193349204E+00   5.0574202899279054E+06
   2.9000000000000000E+04   1.0875903220919497E+02   1.1160281747089839E+02   4.2681895090361959E+03  -4.5747770280736910E+00   5.0612045197243216E+06
   2.9100000000000000E+04   1.0868299501492866E+02   1.1152749622031874E+02   4.2612540619676620E+03  -4.5717832526612288E+00   5.0649145726259220E+06
   2.9200000000000000E+04   1.0862192104358454E+02   1.1145163711633454E+02   4.2781998673328753E+03  -4.5688098335141456E+00   5.0685502325624470E+06
   2.9300000000000000E+04   1.0854375456250696E+02   1.1137524072261196E+02   4.2695200010749668E+03  -4.5658567106573278E+00   5.0721112968254499E+06
   2.9400000000000000E+04   1.0845429563257449E+02   1.1129830761458612E+02   4.2442787280029497E+03  -4.5629238237043257E+00   5.0755975568494517E+06
   2.9500000000000000E+04   1.0837723067693018E+02   1.1122083838153058E+02   4.2389132783175446E+03  -4.5600111118769524E+00   5.0790088558076704E+06
   2.9600000000000000E+04   1.0830494537995789E+02   1.1114283362853395E+02   4.2416464184422766E+03  -4.5571185140248724E+00   5.0823450116149029E+06
   2.9700000000000000E+04   1.0822446867741098E+02   1.1106429397863157E+02   4.2326104354739236E+03  -4.5542459685864225E+00   5.0856058934255624E+06
   2.9800000000000000E+04   1.0814289379038404E+02   1.1098522007417820E+02   4.2226900321812000E+03  -4.5513934137061378E+00   5.0887913640510049E+06
   2.9900000000000000E+04   1.0806359590798323E+02   1.1090561257913352E+02   4.2170263895137587E+03  -4.5485607871172302E+00   5.0919012991434382E+06
   3.0000000000000000E+04   1.0798799946396046E+02   1.1082547218051688E+02   4.2177748390642082E+03  -4.5457480262003438E+00   5.0949356243724236E+06
   3.0100000000000000E+04   1.0790887235407803E+02   1.1074479958966673E+02   4.2139115181911920E+03  -4.5429550680619064E+00   5.0978941843204284E+06
   3.0200000000000000E+04   1.0782297415352507E+02   1.1066359554429705E+02   4.2005168449661251E+03  -4.5401818494166077E+00   5.1007769480649428E+06
   3.0300000000000000E+04   1.0774154246374646E+02   1.1058186080942447E+02   4.1946918627090154E+03  -4.5374283067049239E+00   5.1035838406865047E+06
   3.0400000000000000E+04   1.0767221750677173E+02   1.1049959617895641E+02   4.2080449538787125E+03  -4.5346943760441389E+00   5.1063147719985675E+06
   3.0500000000000000E+04   1.0758834711121365E+02   1.1041680247694667E+02   4.2000172305075075E+03  -4.5319799932381635E+00   5.1089697373025073E+06
   3.0600000000000000E+04   1.0749399733769006E+02   1.1033348055872864E+02   4.1768821796735438E+03  -4.5292850937970766E+00   5.1115487066798816E+06
   3.0700000000000000E+04   1.0740996613900006E+02   1.1024963131178437E+02   4.1701779771538859E+03  -4.5266096129959408E+00   5.1140516617610781E+06
   3.0800000000000000E+04   1.0732617806757105E+02   1.1016525565723765E+02   4.1645976455742502E+03  -4.5239534857866230E+00   5.1164785687476257E+06
   3.0900000000000000E+04   1.0725443802808405E+02   1.1008035455054129E+02   4.1779742860147617E+03  -4.5213166468663593E+00   5.1188294771830970E+06
   3.1000000000000000E+04   1.0715652632029287E+02   1.0999492898222572E+02   4.1525730864965944E+03  -4.5186990307169363E+00   5.1211043757292023E+06
   3.1100000000000000E+04   1.0707209067870916E+02   1.0990897997925175E+02   4.1482705259215027E+03  -4.5161005715067395E+00   5.1233033177606938E+06
   3.1200000000000000E+04   1.0698510366875074E+02   1.0982250860515711E+02   4.1408867368666142E+03  -4.5135212032278851E+00   5.1254263141365508E+06
   3.1300000000000000E+04   1.0689805645274791E+02   1.0973551596128470E+02   4.1341606267185243E+03  -4.5109608595982627E+00   5.1274734746001186E+06
   3.1400000000000000E+04   1.0681095868266027E+02   1.0964800318699382E+02   4.1281017340943545E+03  -4.5084194741594814E+00   5.1294448049492929E+06
   3.1500000000000000E+04   1.0672315762767479E+02   1.0955997146067592E+02   4.1217319119991143E+03  -4.5058969801985240E+00   5.1313404265134437E+06
   3.1600000000000000E+04   1.0663048796487800E+02   1.0947142199995146E+02   4.1088568062306713E+03  -4.5033933108260875E+00   5.1331604008525936E+06
   3.1700000000000000E+04   1.0654557169120706E+02   1.0938235606227892E+02   4.1082451590013825E+03  -4.5009083989570025E+00   5.1349048171689762E+06
   3.1800000000000000E+04   1.0645630532868751E+02   1.0929277494542887E+02   4.1018965798677445E+03  -4.4984421773102303E+00   5.1365738172948509E+06
   3.1900000000000000E+04   1.0636664858155260E+02   1.0920267998780092E+02   4.0956962115563801E+03  -4.4959945784284496E+00   5.1381675010752594E+06
   3.2000000000000000E+04   1.0628096386031879E+02   1.0911207256874330E+02   4.0961112538332927E+03  -4.4935655346878463E+00   5.1396859866533084E+06
   3.2100000000000000E+04   1.0618813336594879E+02   1.0902095410892069E+02   4.0866446079662269E+03  -4.4911549782883311E+00   5.1411294352483433E+06
   3.2200000000000000E+04   1.0609407459418846E+02   1.0892932607028524E+02   4.0760955925875578E+03  -4.4887628413122886E+00   5.1424979833024433E+06
   3.2300000000000000E+04   1.0600190151649258E+02   1.0883718995670793E+02   4.0690565825628942E+03  -4.4863890556462334E+00   5.1437918096979549E+06
   3.2400000000000000E+04   1.0590811394852209E+02   1.0874454731370743E+02   4.0603562380630924E+03  -4.4840335530689561E+00   5.1450110603311826E+06
   3.2500000000000000E+04   1.0581590439580259E+02   1.0865139972863899E+02   4.0546870217046053E+03  -4.4816962652417258E+00   5.1461559065808691E+06
   3.2600000000000000E+04   1.0571885682315742E+02   1.0855774883090227E+02   4.0426339129452381E+03  -4.4793771236886952E+00   5.1472265447089998E+06
   3.2700000000000000E+04   1.0562881958681467E+02   1.0846359629200127E+02   4.0415464200418505E+03  -4.4770760597969224E+00   5.1482231790011758E+06
   3.2800000000000000E+04   1.0553439844342894E+02   1.0836894382526047E+02   4.0347391754084006E+03  -4.4747930048751039E+00   5.1491460054669818E+06
   3.2900000000000000E+04   1.0544445624843483E+02   1.0827379318601768E+02   4.0351755553754392E+03  -4.4725278901144270E+00   5.1499952281977516E+06
   3.3000000000000000E+04   1.0534817617468171E+02   1.0817814617126426E+02   4.0270287016692655E+03  -4.4702806466473071E+00   5.1507710831079166E+06
   3.3100000000000000E+04   1.0524862131121351E+02   1.0808200461987884E+02   4.0148051765551450E+03  -4.4680512054886456E+00   5.1514737816391783E+06
   3.3200000000000000E+04   1.0515215282646734E+02   1.0798537041241235E+02   4.0077734336247154E+03  -4.4658394975554048E+00   5.1521035903198868E+06
   3.3300000000000000E+04   1.0505514827984143E+02   1.0788824547040885E+02   4.0006448290168860E+03  -4.4636454537645491E+00   5.1526607038389118E+06
   3.3400000000000000E+04   1.0496876031814232E+02   1.0779063175697698E+02   4.0096259644315373E+03  -4.4614690048959389E+00   5.1531454263696102E+06
   3.3500000000000000E+04   1.0486447640005025E+02   1.0769253127594905E+02   3.9932467367201675E+03  -4.4593100817098419E+00   5.1535579903505165E+06
   3.3600000000000000E+04   1.0476125552549991E+02   1.0759394607186361E+02   3.9791416298192898E+03  -4.4571686149077649E+00   5.1538986663522320E+06
   3.3700000000000000E+04   1.0466187771201969E+02   1.0749487822948866E+02   3.9712720596234167E+03  -4.4550445351716288E+00   5.1541677237733202E+06
   3.3800000000000000E+04   1.0456264447463489E+02   1.0739532987398022E+02   3.9642735117865391E+03  -4.4529377730854254E+00   5.1543654689391144E+06
   3.3900000000000000E+04   1.0447630771387948E+02   1.0729530316981059E+02   3.9765289747586703E+03  -4.4508482592723091E+00   5.1544921533512678E+06
   3.4000000000000000E+04   1.0437341665541680E+02   1.0719480032098285E+02   3.9655321230306577E+03  -4.4487759242966858E+00   5.1545480805109208E+06
   3.4100000000000000E+04   1.0426123721201954E+02   1.0709382357057909E+02   3.9418867175906366E+03  -4.4467206986837766E+00   5.1545335820066119E+06
   3.4200000000000000E+04   1.0416003584855855E+02   1.0699237519982591E+02   3.9346731638458846E+03  -4.4446825130175744E+00   5.1544489202520866E+06
   3.4300000000000000E+04   1.0405968814635858E+02   1.0689045752848631E+02   3.9293160885735633E+03  -4.4426612978037161E+00   5.1542944380592220E+06
   3.4400000000000000E+04   1.0395643920103221E+02   1.0678807291366536E+02   3.9204603899569051E+03  -4.4406569836065977E+00   5.1540704390006186E+06
   3.4500000000000000E+04   1.0385412847921133E+02   1.0668522375005560E+02   3.9135740320273953E+03  -4.4386695009318631E+00   5.1537772614417095E+06
   3.4600000000000000E+04   1.0375112416240582E+02   1.0658191246870442E+02   3.9063299821476553E+03  -4.4366987803634990E+00   5.1534152196035543E+06
   3.4700000000000000E+04   1.0364728957596164E+02   1.0647814153700112E+02   3.8985333465983381E+03  -4.4347447524854937E+00   5.1529846474635480E+06
   3.4800000000000000E+04   1.0355330828405050E+02   1.0637391345831574E+02   3.9053217211088013E+03  -4.4328073478622443E+00   5.1524859124166397E+06
   3.4900000000000000E+04   1.0344348232454163E+02   1.0626923077082584E+02   3.8902469571698471E+03  -4.4308864971560862E+00   5.1519193433282403E+06
   3.5000000000000000E+04   1.0333407650996116E+02   1.0616409604757990E+02   3.8764286527937797E+03  -4.4289821310293540E+00   5.1512852740778606E+06
   3.5100000000000000E+04   1.0322840194737925E+02   1.0605851189575104E+02   3.8684895271345385E+03  -4.4270941801835590E+00   5.1505840852889698E+06
   3.5200000000000000E+04   1.0312201205966835E+02   1.0595248095599472E+02   3.8601494731408757E+03  -4.4252225753789673E+00   5.1498161195580289E+06
   3.5300000000000000E+04   1.0301620372311530E+02   1.0584600590202027E+02   3.8532211857650104E+03  -4.4233672474150190E+00   5.1489817516289288E+06
   3.5400000000000000E+04   1.0292248272871734E+02   1.0573908943992649E+02   3.8638442361586226E+03  -4.4215281271499265E+00   5.1480813599369675E+06
   3.5500000000000000E+04   1.0280212947858975E+02   1.0563173430763946E+02   3.8376974466038337E+03  -4.4197051455006493E+00   5.1471153129112786E+06
   3.5600000000000000E+04   1.0269439928261869E+02   1.0552394327399790E+02   3.8298460803128205E+03  -4.4178982335016732E+00   5.1460839557947554E+06
   3.5700000000000000E+04   1.0259873452034766E+02   1.0541571913897866E+02   3.8393959664102513E+03  -4.4161073221678997E+00   5.1449877187155746E+06
   3.5800000000000000E+04   1.0248830128560097E+02   1.0530706473207545E+02   3.8288924852002342E+03  -4.4143323426709173E+00   5.1438269407068761E+06
   3.5900000000000000E+04   1.0236831535330492E+02   1.0519798291251199E+02   3.8057263137784512E+03  -4.4125732262019142E+00   5.1426020578773916E+06
   3.6000000000000000E+04   1.0225910185896566E+02   1.0508847656794950E+02   3.7981018192620418E+03  -4.4108299040891765E+00   5.1413134163304484E+06
   3.6100000000000000E+04   1.0214886781748426E+02   1.0497854861422636E+02   3.7896288155230150E+03  -4.4091023077393423E+00   5.1399614316211911E+06
   3.6200000000000000E+04   1.0204038393932572E+02   1.0486820199486651E+02   3.7841160160979634E+03  -4.4073903686178113E+00   5.1385465216615442E+06
   3.6300000000000000E+04   1.0192734013860155E+02   1.0475743967999665E+02   3.7728875009988160E+03  -4.4056940183270834E+00   5.1370690552568808E+06
   3.6400000000000000E+04   1.0181663419942869E+02   1.0464626466607744E+02   3.7654140975028017E+03  -4.4040131885480234E+00   5.1355294557706462E+06
   3.6500000000000000E+04   1.0170494265569640E+02   1.0453467997481114E+02   3.7571309395233079E+03  -4.4023478111181715E+00   5.1339281232762784E+06
   3.6600000000000000E+04   1.0159313180387946E+02   1.0442268865322075E+02   3.7492188835618604E+03  -4.4006978179142537E+00   5.1322654730632314E+06
   3.6700000000000000E+04   1.0148021549433037E+02   1.0431029377219792E+02   3.7403315565729085E+03  -4.3990631409892780E+00   5.1305418976437682E+06
   3.6800000000000000E+04   1.0137724944025393E+02   1.0419749842634289E+02   3.7455046845585844E+03  -4.3974437124941819E+00   5.1287578417702448E+06
   3.6900000000000000E+04   1.0125715369508777E+02   1.0408430573333187E+02   3.7278789397659143E+03  -4.3958394646778398E+00   5.1269137023532214E+06
   3.7000000000000000E+04   1.0114088218376627E+02   1.0397071883293073E+02   3.7160060907217949E+03  -4.3942503299458213E+00   5.1250099153785594E+06
   3.7100000000000000E+04   1.0102675904816739E+02   1.0385674088647792E+02   3.7075538065396122E+03  -4.3926762408408058E+00   5.1230468819674570E+06
   3.7200000000000000E+04   1.0091249576710403E+02   1.0374237507636767E+02   3.6994164208675702E+03  -4.3911171300229945E+00   5.1210250535505703E+06
   3.7300000000000000E+04   1.0080268271854997E+02   1.0362762460517878E+02   3.6977548506028425E+03  -4.3895729303092770E+00   5.1189448110307539E+06
   3.7400000000000000E+04   1.0068657816910186E+02   1.0351249269539460E+02   3.6881224079081562E+03  -4.3880435746144872E+00   5.1168066325971931E+06
   3.7500000000000000E+04   1.0056688810485670E+02   1.0339698258829857E+02   3.6741928013976130E+03  -4.3865289960297353E+00   5.1146109143854547E+06
   3.7600000000000000E+04   1.0045120431430296E+02   1.0328109754333910E+02   3.6661138041116292E+03  -4.3850291278224152E+00   5.1123581012940519E+06
   3.7700000000000000E+04   1.0033442018938800E+02   1.0316484083809297E+02   3.6570481119675687E+03  -4.3835439033382677E+00   5.1100486275401041E+06
   3.7800000000000000E+04   1.0021688283124057E+02   1.0304821576668530E+02   3.6474590593621574E+03  -4.3820732561580789E+00   5.1076829055272834E+06
   3.7900000000000000E+04   1.0010075160510880E+02   1.0293122563987799E+02   3.6402005189307483E+03  -4.3806171199801547E+00   5.1052613720390750E+06
   3.8000000000000000E+04   9.9993938111096227E+01   1.0281387378432375E+02   3.6457442025211308E+03  -4.3791754286399076E+00   5.1027844872248983E+06
   3.8100000000000000E+04   9.9866016940988501E+01   1.0269616354158904E+02   3.6237899499067021E+03  -4.3777481161686218E+00   5.1002526778590856E+06
   3.8200000000000000E+04   9.9747916712672463E+01   1.0257809826777331E+02   3.6152986666587053E+03  -4.3763351167542748E+00   5.0976663828481333E+06
   3.8300000000000000E+04   9.9629474027478693E+01   1.0245968133265399E+02   3.6068043996385609E+03  -4.3749363647807176E+00   5.0950260198219717E+06
   3.8400000000000000E+04   9.9520699931237644E+01   1.0234091611955213E+02   3.6114393095193896E+03  -4.3735517947493188E+00   5.0923320511532463E+06
   3.8500000000000000E+04   9.9394523610011163E+01   1.0222180602412914E+02   3.5936585823857013E+03  -4.3721813413769013E+00   5.0895849066320620E+06
   3.8600000000000000E+04   9.9272370547991372E+01   1.0210235445413723E+02   3.5816255856371845E+03  -4.3708249395369876E+00   5.0867850274893809E+06
   3.8700000000000000E+04   9.9159681726144797E+01   1.0198256482858400E+02   3.5823512001896925E+03  -4.3694825242989683E+00   5.0839328552612392E+06
   3.8800000000000000E+04   9.9039593958955848E+01   1.0186244057725419E+02   3.5738444621978970E+03  -4.3681540309085136E+00   5.0810288317243708E+06
   3.8900000000000000E+04   9.8916920022776949E+01   1.0174198514011944E+02   3.5623971091083763E+03  -4.3668393947875757E+00   5.0780733884359812E+06
   3.9000000000000000E+04   9.8788812168148880E+01   1.0162120196663136E+02   3.5443701424012138E+03  -4.3655385515539811E+00   5.0750669882976525E+06
   3.9100000000000000E+04   9.8689592743864935E+01   1.0150009451526252E+02   3.5641333135306672E+03  -4.3642514370018333E+00   5.0720100526795574E+06
   3.9200000000000000E+04   9.8556359271214731E+01   1.0137866625280601E+02   3.5401932953497239E+03  -4.3629779871211092E+00   5.0689030238642069E+06
   3.9300000000000000E+04   9.8443260042569463E+01   1.0125692065380979E+02   3.5427376461863537E+03  -4.3617181380976477E+00   5.0657463640532484E+06
   3.9400000000000000E+04   9.8316263399442349E+01   1.0113486120000854E+02   3.5277121306944546E+03  -4.3604718263131677E+00   5.0625405047422862E+06
   3.9500000000000000E+04   9.8212008842900531E+01   1.0101249137976284E+02   3.5424751149307185E+03  -4.3592389883452469E+00   5.0592858775472613E+06
   3.9600000000000000E+04   9.8059397690559109E+01   1.0088981468738717E+02   3.4953134016804615E+03  -4.3580195609869241E+00   5.0559829336119043E+06
   3.9700000000000000E+04   9.7952048862601416E+01   1.0076683462296182E+02   3.5065965046854053E+03  -4.3568134811879338E+00   5.0526321137142470E+06
   3.9800000000000000E+04   9.7834044213843114E+01   1.0064355469130786E+02   3.5046553691420909E+03  -4.3556206861330491E+00   5.0492338486096114E+06
   3.9900000000000000E+04   9.7690727302681708E+01   1.0051997840169298E+02   3.4708371420065832E+03  -4.3544411132029133E+00   5.0457886068034712E+06
   4.0000000000000000E+04   9.7598405059922143E+01   1.0039610926706386E+02   3.5023359916585846E+03  -4.3532747000132250E+00   5.0422967801117105E+06
   4.0100000000000000E+04   9.7464035263446760E+01   1.0027195080399628E+02   3.4804853664447141E+03  -4.3521213843363586E+00   5.0387588544544643E+06
   4.0200000000000000E+04   9.7326489039960279E+01   1.0014750653182179E+02   3.4551381637895829E+03  -4.3509811041601560E+00   5.0351752488877587E+06
   4.0300000000000000E+04   9.7199099594307953E+01   1.0002277997175847E+02   3.4430682133197383E+03  -4.3498537977466718E+00   5.0315463915397804E+06
   4.0400000000000000E+04   9.7078930781933110E+01   9.9897774647361771E+01   3.4404066394736797E+03  -4.3487394034754860E+00   5.0278727462287424E+06
   4.0500000000000000E+04   9.6971928650263891E+01   9.9772494082831429E+01   3.4547063478495847E+03  -4.3476378600395655E+00   5.0241547123463620E+06
   4.0600000000000000E+04   9.6825296007852415E+01   9.9646941803714284E+01   3.4194031903550203E+03  -4.3465491062494017E+00   5.0203927605558224E+06
   4.0700000000000000E+04   9.6711274075555679E+01   9.9521121335465025E+01   3.4253870589717803E+03  -4.3454730811896995E+00   5.0165873066675533E+06
   4.0800000000000000E+04   9.6578647171580485E+01   9.9395036203328033E+01   3.4084205072092973E+03  -4.3444097241606237E+00   5.0127387921837177E+06
   4.0900000000000000E+04   9.6445412680436547E+01   9.9268689931982394E+01   3.3910979736383410E+03  -4.3433589746581998E+00   5.0088476572389221E+06
   4.1000000000000000E+04   9.6322865367801313E+01   9.9142086044723584E+01   3.3873367503796135E+03  -4.3423207724330952E+00   5.0049143066311348E+06
   4.1100000000000000E+04   9.6197250438871976E+01   9.9015228063479043E+01   3.3800810226847211E+03  -4.3412950574122524E+00   5.0009391954295114E+06
   4.1200000000000000E+04   9.6088821727026996E+01   9.8888119507885108E+01   3.3944380448875613E+03  -4.3402817697772429E+00   4.9969227349924641E+06
   4.1300000000000000E+04   9.5961846313639199E+01   9.8760763895078568E+01   3.3860465594143607E+03  -4.3392808499250979E+00   4.9928653690040288E+06
   4.1400000000000000E+04   9.5824309806935204E+01   9.8633164739379808E+01   3.3648782733677908E+03  -4.3382922384487150E+00   4.9887675229769740E+06
   4.1500000000000000E+04   9.5715433700973676E+01   9.8505325551388808E+01   3.3795144982425736E+03  -4.3373158762152109E+00   4.9846296211133143E+06
   4.1600000000000000E+04   9.5564255863480028E+01   9.8377249837918598E+01   3.3421147574739116E+03  -4.3363517043071589E+00   4.9804520704294331E+06
   4.1700000000000000E+04   9.5441347545625831E+01   9.8248941101815703E+01   3.3398749306197687E+03  -4.3353996639834067E+00   4.9762353165466152E+06
   4.1800000000000000E+04   9.5287403054558965E+01   9.8120402840840711E+01   3.3002608819967718E+03  -4.3344596967966158E+00   4.9719797715565758E+06
   4.1900000000000000E+04   9.5178350148174331E+01   9.7991638547977459E+01   3.3152244490701373E+03  -4.3335317444757244E+00   4.9676858541664258E+06
   4.2000000000000000E+04   9.5033350253013069E+01   9.7862651710447366E+01   3.2871066574578854E+03  -4.3326157490238915E+00   4.9633539891704125E+06
   4.2100000000000000E+04   9.4931836147230356E+01   9.7733445809792826E+01   3.3116731383748165E+03  -4.3317116526401369E+00   4.9589845845384123E+06
   4.2200000000000000E+04   9.4796568441757785E+01   9.7604024321260511E+01   3.2956979446459768E+03  -4.3308193977585345E+00   4.9545780618615113E+06
   4.2300000000000000E+04   9.4650624439399408E+01   9.7474390713429102E+01   3.2672718109597477E+03  -4.3299389270481932E+00   4.9501348408074146E+06
   4.2400000000000000E+04   9.4523622852167662E+01   9.7344548447722943E+01   3.2618227856434819E+03  -4.3290701834328500E+00   4.9456553101702295E+06
   4.2500000000000000E+04   9.4395907604858806E+01   9.7214500978405397E+01   3.2557555617407716E+03  -4.3282131100321228E+00   4.9411399081615917E+06
   4.2600000000000000E+04   9.4284894203030788E+01   9.7084251751874376E+01   3.2698854095959296E+03  -4.3273676502202463E+00   4.9365890205572629E+06
   4.2700000000000000E+04   9.4152908034949533E+01   9.6953804206546224E+01   3.2591292400152188E+03  -4.3265337475869172E+00   4.9320030742908958E+06
   4.2800000000000000E+04   9.4015842650048327E+01   9.6823161772405626E+01   3.2425637219437199E+03  -4.3257113459568766E+00   4.9273824729016358E+06
   4.2900000000000000E+04   9.3902579556335510E+01   9.6692327870433445E+01   3.2546516703520374E+03  -4.3249003894290787E+00   4.9227275977928843E+06
   4.3000000000000000E+04   9.3729058382993799E+01   9.6561305912751777E+01   3.1955541259516262E+03  -4.3241008222983499E+00   4.9180388698885329E+06
   4.3100000000000000E+04   9.3621705685728671E+01   9.6430099302185440E+01   3.2146314260267377E+03  -4.3233125890749697E+00   4.9133166808167761E+06
   4.3200000000000000E+04   9.3465923857490722E+01   9.6298711431599685E+01   3.1773113213656598E+03  -4.3225356345434314E+00   4.9085614403148871E+06
   4.3300000000000000E+04   9.3354850339647570E+01   9.6167145683829972E+01   3.1922925561415445E+03  -4.3217699037232826E+00   4.9037735298023568E+06
   4.3400000000000000E+04   9.3233130905169730E+01   9.6035405431497026E+01   3.1951478850505823E+03  -4.3210153418495159E+00   4.8989533486200897E+06
   4.3500000000000000E+04   9.3107785353427275E+01   9.5903494036595575E+01   3.1939529290596965E+03  -4.3202718943921736E+00   4.8941012938809991E+06
   4.3600000000000000E+04   9.2978450071377964E+01   9.5771414850097656E+01   3.1882527777478622E+03  -4.3195395070759233E+00   4.8892177418759316E+06
   4.3700000000000000E+04   9.2835776553356482E+01   9.5639171212013835E+01   3.1671376347128553E+03  -4.3188181258213030E+00   4.8843030981928343E+06
   4.3800000000000000E+04   9.2703794196817526E+01   9.5506766450546692E+01   3.1587325238969438E+03  -4.3181076968426559E+00   4.8793577413519677E+06
   4.3900000000000000E+04   9.2574659069897891E+01   9.5374203882398874E+01   3.1538107084588387E+03  -4.3174081665501918E+00   4.8743820542067075E+06
   4.4000000000000000E+04   9.2464369273379731E+01   9.5241486812166997E+01   3.1710735623352916E+03  -4.3167194816087511E+00   4.8693764117740467E+06
   4.4100000000000000E+04   9.2328937312067453E+01   9.5108618532430000E+01   3.1590952278954910E+03  -4.3160415888790462E+00   4.8643412104869289E+06
   4.4200000000000000E+04   9.2179051849827559E+01   9.4975602322817068E+01   3.1305571115349035E+03  -4.3153744355351797E+00   4.8592768153186580E+06
   4.4300000000000000E+04   9.2064304229283422E+01   9.4842441450677129E+01   3.1429705186350625E+03  -4.3147179689079431E+00   4.8541836123099700E+06
   4.4400000000000000E+04   9.1898727994548025E+01   9.4709139170044949E+01   3.0969309740404010E+03  -4.3140721366219372E+00   4.8490619572016606E+06
   4.4500000000000000E+04   9.1785993312126877E+01   9.4575698722095268E+01   3.1116993283152201E+03  -4.3134368864780486E+00   4.8439122481287941E+06
   4.4600000000000000E+04   9.1652997286297207E+01   9.4442123334120623E+01   3.1034465725954647E+03  -4.3128121665905423E+00   4.8387348313577306E+06
   4.4700000000000000E+04   9.1509518861809056E+01   9.4308416220110573E+01   3.0833991705071508E+03  -4.3121979252499774E+00   4.8335300839933520E+06
   4.4800000000000000E+04   9.1377019561350878E+01   9.4174580580084239E+01   3.0760338860256916E+03  -4.3115941110015381E+00   4.8282983700153660E+06
   4.4900000000000000E+04   9.1236237489816034E+01   9.4040619599997299E+01   3.0594662091038026E+03  -4.3110006726254513E+00   4.8230400512975669E+06
   4.5000000000000000E+04   9.1105835515297642E+01   9.3906536451541157E+01   3.0547472431099786E+03  -4.3104175591369867E+00   4.8177554926067311E+06
   4.5100000000000000E+04   9.0970135450278136E+01   9.3772334291947516E+01   3.0442100771640144E+03  -4.3098447197864607E+00   4.8124450414643157E+06
   4.5200000000000000E+04   9.0842471367299524E+01   9.3638016263800040E+01   3.0428088713521465E+03  -4.3092821040592275E+00   4.8071090681415601E+06
   4.5300000000000000E+04   9.0691612733954557E+01   9.3503585494962252E+01   3.0156732250516011E+03  -4.3087296616560966E+00   4.8017479207283137E+06
   4.5400000000000000E+04   9.0547535644300254E+01   9.3369045097946099E+01   2.9963879540280000E+03  -4.3081873425716894E+00   4.7963619501392031E+06
   4.5500000000000000E+04   9.0424695203284671E+01   9.3234398170530696E+01   3.0005634529031363E+03  -4.3076550969573129E+00   4.7909515051623397E+06
   4.5600000000000000E+04   9.0280809367115054E+01   9.3099647794917601E+01   2.9817642160039763E+03  -4.3071328752384952E+00   4.7855169369086130E+06
   4.5700000000000000E+04   9.0160263388259253E+01   9.2964797037680157E+01   2.9886361279651505E+03  -4.3066206280953976E+00   4.7800585895374985E+06
   4.5800000000000000E+04   9.0010074350516817E+01   9.2829848949944591E+01   2.9632232333844549E+03  -4.3061183064040458E+00   4.7745768006844399E+06
   4.5900000000000000E+04   8.9889617736209615E+01   9.2694806567011582E+01   2.9703172338877725E+03  -4.3056258612755078E+00   4.7690719146628147E+06
   4.6000000000000000E+04   8.9767735258786203E+01   9.2559672908208540E+01   2.9760235566088209E+03  -4.3051432440558948E+00   4.7635442774531767E+06
   4.6100000000000000E+04   8.9616847131958096E+01   9.2424450976528817E+01   2.9501269954576351E+03  -4.3046704063655445E+00   4.7579942116057072E+06
   4.6200000000000000E+04   8.9485852692636811E+01   9.2289143759045473E+01   2.9460275540105517E+03  -4.3042073000010594E+00   4.7524220545851747E+06
   4.6300000000000000E+04   8.9344478137019792E+01   9.2153754226449138E+01   2.9308009670924657E+03  -4.3037538769940991E+00   4.7468281452639559E+06
   4.6400000000000000E+04   8.9193535804891994E+01   9.2018285332697076E+01   2.9055447737003728E+03  -4.3033100896505339E+00   4.7412128080267319E+06
   4.6500000000000000E+04   8.9098889867028760E+01   9.1882740015444767E+01   2.9407653777539354E+03  -4.3028758904525191E+00   4.7355763691724734E+06
   4.6600000000000000E+04   8.8936424728887076E+01   9.1747121195374220E+01   2.9030743929751252E+03  -4.3024512321564217E+00   4.7299191564678522E+06
   4.6700000000000000E+04   8.8829520683076780E+01   9.1611431776412147E+01   2.9252550857160181E+03  -4.3020360677340710E+00   4.7242414878787398E+06
   4.6800000000000000E+04   8.8659813045426020E+01   9.1475674645512100E+01   2.8801899255373041E+03  -4.3016303503923350E+00   4.7185436830094047E+06
   4.6900000000000000E+04   8.8548709722555643E+01   9.1339852672875494E+01   2.8977469962635155E+03  -4.3012340335143646E+00   4.7128260627295515E+06
   4.7000000000000000E+04   8.8390192931082595E+01   9.1203968711086944E+01   2.8650244442863618E+03  -4.3008470707967046E+00   4.7070889419301702E+06
   4.7100000000000000E+04   8.8293559055334924E+01   9.1068025596003025E+01   2.8981139178118106E+03  -4.3004694160730059E+00   4.7013326399389729E+06
   4.7200000000000000E+04   8.8134497155254323E+01   9.0932026145676048E+01   2.8647597315691946E+03  -4.3001010234903037E+00   4.6955574570001867E+06
   4.7300000000000000E+04   8.8002322776237747E+01   9.0795973161033089E+01   2.8601490653187861E+03  -4.2997418473719282E+00   4.6897637047222499E+06
   4.7400000000000000E+04   8.7866209764756888E+01   9.0659869425462730E+01   2.8514350606940184E+03  -4.2993918422762398E+00   4.6839516921632029E+06
   4.7500000000000000E+04   8.7742030655635375E+01   9.0523717704846590E+01   2.8553660686499557E+03  -4.2990509629770655E+00   4.6781217228367226E+06
   4.7600000000000000E+04   8.7613781467535802E+01   9.0387520747374126E+01   2.8550601520898449E+03  -4.2987191644832699E+00   4.6722740950940568E+06
   4.7700000000000000E+04   8.7471507972574798E+01   9.0251281283473631E+01   2.8399494445717391E+03  -4.2983964020387582E+00   4.6664091139061498E+06
   4.7800000000000000E+04   8.7333439948353245E+01   9.0115002025958447E+01   2.8293645434854266E+03  -4.2980826310833118E+00   4.6605270703213643E+06
   4.7900000000000000E+04   8.7203624656023749E+01   8.9978685669748472E+01   2.8274936995549133E+03  -4.2977778072917472E+00   4.6546282672442058E+06
   4.8000000000000000E+04   8.7073235534262821E+01   8.9842334891918526E+01   2.8250567338309256E+03  -4.2974818865543414E+00   4.6487129913438382E+06
   4.8100000000000000E+04   8.6938284187917588E+01   8.9705952351428195E+01   2.8178528342732679E+03  -4.2971948250159988E+00   4.6427815352907926E+06
   4.8200000000000000E+04   8.6781528617684074E+01   8.9569540689389740E+01   2.7880014356801930E+03  -4.2969165790175001E+00   4.6368341818447588E+06
   4.8300000000000000E+04   8.6678595637692794E+01   8.9433102529018100E+01   2.8142734930705815E+03  -4.2966471050954853E+00   4.6308712241075840E+06
   4.8400000000000000E+04   8.6496123800010935E+01   8.9296640475372826E+01   2.7579958146418876E+03  -4.2963863600216419E+00   4.6248929427977474E+06
   4.8500000000000000E+04   8.6403744392499291E+01   8.9160157115211319E+01   2.7948541094375864E+03  -4.2961343008222874E+00   4.6188996189476894E+06
   4.8600000000000000E+04   8.6251443356354969E+01   8.9023655017372036E+01   2.7697808381952673E+03  -4.2958908847000217E+00   4.6128915313988868E+06
   4.8700000000000000E+04   8.6127015051172307E+01   8.8887136732423571E+01   2.7736399504454071E+03  -4.2956560690924874E+00   4.6068689567824053E+06
   4.8800000000000000E+04   8.5951220998604455E+01   8.8750604792843220E+01   2.7249649947994421E+03  -4.2954298116331913E+00   4.6008321715465086E+06
   4.8900000000000000E+04   8.5828075137064687E+01   8.8614061712775595E+01   2.7299393375374962E+03  -4.2952120701906944E+00   4.5947814457669761E+06
   4.9000000000000000E+04   8.5701332068923392E+01   8.8477509988114520E+01   2.7313236704699966E+03  -4.2950028028490044E+00   4.5887170513478946E+06
   4.9100000000000000E+04   8.5577446154322701E+01   8.8340952096583536E+01   2.7356529094640314E+03  -4.2948019678879952E+00   4.5826392559313383E+06
   4.9200000000000000E+04   8.5412318401285873E+01   8.8204390497403139E+01   2.6982618020617060E+03  -4.2946095238421851E+00   4.5765483215401676E+06
   4.9300000000000000E+04   8.5293827989450577E+01   8.8067827631796462E+01   2.7078742285196031E+03  -4.2944254294027724E+00   4.5704445168230245E+06
   4.9400000000000000E+04   8.5128153709267806E+01   8.7931265922555752E+01   2.6703983828480800E+03  -4.2942496434960047E+00   4.5643281026704870E+06
   4.9500000000000000E+04   8.5001630908400216E+01   8.7794707773932345E+01   2.6718539106473504E+03  -4.2940821253027632E+00   4.5581993333254829E+06
   4.9600000000000000E+04   8.4881584053130325E+01   8.7658155572349202E+01   2.6797664128781298E+03  -4.2939228341214450E+00   4.5520584717037100E+06
   4.9700000000000000E+04   8.4732904757558018E+01   8.7521611685365002E+01   2.6592828071022504E+03  -4.2937717295638373E+00   4.5459057679550992E+06
   4.9800000000000000E+04   8.4591313067862501E+01   8.7385078462599168E+01   2.6458980928089750E+03  -4.2936287713788381E+00   4.5397414760694178E+06
   4.9900000000000000E+04   8.4472761243770179E+01   8.7248558235316096E+01   2.6551389208655296E+03  -4.2934939195308033E+00   4.5335658476006715E+06
   5.0000000000000000E+04   8.4311207600653034E+01   8.7112053316330417E+01   2.6222516901099630E+03  -4.2933671342191282E+00   4.5273791294212760E+06


