#Te   kappa_tot   kappa_e_ph  kappa_e_e mu Ce
#[K]  [W/(K*m)]   [W/(K*m)]   [W/(K*m)]   [eV]  [J/(m^3*K)]
   3.0000000000000000E+02   1.6856764996896835E+01   1.6908505363883208E+01   5.5087104705464117E+03   2.8450991747556449E+00   3.0253476723187840E+04
   4.0000000000000000E+02   2.7944143381113314E+01   2.8066814159232159E+01   6.3935608067702387E+03   2.8180793420809702E+00   4.2884151784453519E+04
   5.0000000000000000E+02   3.8364445727700378E+01   3.8575915350023990E+01   6.9983744926617046E+03   2.7910916577531890E+00   5.6202595276526881E+04
   6.0000000000000000E+02   4.6068524562238963E+01   4.6361560975718263E+01   7.2885437178083721E+03   2.7644193225099460E+00   6.6846729821103509E+04
   7.0000000000000000E+02   5.2966297681552263E+01   5.3346584615142973E+01   7.4301029865540177E+03   2.7391739204260785E+00   7.4259537552238136E+04
   8.0000000000000000E+02   6.0584762392429155E+01   6.1085940678338140E+01   7.3843526456914733E+03   2.7175020337958085E+00   8.0931808839117293E+04
   9.0000000000000000E+02   6.8982390424052753E+01   6.9638251065974870E+01   7.3244416823105621E+03   2.7011692541307371E+00   8.8925235670082140E+04
   1.0000000000000000E+03   7.7561273978055723E+01   7.8400587097948787E+01   7.2450308136720096E+03   2.6901061757852065E+00   9.8197727708926308E+04
   1.1000000000000000E+03   8.5945955657753515E+01   8.6989930283729194E+01   7.1615080527931223E+03   2.6830723080191383E+00   1.0806626289692825E+05
   1.2000000000000000E+03   9.4041441505513916E+01   9.5315442440617872E+01   7.0357888741424804E+03   2.6788007285383229E+00   1.1813638622425140E+05
   1.3000000000000000E+03   1.0187417249789473E+02   1.0340303927911576E+02   6.8901353536599554E+03   2.6763782837397967E+00   1.2827885393840459E+05
   1.4000000000000000E+03   1.0949679535529275E+02   1.1130227836471438E+02   6.7501287650349859E+03   2.6752086336131415E+00   1.3849232273917648E+05
   1.5000000000000000E+03   1.1695041700868316E+02   1.1905869607910303E+02   6.6044217534200297E+03   2.6749072807304191E+00   1.4883837603180620E+05
   1.6000000000000000E+03   1.2427098392409187E+02   1.2670894972625942E+02   6.4587640402792895E+03   2.6752219567673192E+00   1.5941777606159169E+05
   1.7000000000000000E+03   1.3147384096264116E+02   1.3428176387116233E+02   6.2874016995994371E+03   2.6759829587209620E+00   1.7036038910423615E+05
   1.8000000000000000E+03   1.3859966854590701E+02   1.4179976447197265E+02   6.1415035079482577E+03   2.6770735872646552E+00   1.8181816218180215E+05
   1.9000000000000000E+03   1.4567240620153362E+02   1.4928103404121038E+02   6.0261485515181466E+03   2.6784125541051287E+00   1.9395807452295427E+05
   2.0000000000000000E+03   1.5270068891719851E+02   1.5674022765251146E+02   5.9250182537791161E+03   2.6799433114920479E+00   2.0695461016001238E+05
   2.1000000000000000E+03   1.5962071334785929E+02   1.6418932379061650E+02   5.7365400959299332E+03   2.6816273833397655E+00   2.2098206753733029E+05
   2.2000000000000000E+03   1.6651460420632591E+02   1.7163811520815815E+02   5.5782553819803543E+03   2.6834400270073284E+00   2.3620713232754997E+05
   2.3000000000000000E+03   1.7338925890900299E+02   1.7909452829927292E+02   5.4428748955181682E+03   2.6853672661822334E+00   2.5278207862908294E+05
   2.4000000000000000E+03   1.8025505499252256E+02   1.8656483613171864E+02   5.3297022598280819E+03   2.6874037371280028E+00   2.7083885274799151E+05
   2.5000000000000000E+03   1.8712136398591150E+02   1.9405381023269891E+02   5.2379221366820084E+03   2.6895510207512872E+00   2.9048420276335813E+05
   2.6000000000000000E+03   1.9399645593908576E+02   2.0156484105139396E+02   5.1666061155244388E+03   2.6918162715820197E+00   3.1179596691392211E+05
   2.7000000000000000E+03   2.0086784946881082E+02   2.0910004616597988E+02   5.1020982785351980E+03   2.6942110339816545E+00   3.3482060086118651E+05
   2.8000000000000000E+03   2.0777844203962150E+02   2.1666037772949522E+02   5.0684172131165797E+03   2.6967501846527253E+00   3.5957195457871811E+05
   2.9000000000000000E+03   2.1468952412777949E+02   2.2424573539852409E+02   5.0378972226973274E+03   2.6994509726647986E+00   3.8603131183969142E+05
   3.0000000000000000E+03   2.2165347871915546E+02   2.3185508740902992E+02   5.0375865459291190E+03   2.7023321442407915E+00   4.1414864982663246E+05
   3.1000000000000000E+03   2.2863776093692971E+02   2.3948659999906408E+02   5.0471464904754348E+03   2.7054131500377609E+00   4.4384498768667527E+05
   3.2000000000000000E+03   2.3563529101408710E+02   2.4713777368076657E+02   5.0627662661501045E+03   2.7087134389504222E+00   4.7501569099262555E+05
   3.3000000000000000E+03   2.4266530351868292E+02   2.5480558375848702E+02   5.0931669697606703E+03   2.7122518437663570E+00   5.0753455477380101E+05
   3.4000000000000000E+03   2.4970330709027249E+02   2.6248662185903947E+02   5.1272912175562342E+03   2.7160460622815319E+00   5.4125836334840884E+05
   3.5000000000000000E+03   2.5676047111430631E+02   2.7017723490497065E+02   5.1704595236915948E+03   2.7201122379043436E+00   5.7603174307608558E+05
   3.6000000000000000E+03   2.6385467338310355E+02   2.7787365802173383E+02   5.2299267863564892E+03   2.7244646390768215E+00   6.1169204178454680E+05
   3.7000000000000000E+03   2.7100106515724531E+02   2.8557213815862019E+02   5.3112323034079900E+03   2.7291154340722197E+00   6.4807395644512493E+05
   3.8000000000000000E+03   2.7804358941997549E+02   2.9326904567884759E+02   5.3556081827631333E+03   2.7340745554623465E+00   6.8501377702728321E+05
   3.9000000000000000E+03   2.8510729476913150E+02   3.0096097181486522E+02   5.4123827713720038E+03   2.7393496456947157E+00   7.2235312501072383E+05
   4.0000000000000000E+03   2.9215958422210815E+02   3.0864481063535044E+02   5.4699606354875777E+03   2.7449460722822563E+00   7.5994195878580096E+05
   4.1000000000000000E+03   2.9920950594299956E+02   3.1631782483971443E+02   5.5321215756288593E+03   2.7508670016539387E+00   7.9764095278388797E+05
   4.2000000000000000E+03   3.0628892533079022E+02   3.2397769539223651E+02   5.6098179697136356E+03   2.7571135195396614E+00   8.3532322352807224E+05
   4.3000000000000000E+03   3.1333421798551927E+02   3.3162255562416038E+02   5.6816915887045343E+03   2.7636847854271305E+00   8.7287537933675572E+05
   4.4000000000000000E+03   3.2037370506285941E+02   3.3925101087081481E+02   5.7575537740772124E+03   2.7705782103907808E+00   9.1019798936881439E+05
   4.5000000000000000E+03   3.2736456471559563E+02   3.4686214505691743E+02   5.8238188095691348E+03   2.7777896486837665E+00   9.4720561051901034E+05
   4.6000000000000000E+03   3.3438107450186834E+02   3.5445551589169281E+02   5.9041850263916431E+03   2.7853135943232541E+00   9.8382641547823593E+05
   4.7000000000000000E+03   3.4132542397168396E+02   3.6203114041437465E+02   5.9679380249848828E+03   2.7931433760812210E+00   1.0200015237331412E+06
   4.8000000000000000E+03   3.4824462112760682E+02   3.6958947264729585E+02   6.0299105738021572E+03   2.8012713456356804E+00   1.0556840933877658E+06
   4.9000000000000000E+03   3.5513670349705058E+02   3.7713137506203810E+02   6.0893472734571515E+03   2.8096890548121447E+00   1.0908383033534684E+06
   5.0000000000000000E+03   3.6202848701037988E+02   3.8465808542043942E+02   6.1537629682004081E+03   2.8183874195655667E+00   1.1254382767366003E+06
   5.1000000000000000E+03   3.6875867450943417E+02   3.9217118042043467E+02   6.1768921798623296E+03   2.8273568689823327E+00   1.1594668931957623E+06
   5.2000000000000000E+03   3.7560388991898026E+02   3.9967253738428144E+02   6.2370999430584961E+03   2.8365874787988270E+00   1.1929147827951687E+06
   5.3000000000000000E+03   3.8236490546666437E+02   4.0716429506975209E+02   6.2777890780974185E+03   2.8460690892267162E+00   1.2257791514832035E+06
   5.4000000000000000E+03   3.8913430242382356E+02   4.1464881448505912E+02   6.3240118716851839E+03   2.8557914077983284E+00   1.2580628777894962E+06
   5.5000000000000000E+03   3.9585268372898975E+02   4.2212864044162853E+02   6.3594546537410233E+03   2.8657440979873874E+00   1.2897735290231868E+06
   5.6000000000000000E+03   4.0256128120908966E+02   4.2960646442260861E+02   6.3945926107545911E+03   2.8759168546960883E+00   1.3209225682442989E+06
   5.7000000000000000E+03   4.0924534493995844E+02   4.3708508922019092E+02   6.4251681447030842E+03   2.8862994676994878E+00   1.3515245966210163E+06
   5.8000000000000000E+03   4.1587711831679616E+02   4.4456739566560282E+02   6.4441833433410175E+03   2.8968818743899485E+00   1.3815966495111354E+06
   5.9000000000000000E+03   4.2253821972260653E+02   4.5205631168377010E+02   6.4709829281830762E+03   2.9076542030384926E+00   1.4111576568270640E+06
   6.0000000000000000E+03   4.2918402804420202E+02   4.5955478383307366E+02   6.4941937765253288E+03   2.9186068075801148E+00   1.4402278873683689E+06
   6.1000000000000000E+03   4.3575266181536932E+02   4.6706575138365838E+02   6.4996826315834278E+03   2.9297302953916953E+00   1.4688285769862649E+06
   6.2000000000000000E+03   4.4244296382999153E+02   4.7459212300888487E+02   6.5314288422284990E+03   2.9410155483561944E+00   1.4969814403746207E+06
   6.3000000000000000E+03   4.4904570984149541E+02   4.8213675599753577E+02   6.5425988896416211E+03   2.9524537391014047E+00   1.5247084861424433E+06
   6.4000000000000000E+03   4.5568209877299745E+02   4.8970243801916320E+02   6.5592712969778977E+03   2.9640363419936167E+00   1.5520316456880379E+06
   6.5000000000000000E+03   4.6233090407990130E+02   4.9729187126470282E+02   6.5762883280112892E+03   2.9757551408583733E+00   1.5789725703459468E+06
   6.6000000000000000E+03   4.6897680556032429E+02   5.0490765893028345E+02   6.5901574490863459E+03   2.9876022330506298E+00   1.6055525166326882E+06
   6.7000000000000000E+03   4.7558590964486825E+02   5.1255229389495082E+02   6.5941707277484020E+03   2.9995700307975128E+00   1.6317920627130191E+06
   6.8000000000000000E+03   4.8220077508703463E+02   5.2022814944045376E+02   6.5966799219658778E+03   3.0116512605269325E+00   1.6577111702210810E+06
   6.9000000000000000E+03   4.8877888394465327E+02   5.2793747193485115E+02   6.5897342465328893E+03   3.0238389598044737E+00   1.6833289338208227E+06
   7.0000000000000000E+03   4.9533318782789303E+02   5.3568237526599444E+02   6.5761239680668978E+03   3.0361264731373292E+00   1.7086636397269913E+06
   7.1000000000000000E+03   5.0205632113046983E+02   5.4346483693343896E+02   6.5892232890657979E+03   3.0485074462676640E+00   1.7337325694891391E+06
   7.2000000000000000E+03   5.0872966133111100E+02   5.5128669562949699E+02   6.5901183808425731E+03   3.0609758195428558E+00   1.7585522540318298E+06
   7.3000000000000000E+03   5.1534838876329707E+02   5.5914965020001182E+02   6.5787345354076997E+03   3.0735258201947246E+00   1.7831380769204802E+06
   7.4000000000000000E+03   5.2215780641198785E+02   5.6705525980916741E+02   6.5948580191618421E+03   3.0861519541992051E+00   1.8075046441566625E+06
   7.5000000000000000E+03   5.2885939747828115E+02   5.7500494519941958E+02   6.5899481939813613E+03   3.0988489975904940E+00   1.8316655174850416E+06
   7.6000000000000000E+03   5.3558365710095291E+02   5.8299999093210363E+02   6.5851836699383366E+03   3.1116119872297290E+00   1.8556334625711364E+06
   7.7000000000000000E+03   5.4227019132791122E+02   5.9104154847119344E+02   6.5715664345904925E+03   3.1244362113638537E+00   1.8794202847109989E+06
   7.8000000000000000E+03   5.4891712785015864E+02   5.9913063999127530E+02   6.5494934747204215E+03   3.1373172001425349E+00   1.9030369686608089E+06
   7.9000000000000000E+03   5.5575739443658119E+02   6.0726816284585436E+02   6.5519071512577957E+03   3.1502507156735025E+00   1.9264937167643032E+06
   8.0000000000000000E+03   5.6267690089252949E+02   6.1545489452577135E+02   6.5614895309848216E+03   3.1632327425394546E+00   1.9497999935363000E+06
   8.1000000000000000E+03   5.6952059163609533E+02   6.2369149811243904E+02   6.5571203088232614E+03   3.1762594776855675E+00   1.9729644967855893E+06
   8.2000000000000000E+03   5.7643557998893141E+02   6.3197852802500972E+02   6.5587967910168818E+03   3.1893273211042428E+00   1.9959953128587720E+06
   8.3000000000000000E+03   5.8338971392887254E+02   6.4031643610022059E+02   6.5620153107722281E+03   3.2024328659743722E+00   2.0188998409812562E+06
   8.4000000000000000E+03   5.9025553050594090E+02   6.4870557782961771E+02   6.5509280576558076E+03   3.2155728895139326E+00   2.0416850427278504E+06
   8.5000000000000000E+03   5.9710572267332066E+02   6.5714621878058256E+02   6.5353518592855235E+03   3.2287443434968979E+00   2.0643571711898106E+06
   8.6000000000000000E+03   6.0412859522806741E+02   6.6563854105796281E+02   6.5376626708645454E+03   3.2419443454415111E+00   2.0869221957709079E+06
   8.7000000000000000E+03   6.1105299707016309E+02   6.7418264981904576E+02   6.5256390746094003E+03   3.2551701697146593E+00   2.1093854950925899E+06
   8.8000000000000000E+03   6.1802608297364827E+02   6.8277857974832375E+02   6.5167366850508888E+03   3.2684192390977711E+00   2.1317521475121104E+06
   8.9000000000000000E+03   6.2495214264723734E+02   6.9142630147170348E+02   6.5003958865945915E+03   3.2816891165625695E+00   2.1540268773935437E+06
   9.0000000000000000E+03   6.3198159268954100E+02   7.0012572787660520E+02   6.4930983623426309E+03   3.2949774972146262E+00   2.1762140836748783E+06
   9.1000000000000000E+03   6.3888309433098357E+02   7.0887672028300233E+02   6.4704370775713742E+03   3.3082822006565413E+00   2.1983178657119470E+06
   9.2000000000000000E+03   6.4597331847575595E+02   7.1767909443246344E+02   6.4653305824500621E+03   3.3216011638126863E+00   2.2203421765643838E+06
   9.3000000000000000E+03   6.5295419062624819E+02   7.2653262632506880E+02   6.4474396401614649E+03   3.3349324335860993E+00   2.2422906217600307E+06
   9.4000000000000000E+03   6.6007616157375548E+02   7.3543705779050845E+02   6.4415962993489284E+03   3.3482741603965644E+00   2.2641668044420895E+06
   9.5000000000000000E+03   6.6699560057700376E+02   7.4439210187418860E+02   6.4150995036310869E+03   3.3616245914669065E+00   2.2859739812348923E+06
   9.6000000000000000E+03   6.7430252538576281E+02   7.5339744791191322E+02   6.4228876585375119E+03   3.3749820651163680E+00   2.3077154778811974E+06
   9.7000000000000000E+03   6.8124436159117784E+02   7.6245276642118449E+02   6.3960947046222709E+03   3.3883450044665073E+00   2.3293943643702529E+06
   9.8000000000000000E+03   6.8880863053773851E+02   7.7155771365053147E+02   6.4224954782403893E+03   3.4017119122381012E+00   2.3510137025181851E+06
   9.9000000000000000E+03   6.9612212151241852E+02   7.8071193588288531E+02   6.4247788358618864E+03   3.4150813654641037E+00   2.3725764129893319E+06
   1.0000000000000000E+04   7.0351035457227306E+02   7.8991507344652643E+02   6.4315171745549042E+03   3.4284520105802625E+00   2.3940855306015345E+06
   1.0100000000000000E+04   7.1042241082126338E+02   7.9916676444866209E+02   6.3975448154322085E+03   3.4418225586835680E+00   2.4155438811358549E+06
   1.0200000000000000E+04   7.1797260038086233E+02   8.0846664820724766E+02   6.4143102853369546E+03   3.4551917812103250E+00   2.4369542934836922E+06
   1.0300000000000000E+04   7.2485271561922013E+02   8.1781436839960338E+02   6.3767687866664355E+03   3.4685585058240074E+00   2.4583195967172659E+06
   1.0400000000000000E+04   7.3221122285946649E+02   8.2720957591401520E+02   6.3758172185708263E+03   3.4819216126807646E+00   2.4796426908622435E+06
   1.0500000000000000E+04   7.3938236890552753E+02   8.3665193146022943E+02   6.3597046268668237E+03   3.4952800304851408E+00   2.5009263062125486E+06
   1.0600000000000000E+04   7.4673259458423240E+02   8.4614110783640410E+02   6.3560063838420965E+03   3.5086327335108582E+00   2.5221733368474334E+06
   1.0700000000000000E+04   7.5394137833725790E+02   8.5567679199058546E+02   6.3412544049107910E+03   3.5219787381181029E+00   2.5433865539577124E+06
   1.0800000000000000E+04   7.6140307167321828E+02   8.6525868677242408E+02   6.3435243368511556E+03   3.5353170999841157E+00   2.5645688238709527E+06
   1.0900000000000000E+04   7.6879605155917579E+02   8.7488651244287553E+02   6.3399601691409280E+03   3.5486469113757577E+00   2.5857229284411278E+06
   1.1000000000000000E+04   7.7618044342459518E+02   8.8456000794982538E+02   6.3349412983323718E+03   3.5619672984640420E+00   2.6068517867030958E+06
   1.1100000000000000E+04   7.8349529222406068E+02   8.9427893193945511E+02   6.3246101582304418E+03   3.5752774191002108E+00   2.6279582271503988E+06
   1.1200000000000000E+04   7.9085592003652039E+02   9.0404306355840185E+02   6.3166874482073681E+03   3.5885764605498722E+00   2.6490450404298324E+06
   1.1300000000000000E+04   7.9831340899112251E+02   9.1385220302918412E+02   6.3142468604436399E+03   3.6018636374788913E+00   2.6701151632525595E+06
   1.1400000000000000E+04   8.0584456545817511E+02   9.2370617201631421E+02   6.3155731585275835E+03   3.6151381901071207E+00   2.6911714383799969E+06
   1.1500000000000000E+04   8.1329337381278344E+02   9.3360481379317127E+02   6.3110757293028610E+03   3.6283993825299841E+00   2.7122167088189451E+06
   1.1600000000000000E+04   8.2095125307231956E+02   9.4354799324342628E+02   6.3183320070823693E+03   3.6416465009561252E+00   2.7332538284168798E+06
   1.1700000000000000E+04   8.2814372084613740E+02   9.5353559665678210E+02   6.2975732029646679E+03   3.6548788524066360E+00   2.7542856719428347E+06
   1.1800000000000000E+04   8.3591610406322616E+02   9.6356753138031263E+02   6.3098520225119155E+03   3.6680957633303555E+00   2.7753150092142434E+06
   1.1900000000000000E+04   8.4337525118853773E+02   9.7364372530872913E+02   6.3034976570215049E+03   3.6812965784289684E+00   2.7963447360721300E+06
   1.2000000000000000E+04   8.5092810725431968E+02   9.8376412625959722E+02   6.3018490934263855E+03   3.6944806593142778E+00   2.8173775652889009E+06
   1.2100000000000000E+04   8.5840608808508978E+02   9.9392870116931908E+02   6.2955873473010452E+03   3.7076473837948645E+00   2.8384163499203683E+06
   1.2200000000000000E+04   8.6572502392152342E+02   1.0041374352266007E+03   6.2805560349352691E+03   3.7207961446592375E+00   2.8594637206889107E+06
   1.2300000000000000E+04   8.7326981963850096E+02   1.0143903308552839E+03   6.2771630688628384E+03   3.7339263490044612E+00   2.8805224127565050E+06
   1.2400000000000000E+04   8.8077864496027541E+02   1.0246874066196999E+03   6.2714929591728060E+03   3.7470374174389041E+00   2.9015951324914456E+06
   1.2500000000000000E+04   8.8835205226544224E+02   1.0350286960586536E+03   6.2686862919608557E+03   3.7601287832010688E+00   2.9226843683651015E+06
   1.2600000000000000E+04   8.9607036578993313E+02   1.0454142464021886E+03   6.2725350535637781E+03   3.7731998917819487E+00   2.9437927745646755E+06
   1.2700000000000000E+04   9.0366787766223024E+02   1.0558441172597193E+03   6.2699171375896249E+03   3.7862502002116907E+00   2.9649227906904933E+06
   1.2800000000000000E+04   9.1123394312340110E+02   1.0663183792371417E+03   6.2653966167474437E+03   3.7992791765560781E+00   2.9860768835664252E+06
   1.2900000000000000E+04   9.1884061303577516E+02   1.0768371125154345E+03   6.2624278124005968E+03   3.8122862993710314E+00   3.0072574029806475E+06
   1.3000000000000000E+04   9.2679300181462247E+02   1.0874004053634146E+03   6.2748980656737403E+03   3.8252710574928224E+00   3.0284666809343565E+06
   1.3100000000000000E+04   9.3448658729540898E+02   1.0980083526602134E+03   6.2748471190376767E+03   3.8382329494506067E+00   3.0497068323644809E+06
   1.3200000000000000E+04   9.4258849727802544E+02   1.1086610543557481E+03   6.2924975420640203E+03   3.8511714833405555E+00   3.0709801575043066E+06
   1.3300000000000000E+04   9.5048795555534457E+02   1.1193586139638201E+03   6.3003063441975555E+03   3.8640861762384011E+00   3.0922885881148651E+06
   1.3400000000000000E+04   9.5824597957263620E+02   1.1301011369915780E+03   6.3013230868175651E+03   3.8769765542413994E+00   3.1136341419037161E+06
   1.3500000000000000E+04   9.6621881575149814E+02   1.1408887294032211E+03   6.3110362510752757E+03   3.8898421521746096E+00   3.1350187209001081E+06
   1.3600000000000000E+04   9.7404323197509746E+02   1.1517214961080542E+03   6.3138084665483921E+03   3.9026825131293235E+00   3.1564441104408172E+06
   1.3700000000000000E+04   9.8184190531507124E+02   1.1625995394035592E+03   6.3150248267113911E+03   3.9154971886309027E+00   3.1779119254635382E+06
   1.3800000000000000E+04   9.8959015847119031E+02   1.1735229574857210E+03   6.3137557612882883E+03   3.9282857383031091E+00   3.1994238734793216E+06
   1.3900000000000000E+04   9.9736146062059402E+02   1.1844918429662703E+03   6.3130663219174157E+03   3.9410477297212250E+00   3.2209813598334421E+06
   1.4000000000000000E+04   1.0049287015074497E+03   1.1955062814036175E+03   6.3039869415357971E+03   3.9537827384330493E+00   3.2425858306763880E+06
   1.4100000000000000E+04   1.0127611680944387E+03   1.2065663498968897E+03   6.3051128692244529E+03   3.9664903476651614E+00   3.2642385066902423E+06
   1.4200000000000000E+04   1.0209345431923574E+03   1.2176721156802716E+03   6.3188922657693083E+03   3.9791701484278290E+00   3.2859406244450938E+06
   1.4300000000000000E+04   1.0287591080013112E+03   1.2288236347878146E+03   6.3187788795975739E+03   3.9918217393052045E+00   3.3076931659065071E+06
   1.4400000000000000E+04   1.0367438601417887E+03   1.2400209507449404E+03   6.3242941116359525E+03   4.0044447264343450E+00   3.3294971022684574E+06
   1.4500000000000000E+04   1.0447061625603492E+03   1.2512640932975867E+03   6.3285069936209384E+03   4.0170387235891258E+00   3.3513533415729869E+06
   1.4600000000000000E+04   1.0527313785892334E+03   1.2625530772315872E+03   6.3345652529561303E+03   4.0296033518235941E+00   3.3732624229076179E+06
   1.4700000000000000E+04   1.0602540577354905E+03   1.2738879011747529E+03   6.3222418067139133E+03   4.0421382398705710E+00   3.3952252115180129E+06
   1.4800000000000000E+04   1.0690727876171902E+03   1.2852685465316517E+03   6.3555623605962237E+03   4.0546430236801010E+00   3.4172419510221775E+06
   1.4900000000000000E+04   1.0770448147028412E+03   1.2966949764050389E+03   6.3582862391960507E+03   4.0671173467131725E+00   3.4393131017511147E+06
   1.5000000000000000E+04   1.0851060569867270E+03   1.3081671346163880E+03   6.3637282506092388E+03   4.0795608597738751E+00   3.4614389506088900E+06
   1.5100000000000000E+04   1.0929256754562598E+03   1.3196849447580812E+03   6.3605671515876465E+03   4.0919732211352757E+00   3.4836196099006534E+06
   1.5200000000000000E+04   1.1015353270269875E+03   1.3312483093383764E+03   6.3836924975940728E+03   4.1043540962876692E+00   3.5058550741074230E+06
   1.5300000000000000E+04   1.1095656824881187E+03   1.3428571089412003E+03   6.3868106394643874E+03   4.1167031581903224E+00   3.5281452787007117E+06
   1.5400000000000000E+04   1.1176220171629132E+03   1.3545112014834440E+03   6.3904628892780020E+03   4.1290200871036538E+00   3.5504899856603285E+06
   1.5500000000000000E+04   1.1257713888612659E+03   1.3662104215103379E+03   6.3968008303595407E+03   4.1413045706731362E+00   3.5728889002934322E+06
   1.5600000000000000E+04   1.1339374968411444E+03   1.3779545795587512E+03   6.4032991022759252E+03   4.1535563039293004E+00   3.5953415557579035E+06
   1.5700000000000000E+04   1.1420340344326730E+03   1.3897434615914458E+03   6.4072423503301388E+03   4.1657749891618669E+00   3.6178474312686934E+06
   1.5800000000000000E+04   1.1507406747860487E+03   1.4015768284660414E+03   6.4299003221486046E+03   4.1779603360875726E+00   3.6404058357152808E+06
   1.5900000000000000E+04   1.1586350627024819E+03   1.4134544154851462E+03   6.4268189500877907E+03   4.1901120617662455E+00   3.6630160870380462E+06
   1.6000000000000000E+04   1.1667238124411706E+03   1.4253759320049560E+03   6.4295627824561334E+03   4.2022298905169118E+00   3.6856771557917511E+06
   1.6100000000000000E+04   1.1751537417035456E+03   1.4373410610809356E+03   6.4423280654627551E+03   4.2143135540856109E+00   3.7083881443165787E+06
   1.6200000000000000E+04   1.1832597514960180E+03   1.4493494591952353E+03   6.4450327513486436E+03   4.2263627915195157E+00   3.7311479298379426E+06
   1.6300000000000000E+04   1.1915225895510148E+03   1.4614007560262312E+03   6.4521411121714145E+03   4.2383773492089114E+00   3.7539554072741317E+06
   1.6400000000000000E+04   1.2001641825130710E+03   1.4734945542832818E+03   6.4699556647352138E+03   4.2503569808032600E+00   3.7768091263816622E+06
   1.6500000000000000E+04   1.2084069046877664E+03   1.4856304295784778E+03   6.4758070932999535E+03   4.2623014473370731E+00   3.7997078417127780E+06
   1.6600000000000000E+04   1.2167206477408688E+03   1.4978079303743116E+03   6.4834446374188956E+03   4.2742105170620981E+00   3.8226499654381797E+06
   1.6700000000000000E+04   1.2247603859301469E+03   1.5100265779591784E+03   6.4831402600902884E+03   4.2860839655731731E+00   3.8456339362130747E+06
   1.6800000000000000E+04   1.2341523793102131E+03   1.5222858664922971E+03   6.5203553481255940E+03   4.2979215756823583E+00   3.8686582238678662E+06
   1.6900000000000000E+04   1.2420068378907215E+03   1.5345852630867591E+03   6.5143743555356978E+03   4.3097231374189340E+00   3.8917208964694478E+06
   1.7000000000000000E+04   1.2504674776352917E+03   1.5469242079392525E+03   6.5249940873712894E+03   4.3214884480293954E+00   3.9148201183832386E+06
   1.7100000000000000E+04   1.2588874350751857E+03   1.5593021145048544E+03   6.5342540622948882E+03   4.3332173119774646E+00   3.9379539673135621E+06
   1.7200000000000000E+04   1.2674975395025815E+03   1.5717183697167386E+03   6.5483654258802571E+03   4.3449095409230907E+00   3.9611205947333113E+06
   1.7300000000000000E+04   1.2758894213171759E+03   1.5841723342592911E+03   6.5564085389457887E+03   4.3565649535336446E+00   3.9843176915434622E+06
   1.7400000000000000E+04   1.2843289545766099E+03   1.5966633428525422E+03   6.5655305304549411E+03   4.3681833756937261E+00   4.0075433118582657E+06
   1.7500000000000000E+04   1.2927140303963331E+03   1.6091907046076367E+03   6.5730702163557908E+03   4.3797646402533763E+00   4.0307950521343597E+06
   1.7600000000000000E+04   1.3012138576302466E+03   1.6217537033962196E+03   6.5834198786725328E+03   4.3913085870910349E+00   4.0540706565185217E+06
   1.7700000000000000E+04   1.3096720830165746E+03   1.6343515982551025E+03   6.5925460696087421E+03   4.4028150631764875E+00   4.0773678623854467E+06
   1.7800000000000000E+04   1.3183757317394936E+03   1.6469836238501409E+03   6.6077026522700426E+03   4.4142839222351640E+00   4.1006840806552451E+06
   1.7900000000000000E+04   1.3271378920441516E+03   1.6596489909306626E+03   6.6240888521699626E+03   4.4257150250208914E+00   4.1240169777655615E+06
   1.8000000000000000E+04   1.3377175888644722E+03   1.6723468868492473E+03   6.6853914426906067E+03   4.4371082390431562E+00   4.1473638979018908E+06
   1.8100000000000000E+04   1.3450474728384904E+03   1.6850764760844795E+03   6.6656309728301221E+03   4.4484634386719968E+00   4.1707223510230458E+06
   1.8200000000000000E+04   1.3534599008801415E+03   1.6978369008105990E+03   6.6727864054388156E+03   4.4597805049072088E+00   4.1940895932894759E+06
   1.8300000000000000E+04   1.3623181979744327E+03   1.7106272814678682E+03   6.6906629368427884E+03   4.4710593255252453E+00   4.2174630208618538E+06
   1.8400000000000000E+04   1.3703168250967276E+03   1.7234467173759315E+03   6.6878168221190926E+03   4.4822997948903511E+00   4.2408398459110511E+06
   1.8500000000000000E+04   1.3795070483062382E+03   1.7362942873609986E+03   6.7133292482490660E+03   4.4935018138706653E+00   4.2642172955173012E+06
   1.8600000000000000E+04   1.3876945710346861E+03   1.7491690503938123E+03   6.7150311672261814E+03   4.5046652899011557E+00   4.2875925157708963E+06
   1.8700000000000000E+04   1.3962399918240021E+03   1.7620700462570810E+03   6.7251791840666392E+03   4.5157901368367668E+00   4.3109628066607937E+06
   1.8800000000000000E+04   1.4045105155747274E+03   1.7749962962269417E+03   6.7290057900958554E+03   4.5268762748265168E+00   4.3343250937514501E+06
   1.8900000000000000E+04   1.4134593446768699E+03   1.7879468037543063E+03   6.7483971927324137E+03   4.5379236304603827E+00   4.3576766284516752E+06
   1.9000000000000000E+04   1.4220265580938042E+03   1.8009205551863779E+03   6.7590325477401439E+03   4.5489321363916382E+00   4.3810143247279907E+06
   1.9100000000000000E+04   1.4303829552232003E+03   1.8139165204676797E+03   6.7649757627362978E+03   4.5599017315676420E+00   4.4043353292693216E+06
   1.9200000000000000E+04   1.4388889706899790E+03   1.8269336538775949E+03   6.7743607853424355E+03   4.5708323609361265E+00   4.4276366228342280E+06
   1.9300000000000000E+04   1.4480177040703786E+03   1.8399708947572778E+03   6.7975219844837566E+03   4.5817239755290968E+00   4.4509152914192658E+06
   1.9400000000000000E+04   1.4561673323413852E+03   1.8530271682603511E+03   6.7991703471669825E+03   4.5925765321900949E+00   4.4741682251320798E+06
   1.9500000000000000E+04   1.4649498351676882E+03   1.8661013860878529E+03   6.8147434845631451E+03   4.6033899937630398E+00   4.4973924244446745E+06
   1.9600000000000000E+04   1.4747373414255471E+03   1.8791924472511691E+03   6.8519725274057791E+03   4.6141643287565151E+00   4.5205848677836386E+06
   1.9700000000000000E+04   1.4824778938363299E+03   1.8922992388157197E+03   6.8451578338573372E+03   4.6248995115116251E+00   4.5437425138917724E+06
   1.9800000000000000E+04   1.4915463202802830E+03   1.9054206366702260E+03   6.8668748619179842E+03   4.6355955218033786E+00   4.5668622696756721E+06
   1.9900000000000000E+04   1.5004987843253468E+03   1.9185555062689514E+03   6.8861234701199419E+03   4.6462523451134139E+00   4.5899411637789728E+06
   2.0000000000000000E+04   1.5091778819591602E+03   1.9317027033973036E+03   6.8996727448229167E+03   4.6568699723153069E+00   4.6129761781956470E+06
   2.0100000000000000E+04   1.5170852625895416E+03   1.9448610749237610E+03   6.8973513449742741E+03   4.6674483996535834E+00   4.6359641464805240E+06
   2.0200000000000000E+04   1.5257018536781909E+03   1.9580294595523744E+03   6.9099662741984394E+03   4.6779876286388244E+00   4.6589021344900718E+06
   2.0300000000000000E+04   1.5340891775827702E+03   1.9712066885674042E+03   6.9180638425998141E+03   4.6884876660686476E+00   4.6817870640712902E+06
   2.0400000000000000E+04   1.5426984599193670E+03   1.9843915865831127E+03   6.9308704611771145E+03   4.6989485237549502E+00   4.7046158869497897E+06
   2.0500000000000000E+04   1.5514278976894761E+03   1.9975829722754968E+03   6.9462528337557860E+03   4.7093702186288242E+00   4.7273856915288614E+06
   2.0600000000000000E+04   1.5594709908789143E+03   2.0107796591173042E+03   6.9481327705996182E+03   4.7197527725517352E+00   4.7500933923445698E+06
   2.0700000000000000E+04   1.5678478991447860E+03   2.0239804561027765E+03   6.9569546343588445E+03   4.7300962122106025E+00   4.7727360444747051E+06
   2.0800000000000000E+04   1.5763863776199441E+03   2.0371841684605697E+03   6.9691943748379790E+03   4.7404005691597835E+00   4.7953107767853094E+06
   2.0900000000000000E+04   1.5842995676916564E+03   2.0503895983679263E+03   6.9695362279697056E+03   4.7506658794853740E+00   4.8178144433743088E+06
   2.1000000000000000E+04   1.5934983751940897E+03   2.0635955456403049E+03   6.9950137030484693E+03   4.7608921840569707E+00   4.8402442553401766E+06
   2.1100000000000000E+04   1.6042451333051622E+03   2.0768008084268954E+03   7.0503810771181797E+03   4.7710795281500387E+00   4.8625973630147567E+06
   2.1200000000000000E+04   1.6120633871026757E+03   2.0900041838848815E+03   7.0494488991437893E+03   4.7812279614878586E+00   4.8848707863231460E+06
   2.1300000000000000E+04   1.6209165249738408E+03   2.1032044688450460E+03   7.0686379833292467E+03   4.7913375381995698E+00   4.9070618391646268E+06
   2.1400000000000000E+04   1.6292878126286962E+03   2.1164004604702750E+03   7.0789077068009701E+03   4.8014083165264587E+00   4.9291674958858881E+06
   2.1500000000000000E+04   1.6375529774940326E+03   2.1295909568916086E+03   7.0874976288860826E+03   4.8114403590737007E+00   4.9511851701294947E+06
   2.1600000000000000E+04   1.6459215275408483E+03   2.1427747578448598E+03   7.0983519629126704E+03   4.8214337323278267E+00   4.9731119023382487E+06
   2.1700000000000000E+04   1.6540403816403391E+03   2.1559506652811283E+03   7.1049141199734859E+03   4.8313885069294678E+00   4.9949451054312102E+06
   2.1800000000000000E+04   1.6623519411679983E+03   2.1691174839733549E+03   7.1153943106378838E+03   4.8413047573796248E+00   5.0166821410138598E+06
   2.1900000000000000E+04   1.6703752359560708E+03   2.1822740221052186E+03   7.1209711435665176E+03   4.8511825619557580E+00   5.0383202485274794E+06
   2.2000000000000000E+04   1.6786097976893093E+03   2.1954190918451918E+03   7.1307773278820741E+03   4.8610220027117625E+00   5.0598567598466557E+06
   2.2100000000000000E+04   1.6866918896748405E+03   2.2085515099075137E+03   7.1382145221913433E+03   4.8708231653940821E+00   5.0812892443546019E+06
   2.2200000000000000E+04   1.6947824960071684E+03   2.2216700980994060E+03   7.1462064759349805E+03   4.8805861392318795E+00   5.1026150808366537E+06
   2.2300000000000000E+04   1.7026500832064407E+03   2.2347736838508936E+03   7.1506649848794950E+03   4.8903110170209709E+00   5.1238317804072462E+06
   2.2400000000000000E+04   1.7101960404548183E+03   2.2478611007322193E+03   7.1499590320807611E+03   4.8999978948930281E+00   5.1449368441321505E+06
   2.2500000000000000E+04   1.7178642619745976E+03   2.2609311889541091E+03   7.1519230785978862E+03   4.9096468723785458E+00   5.1659279440106554E+06
   2.2600000000000000E+04   1.7257770239732527E+03   2.2739827958544047E+03   7.1586025964841128E+03   4.9192580521550475E+00   5.1868025637039905E+06
   2.2700000000000000E+04   1.7337143035863758E+03   2.2870147763678956E+03   7.1661428561042967E+03   4.9288315401100453E+00   5.2075585039614085E+06
   2.2800000000000000E+04   1.7420882596148692E+03   2.3000259934816354E+03   7.1815330579706006E+03   4.9383674451941770E+00   5.2281933785588676E+06
   2.2900000000000000E+04   1.7498431963411408E+03   2.3130153186744096E+03   7.1868154653083311E+03   4.9478658793372796E+00   5.2487049759252537E+06
   2.3000000000000000E+04   1.7577101267834453E+03   2.3259816323406690E+03   7.1944509444804280E+03   4.9573269573644669E+00   5.2690910429995609E+06
   2.3100000000000000E+04   1.7654693779070601E+03   2.3389238241993762E+03   7.2007435212672199E+03   4.9667507970171130E+00   5.2893495034667626E+06
   2.3200000000000000E+04   1.7734444653892140E+03   2.3518407936866297E+03   7.2110745435013268E+03   4.9761375187010906E+00   5.3094782044023257E+06
   2.3300000000000000E+04   1.7812202079649433E+03   2.3647314503336620E+03   7.2185540567236403E+03   4.9854872455497130E+00   5.3294750254757646E+06
   2.3400000000000000E+04   1.7889517003431954E+03   2.3775947141287247E+03   7.2257752270161018E+03   4.9948001032558791E+00   5.3493380252749482E+06
   2.3500000000000000E+04   1.7965461647238305E+03   2.3904295158648447E+03   7.2312466253156881E+03   5.0040762201140545E+00   5.3690652235615728E+06
   2.3600000000000000E+04   1.8044585901652881E+03   2.4032347974705758E+03   7.2423346511978607E+03   5.0133157267894708E+00   5.3886546376561364E+06
   2.3700000000000000E+04   1.8134708510016662E+03   2.4160095123273577E+03   7.2715048968121655E+03   5.0225187563391120E+00   5.4081043924910054E+06
   2.3800000000000000E+04   1.8209772371449735E+03   2.4287526255718171E+03   7.2768712423022307E+03   5.0316854441697556E+00   5.4274127213340709E+06
   2.3900000000000000E+04   1.8284074904135127E+03   2.4414631143818833E+03   7.2815406488048902E+03   5.0408159278701312E+00   5.4465777829609113E+06
   2.4000000000000000E+04   1.8357270100966884E+03   2.4541399682503034E+03   7.2849880761325021E+03   5.0499103472319007E+00   5.4655978082857644E+06
   2.4100000000000000E+04   1.8430664611570510E+03   2.4667821892414609E+03   7.2892879163618172E+03   5.0589688440818037E+00   5.4844712477084175E+06
   2.4200000000000000E+04   1.8498575448811675E+03   2.4793887922363779E+03   7.2856050963016696E+03   5.0679915623026579E+00   5.5031962939157346E+06
   2.4300000000000000E+04   1.8578098728880182E+03   2.4919588051620672E+03   7.3004706551482977E+03   5.0769786477284446E+00   5.5217714330322891E+06
   2.4400000000000000E+04   1.8647939559480983E+03   2.5044912692071975E+03   7.3008907255652457E+03   5.0859302480603894E+00   5.5401952247806881E+06
   2.4500000000000000E+04   1.8719730491298183E+03   2.5169852390240503E+03   7.3048674216268955E+03   5.0948465127830431E+00   5.5584659336195439E+06
   2.4600000000000000E+04   1.8790090909734668E+03   2.5294397829198779E+03   7.3072202865359113E+03   5.1037275932272230E+00   5.5765823030714523E+06
   2.4700000000000000E+04   1.8860764514345303E+03   2.5418539830288814E+03   7.3106056694564822E+03   5.1125736422972672E+00   5.5945428551628031E+06
   2.4800000000000000E+04   1.8927873294243514E+03   2.5542269354787372E+03   7.3092211831521690E+03   5.1213848145969214E+00   5.6123463334306460E+06
   2.4900000000000000E+04   1.8990904640295375E+03   2.5665577505383903E+03   7.3024183326232733E+03   5.1301612662404983E+00   5.6299912961404203E+06
   2.5000000000000000E+04   1.9057737961662167E+03   2.5788455527576957E+03   7.3018905201044890E+03   5.1389031548738879E+00   5.6474765973211583E+06
   2.5100000000000000E+04   1.9135298705137398E+03   2.5910894810912428E+03   7.3176249614644048E+03   5.1476106395276719E+00   5.6648009795166394E+06
   2.5200000000000000E+04   1.9202363944391204E+03   2.6032886890151576E+03   7.3185167893790449E+03   5.1562838806800695E+00   5.6819632588351350E+06
   2.5300000000000000E+04   1.9269754776284437E+03   2.6154423446252354E+03   7.3204586928470972E+03   5.1649230400261628E+00   5.6989623620269615E+06
   2.5400000000000000E+04   1.9337256039205834E+03   2.6275496307330673E+03   7.3231248849411886E+03   5.1735282806247476E+00   5.7157972523168437E+06
   2.5500000000000000E+04   1.9410413926431052E+03   2.6396097449410131E+03   7.3344172528011059E+03   5.1820997666465782E+00   5.7324668174876515E+06
   2.5600000000000000E+04   1.9486973697506405E+03   2.6516218997144524E+03   7.3510147978656669E+03   5.1906376634373022E+00   5.7489701300278958E+06
   2.5700000000000000E+04   1.9556000163343538E+03   2.6635853224410243E+03   7.3573666785801879E+03   5.1991421374754996E+00   5.7653062983880695E+06
   2.5800000000000000E+04   1.9615191319265068E+03   2.6754992554746004E+03   7.3504048698003371E+03   5.2076133561628950E+00   5.7814743547458500E+06
   2.5900000000000000E+04   1.9684827733339557E+03   2.6873629561809726E+03   7.3587056802535544E+03   5.2160514880131581E+00   5.7974735530959442E+06
   2.6000000000000000E+04   1.9748456320698049E+03   2.6991756969603143E+03   7.3591523998618022E+03   5.2244567023791717E+00   5.8133029959801212E+06
   2.6100000000000000E+04   1.9810495861104553E+03   2.7109367652708524E+03   7.3579867000667455E+03   5.2328291695369495E+00   5.8289620447883476E+06
   2.6200000000000000E+04   1.9866144169258619E+03   2.7226454636356948E+03   7.3486665466284503E+03   5.2411690605178034E+00   5.8444498713004766E+06
   2.6300000000000000E+04   1.9933505420136523E+03   2.7343011096495579E+03   7.3559841061175212E+03   5.2494765472132308E+00   5.8597658684285237E+06
   2.6400000000000000E+04   1.9994050965151569E+03   2.7459030359689218E+03   7.3545715727896404E+03   5.2577518022280607E+00   5.8749094256952014E+06
   2.6500000000000000E+04   2.0052638645807319E+03   2.7574505902942306E+03   7.3511215208415351E+03   5.2659949987545698E+00   5.8898798912759721E+06
   2.6600000000000000E+04   2.0113790108794419E+03   2.7689431353558807E+03   7.3517131089366258E+03   5.2742063107822821E+00   5.9046768715107935E+06
   2.6700000000000000E+04   2.0174268798771864E+03   2.7803800488743059E+03   7.3519760777013671E+03   5.2823859127832735E+00   5.9192997433208693E+06
   2.6800000000000000E+04   2.0232686983492433E+03   2.7917607235240707E+03   7.3500854923017487E+03   5.2905339797331461E+00   5.9337480660187518E+06
   2.6900000000000000E+04   2.0287002362845974E+03   2.8030845668942466E+03   7.3434057203961820E+03   5.2986506872159289E+00   5.9480213936474230E+06
   2.7000000000000000E+04   2.0345436695023168E+03   2.8143510014295011E+03   7.3427368264992992E+03   5.3067362111932956E+00   5.9621194622521065E+06
   2.7100000000000000E+04   2.0392685150085481E+03   2.8255594643778109E+03   7.3281708985868900E+03   5.3147907281304461E+00   5.9760418515798794E+06
   2.7200000000000000E+04   2.0448171668719217E+03   2.8367094077157203E+03   7.3249260380975866E+03   5.3228144147023864E+00   5.9897881721211458E+06
   2.7300000000000000E+04   2.0502797396313204E+03   2.8478002980911238E+03   7.3211745976408583E+03   5.3308074481086294E+00   6.0033583283293257E+06
   2.7400000000000000E+04   2.0559205867714854E+03   2.8588316167339453E+03   7.3202765382751486E+03   5.3387700057165315E+00   6.0167520291676121E+06
   2.7500000000000000E+04   2.0627251004821460E+03   2.8698028593818467E+03   7.3346270866795485E+03   5.3467022652291236E+00   6.0299690885937084E+06
   2.7600000000000000E+04   2.0667712355411800E+03   2.8807135361853911E+03   7.3147394719623780E+03   5.3546044044753280E+00   6.0430093121288903E+06
   2.7700000000000000E+04   2.0721741160566935E+03   2.8915631716217686E+03   7.3125486830493337E+03   5.3624766015358318E+00   6.0558726095699193E+06
   2.7800000000000000E+04   2.0811656116014988E+03   2.9023513043933017E+03   7.3555515890137358E+03   5.3703190346171992E+00   6.0685588437126363E+06
   2.7900000000000000E+04   2.0882611177065423E+03   2.9130774873255655E+03   7.3752979132289411E+03   5.3781318820308961E+00   6.0810680561973378E+06
   2.8000000000000000E+04   2.0959346918305005E+03   2.9237412872610835E+03   7.4026600267906933E+03   5.3859153221723126E+00   6.0934001653269446E+06
   2.8100000000000000E+04   2.1009795269717079E+03   2.9343422849497788E+03   7.3977304682591712E+03   5.3936695335207512E+00   6.1055552674563769E+06
   2.8200000000000000E+04   2.1055758116715597E+03   2.9448800749279776E+03   7.3878669816162956E+03   5.4013946944716071E+00   6.1175333344969470E+06
   2.8300000000000000E+04   2.1104619682717480E+03   2.9553542654055723E+03   7.3821986554580153E+03   5.4090909834412466E+00   6.1293344021890350E+06
   2.8400000000000000E+04   2.1142977348919608E+03   2.9657644781442541E+03   7.3643617534753903E+03   5.4167585788460348E+00   6.1409587209787872E+06
   2.8500000000000000E+04   2.1191344378488966E+03   2.9761103483255474E+03   7.3593409719852098E+03   5.4243976589345015E+00   6.1524062640862921E+06
   2.8600000000000000E+04   2.1236535571803652E+03   2.9863915244290156E+03   7.3510859898891213E+03   5.4320084019132073E+00   6.1636773698059935E+06
   2.8700000000000000E+04   2.1307241702464330E+03   2.9966076680960182E+03   7.3739070013632836E+03   5.4395909858208835E+00   6.1747721738154013E+06
   2.8800000000000000E+04   2.1363299216087780E+03   3.0067584539943941E+03   7.3796156873597029E+03   5.4471455884864417E+00   6.1856908733247444E+06
   2.8900000000000000E+04   2.1378649026227858E+03   3.0168435696864944E+03   7.3376115098235123E+03   5.4546723876129235E+00   6.1964337646467397E+06
   2.9000000000000000E+04   2.1422086735146831E+03   3.0268627154829255E+03   7.3296127695514433E+03   5.4621715606096428E+00   6.2070010911671603E+06
   2.9100000000000000E+04   2.1468372717357388E+03   3.0368156043079093E+03   7.3255142154690875E+03   5.4696432847180727E+00   6.2173932323571378E+06
   2.9200000000000000E+04   2.1502728108475112E+03   3.0467019615485510E+03   7.3081518885796186E+03   5.4770877368440001E+00   6.2276104759110482E+06
   2.9300000000000000E+04   2.1585715240908880E+03   3.0565215249121648E+03   7.3475364111719964E+03   5.4845050935994912E+00   6.2376532067562677E+06
   2.9400000000000000E+04   2.1619875363049468E+03   3.0662740442809131E+03   7.3309136077554822E+03   5.4918955313238591E+00   6.2475218308534427E+06
   2.9500000000000000E+04   2.1664372189864680E+03   3.0759592815565466E+03   7.3267850730531682E+03   5.4992592259368251E+00   6.2572167746553579E+06
   2.9600000000000000E+04   2.1710824591412520E+03   3.0855770105149995E+03   7.3254040866567948E+03   5.5065963530224158E+00   6.2667384087404506E+06
   2.9700000000000000E+04   2.1750880923918021E+03   3.0951270166555942E+03   7.3172707597722347E+03   5.5139070878289731E+00   6.2760872751420662E+06
   2.9800000000000000E+04   2.1786722101974337E+03   3.1046090970395603E+03   7.3049531338084553E+03   5.5211916050803396E+00   6.2852637451122301E+06
   2.9900000000000000E+04   2.1822637949211176E+03   3.1140230601485223E+03   7.2933213913929239E+03   5.5284500792066211E+00   6.2942684744655984E+06
   3.0000000000000000E+04   2.1857501788384238E+03   3.1233687257178321E+03   7.2811099711470724E+03   5.5356826840924525E+00   6.3031019093250614E+06
   3.0100000000000000E+04   2.1879858148423718E+03   3.1326459245838009E+03   7.2557153363755770E+03   5.5428895931189279E+00   6.3117645514544304E+06
   3.0200000000000000E+04   2.1925531315680782E+03   3.1418544985368526E+03   7.2565816919600220E+03   5.5500709793314620E+00   6.3202571481207963E+06
   3.0300000000000000E+04   2.1984479985715693E+03   3.1509943001471966E+03   7.2723993586563038E+03   5.5572270150831224E+00   6.3285800451556500E+06
   3.0400000000000000E+04   2.2016750408138669E+03   3.1600651926245218E+03   7.2595035005332866E+03   5.5643578723493228E+00   6.3367340611416595E+06
   3.0500000000000000E+04   2.2049418888755117E+03   3.1690670496482053E+03   7.2476157357248849E+03   5.5714637224760830E+00   6.3447196883575283E+06
   3.0600000000000000E+04   2.2075108876955319E+03   3.1779997552167802E+03   7.2287991088998042E+03   5.5785447363058802E+00   6.3525376628594510E+06
   3.0700000000000000E+04   2.2118245278369418E+03   3.1868632034875272E+03   7.2292334410545200E+03   5.5856010841147361E+00   6.3601886978405975E+06
   3.0800000000000000E+04   2.2203196071919187E+03   3.1956572986115225E+03   7.2747937667063807E+03   5.5926329354653355E+00   6.3676733307936369E+06
   3.0900000000000000E+04   2.2267229463460094E+03   3.2043819545919628E+03   7.2983225919930865E+03   5.5996404595007556E+00   6.3749923799959216E+06
   3.1000000000000000E+04   2.2299561669461568E+03   3.2130370951095147E+03   7.2882421778358812E+03   5.6066238246087936E+00   6.3821464490976837E+06
   3.1100000000000000E+04   2.2328658362019241E+03   3.2216226533766344E+03   7.2752481043959506E+03   5.6135831986317495E+00   6.3891364598787045E+06
   3.1200000000000000E+04   2.2357219884064179E+03   3.2301385719722575E+03   7.2622399407923194E+03   5.6205187486985970E+00   6.3959629281265214E+06
   3.1300000000000000E+04   2.2386592336817603E+03   3.2385848026902213E+03   7.2506274439938215E+03   5.6274306413088944E+00   6.4026267250799257E+06
   3.1400000000000000E+04   2.2403430167325910E+03   3.2469613063837410E+03   7.2264801495696065E+03   5.6343190423328089E+00   6.4091287343173651E+06
   3.1500000000000000E+04   2.2429497860885954E+03   3.2552680528036717E+03   7.2125565869612647E+03   5.6411841168852010E+00   6.4154695462577306E+06
   3.1600000000000000E+04   2.2464056512595971E+03   3.2635050204508639E+03   7.2079054838900938E+03   5.6480260294515254E+00   6.4216501439844649E+06
   3.1700000000000000E+04   2.2479940859675221E+03   3.2716721964157045E+03   7.1845824128708518E+03   5.6548449437619510E+00   6.4276712166210152E+06
   3.1800000000000000E+04   2.2501803323127779E+03   3.2797695762296707E+03   7.1679779470826797E+03   5.6616410228752736E+00   6.4335336927633984E+06
   3.1900000000000000E+04   2.2520667084416887E+03   3.2877971637086548E+03   7.1489049094233242E+03   5.6684144290950060E+00   6.4392382824601103E+06
   3.2000000000000000E+04   2.2536485542350238E+03   3.2957549708039232E+03   7.1273656000697729E+03   5.6751653240113180E+00   6.4447859727042671E+06
   3.2100000000000000E+04   2.2551465825819851E+03   3.3036430174517609E+03   7.1056028548180002E+03   5.6818938685010627E+00   6.4501776075089043E+06
   3.2200000000000000E+04   2.2571729013830704E+03   3.3114613314171902E+03   7.0896545654123192E+03   5.6886002226018739E+00   6.4554140400438560E+06
   3.2300000000000000E+04   2.2595666063825429E+03   3.3192099481524151E+03   7.0778304952032968E+03   5.6952845456380565E+00   6.4604960941684349E+06
   3.2400000000000000E+04   2.2617329482321643E+03   3.3268889106494653E+03   7.0642558740859668E+03   5.7019469962205909E+00   6.4654247931421800E+06
   3.2500000000000000E+04   2.2716996929733045E+03   3.3344982692871058E+03   7.1273888236024013E+03   5.7085877321212370E+00   6.4702009393081777E+06
   3.2600000000000000E+04   2.2739939959325261E+03   3.3420380816868442E+03   7.1156000330888155E+03   5.7152069102935332E+00   6.4748254955547797E+06
   3.2700000000000000E+04   2.2749313259396490E+03   3.3495084125758731E+03   7.0910702536195085E+03   5.7218046869986603E+00   6.4792993559251092E+06
   3.2800000000000000E+04   2.2730111668312979E+03   3.3569093336351893E+03   7.0396764521639207E+03   5.7283812176376081E+00   6.4836235361934891E+06
   3.2900000000000000E+04   2.2757168345175555E+03   3.3642409233615567E+03   7.0334315823891575E+03   5.7349366568141278E+00   6.4877988298221622E+06
   3.3000000000000000E+04   2.2778218490739910E+03   3.3715032669284437E+03   7.0218654905006006E+03   5.7414711583556794E+00   6.4918262659905981E+06
   3.3100000000000000E+04   2.2784432890020480E+03   3.3786964560437059E+03   6.9967244780094461E+03   5.7479848752505305E+00   6.4957068801437868E+06
   3.3200000000000000E+04   2.2781588942685535E+03   3.3858205888131647E+03   6.9637122298189606E+03   5.7544779596687050E+00   6.4994415608102838E+06
   3.3300000000000000E+04   2.2807035011575790E+03   3.3928757696021112E+03   6.9576844040057822E+03   5.7609505629200388E+00   6.5030312020798204E+06
   3.3400000000000000E+04   2.2812937109838526E+03   3.3998621089062308E+03   6.9339381138124254E+03   5.7674028355590776E+00   6.5064768563036714E+06
   3.3500000000000000E+04   2.2820148658947587E+03   3.4067797232124462E+03   6.9119531274649271E+03   5.7738349272801779E+00   6.5097795044253645E+06
   3.3600000000000000E+04   2.2868798152874288E+03   3.4136287348669175E+03   6.9283923995824971E+03   5.7802469869175033E+00   6.5129401321394509E+06
   3.3700000000000000E+04   2.2899623116377811E+03   3.4204092719467890E+03   6.9287711835622285E+03   5.7866391624869804E+00   6.5159597296342812E+06
   3.3800000000000000E+04   2.2904590492430243E+03   3.4271214681276419E+03   6.9059038542250064E+03   5.7930116011233697E+00   6.5188392147818198E+06
   3.3900000000000000E+04   2.2914791928306536E+03   3.4337654625627370E+03   6.8882926452127649E+03   5.7993644492061378E+00   6.5215797389325583E+06
   3.4000000000000000E+04   2.2956315334576325E+03   3.4403413997454204E+03   6.8993519106524463E+03   5.8056978521496667E+00   6.5241821893468220E+06
   3.4100000000000000E+04   2.2969387021969633E+03   3.4468494293947647E+03   6.8850578290678768E+03   5.8120119545920552E+00   6.5266476097064866E+06
   3.4200000000000000E+04   2.3011663310481208E+03   3.4532897063267001E+03   6.8973463902098129E+03   5.8183069002902377E+00   6.5289770468937634E+06
   3.4300000000000000E+04   2.3024606950914199E+03   3.4596623903323784E+03   6.8836199469684170E+03   5.8245828321199733E+00   6.5311713593625054E+06
   3.4400000000000000E+04   2.3031998487978535E+03   3.4659676460637643E+03   6.8653571049377333E+03   5.8308398921807552E+00   6.5332318292438406E+06
   3.4500000000000000E+04   2.3042207395718015E+03   3.4722056429036256E+03   6.8500271121772948E+03   5.8370782215859984E+00   6.5351592052776096E+06
   3.4600000000000000E+04   2.3018564804203356E+03   3.4783765548633028E+03   6.8054288133970913E+03   5.8432979607357840E+00   6.5369547743163100E+06
   3.4700000000000000E+04   2.3031502288656857E+03   3.4844805604512276E+03   6.7934277024022686E+03   5.8494992490231521E+00   6.5386193658351805E+06
   3.4800000000000000E+04   2.3087632418537946E+03   3.4905178425703184E+03   6.8193339675385650E+03   5.8556822250438847E+00   6.5401540024755606E+06
   3.4900000000000000E+04   2.3097799369461904E+03   3.4964885884043870E+03   6.8054776387903094E+03   5.8618470265755231E+00   6.5415598233179254E+06
   3.5000000000000000E+04   2.3103449625818521E+03   3.5023929892992778E+03   6.7880956290762970E+03   5.8679937904305381E+00   6.5428378539215494E+06
   3.5100000000000000E+04   2.3103013154184628E+03   3.5082312406625711E+03   6.7658976366612351E+03   5.8741226526241253E+00   6.5439890443733260E+06
   3.5200000000000000E+04   2.3115361499710211E+03   3.5140035418500825E+03   6.7550656865792316E+03   5.8802337482693403E+00   6.5450144605864072E+06
   3.5300000000000000E+04   2.3152492786304624E+03   3.5197100960640792E+03   6.7656881344335170E+03   5.8863272116610137E+00   6.5459152075701151E+06
   3.5400000000000000E+04   2.3140017841418203E+03   3.5253511102406237E+03   6.7343652099887931E+03   5.8924031761288651E+00   6.5466921609394085E+06
   3.5500000000000000E+04   2.3151796432720344E+03   3.5309267949598352E+03   6.7240378282819293E+03   5.8984617742892969E+00   6.5473465415516486E+06
   3.5600000000000000E+04   2.3162721793865235E+03   3.5364373643273084E+03   6.7133135596979664E+03   5.9045031377306811E+00   6.5478792255605469E+06
   3.5700000000000000E+04   2.3168789639188085E+03   3.5418830358885207E+03   6.6988465477638792E+03   5.9105273972860877E+00   6.5482913190230252E+06
   3.5800000000000000E+04   2.3166368424928264E+03   3.5472640305211653E+03   6.6776702344119631E+03   5.9165346828654570E+00   6.5485838511659568E+06
   3.5900000000000000E+04   2.3172017241528838E+03   3.5525805723446806E+03   6.6635800341557097E+03   5.9225251235814858E+00   6.5487578892406486E+06
   3.6000000000000000E+04   2.3177019625369221E+03   3.5578328886178679E+03   6.6492949211314208E+03   5.9284988476237288E+00   6.5488144232761702E+06
   3.6100000000000000E+04   2.3213523111278678E+03   3.5630212096469431E+03   6.6612182438299824E+03   5.9344559823005740E+00   6.5487544425900327E+06
   3.6200000000000000E+04   2.3180299272439934E+03   3.5681457686994777E+03   6.6162417932282024E+03   5.9403966541651210E+00   6.5485790507446006E+06
   3.6300000000000000E+04   2.3156699351522702E+03   3.5732068019020635E+03   6.5798210629259584E+03   5.9463209888053701E+00   6.5482892735794531E+06
   3.6400000000000000E+04   2.3154104243877096E+03   3.5782045481572059E+03   6.5608573523161349E+03   5.9522291109701166E+00   6.5478860590938022E+06
   3.6500000000000000E+04   2.3161895856249816E+03   3.5831392490593853E+03   6.5505600198970797E+03   5.9581211446528535E+00   6.5473705841472419E+06
   3.6600000000000000E+04   2.3164100732033794E+03   3.5880111487960658E+03   6.5360947921213265E+03   5.9639972128610186E+00   6.5467436789367730E+06
   3.6700000000000000E+04   2.3155837785347321E+03   3.5928204940743540E+03   6.5136530715457893E+03   5.9698574378467448E+00   6.5460065556997284E+06
   3.6800000000000000E+04   2.3157220957869190E+03   3.5975675340281928E+03   6.4991974703791548E+03   5.9757019409390359E+00   6.5451601180398650E+06
   3.6900000000000000E+04   2.3153386467695000E+03   3.6022525201423191E+03   6.4809577764899186E+03   5.9815308426696481E+00   6.5442053828584040E+06
   3.7000000000000000E+04   2.3151191913418365E+03   3.6068757061699280E+03   6.4643352460660226E+03   5.9873442627521039E+00   6.5431434802203942E+06
   3.7100000000000000E+04   2.3148049117086803E+03   3.6114373480474192E+03   6.4472958390533340E+03   5.9931423199767915E+00   6.5419752310533160E+06
   3.7200000000000000E+04   2.3184581825121086E+03   3.6159377038224638E+03   6.4612968599416799E+03   5.9989251323368507E+00   6.5407017611381337E+06
   3.7300000000000000E+04   2.3155434831739176E+03   3.6203770335768791E+03   6.4246818639377880E+03   6.0046928170281708E+00   6.5393240787988584E+06
   3.7400000000000000E+04   2.3178892093818090E+03   3.6247555993476349E+03   6.4289524582492941E+03   6.0104454903864486E+00   6.5378432283410970E+06
   3.7500000000000000E+04   2.3148612711096116E+03   3.6290736650513859E+03   6.3922712310103689E+03   6.0161832678662073E+00   6.5362601747115096E+06
   3.7600000000000000E+04   2.3139263855615641E+03   3.6333314964178157E+03   6.3720092850004366E+03   6.0219062641666810E+00   6.5345758802247392E+06
   3.7700000000000000E+04   2.3166148974559833E+03   3.6375293609114137E+03   6.3794855310896173E+03   6.0276145931059295E+00   6.5327913044051733E+06
   3.7800000000000000E+04   2.3149123212688132E+03   3.6416675276663309E+03   6.3539536073495665E+03   6.0333083677257466E+00   6.5309075575902369E+06
   3.7900000000000000E+04   2.3151691540996126E+03   3.6457462674139579E+03   6.3435025430176183E+03   6.0389877002287093E+00   6.5289255167050930E+06
   3.8000000000000000E+04   2.3200279607887160E+03   3.6497658524171070E+03   6.3678405204880009E+03   6.0446527020201506E+00   6.5268462861355813E+06
   3.8100000000000000E+04   2.3178026754297011E+03   3.6537265564001482E+03   6.3391464950540521E+03   6.0503034836452034E+00   6.5246707750325939E+06
   3.8200000000000000E+04   2.3184412604179415E+03   3.6576286544888253E+03   6.3321960954816150E+03   6.0559401548937180E+00   6.5223999277542634E+06
   3.8300000000000000E+04   2.3169038354612671E+03   3.6614724231418140E+03   6.3092947272009696E+03   6.0615628247163249E+00   6.5200347237655232E+06
   3.8400000000000000E+04   2.3171917379082033E+03   3.6652581400918748E+03   6.3002133023744864E+03   6.0671716013083676E+00   6.5175762160504423E+06
   3.8500000000000000E+04   2.3147292231154561E+03   3.6689860842788080E+03   6.2711214925568720E+03   6.0727665920050091E+00   6.5150253003788916E+06
   3.8600000000000000E+04   2.3138648875555377E+03   3.6726565357940203E+03   6.2541089454309376E+03   6.0783479033860965E+00   6.5123829458551854E+06
   3.8700000000000000E+04   2.3122502254340543E+03   3.6762697758189479E+03   6.2319162621203914E+03   6.0839156412342579E+00   6.5096501179883182E+06
   3.8800000000000000E+04   2.3111834577102354E+03   3.6798260865667285E+03   6.2140057595819426E+03   6.0894699105348442E+00   6.5068277786058588E+06
   3.8900000000000000E+04   2.3098260722672035E+03   3.6833257512260266E+03   6.1942801903560694E+03   6.0950108154969431E+00   6.5039168088583406E+06
   3.9000000000000000E+04   2.3081023389251559E+03   3.6867690539059849E+03   6.1722243555547175E+03   6.1005384595743610E+00   6.5009182399578374E+06
   3.9100000000000000E+04   2.3113247547562355E+03   3.6901562795771556E+03   6.1857807892908450E+03   6.1060529453816796E+00   6.4978329068658026E+06
   3.9200000000000000E+04   2.3109230490650425E+03   3.6934877140257840E+03   6.1735744490642701E+03   6.1115543748621253E+00   6.4946618715086095E+06
   3.9300000000000000E+04   2.3097365824197163E+03   3.6967636437918409E+03   6.1560083883139341E+03   6.1170428490987199E+00   6.4914059993982092E+06
   3.9400000000000000E+04   2.3073105217468014E+03   3.6999843561243993E+03   6.1299441581019428E+03   6.1225184684611600E+00   6.4880662289687674E+06
   3.9500000000000000E+04   2.3056532266600320E+03   3.7031501389268906E+03   6.1096235645871157E+03   6.1279813325218955E+00   6.4846434560762662E+06
   3.9600000000000000E+04   2.3046923840279878E+03   3.7062612807114865E+03   6.0944504170189784E+03   6.1334315401400383E+00   6.4811386109055523E+06
   3.9700000000000000E+04   2.3045613751917217E+03   3.7093180705464320E+03   6.0852894895962563E+03   6.1388691893774583E+00   6.4775525424286965E+06
   3.9800000000000000E+04   2.3025984319695581E+03   3.7123207980144061E+03   6.0635939773434857E+03   6.1442943776246519E+00   6.4738863264420507E+06
   3.9900000000000000E+04   2.3041229083214503E+03   3.7152697531579179E+03   6.0662986139029163E+03   6.1497072014329026E+00   6.4701406878553256E+06
   4.0000000000000000E+04   2.2987562253619967E+03   3.7181652264406057E+03   6.0216297449923577E+03   6.1551077566611436E+00   6.4663165012616944E+06
   4.0100000000000000E+04   2.3013037466325045E+03   3.7210075087015157E+03   6.0316586810637937E+03   6.1604961384549828E+00   6.4624147909787176E+06
   4.0200000000000000E+04   2.2997024537637217E+03   3.7237968911113239E+03   6.0133826965550888E+03   6.1658724412466945E+00   6.4584364228807343E+06
   4.0300000000000000E+04   2.2980338808247243E+03   3.7265336651236698E+03   5.9948910840689241E+03   6.1712367586293473E+00   6.4543821812456455E+06
   4.0400000000000000E+04   2.2963604042993006E+03   3.7292181224440042E+03   5.9766079541129675E+03   6.1765891835875717E+00   6.4502529615091933E+06
   4.0500000000000000E+04   2.2922532506415741E+03   3.7318505549836705E+03   5.9421801775874146E+03   6.1819298083926766E+00   6.4460498088013995E+06
   4.0600000000000000E+04   2.2940567944534196E+03   3.7344312548140274E+03   5.9477570793504074E+03   6.1872587244767550E+00   6.4417733010997018E+06
   4.0700000000000000E+04   2.2904074306727080E+03   3.7369605141388288E+03   5.9169360789755892E+03   6.1925760226844568E+00   6.4374244744247459E+06
   4.0800000000000000E+04   2.2904686145718574E+03   3.7394386252500299E+03   5.9111415309721669E+03   6.1978817931470944E+00   6.4330042060241336E+06
   4.0900000000000000E+04   2.2882310085569347E+03   3.7418658804883826E+03   5.8902367457778655E+03   6.2031761252406969E+00   6.4285132142401813E+06
   4.1000000000000000E+04   2.2868022907203758E+03   3.7442425722106027E+03   5.8749182384262067E+03   6.2084591076699205E+00   6.4239524055663021E+06
   4.1100000000000000E+04   2.2837132612993787E+03   3.7465689927534982E+03   5.8488948083890873E+03   6.2137308284680559E+00   6.4193226433248585E+06
   4.1200000000000000E+04   2.2828621244018432E+03   3.7488454343970443E+03   5.8377862790605750E+03   6.2189913749550554E+00   6.4146247089284835E+06
   4.1300000000000000E+04   2.2792223676134736E+03   3.7510721893320315E+03   5.8086956361321063E+03   6.2242408337795112E+00   6.4098594562909510E+06
   4.1400000000000000E+04   2.2775083604253127E+03   3.7532495496266151E+03   5.7923823571418488E+03   6.2294792909186487E+00   6.4050277731926087E+06
   4.1500000000000000E+04   2.2746702881800561E+03   3.7553778071917700E+03   5.7690301489191752E+03   6.2347068316363501E+00   6.4001303110532509E+06
   4.1600000000000000E+04   2.2742162952106869E+03   3.7574572537531071E+03   5.7612153074847311E+03   6.2399235405670979E+00   6.3951679481382137E+06
   4.1700000000000000E+04   2.2796763264824199E+03   3.7594881808187502E+03   5.7915580148847012E+03   6.2451295016949864E+00   6.3901415193687053E+06
   4.1800000000000000E+04   2.2779750380040414E+03   3.7614708796461364E+03   5.7759088562920488E+03   6.2503247982907784E+00   6.3850517776386132E+06
   4.1900000000000000E+04   2.2758557442242409E+03   3.7634056412178306E+03   5.7577687738217919E+03   6.2555095130377865E+00   6.3798996255618194E+06
   4.2000000000000000E+04   2.2797414633048843E+03   3.7652927562070158E+03   5.7782548868019257E+03   6.2606837279059979E+00   6.3746857291745460E+06
   4.2100000000000000E+04   2.2721262326807250E+03   3.7671325149519625E+03   5.7253275191615194E+03   6.2658475242150056E+00   6.3694109041987881E+06
   4.2200000000000000E+04   2.2650124796749737E+03   3.7689252074311207E+03   5.6763018706077883E+03   6.2710009826969602E+00   6.3640759229297247E+06
   4.2300000000000000E+04   2.2678364130744380E+03   3.7706711232307525E+03   5.6900903453990277E+03   6.2761441833706764E+00   6.3586815141460486E+06
   4.2400000000000000E+04   2.2603918061534118E+03   3.7723705515276624E+03   5.6396530113503104E+03   6.2812772057514525E+00   6.3532285565120475E+06
   4.2500000000000000E+04   2.2598147855366910E+03   3.7740237810510025E+03   5.6323762219424334E+03   6.2864001285573190E+00   6.3477176531207031E+06
   4.2600000000000000E+04   2.2553943211405963E+03   3.7756311000680862E+03   5.6014543654331274E+03   6.2915130299608375E+00   6.3421496342744827E+06
   4.2700000000000000E+04   2.2548088500923855E+03   3.7771927963599533E+03   5.5944151057414956E+03   6.2966159875890648E+00   6.3365253255030019E+06
   4.2800000000000000E+04   2.2522948184106604E+03   3.7787091571888059E+03   5.5756597922356423E+03   6.3017090783137837E+00   6.3308453153426666E+06
   4.2900000000000000E+04   2.2504660492018529E+03   3.7801804692837545E+03   5.5612784283771980E+03   6.3067923784612754E+00   6.3251104583243448E+06
   4.3000000000000000E+04   2.2476482589487246E+03   3.7816070188164913E+03   5.5410371218870796E+03   6.3118659637703800E+00   6.3193214106931118E+06
   4.3100000000000000E+04   2.2456383522087867E+03   3.7829890913767354E+03   5.5258863011188232E+03   6.3169299093295530E+00   6.3134789399609566E+06
   4.3200000000000000E+04   2.2424663203850828E+03   3.7843269719552486E+03   5.5038863410208278E+03   6.3219842896817475E+00   6.3075837313821753E+06
   4.3300000000000000E+04   2.2433972526725420E+03   3.7856209449178223E+03   5.5067573337069280E+03   6.3270291786985702E+00   6.3016365041085528E+06
   4.3400000000000000E+04   2.2407018280069060E+03   3.7868712939919574E+03   5.4879168277125273E+03   6.3320646497480775E+00   6.2956379724827744E+06
   4.3500000000000000E+04   2.2369952124257134E+03   3.7880783022428495E+03   5.4632231387488109E+03   6.3370907755899104E+00   6.2895889235440111E+06
   4.3600000000000000E+04   2.2360208910320034E+03   3.7892422520517011E+03   5.4550014887809084E+03   6.3421076283123412E+00   6.2834899070417481E+06
   4.3700000000000000E+04   2.2367605749960212E+03   3.7903634251056246E+03   5.4570802786471650E+03   6.3471152795420673E+00   6.2773416616571816E+06
   4.3800000000000000E+04   2.2288944684502840E+03   3.7914421023727004E+03   5.4082986950064542E+03   6.3521138002763919E+00   6.2711449213227862E+06
   4.3900000000000000E+04   2.2278495712128051E+03   3.7924785640860978E+03   5.4000480505714340E+03   6.3571032609251477E+00   6.2649002213001708E+06
   4.4000000000000000E+04   2.2251134561727108E+03   3.7934730897319914E+03   5.3819977490976889E+03   6.3620837314366270E+00   6.2586084799226038E+06
   4.4100000000000000E+04   2.2231046358382914E+03   3.7944259580228936E+03   5.3683519841111383E+03   6.3670552810457730E+00   6.2522701841353923E+06
   4.4200000000000000E+04   2.2265610703976763E+03   3.7953374468915617E+03   5.3867145980089899E+03   6.3720179785259727E+00   6.2458859712510901E+06
   4.4300000000000000E+04   2.2178648544317111E+03   3.7962078334719727E+03   5.3343766505651665E+03   6.3769718921051188E+00   6.2394566290679844E+06
   4.4400000000000000E+04   2.2149546178978203E+03   3.7970373940824575E+03   5.3159453076380132E+03   6.3819170894236628E+00   6.2329827855021581E+06
   4.4500000000000000E+04   2.2150362945648749E+03   3.7978264042126229E+03   5.3148697824880528E+03   6.3868536375765670E+00   6.2264649860800253E+06
   4.4600000000000000E+04   2.2124945242794929E+03   3.7985751385098683E+03   5.2988017245866076E+03   6.3917816031342802E+00   6.2199038880717633E+06
   4.4700000000000000E+04   2.2097791512539025E+03   3.7992838707662841E+03   5.2818832081795290E+03   6.3967010521637269E+00   6.2133002217617007E+06
   4.4800000000000000E+04   2.2069127984868687E+03   3.7999528739019879E+03   5.2642521431081796E+03   6.4016120501443945E+00   6.2066545574692655E+06
   4.4900000000000000E+04   2.2014306699977137E+03   3.8005824199553408E+03   5.2319729527641830E+03   6.4065146620522242E+00   6.1999675385214398E+06
   4.5000000000000000E+04   2.2026041020599805E+03   3.8011727800687163E+03   5.2374845530235889E+03   6.4114089523176938E+00   6.1932397647553142E+06
   4.5100000000000000E+04   2.2045176627407086E+03   3.8017242244794888E+03   5.2472663226542290E+03   6.4162949849096851E+00   6.1864718702916997E+06
   4.5200000000000000E+04   2.2015231205726891E+03   3.8022370225034374E+03   5.2293621644956002E+03   6.4211728232096617E+00   6.1796644068747452E+06
   4.5300000000000000E+04   2.1986358841884721E+03   3.8027114425280829E+03   5.2122094818342912E+03   6.4260425301374955E+00   6.1728180383176077E+06
   4.5400000000000000E+04   2.1939685011638276E+03   3.8031477520000481E+03   5.1852435760802400E+03   6.4309041681095502E+00   6.1659333850381877E+06
   4.5500000000000000E+04   2.1924639355058866E+03   3.8035462174120389E+03   5.1761092542332945E+03   6.4357577989757120E+00   6.1590109850842515E+06
   4.5600000000000000E+04   2.1876205150456876E+03   3.8039071042980195E+03   5.1485332329211360E+03   6.4406034841662620E+00   6.1520514108944908E+06
   4.5700000000000000E+04   2.1862889852460676E+03   3.8042306772170182E+03   5.1405731542790891E+03   6.4454412845240423E+00   6.1450552692704657E+06
   4.5800000000000000E+04   2.1807586816149264E+03   3.8045171997512939E+03   5.1095860745557993E+03   6.4502712605142349E+00   6.1380231626265300E+06
   4.5900000000000000E+04   2.1779996435177227E+03   3.8047669344900933E+03   5.0940174866893030E+03   6.4550934720355659E+00   6.1309556499389522E+06
   4.6000000000000000E+04   2.1750270079866327E+03   3.8049801430230996E+03   5.0774064591390379E+03   6.4599079784832298E+00   6.1238532078226814E+06
   4.6100000000000000E+04   2.1715091042814674E+03   3.8051570859348740E+03   5.0579643522503829E+03   6.4647148388328137E+00   6.1167164642795241E+06
   4.6200000000000000E+04   2.1662782718256749E+03   3.8052980227942867E+03   5.0294295841943940E+03   6.4695141115773618E+00   6.1095460819643773E+06
   4.6300000000000000E+04   2.1641896566170976E+03   3.8054032121458335E+03   5.0180028328673488E+03   6.4743058547063841E+00   6.1023424852947118E+06
   4.6400000000000000E+04   2.1639992737034354E+03   3.8054729115035093E+03   5.0168582832852617E+03   6.4790901257478444E+00   6.0951062112532789E+06
   4.6500000000000000E+04   2.1650955648392351E+03   3.8055073773434710E+03   5.0226943514088252E+03   6.4838669817681103E+00   6.0878378704473712E+06
   4.6600000000000000E+04   2.1652370444272087E+03   3.8055068650970020E+03   5.0234567101682132E+03   6.4886364793720110E+00   6.0805379912567511E+06
   4.6700000000000000E+04   2.1608118364099582E+03   3.8054716291445175E+03   4.9997623676964922E+03   6.4933986747237702E+00   6.0732070587134007E+06
   4.6800000000000000E+04   2.1543776853820013E+03   3.8054019228068787E+03   4.9655679187313726E+03   6.4981536234840860E+00   6.0658456316025024E+06
   4.6900000000000000E+04   2.1598497366856714E+03   3.8052979983436430E+03   4.9949135875300062E+03   6.5029013809360299E+00   6.0584542255136743E+06
   4.7000000000000000E+04   2.1573304774602134E+03   3.8051601069427520E+03   4.9816969688190402E+03   6.5076420018591223E+00   6.0510333517472269E+06
   4.7100000000000000E+04   2.1535873866011475E+03   3.8049884987156565E+03   4.9620744329668787E+03   6.5123755405503596E+00   6.0435834783718633E+06
   4.7200000000000000E+04   2.1495698875961361E+03   3.8047834226984542E+03   4.9411436656431106E+03   6.5171020510129907E+00   6.0361051474058591E+06
   4.7300000000000000E+04   2.1484585808625761E+03   3.8045451268373531E+03   4.9356766069380910E+03   6.5218215866838189E+00   6.0285989358270895E+06
   4.7400000000000000E+04   2.1455940898493627E+03   3.8042738579896168E+03   4.9210388060757741E+03   6.5265342006010068E+00   6.0210652210921869E+06
   4.7500000000000000E+04   2.1409310892401363E+03   3.8039698619182059E+03   4.8970820606897023E+03   6.5312399453831178E+00   6.0135046110822000E+06
   4.7600000000000000E+04   2.1376468722688096E+03   3.8036333832873993E+03   4.8804866973804765E+03   6.5359388732291048E+00   6.0059174750348013E+06
   4.7700000000000000E+04   2.1364139417835449E+03   3.8032646656565439E+03   4.8746702626866208E+03   6.5406310358553821E+00   5.9983042953669596E+06
   4.7800000000000000E+04   2.1298021843183815E+03   3.8028639514831821E+03   4.8410334331288941E+03   6.5453164847056131E+00   5.9906657070680531E+06
   4.7900000000000000E+04   2.1303975290372518E+03   3.8024314821088242E+03   4.8448122832295976E+03   6.5499952706360185E+00   5.9830020280849179E+06
   4.8000000000000000E+04   2.1243857294362178E+03   3.8019674977639256E+03   4.8145763434717046E+03   6.5546674441671291E+00   5.9753138071763944E+06
   4.8100000000000000E+04   2.1242788705245453E+03   3.8014722375631977E+03   4.8148217789577393E+03   6.5593330554418348E+00   5.9676013934252113E+06
   4.8200000000000000E+04   2.1225626978186688E+03   3.8009459394998230E+03   4.8068557092637511E+03   6.5639921541414523E+00   5.9598654060774753E+06
   4.8300000000000000E+04   2.1178284199985560E+03   3.8003888404467498E+03   4.7835259854736960E+03   6.5686447896116249E+00   5.9521062255668584E+06
   4.8400000000000000E+04   2.1185319669536716E+03   3.7998011761499520E+03   4.7880495376407216E+03   6.5732910107364191E+00   5.9443243067417555E+06
   4.8500000000000000E+04   2.1117478761581124E+03   3.7991831812280711E+03   4.7545034704375703E+03   6.5779308660012834E+00   5.9365200614115475E+06
   4.8600000000000000E+04   2.1084550425999328E+03   3.7985350891722014E+03   4.7388527422126708E+03   6.5825644035559741E+00   5.9286940544065675E+06
   4.8700000000000000E+04   2.1067689968645682E+03   3.7978571323397910E+03   4.7313960124768901E+03   6.5871916710886911E+00   5.9208464938354762E+06
   4.8800000000000000E+04   2.1011384617039080E+03   3.7971495419588236E+03   4.7041773726218189E+03   6.5918127160148829E+00   5.9129780154422577E+06
   4.8900000000000000E+04   2.1022453006567443E+03   3.7964125481181018E+03   4.7108633758531059E+03   6.5964275852254897E+00   5.9050889766589338E+06
   4.9000000000000000E+04   2.0947573475643712E+03   3.7956463797744236E+03   4.6745895776971947E+03   6.6010363253596944E+00   5.8971798882141476E+06
   4.9100000000000000E+04   2.0914658994023316E+03   3.7948512647445896E+03   4.6594283213900899E+03   6.6056389825951118E+00   5.8892509823062215E+06
   4.9200000000000000E+04   2.0818787241713358E+03   3.7940274297075725E+03   4.6133288301945795E+03   6.6102356027526898E+00   5.8813028408109471E+06
   4.9300000000000000E+04   2.0839574191747406E+03   3.7931751002041519E+03   4.6248148963322783E+03   6.6148262313176920E+00   5.8733358064074367E+06
   4.9400000000000000E+04   2.0780467050659499E+03   3.7922945006334598E+03   4.5970979878508078E+03   6.6194109133557770E+00   5.8653502573644305E+06
   4.9500000000000000E+04   2.0814645424138434E+03   3.7913858542562075E+03   4.6152037334050356E+03   6.6239896936388760E+00   5.8573466469815280E+06
   4.9600000000000000E+04   2.0746130446569728E+03   3.7904493831902560E+03   4.5830220277304979E+03   6.6285626165193232E+00   5.8493253857407067E+06
   4.9700000000000000E+04   2.0740526915235841E+03   3.7894853084134693E+03   4.5816968419626073E+03   6.6331297260347393E+00   5.8412868412304176E+06
   4.9800000000000000E+04   2.0716700741099339E+03   3.7884938497602730E+03   4.5715287997598052E+03   6.6376910658031454E+00   5.8332314168720394E+06
   4.9900000000000000E+04   2.0713159784113268E+03   3.7874752259266720E+03   4.5712878712491492E+03   6.6422466791907935E+00   5.8251595126335518E+06
   5.0000000000000000E+04   2.0679299992468982E+03   3.7864296544626759E+03   4.5563416022438932E+03   6.6467966090604103E+00   5.8170714068525564E+06


