#Te   kappa_tot   kappa_e_ph  kappa_e_e mu Ce
#[K]  [W/(K*m)]   [W/(K*m)]   [W/(K*m)]   [eV]  [J/(m^3*K)]
   3.0000000000000000E+02   7.7812953213013301E+01   7.7897725980917727E+01   7.1502349834640278E+04   2.6685825057310666E+00   3.2162814009241975E+05
   4.0000000000000000E+02   1.0945850300854985E+02   1.0962865410368904E+02   7.0524308734044622E+04   2.6637194213461850E+00   4.5719874045336584E+05
   5.0000000000000000E+02   1.4344989202271915E+02   1.4374310844046767E+02   7.0323256600452951E+04   2.6616084140754825E+00   5.9772083162281662E+05
   6.0000000000000000E+02   1.7844138812310317E+02   1.7889487884294667E+02   7.0392290540954011E+04   2.6603743616162241E+00   7.3169187487131474E+05
   7.0000000000000000E+02   2.1349031891529634E+02   2.1414361315603790E+02   6.9980087708201027E+04   2.6592816514971256E+00   8.5436838051656215E+05
   8.0000000000000000E+02   2.4807602731061471E+02   2.4896672633737120E+02   6.9341802951346574E+04   2.6581487123142278E+00   9.6437816758326639E+05
   9.0000000000000000E+02   2.8195386664093030E+02   2.8313047652178153E+02   6.7847239699747690E+04   2.6569632306795743E+00   1.0619766922422191E+06
   1.0000000000000000E+03   3.1503948811127918E+02   3.1654040002381174E+02   6.6441424548209121E+04   2.6557535970917274E+00   1.1480713327237174E+06
   1.1000000000000000E+03   3.4728088845136682E+02   3.4916035293551812E+02   6.4516631520278803E+04   2.6545512568368506E+00   1.2237710551978524E+06
   1.2000000000000000E+03   3.7868466845340839E+02   3.8098140253003970E+02   6.2816073298137751E+04   2.6533810665779671E+00   1.2902043324064491E+06
   1.3000000000000000E+03   4.0923397748841904E+02   4.1201322126380506E+02   6.0667513518919186E+04   2.6522600695990484E+00   1.3484493280029071E+06
   1.4000000000000000E+03   4.3898147325667145E+02   4.4228305632665769E+02   5.8806355480721897E+04   2.6511986269627097E+00   1.3995068334079247E+06
   1.5000000000000000E+03   4.6792944945809040E+02   4.7183630800823471E+02   5.6512438576123568E+04   2.6502019906560337E+00   1.4442900235239987E+06
   1.6000000000000000E+03   4.9618806185874047E+02   5.0073683305871288E+02   5.4621265342647879E+04   2.6492717334805969E+00   1.4836222323674262E+06
   1.7000000000000000E+03   5.2379460775490850E+02   5.2906651811030792E+02   5.2565800753045078E+04   2.6484068942791974E+00   1.5182395254332488E+06
   1.8000000000000000E+03   5.5086551106019806E+02   5.5692405314671794E+02   5.0637636708175349E+04   2.6476048450153540E+00   1.5487963287840751E+06
   1.9000000000000000E+03   5.7752368959625869E+02   5.8442292698026358E+02   4.8921071458822968E+04   2.6468619283673274E+00   1.5758728051673253E+06
   2.0000000000000000E+03   6.0385393529853820E+02   6.1168872118603565E+02   4.7144956705881777E+04   2.6461739192399603E+00   1.5999829125019356E+06
   2.1000000000000000E+03   6.2988511653664000E+02   6.3885584148005591E+02   4.4857666320058270E+04   2.6455363555037739E+00   1.6215823713046424E+06
   2.2000000000000000E+03   6.5583951173931484E+02   6.6606388021726093E+02   4.2724497941474081E+04   2.6449447731277314E+00   1.6410760398988542E+06
   2.3000000000000000E+03   6.8184652409482408E+02   6.9345383258237632E+02   4.0735462995025140E+04   2.6443948714627288E+00   1.6588244375237615E+06
   2.4000000000000000E+03   7.0798314090405108E+02   7.2116438686672450E+02   3.8734747016168607E+04   2.6438826271913412E+00   1.6751493276179803E+06
   2.5000000000000000E+03   7.3444665145365843E+02   7.4932848124088775E+02   3.6980788098953737E+04   2.6434043702997783E+00   1.6903383878064114E+06
   2.6000000000000000E+03   7.6125604935488229E+02   7.7807027564507860E+02   3.5226759408096303E+04   2.6429568315347578E+00   1.7046490572572255E+06
   2.7000000000000000E+03   7.8853287568728081E+02   8.0750263777435498E+02   3.3566176221216054E+04   2.6425371683736292E+00   1.7183116813105321E+06
   2.8000000000000000E+03   8.1648826118486363E+02   8.3772519436823939E+02   3.2207700678547390E+04   2.6421429747452496E+00   1.7315320788463762E+06
   2.9000000000000000E+03   8.4501041254521988E+02   8.6882295790435421E+02   3.0830994125787412E+04   2.6417722783825619E+00   1.7444936522151993E+06
   3.0000000000000000E+03   8.7427045851648234E+02   9.0086550645650266E+02   2.9614539562691392E+04   2.6414235289829637E+00   1.7573591418747683E+06
   3.1000000000000000E+03   9.0408927480432442E+02   9.3390667134463149E+02   2.8316858720026645E+04   2.6410955795247348E+00   1.7702721163186131E+06
   3.2000000000000000E+03   9.3461255170264747E+02   9.6798467235304145E+02   2.7109173975320929E+04   2.6407876627066318E+00   1.7833582674509739E+06
   3.3000000000000000E+03   9.6575501934737031E+02   1.0031226324362267E+03   2.5925410729141171E+04   2.6404993640310694E+00   1.7967265650028258E+06
   3.4000000000000000E+03   9.9757369903025540E+02   1.0393294014022058E+03   2.4830325358487535E+04   2.6402305927357714E+00   1.8104703179036917E+06
   3.5000000000000000E+03   1.0300627443988155E+03   1.0766006195823477E+03   2.3829325779378905E+04   2.6399815516107168E+00   1.8246681670863482E+06
   3.6000000000000000E+03   1.0631654204182526E+03   1.1149199568168449E+03   2.2903197035576573E+04   2.6397527064011643E+00   1.8393850374230102E+06
   3.7000000000000000E+03   1.0969544735319141E+03   1.1542604680316040E+03   2.2094916859616893E+04   2.6395447554688651E+00   1.8546730592718506E+06
   3.8000000000000000E+03   1.1312289229353235E+03   1.1945860136587996E+03   2.1329108299540614E+04   2.6393586001212799E+00   1.8705724725218418E+06
   3.9000000000000000E+03   1.1659896105818088E+03   1.2358527004063342E+03   2.0625932985537693E+04   2.6391953160063188E+00   1.8871125137362890E+06
   4.0000000000000000E+03   1.2011051397367235E+03   1.2780103051256062E+03   1.9959969377359452E+04   2.6390561258635787E+00   1.9043122906438706E+06
   4.1000000000000000E+03   1.2363023850336938E+03   1.3210036515470381E+03   1.9281411391747282E+04   2.6389423736812474E+00   1.9221816438045190E+06
   4.2000000000000000E+03   1.2717320753742999E+03   1.3647739158839272E+03   1.8654260867552268E+04   2.6388555006234382E+00   1.9407219899116466E+06
   4.3000000000000000E+03   1.3072808851846530E+03   1.4092598434217048E+03   1.8065476323861443E+04   2.6387970225311994E+00   1.9599271482747791E+06
   4.4000000000000000E+03   1.3431310898654792E+03   1.4543988631105899E+03   1.7556281330494592E+04   2.6387685092841107E+00   1.9797841427978135E+06
   4.5000000000000000E+03   1.3788078607437660E+03   1.5001280919691626E+03   1.7048998212728795E+04   2.6387715658421302E+00   2.0002739787956222E+06
   4.6000000000000000E+03   1.4142689818305489E+03   1.5463852248184169E+03   1.6553639491720787E+04   2.6388078150660377E+00   2.0213723897448087E+06
   4.7000000000000000E+03   1.4496764302677118E+03   1.5931093082794382E+03   1.6101559468561905E+04   2.6388788821853630E+00   2.0430505516493036E+06
   4.8000000000000000E+03   1.4848472935673326E+03   1.6402414005485950E+03   1.5673104030227785E+04   2.6389863809506462E+00   2.0652757612046369E+06
   4.9000000000000000E+03   1.5200805615241786E+03   1.6877251207662234E+03   1.5303080284095315E+04   2.6391319013184242E+00   2.0880120763420376E+06
   5.0000000000000000E+03   1.5549363259066454E+03   1.7355070933820025E+03   1.4944849939437820E+04   2.6393169986648397E+00   2.1112209177970649E+06
   5.1000000000000000E+03   1.5893872484514782E+03   1.7835372943208531E+03   1.4600725021916471E+04   2.6395431843516359E+00   2.1348616288820482E+06
   5.2000000000000000E+03   1.6238481578645367E+03   1.8317693064734235E+03   1.4305977212279280E+04   2.6398119176896397E+00   2.1588919941727906E+06
   5.3000000000000000E+03   1.6576078557924959E+03   1.8801604928083327E+03   1.4003737923842309E+04   2.6401245990907118E+00   2.1832687180893840E+06
   5.4000000000000000E+03   1.6906218306842977E+03   1.9286720955839751E+03   1.3697338880929441E+04   2.6404825643466969E+00   2.2079478581613554E+06
   5.5000000000000000E+03   1.7226354328827035E+03   1.9772692701233063E+03   1.3376517991385805E+04   2.6408870800558528E+00   2.2328852215216709E+06
   5.6000000000000000E+03   1.7547862624351126E+03   2.0259210617622318E+03   1.3111774869109315E+04   2.6413393399017191E+00   2.2580367207166622E+06
   5.7000000000000000E+03   1.7865731864561383E+03   2.0746003339568088E+03   1.2868319397745501E+04   2.6418404618909377E+00   2.2833586862037382E+06
   5.8000000000000000E+03   1.8184496364496983E+03   2.1232836553472821E+03   1.2666186028413953E+04   2.6423914864107245E+00   2.3088081513435263E+06
   5.9000000000000000E+03   1.8493411119451039E+03   2.1719511531603025E+03   1.2450568945548033E+04   2.6429933749010566E+00   2.3343430897361073E+06
   6.0000000000000000E+03   1.8794738182640135E+03   2.2205863394199637E+03   1.2235065051237114E+04   2.6436470093383031E+00   2.3599226339451410E+06
   6.1000000000000000E+03   1.9084694989274806E+03   2.2691759164195710E+03   1.2006032646431986E+04   2.6443531921122823E+00   2.3855072439513528E+06
   6.2000000000000000E+03   1.9387347623991582E+03   2.3177095666689720E+03   1.1856788513167487E+04   2.6451126465754173E+00   2.4110588687400101E+06
   6.3000000000000000E+03   1.9672725763645706E+03   2.3661797324995218E+03   1.1669182733140022E+04   2.6459260179279376E+00   2.4365410620296835E+06
   6.4000000000000000E+03   1.9953813854816851E+03   2.4145813895350070E+03   1.1493346163698528E+04   2.6467938745210993E+00   2.4619190782283940E+06
   6.5000000000000000E+03   2.0215088897793323E+03   2.4629118177987430E+03   1.1279485971610482E+04   2.6477167095210485E+00   2.4871599533414966E+06
   6.6000000000000000E+03   2.0486057023380436E+03   2.5111703737695884E+03   1.1121467472485210E+04   2.6486949427939810E+00   2.5122325548911938E+06
   6.7000000000000000E+03   2.0752630368094628E+03   2.5593582659890940E+03   1.0971687567259776E+04   2.6497289230945600E+00   2.5371076189866434E+06
   6.8000000000000000E+03   2.1025274518192750E+03   2.6074783366158313E+03   1.0857085209322191E+04   2.6508189303690970E+00   2.5617577659565122E+06
   6.9000000000000000E+03   2.1281679470983104E+03   2.6555348506058872E+03   1.0716304178122838E+04   2.6519651782964195E+00   2.5861575093028643E+06
   7.0000000000000000E+03   2.1536201607473990E+03   2.7035332941299375E+03   1.0587824610909605E+04   2.6531678168615294E+00   2.6102832348628691E+06
   7.1000000000000000E+03   2.1782665154814263E+03   2.7514801831632353E+03   1.0455886677011595E+04   2.6544269351095622E+00   2.6341131962087518E+06
   7.2000000000000000E+03   2.2036780770967148E+03   2.7993828832445029E+03   1.0355697361413017E+04   2.6557425638505965E+00   2.6576274691558536E+06
   7.3000000000000000E+03   2.2273083760497129E+03   2.8472494407411800E+03   1.0229524852046756E+04   2.6571146785037820E+00   2.6808079130851384E+06
   7.4000000000000000E+03   2.2500999004579330E+03   2.8950884260999505E+03   1.0099773748533244E+04   2.6585432018840955E+00   2.7036381367239878E+06
   7.5000000000000000E+03   2.2727164640017636E+03   2.9429087890891419E+03   9.9798177428342879E+03   2.6600280070300837E+00   2.7261034305313155E+06
   7.6000000000000000E+03   2.2959537155984635E+03   2.9907197260884782E+03   9.8832613624600272E+03   2.6615689199496426E+00   2.7481907189109372E+06
   7.7000000000000000E+03   2.3182612908572132E+03   3.0385305591305969E+03   9.7798255272020560E+03   2.6631657223903837E+00   2.7698884877624987E+06
   7.8000000000000000E+03   2.3397405542091610E+03   3.0863506264920652E+03   9.6720630934323544E+03   2.6648181545280294E+00   2.7911867329069567E+06
   7.9000000000000000E+03   2.3615818995714935E+03   3.1341891844052584E+03   9.5800862780070038E+03   2.6665259176138423E+00   2.8120768927048519E+06
   8.0000000000000000E+03   2.3850739416051574E+03   3.1820553195113107E+03   9.5227284271705721E+03   2.6682886764990958E+00   2.8325517637035851E+06
   8.1000000000000000E+03   2.4065546522946911E+03   3.2299578714239160E+03   9.4401745847087568E+03   2.6701060621677501E+00   2.8526054418736603E+06
   8.2000000000000000E+03   2.4262767643876755E+03   3.2779053649773614E+03   9.3387018911757750E+03   2.6719776741543702E+00   2.8722332759887972E+06
   8.3000000000000000E+03   2.4463582778121195E+03   3.3259059516389375E+03   9.2506157404931619E+03   2.6739030827981258E+00   2.8914317497764323E+06
   8.4000000000000000E+03   2.4675138329967863E+03   3.3739673592863082E+03   9.1844875546984094E+03   2.6758818315705533E+00   2.9101984632058414E+06
   8.5000000000000000E+03   2.4870949292722353E+03   3.4220968500675372E+03   9.1027403623321279E+03   2.6779134391574289E+00   2.9285320372392451E+06
   8.6000000000000000E+03   2.5060187387669012E+03   3.4703011855524828E+03   9.0187681307998610E+03   2.6799974015242474E+00   2.9464320501186047E+06
   8.7000000000000000E+03   2.5232991368379949E+03   3.5185865986548756E+03   8.9204846518091708E+03   2.6821331939161328E+00   2.9638989987360598E+06
   8.8000000000000000E+03   2.5408789259914365E+03   3.5669587718943453E+03   8.8328509809208590E+03   2.6843202726610369E+00   2.9809341961617316E+06
   8.9000000000000000E+03   2.5579926506748411E+03   3.6154228212593353E+03   8.7459439527354571E+03   2.6865580769975188E+00   2.9975397359633902E+06
   9.0000000000000000E+03   2.5778857429425366E+03   3.6639832853256526E+03   8.6965764169724607E+03   2.6888460307468063E+00   3.0137184429189889E+06
   9.1000000000000000E+03   2.5957182209231805E+03   3.7126441190730015E+03   8.6281265423647710E+03   2.6911835439028904E+00   3.0294737973105228E+06
   9.2000000000000000E+03   2.6128916450077331E+03   3.7614086919200449E+03   8.5572550890728926E+03   2.6935700141570340E+00   3.0448098932494922E+06
   9.3000000000000000E+03   2.6294418004051117E+03   3.8102797895845165E+03   8.4845753962698327E+03   2.6960048283075544E+00   3.0597313788976949E+06
   9.4000000000000000E+03   2.6477420243987644E+03   3.8592596192876576E+03   8.4343173554901750E+03   2.6984873636286149E+00   3.0742434116561790E+06
   9.5000000000000000E+03   2.6628535184396060E+03   3.9083498179992762E+03   8.3559967764107860E+03   2.7010169891078633E+00   3.0883516214093817E+06
   9.6000000000000000E+03   2.6784600946573287E+03   3.9575514632719337E+03   8.2872450921216841E+03   2.7035930666513059E+00   3.1020620482390509E+06
   9.7000000000000000E+03   2.6920780224702762E+03   4.0068650863815328E+03   8.2042132404029035E+03   2.7062149521980081E+00   3.1153811149849310E+06
   9.8000000000000000E+03   2.7089400327156950E+03   4.0562906874481077E+03   8.1554480186468918E+03   2.7088819967610220E+00   3.1283155787277324E+06
   9.9000000000000000E+03   2.7237560960182705E+03   4.1058277522571489E+03   8.0916740596831069E+03   2.7115935473863755E+00   3.1408725044281119E+06
   1.0000000000000000E+04   2.7378270113652525E+03   4.1554752704492385E+03   8.0252434746031340E+03   2.7143489481038321E+00   3.1530592154575908E+06
   1.0100000000000000E+04   2.7526447757123146E+03   4.2052317549708387E+03   7.9688923185093890E+03   2.7171475407219514E+00   3.1648832665286162E+06
   1.0200000000000000E+04   2.7682556268088574E+03   4.2550952623912344E+03   7.9223011822041490E+03   2.7199886656559094E+00   3.1763524084006855E+06
   1.0300000000000000E+04   2.7819936509414138E+03   4.3050634139962112E+03   7.8635000018753090E+03   2.7228716626651730E+00   3.1874745829899861E+06
   1.0400000000000000E+04   2.7943436063135214E+03   4.3551334174671574E+03   7.7971672628658553E+03   2.7257958715092143E+00   3.1982578649728345E+06
   1.0500000000000000E+04   2.8072409863026423E+03   4.4053020889416712E+03   7.7385930742568844E+03   2.7287606325622273E+00   3.2087104192951261E+06
   1.0600000000000000E+04   2.8219277101835833E+03   4.4555658752529616E+03   7.6964930648462978E+03   2.7317652874442531E+00   3.2188405441838936E+06
   1.0700000000000000E+04   2.8338166691367360E+03   4.5059208763412626E+03   7.6364580832761576E+03   2.7348091795293481E+00   3.2286565934599577E+06
   1.0800000000000000E+04   2.8430234865758316E+03   4.5563628676189574E+03   7.5605841955935566E+03   2.7378916544373761E+00   3.2381669762543887E+06
   1.0900000000000000E+04   2.8548556265007969E+03   4.6068873222048260E+03   7.5067124782618102E+03   2.7410120604847887E+00   3.2473801285668374E+06
   1.1000000000000000E+04   2.8685850035340495E+03   4.6574894329174003E+03   7.4684841302509321E+03   2.7441697491108590E+00   3.2563044985339968E+06
   1.1100000000000000E+04   2.8795458147052891E+03   4.7081641339741418E+03   7.4139989652687727E+03   2.7473640752464950E+00   3.2649485335941399E+06
   1.1200000000000000E+04   2.8930941028691868E+03   4.7589061222706941E+03   7.3790730766466668E+03   2.7505943976830904E+00   3.2733206626796606E+06
   1.1300000000000000E+04   2.9036389398444830E+03   4.8097098782674675E+03   7.3269365847667677E+03   2.7538600793429975E+00   3.2814292795555606E+06
   1.1400000000000000E+04   2.9163299208972931E+03   4.8605696862785489E+03   7.2907802119358676E+03   2.7571604876155784E+00   3.2892827411572966E+06
   1.1500000000000000E+04   2.9258078994795014E+03   4.9114796542902131E+03   7.2368688006165512E+03   2.7604949945703114E+00   3.2968893255989482E+06
   1.1600000000000000E+04   2.9315402491113200E+03   4.9624337330972130E+03   7.1631399366010646E+03   2.7638629772354681E+00   3.3042572679463113E+06
   1.1700000000000000E+04   2.9409088714686486E+03   5.0134257348909368E+03   7.1140691206939518E+03   2.7672638177620339E+00   3.3113947134962999E+06
   1.1800000000000000E+04   2.9555816078220437E+03   5.0644493511234650E+03   7.0978340882078537E+03   2.7706969036368219E+00   3.3183097207012386E+06
   1.1900000000000000E+04   2.9624411354160693E+03   5.1154981697407948E+03   7.0385326373570451E+03   2.7741616278218055E+00   3.3250102435767073E+06
   1.2000000000000000E+04   2.9712125490165417E+03   5.1665656916654871E+03   6.9924808542976052E+03   2.7776573889344371E+00   3.3315041448279708E+06
   1.2100000000000000E+04   2.9794626943036319E+03   5.2176453466317671E+03   6.9457153759214989E+03   2.7811835913460086E+00   3.3377991650686334E+06
   1.2200000000000000E+04   2.9873616175804277E+03   5.2687305082698058E+03   6.8991925672415382E+03   2.7847396453045925E+00   3.3439029537289934E+06
   1.2300000000000000E+04   2.9956390313490365E+03   5.3198145084976131E+03   6.8567301126263410E+03   2.7883249670170098E+00   3.3498230001348518E+06
   1.2400000000000000E+04   3.0027664463501478E+03   5.3708906511696714E+03   6.8102552228999639E+03   2.7919389787471829E+00   3.3555666974320468E+06
   1.2500000000000000E+04   3.0095896905135892E+03   5.4219522250396676E+03   6.7642617083432388E+03   2.7955811088735083E+00   3.3611412982213213E+06
   1.2600000000000000E+04   3.0196247480714519E+03   5.4729925160145922E+03   6.7362031340384528E+03   2.7992507919380416E+00   3.3665539173009242E+06
   1.2700000000000000E+04   3.0264546130738436E+03   5.5240048187101847E+03   6.6938193388460950E+03   2.8029474686874716E+00   3.3718115355167249E+06
   1.2800000000000000E+04   3.0300944217082997E+03   5.5749824472898836E+03   6.6379043183223193E+03   2.8066705861386940E+00   3.3769210046578408E+06
   1.2900000000000000E+04   3.0353528559807428E+03   5.6259187457127719E+03   6.5918603344542953E+03   2.8104195975460278E+00   3.3818890106023089E+06
   1.3000000000000000E+04   3.0415387356919978E+03   5.6768070972345104E+03   6.5519811694561140E+03   2.8141939624585905E+00   3.3867220951179415E+06
   1.3100000000000000E+04   3.0475722205301299E+03   5.7276409333195397E+03   6.5130417418993529E+03   2.8179931467120962E+00   3.3914266973711243E+06
   1.3200000000000000E+04   3.0531378124950065E+03   5.7784137419227391E+03   6.4735806386436961E+03   2.8218166224206613E+00   3.3960090392451035E+06
   1.3300000000000000E+04   3.0587773069442410E+03   5.8291190751446748E+03   6.4360207650879065E+03   2.8256638679850075E+00   3.4004752720627813E+06
   1.3400000000000000E+04   3.0670273549716485E+03   5.8797505563390669E+03   6.4113510308923005E+03   2.8295343680514682E+00   3.4048313348624990E+06
   1.3500000000000000E+04   3.0720707883586456E+03   5.9303018865968997E+03   6.3739797678332716E+03   2.8334276135283964E+00   3.4090830597185693E+06
   1.3600000000000000E+04   3.0792814321590231E+03   5.9807668507674925E+03   6.3472537878453077E+03   2.8373431015041830E+00   3.4132360811101533E+06
   1.3700000000000000E+04   3.0812402703270973E+03   6.0311393228467696E+03   6.2996695909426671E+03   2.8412803352800573E+00   3.4172959356003669E+06
   1.3800000000000000E+04   3.0853442201316971E+03   6.0814132709447003E+03   6.2626237805333267E+03   2.8452388243045110E+00   3.4212679891235973E+06
   1.3900000000000000E+04   3.0889552677476372E+03   6.1315827617358209E+03   6.2249437070156264E+03   2.8492180841405097E+00   3.4251574645273304E+06
   1.4000000000000000E+04   3.0926945994003972E+03   6.1816419644724692E+03   6.1891409789382433E+03   2.8532176363999238E+00   3.4289694326619380E+06
   1.4100000000000000E+04   3.0969194439031216E+03   6.2315851544953812E+03   6.1565471450697396E+03   2.8572370087435353E+00   3.4327088127644458E+06
   1.4200000000000000E+04   3.1001778575842754E+03   6.2814067163928157E+03   6.1213697224963325E+03   2.8612757347990652E+00   3.4363804022586471E+06
   1.4300000000000000E+04   3.1045689975838363E+03   6.3311011467276649E+03   6.0917850596696517E+03   2.8653333541119932E+00   3.4399888296313821E+06
   1.4400000000000000E+04   3.1108451071007617E+03   6.3806630563399740E+03   6.0704463542051690E+03   2.8694094121455751E+00   3.4435385941129630E+06
   1.4500000000000000E+04   3.1139322294920694E+03   6.4300871724223271E+03   6.0379735052297046E+03   2.8735034601250891E+00   3.4470340375747401E+06
   1.4600000000000000E+04   3.1168090020006948E+03   6.4793683400687814E+03   6.0058281621901178E+03   2.8776150550952280E+00   3.4504793754738728E+06
   1.4700000000000000E+04   3.1178450437169704E+03   6.5285015236570853E+03   5.9680170776947689E+03   2.8817437597971458E+00   3.4538787293970049E+06
   1.4800000000000000E+04   3.1165022868787873E+03   6.5774818078701546E+03   5.9228137502123309E+03   2.8858891426110844E+00   3.4572359872300876E+06
   1.4900000000000000E+04   3.1185520639817623E+03   6.6263043984048481E+03   5.8910873083676597E+03   2.8900507775317847E+00   3.4605549968797918E+06
   1.5000000000000000E+04   3.1241150122686881E+03   6.6749646224828530E+03   5.8727796084282290E+03   2.8942282440619360E+00   3.4638393952767197E+06
   1.5100000000000000E+04   3.1262156314243107E+03   6.7234579290151814E+03   5.8430813206515795E+03   2.8984211272203684E+00   3.4670927641681749E+06
   1.5200000000000000E+04   3.1290214106085232E+03   6.7717798886438550E+03   5.8167579287119852E+03   2.9026290174191116E+00   3.4703185190373147E+06
   1.5300000000000000E+04   3.1302800588513237E+03   6.8199261935045261E+03   5.7859963224824523E+03   2.9068515104142127E+00   3.4735199309734879E+06
   1.5400000000000000E+04   3.1326328055319050E+03   6.8678926567750786E+03   5.7598632219187575E+03   2.9110882072729591E+00   3.4767001922168327E+06
   1.5500000000000000E+04   3.1333876728592368E+03   6.9156752120789479E+03   5.7292025617641966E+03   2.9153387142919023E+00   3.4798623338892022E+06
   1.5600000000000000E+04   3.1347500405444262E+03   6.9632699127031583E+03   5.7014489594016659E+03   2.9196026429312978E+00   3.4830092809643662E+06
   1.5700000000000000E+04   3.1356782263503487E+03   7.0106729306325497E+03   5.6730953558091160E+03   2.9238796097823143E+00   3.4861438767402680E+06
   1.5800000000000000E+04   3.1358155528449147E+03   7.0578805555055551E+03   5.6429996955843480E+03   2.9281692364522853E+00   3.4892687547675651E+06
   1.5900000000000000E+04   3.1329677168199314E+03   7.1048891933272771E+03   5.6041864387134492E+03   2.9324711495893023E+00   3.4923865917283106E+06
   1.6000000000000000E+04   3.1375175202415985E+03   7.1516953652129323E+03   5.5898294431313252E+03   2.9367849807182838E+00   3.4954997707610712E+06
   1.6100000000000000E+04   3.1388132331138063E+03   7.1982957058742631E+03   5.5657601600876924E+03   2.9411103662655620E+00   3.4986107129184660E+06
   1.6200000000000000E+04   3.1395986088727727E+03   7.2446869621000333E+03   5.5407843024977601E+03   2.9454469474687297E+00   3.5017216594854956E+06
   1.6300000000000000E+04   3.1402774704008598E+03   7.2908659911303967E+03   5.5161676705149212E+03   2.9497943703110665E+00   3.5048347737057721E+06
   1.6400000000000000E+04   3.1410036112223584E+03   7.3368297589544654E+03   5.4923650209520083E+03   2.9541522854559634E+00   3.5079520985011910E+06
   1.6500000000000000E+04   3.1423701764007506E+03   7.3825753384978552E+03   5.4711467209416269E+03   2.9585203482387330E+00   3.5110755925315134E+06
   1.6600000000000000E+04   3.1449335271566079E+03   7.4280999078384675E+03   5.4541146355167193E+03   2.9628982185436628E+00   3.5142071329696854E+06
   1.6700000000000000E+04   3.1450904280511281E+03   7.4734007482859342E+03   5.4304149701422375E+03   2.9672855607958160E+00   3.5173484721394689E+06
   1.6800000000000000E+04   3.1445942962848194E+03   7.5184752424624085E+03   5.4053950382137309E+03   2.9716820438954668E+00   3.5205012854081090E+06
   1.6900000000000000E+04   3.1440384688240465E+03   7.5633208723599419E+03   5.3808219532957382E+03   2.9760873411361248E+00   3.5236671506274519E+06
   1.7000000000000000E+04   3.1438911419141455E+03   7.6079352173340621E+03   5.3580385260383637E+03   2.9805011301717639E+00   3.5268475619896981E+06
   1.7100000000000000E+04   3.1437450793019871E+03   7.6523159520654199E+03   5.3358217711291254E+03   2.9849230930004196E+00   3.5300439677172634E+06
   1.7200000000000000E+04   3.1421725175299152E+03   7.6964608445986423E+03   5.3100739372178077E+03   2.9893529158166636E+00   3.5332576314849402E+06
   1.7300000000000000E+04   3.1426883009017647E+03   7.7403677542211080E+03   5.2908349598634686E+03   2.9937902890771615E+00   3.5364898697499423E+06
   1.7400000000000000E+04   3.1449613754637353E+03   7.7840346295092277E+03   5.2770212743958155E+03   2.9982349073203660E+00   3.5397417828146848E+06
   1.7500000000000000E+04   3.1443463134883773E+03   7.8274595061823911E+03   5.2555303341036024E+03   3.0026864692648689E+00   3.5430145055020740E+06
   1.7600000000000000E+04   3.1444971175224732E+03   7.8706405051639367E+03   5.2366600738904963E+03   3.0071446776126822E+00   3.5463090434057303E+06
   1.7700000000000000E+04   3.1433177697637802E+03   7.9135758304833180E+03   5.2145781661504689E+03   3.0116092390984299E+00   3.5496263463844126E+06
   1.7800000000000000E+04   3.1450078637440747E+03   7.9562637672749734E+03   5.2008275210924139E+03   3.0160798644155644E+00   3.5529672746631326E+06
   1.7900000000000000E+04   3.1449756773922445E+03   7.9987026797921271E+03   5.1827647838867697E+03   3.0205562681426139E+00   3.5563326371293957E+06
   1.8000000000000000E+04   3.1473093394216708E+03   8.0408910094024195E+03   5.1715028128392378E+03   3.0250381687267813E+00   3.5597231693267766E+06
   1.8100000000000000E+04   3.1412234684446839E+03   8.0828272726173909E+03   5.1380012899235489E+03   3.0295252884511576E+00   3.5631395599586763E+06
   1.8200000000000000E+04   3.1429755177661573E+03   8.1245100591925047E+03   5.1259578745338822E+03   3.0340173533281800E+00   3.5665824039546466E+06
   1.8300000000000000E+04   3.1423812915070544E+03   8.1659380301719002E+03   5.1080324615658965E+03   3.0385140931242072E+00   3.5700522657716214E+06
   1.8400000000000000E+04   3.1417782119285657E+03   8.2071099160341455E+03   5.0904700073639060E+03   3.0430152412693694E+00   3.5735496322639254E+06
   1.8500000000000000E+04   3.1418638074318546E+03   8.2480245148280392E+03   5.0750791428112871E+03   3.0475205348329744E+00   3.5770749018414235E+06
   1.8600000000000000E+04   3.1406595850984295E+03   8.2886806903419747E+03   5.0566856517794440E+03   3.0520297144989219E+00   3.5806285358744003E+06
   1.8700000000000000E+04   3.1414368909097834E+03   8.3290773703456034E+03   5.0437710597267751E+03   3.0565425244755406E+00   3.5842107740956000E+06
   1.8800000000000000E+04   3.1399673965519378E+03   8.3692135448181743E+03   5.0254007786997736E+03   3.0610587124873927E+00   3.5878219356584381E+06
   1.8900000000000000E+04   3.1395636080596573E+03   8.4090882642147953E+03   5.0101041771296086E+03   3.0655780297670780E+00   3.5914622590340273E+06
   1.9000000000000000E+04   3.1419968877130509E+03   8.4487006378429542E+03   5.0023126142423180E+03   3.0701002309158976E+00   3.5951318652370414E+06
   1.9100000000000000E+04   3.1409226522766289E+03   8.4880498321485538E+03   4.9859124525418165E+03   3.0746250739940111E+00   3.5988309491516668E+06
   1.9200000000000000E+04   3.1502308679934995E+03   8.5271350691725365E+03   4.9958941252044006E+03   3.0791523203728999E+00   3.6025595536635583E+06
   1.9300000000000000E+04   3.1488710002601329E+03   8.5659556249554262E+03   4.9792630401181004E+03   3.0836817347517700E+00   3.6063177359310142E+06
   1.9400000000000000E+04   3.1484274944821136E+03   8.6045108280214499E+03   4.9652244680687809E+03   3.0882130851001639E+00   3.6101054929831843E+06
   1.9500000000000000E+04   3.1470155669898045E+03   8.6428000578761330E+03   4.9490707595286494E+03   3.0927461426497755E+00   3.6139227759283446E+06
   1.9600000000000000E+04   3.1449277769974306E+03   8.6808227435728913E+03   4.9315532065345033E+03   3.0972806818288747E+00   3.6177695172766182E+06
   1.9700000000000000E+04   3.1430893063815697E+03   8.7185783623014613E+03   4.9149536735801630E+03   3.1018164802295214E+00   3.6216455939696855E+06
   1.9800000000000000E+04   3.1385288638555230E+03   8.7560664380115159E+03   4.8920308741619183E+03   3.1063533185829746E+00   3.6255508546057167E+06
   1.9900000000000000E+04   3.1383338862829451E+03   8.7932865400757437E+03   4.8800177136773191E+03   3.1108909807351104E+00   3.6294851340423701E+06
   2.0000000000000000E+04   3.1417085019348237E+03   8.8302382820181192E+03   4.8768373828079812E+03   3.1154292535644550E+00   3.6334482029763949E+06
   2.0100000000000000E+04   3.1345960035975877E+03   8.8669213202262363E+03   4.8486808754500362E+03   3.1199679270149629E+00   3.6374397690146393E+06
   2.0200000000000000E+04   3.1321546381763660E+03   8.9033353527516356E+03   4.8320481543633250E+03   3.1245067940222579E+00   3.6414596217008498E+06
   2.0300000000000000E+04   3.1348218151793367E+03   8.9394801181239291E+03   4.8277910306005397E+03   3.1290456504890529E+00   3.6455074121550582E+06
   2.0400000000000000E+04   3.1321297676630411E+03   8.9753553942122198E+03   4.8110375334195624E+03   3.1335842952359436E+00   3.6495827846131944E+06
   2.0500000000000000E+04   3.1309779703699228E+03   9.0109609970944221E+03   4.7981635738635141E+03   3.1381225300178328E+00   3.6536854307695637E+06
   2.0600000000000000E+04   3.1298467757119652E+03   9.0462967800075239E+03   4.7855593791012234E+03   3.1426601594337495E+00   3.6578149200865179E+06
   2.0700000000000000E+04   3.1331408507849214E+03   9.0813626322903110E+03   4.7834780358205571E+03   3.1471969909350572E+00   3.6619708191607576E+06
   2.0800000000000000E+04   3.1311848356704099E+03   9.1161584783778599E+03   4.7693405002452519E+03   3.1517328347926550E+00   3.6661527727607251E+06
   2.0900000000000000E+04   3.1315481822110314E+03   9.1506842768413517E+03   4.7607843156584368E+03   3.1562675040314261E+00   3.6703602136187032E+06
   2.1000000000000000E+04   3.1296435206902183E+03   9.1849400194219252E+03   4.7471809226406895E+03   3.1608008144630046E+00   3.6745927612314876E+06
   2.1100000000000000E+04   3.1263295665274441E+03   9.2189257301407433E+03   4.7305613744579250E+03   3.1653325846038256E+00   3.6788498780975910E+06
   2.1200000000000000E+04   3.1242078520593400E+03   9.2526414644137785E+03   4.7168945515109717E+03   3.1698626356587210E+00   3.6831310566303902E+06
   2.1300000000000000E+04   3.1256034348884018E+03   9.2860873082027119E+03   4.7114199118221022E+03   3.1743907914881446E+00   3.6874357403558893E+06
   2.1400000000000000E+04   3.1238762645112947E+03   9.3192633771836972E+03   4.6990164032148523E+03   3.1789168786081641E+00   3.6917633783341860E+06
   2.1500000000000000E+04   3.1245250929286881E+03   9.3521698159669904E+03   4.6921573986421854E+03   3.1834407261248958E+00   3.6961134263713825E+06
   2.1600000000000000E+04   3.1230848079201014E+03   9.3848067973159141E+03   4.6807487754324084E+03   3.1879621657508959E+00   3.7004853212898853E+06
   2.1700000000000000E+04   3.1240891324609397E+03   9.4171745214249331E+03   4.6749870313955807E+03   3.1924810317231933E+00   3.7048784279009411E+06
   2.1800000000000000E+04   3.1213511138327935E+03   9.4492732151908731E+03   4.6610086222168238E+03   3.1969971608196861E+00   3.7092921745158536E+06
   2.1900000000000000E+04   3.1208218846045902E+03   9.4811031315302680E+03   4.6521266897395308E+03   3.2015103923099639E+00   3.7137259192300900E+06
   2.2000000000000000E+04   3.1203535467557699E+03   9.5126645487100941E+03   4.6435282254869107E+03   3.2060205679389129E+00   3.7181790045443960E+06
   2.2100000000000000E+04   3.1166823728616205E+03   9.5439577697021268E+03   4.6280084657316056E+03   3.2105275319103219E+00   3.7226508666471071E+06
   2.2200000000000000E+04   3.1159125480325838E+03   9.5749831215729937E+03   4.6190562118840789E+03   3.2150311308213220E+00   3.7271407654711287E+06
   2.2300000000000000E+04   3.1158818118253075E+03   9.6057409548683372E+03   4.6118648911608998E+03   3.2195312136951508E+00   3.7316481106119212E+06
   2.2400000000000000E+04   3.1158658001494850E+03   9.6362316430490973E+03   4.6048343516784525E+03   3.2240276318992156E+00   3.7361721909481999E+06
   2.2500000000000000E+04   3.1156255082006032E+03   9.6664555819170546E+03   4.5974411251706779E+03   3.2285202391778536E+00   3.7407123927282374E+06
   2.2600000000000000E+04   3.1151471625327868E+03   9.6964131890928511E+03   4.5896570524343642E+03   3.2330088915539927E+00   3.7452679553666310E+06
   2.2700000000000000E+04   3.1152889722523705E+03   9.7261049034754815E+03   4.5833415517834483E+03   3.2374934473783230E+00   3.7498382581710503E+06
   2.2800000000000000E+04   3.1145903901993361E+03   9.7555311847512676E+03   4.5753281981135779E+03   3.2419737672473343E+00   3.7544225620833193E+06
   2.2900000000000000E+04   3.1137900469688989E+03   9.7846925128929688E+03   4.5672198499272763E+03   3.2464497140361024E+00   3.7590202013663612E+06
   2.3000000000000000E+04   3.1101960672825844E+03   9.8135893876972950E+03   4.5532442541584232E+03   3.2509211528327167E+00   3.7636304750403664E+06
   2.3100000000000000E+04   3.1100301998323475E+03   9.8422223283327585E+03   4.5467520965414551E+03   3.2553879508891024E+00   3.7682526336519988E+06
   2.3200000000000000E+04   3.1100732390471298E+03   9.8705918728797624E+03   4.5408148841971552E+03   3.2598499776865912E+00   3.7728860306731383E+06
   2.3300000000000000E+04   3.1095588867457327E+03   9.8986985779207862E+03   4.5337977314270684E+03   3.2643071048211754E+00   3.7775299312410410E+06
   2.3400000000000000E+04   3.1092589411728663E+03   9.9265430181148367E+03   4.5273443626036196E+03   3.2687592060362878E+00   3.7821836223436766E+06
   2.3500000000000000E+04   3.1085422911610417E+03   9.9541257857977416E+03   4.5201144651776794E+03   3.2732061571900215E+00   3.7868464134801961E+06
   2.3600000000000000E+04   3.1083964945525536E+03   9.9814474905992010E+03   4.5141955745978239E+03   3.2776478361895567E+00   3.7915175546477446E+06
   2.3700000000000000E+04   3.1098982109553745E+03   1.0008508759052856E+04   4.5118423872606536E+03   3.2820841230403390E+00   3.7961963744713156E+06
   2.3800000000000000E+04   3.1070429360146877E+03   1.0035310234236375E+04   4.5004239057005198E+03   3.2865148997805069E+00   3.8008821154964548E+06
   2.3900000000000000E+04   3.1149166423910988E+03   1.0061852575417915E+04   4.5116051655883339E+03   3.2909400504317166E+00   3.8055740999267302E+06
   2.4000000000000000E+04   3.1145045040406544E+03   1.0088136457697448E+04   4.5054781559557114E+03   3.2953594610647143E+00   3.8102715923579470E+06
   2.4100000000000000E+04   3.1069322868775721E+03   1.0114162571680092E+04   4.4845134199221166E+03   3.2997730197009720E+00   3.8149739380989657E+06
   2.4200000000000000E+04   3.1098988403429862E+03   1.0139931623148032E+04   4.4856350703108419E+03   3.3041806162799117E+00   3.8196803427256155E+06
   2.4300000000000000E+04   3.1084984125455512E+03   1.0165444332730784E+04   4.4777539644634808E+03   3.3085821427244717E+00   3.8243901763470909E+06
   2.4400000000000000E+04   3.1076569637492671E+03   1.0190701435602319E+04   4.4711288214676379E+03   3.3129774928427467E+00   3.8291026977046141E+06
   2.4500000000000000E+04   3.1062652433925882E+03   1.0215703681175532E+04   4.4634587611013922E+03   3.3173665623116042E+00   3.8338172203627955E+06
   2.4600000000000000E+04   3.1011406731238267E+03   1.0240451832799163E+04   4.4481996903610361E+03   3.3217492487258533E+00   3.8385330578473979E+06
   2.4700000000000000E+04   3.1055042273759323E+03   1.0264946667475939E+04   4.4525583572105270E+03   3.3261254514835055E+00   3.8432495239408831E+06
   2.4800000000000000E+04   3.1075647266208016E+03   1.0289188975573974E+04   4.4522408326626155E+03   3.3304950718185458E+00   3.8479659053304284E+06
   2.4900000000000000E+04   3.1064031045247316E+03   1.0313179560550145E+04   4.4453845904473274E+03   3.3348580127681653E+00   3.8526815173149528E+06
   2.5000000000000000E+04   3.1029668173928062E+03   1.0336919238677930E+04   4.4339685311323528E+03   3.3392141791563525E+00   3.8573956764327097E+06
   2.5100000000000000E+04   3.1000139977857111E+03   1.0360408838779562E+04   4.4236454251299374E+03   3.3435634776102967E+00   3.8621077562418352E+06
   2.5200000000000000E+04   3.1008282206152630E+03   1.0383649201969736E+04   4.4210770195876330E+03   3.3479058164292401E+00   3.8668170489073209E+06
   2.5300000000000000E+04   3.0978198762186203E+03   1.0406641181393437E+04   4.4108206440306076E+03   3.3522411056828383E+00   3.8715229041655264E+06
   2.5400000000000000E+04   3.0969117229359681E+03   1.0429385641976460E+04   4.4049098591111670E+03   3.3565692571455870E+00   3.8762246463737572E+06
   2.5500000000000000E+04   3.0952582959690258E+03   1.0451883460177703E+04   4.3975706613422890E+03   3.3608901842804286E+00   3.8809216857166137E+06
   2.5600000000000000E+04   3.0935686950283480E+03   1.0474135523745976E+04   4.3902397357432810E+03   3.3652038021731840E+00   3.8856132687256713E+06
   2.5700000000000000E+04   3.0968381869706204E+03   1.0496142731478767E+04   4.3929609102064951E+03   3.3695100276309082E+00   3.8902988670020001E+06
   2.5800000000000000E+04   3.0962399126748433E+03   1.0517905992987520E+04   4.3879581728470703E+03   3.3738087790179581E+00   3.8949777889022147E+06
   2.5900000000000000E+04   3.0923024397403537E+03   1.0539426228464084E+04   4.3763329795983345E+03   3.3780999763543607E+00   3.8996494295398667E+06
   2.6000000000000000E+04   3.1089874489909462E+03   1.0560704368451052E+04   4.4061117308783932E+03   3.3823835412174423E+00   3.9043131321705035E+06
   2.6100000000000000E+04   3.0936683397572001E+03   1.0581741353615418E+04   4.3718054223822455E+03   3.3866593967746255E+00   3.9089683271739865E+06
   2.6200000000000000E+04   3.0904340346574986E+03   1.0602538134525001E+04   4.3618198402319813E+03   3.3909274677506365E+00   3.9136143934583846E+06
   2.6300000000000000E+04   3.0913237340873211E+03   1.0623095671426257E+04   4.3601197768294132E+03   3.3951876803783310E+00   3.9182507418515468E+06
   2.6400000000000000E+04   3.1027943685867017E+03   1.0643414934027989E+04   4.3795238910686412E+03   3.3994399624478726E+00   3.9228767598226648E+06
   2.6500000000000000E+04   3.0941955230742110E+03   1.0663496901282309E+04   4.3590475162285620E+03   3.4036842432083718E+00   3.9274919225012879E+06
   2.6600000000000000E+04   3.0928987637428654E+03   1.0683342561172469E+04   4.3531706290060720E+03   3.4079204534006773E+00   3.9320955709927445E+06
   2.6700000000000000E+04   3.0914497392268981E+03   1.0702952910500533E+04   4.3470573735027538E+03   3.4121485252245876E+00   3.9366871898180973E+06
   2.6800000000000000E+04   3.1016063776928054E+03   1.0722328954678802E+04   4.3639488950803616E+03   3.4163683923388484E+00   3.9412662406210918E+06
   2.6900000000000000E+04   3.1126464308768886E+03   1.0741471707520053E+04   4.3826411485844346E+03   3.4205799898119826E+00   3.9458321068948614E+06
   2.7000000000000000E+04   3.1011198160407239E+03   1.0760382191032544E+04   4.3567164574145254E+03   3.4247832541222820E+00   3.9503843157779844E+06
   2.7100000000000000E+04   3.1001852690620294E+03   1.0779061435217351E+04   4.3518200779251265E+03   3.4289781231578123E+00   3.9549222887655278E+06
   2.7200000000000000E+04   3.0923951966170939E+03   1.0797510477860327E+04   4.3335068092284864E+03   3.4331645361344405E+00   3.9594454803408347E+06
   2.7300000000000000E+04   3.0938571512727376E+03   1.0815730364341311E+04   4.3334465369520822E+03   3.4373424336942136E+00   3.9639534334291592E+06
   2.7400000000000000E+04   3.0914923671586057E+03   1.0833722147421309E+04   4.3259332617655373E+03   3.4415117577414014E+00   3.9684455856072688E+06
   2.7500000000000000E+04   3.0927197295897854E+03   1.0851486887058752E+04   4.3255077655841715E+03   3.4456724515736581E+00   3.9729214630324659E+06
   2.7600000000000000E+04   3.0971916364520389E+03   1.0869025650201760E+04   4.3314686444192057E+03   3.4498244597508814E+00   3.9773805973440483E+06
   2.7700000000000000E+04   3.1079410834640817E+03   1.0886339510597843E+04   4.3497517040911889E+03   3.4539677281279837E+00   3.9818224152950463E+06
   2.7800000000000000E+04   3.1111782036704885E+03   1.0903429548600336E+04   4.3533647536837152E+03   3.4581022038385125E+00   3.9862465151117453E+06
   2.7900000000000000E+04   3.1058691616583533E+03   1.0920296850976189E+04   4.3403067472190760E+03   3.4622278352782501E+00   3.9906524178139060E+06
   2.8000000000000000E+04   3.0903909982889895E+03   1.0936942510714949E+04   4.3075520029903828E+03   3.4663445720888300E+00   3.9950396502275858E+06
   2.8100000000000000E+04   3.0814949642345550E+03   1.0953367626834364E+04   4.2877659014815063E+03   3.4704523651085464E+00   3.9994077725225231E+06
   2.8200000000000000E+04   3.0810122461038777E+03   1.0969573304198258E+04   4.2843541979167185E+03   3.4745511664051483E+00   4.0037563231426743E+06
   2.8300000000000000E+04   3.0866743088589678E+03   1.0985560653324619E+04   4.2928643809120322E+03   3.4786409292266596E+00   4.0080848739422583E+06
   2.8400000000000000E+04   3.0849957131372353E+03   1.1001330790204212E+04   4.2872185166723857E+03   3.4827216080177674E+00   4.0123930026368038E+06
   2.8500000000000000E+04   3.0836297937206286E+03   1.1016884836110656E+04   4.2822264169116124E+03   3.4867931583706571E+00   4.0166802928112298E+06
   2.8600000000000000E+04   3.0976840636128049E+03   1.1032223917418942E+04   4.3070354229556888E+03   3.4908555370249919E+00   4.0209463614075496E+06
   2.8700000000000000E+04   3.0975147397761862E+03   1.1047349165422742E+04   4.3044074936904171E+03   3.4949087018515352E+00   4.0251907762836730E+06
   2.8800000000000000E+04   3.0946591033476047E+03   1.1062261716149953E+04   4.2966411086429007E+03   3.4989526118193632E+00   4.0294131112817740E+06
   2.8900000000000000E+04   3.0828536843407142E+03   1.1076962710190930E+04   4.2717274923311315E+03   3.5029872270286502E+00   4.0336130559113021E+06
   2.9000000000000000E+04   3.0743370736368352E+03   1.1091453292510749E+04   4.2532582947221736E+03   3.5070125086450905E+00   4.0377901957766912E+06
   2.9100000000000000E+04   3.0746483812790980E+03   1.1105734612277074E+04   4.2517572301436740E+03   3.5110284189162977E+00   4.0419442045927090E+06
   2.9200000000000000E+04   3.0711198284536786E+03   1.1119807822680343E+04   4.2429601342882179E+03   3.5150349211390206E+00   4.0460746797818420E+06
   2.9300000000000000E+04   3.0737290145412653E+03   1.1133674080754707E+04   4.2459218740729239E+03   3.5190319796263552E+00   4.0501812520599309E+06
   2.9400000000000000E+04   3.0782910542605805E+03   1.1147334547219918E+04   4.2526403836462641E+03   3.5230195597733132E+00   4.0542636126821213E+06
   2.9500000000000000E+04   3.0884321048560923E+03   1.1160790386288703E+04   4.2700462668842229E+03   3.5269976279420754E+00   4.0583214313011421E+06
   2.9600000000000000E+04   3.0893060257346206E+03   1.1174042765507926E+04   4.2697788138823071E+03   3.5309661515111737E+00   4.0623543833540054E+06
   2.9700000000000000E+04   3.0843138476805843E+03   1.1187092855588256E+04   4.2583544949338648E+03   3.5349250988590915E+00   4.0663621500418144E+06
   2.9800000000000000E+04   3.0724671213601678E+03   1.1199941830220463E+04   4.2339661785701537E+03   3.5388744392823019E+00   4.0703443910625488E+06
   2.9900000000000000E+04   3.0670401767143030E+03   1.1212590865932321E+04   4.2218712991859948E+03   3.5428141430936324E+00   4.0743008534943559E+06
   3.0000000000000000E+04   3.0614100361011779E+03   1.1225041141900239E+04   4.2094569392106796E+03   3.5467441815074978E+00   4.0782311812583436E+06
   3.0100000000000000E+04   3.0720650962370582E+03   1.1237293839802276E+04   4.2278911302542310E+03   3.5506645267054933E+00   4.0821351597995008E+06
   3.0200000000000000E+04   3.0668381980479453E+03   1.1249350143635089E+04   4.2163014185787006E+03   3.5545751517380206E+00   4.0860124443250080E+06
   3.0300000000000000E+04   3.0731200694476142E+03   1.1261211239578237E+04   4.2265106173805398E+03   3.5584760306226508E+00   4.0898628583445861E+06
   3.0400000000000000E+04   3.0816784785644327E+03   1.1272878315801558E+04   4.2410620162575415E+03   3.5623671381965942E+00   4.0936860411057840E+06
   3.0500000000000000E+04   3.0809376494516073E+03   1.1284352562332706E+04   4.2380383082155158E+03   3.5662484502150464E+00   4.0974817458190625E+06
   3.0600000000000000E+04   3.0793597974125023E+03   1.1295635170891073E+04   4.2334662910347724E+03   3.5701199433020205E+00   4.1012497850386095E+06
   3.0700000000000000E+04   3.0780013098101581E+03   1.1306727334722240E+04   4.2293450335543539E+03   3.5739815949011633E+00   4.1049898685692544E+06
   3.0800000000000000E+04   3.0606602036540312E+03   1.1317630248463378E+04   4.1951733278866186E+03   3.5778333833413258E+00   4.1087017925527324E+06
   3.0900000000000000E+04   3.0598660778176813E+03   1.1328345107963680E+04   4.1922122299991952E+03   3.5816752877218176E+00   4.1123853313180176E+06
   3.1000000000000000E+04   3.0605574923463473E+03   1.1338873110161823E+04   4.1920693356250622E+03   3.5855072880107626E+00   4.1160402375710085E+06
   3.1100000000000000E+04   3.0656537454268328E+03   1.1349215452908858E+04   4.2002179846671506E+03   3.5893293649303457E+00   4.1196663229324366E+06
   3.1200000000000000E+04   3.0708925143690726E+03   1.1359373334845166E+04   4.2086620331825725E+03   3.5931415000387772E+00   4.1232633772360445E+06
   3.1300000000000000E+04   3.0696825814588078E+03   1.1369347955230212E+04   4.2050236737262157E+03   3.5969436756319495E+00   4.1268312221339992E+06
   3.1400000000000000E+04   3.0696221732095023E+03   1.1379140513809449E+04   4.2035724095572714E+03   3.6007358747761997E+00   4.1303696039210991E+06
   3.1500000000000000E+04   3.0627886946189365E+03   1.1388752210683902E+04   4.1894660539162160E+03   3.6045180813411135E+00   4.1338784344373099E+06
   3.1600000000000000E+04   3.0520294610123615E+03   1.1398184246134182E+04   4.1680983658800833E+03   3.6082902798683785E+00   4.1373574431071337E+06
   3.1700000000000000E+04   3.0488001764503861E+03   1.1407437820511759E+04   4.1608453340159767E+03   3.6120524556701326E+00   4.1408065245207897E+06
   3.1800000000000000E+04   3.0482255287114676E+03   1.1416514134094834E+04   4.1585695084722656E+03   3.6158045947961912E+00   4.1442254978550393E+06
   3.1900000000000000E+04   3.0460372655920692E+03   1.1425414386930546E+04   4.1533204071692489E+03   3.6195466839520747E+00   4.1476141870160229E+06
   3.2000000000000000E+04   3.0554910096716198E+03   1.1434139778732710E+04   4.1697548447494437E+03   3.6232787105973707E+00   4.1509724737522588E+06
   3.2100000000000000E+04   3.0519339061667874E+03   1.1442691508717460E+04   4.1620006020249830E+03   3.6270006628309761E+00   4.1543001911379881E+06
   3.2200000000000000E+04   3.0485923538896145E+03   1.1451070775494982E+04   4.1546844940725268E+03   3.6307125294566833E+00   4.1575972033563098E+06
   3.2300000000000000E+04   3.0504804718211508E+03   1.1459278776928213E+04   4.1571107858471833E+03   3.6344142999339808E+00   4.1608633789804927E+06
   3.2400000000000000E+04   3.0476654188067928E+03   1.1467316710008286E+04   4.1508304055440685E+03   3.6381059643780764E+00   4.1640985909652235E+06
   3.2500000000000000E+04   3.0386290812265593E+03   1.1475185770731845E+04   4.1330645284228731E+03   3.6417875135598772E+00   4.1673027429262423E+06
   3.2600000000000000E+04   3.0352450966741858E+03   1.1482887153959135E+04   4.1258112847787070E+03   3.6454589388404322E+00   4.1704756898933174E+06
   3.2700000000000000E+04   3.0417797966713515E+03   1.1490422053326514E+04   4.1369172223505702E+03   3.6491202322692824E+00   4.1736173438669108E+06
   3.2800000000000000E+04   3.0470872446575831E+03   1.1497791661086872E+04   4.1457815332075616E+03   3.6527713864533213E+00   4.1767275682848999E+06
   3.2900000000000000E+04   3.0356456601886448E+03   1.1504997168020785E+04   4.1237035316443671E+03   3.6564123946387559E+00   4.1798063095028331E+06
   3.3000000000000000E+04   3.0367679387027902E+03   1.1512039763301365E+04   4.1248698550056324E+03   3.6600432506455411E+00   4.1828534390341090E+06
   3.3100000000000000E+04   3.0359749306330505E+03   1.1518920634387923E+04   4.1225248274869818E+03   3.6636639488837646E+00   4.1858689109645989E+06
   3.3200000000000000E+04   3.0437488222216111E+03   1.1525640966910545E+04   4.1360059194279811E+03   3.6672744843372582E+00   4.1888526046433588E+06
   3.3300000000000000E+04   3.0453443970690773E+03   1.1532201944556449E+04   4.1381072300573287E+03   3.6708748525472132E+00   4.1918044555916120E+06
   3.3400000000000000E+04   3.0375650715248394E+03   1.1538604748969427E+04   4.1229383804188965E+03   3.6744650496285569E+00   4.1947244290131535E+06
   3.3500000000000000E+04   3.0288521019803611E+03   1.1544850559628556E+04   4.1061121674083615E+03   3.6780450722207858E+00   4.1976124155529579E+06
   3.3600000000000000E+04   3.0251229657398958E+03   1.1550940553757086E+04   4.0984943888757780E+03   3.6816149175207498E+00   4.2004683875874765E+06
   3.3700000000000000E+04   3.0245551841035722E+03   1.1556875906204616E+04   4.0967059341324766E+03   3.6851745832334699E+00   4.2032922430441305E+06
   3.3800000000000000E+04   3.0244531513169095E+03   1.1562657789353991E+04   4.0957927657084583E+03   3.6887240675885367E+00   4.2060840129998019E+06
   3.3900000000000000E+04   3.0308659719760685E+03   1.1568287373018611E+04   4.1068522807883137E+03   3.6922633693237099E+00   4.2088435505381403E+06
   3.4000000000000000E+04   3.0293095238513602E+03   1.1573765824341446E+04   4.1033060273819829E+03   3.6957924876685331E+00   4.2115708674884532E+06
   3.4100000000000000E+04   3.0229924294117113E+03   1.1579094307719686E+04   4.0910586303821601E+03   3.6993114223935089E+00   4.2142659786581704E+06
   3.4200000000000000E+04   3.0184813582058837E+03   1.1584273984665890E+04   4.0821575534118656E+03   3.7028201736789579E+00   4.2169287730818959E+06
   3.4300000000000000E+04   3.0173942540129906E+03   1.1589306013759991E+04   4.0795456549298065E+03   3.7063187422297661E+00   4.2195592205093000E+06
   3.4400000000000000E+04   3.0268684368430581E+03   1.1594191550537887E+04   4.0962727784759109E+03   3.7098071292098118E+00   4.2221573706791280E+06
   3.4500000000000000E+04   3.0182837590284848E+03   1.1598931747405557E+04   4.0799794331028820E+03   3.7132853362419769E+00   4.2247231479149414E+06
   3.4600000000000000E+04   3.0089714036817022E+03   1.1603527753542778E+04   4.0624183228261186E+03   3.7167533653753457E+00   4.2272565820546392E+06
   3.4700000000000000E+04   3.0077440093014093E+03   1.1607980714833078E+04   4.0596364554325492E+03   3.7202112191180023E+00   4.2297575779917566E+06
   3.4800000000000000E+04   3.0057365083010673E+03   1.1612291773783587E+04   4.0554540408855023E+03   3.7236589004370249E+00   4.2322262223157426E+06
   3.4900000000000000E+04   3.0133573126941369E+03   1.1616462069421730E+04   4.0688276981810109E+03   3.7270964126929162E+00   4.2346624766147463E+06
   3.5000000000000000E+04   3.0113442038933022E+03   1.1620492737230777E+04   4.0646648521788716E+03   3.7305237596723915E+00   4.2370663308199653E+06
   3.5100000000000000E+04   3.0033432843615860E+03   1.1624384909074917E+04   4.0496287886401688E+03   3.7339409455883725E+00   4.2394378029435091E+06
   3.5200000000000000E+04   3.0025104677847021E+03   1.1628139713113607E+04   4.0476596218639479E+03   3.7373479750472076E+00   4.2417769135096418E+06
   3.5300000000000000E+04   3.0010315834540647E+03   1.1631758273723608E+04   4.0445347423529056E+03   3.7407448530322771E+00   4.2440836602212181E+06
   3.5400000000000000E+04   2.9997369140812511E+03   1.1635241711448565E+04   4.0417630335554750E+03   3.7441315849531729E+00   4.2463580686132452E+06
   3.5500000000000000E+04   2.9976178798285046E+03   1.1638591142912044E+04   4.0375138128314238E+03   3.7475081765965168E+00   4.2486001414033147E+06
   3.5600000000000000E+04   2.9911441196985793E+03   1.1641807680738386E+04   4.0253934673557856E+03   3.7508746340931767E+00   4.2508099340312667E+06
   3.5700000000000000E+04   2.9920838045716341E+03   1.1644892433501102E+04   4.0267265289753836E+03   3.7542309639510578E+00   4.2529874287776295E+06
   3.5800000000000000E+04   2.9868408586917981E+03   1.1647846505666776E+04   4.0168850220121008E+03   3.7575771730714824E+00   4.2551327106755422E+06
   3.5900000000000000E+04   2.9968810010575489E+03   1.1650670997508098E+04   4.0347263541552652E+03   3.7609132686836344E+00   4.2572457665713811E+06
   3.6000000000000000E+04   2.9980629477267662E+03   1.1653367005050892E+04   4.0365454064598157E+03   3.7642392583609361E+00   4.2593266606407473E+06
   3.6100000000000000E+04   2.9935704006416831E+03   1.1655935620016502E+04   4.0280989060381307E+03   3.7675551500210664E+00   4.2613754091473678E+06
   3.6200000000000000E+04   2.9924498707839052E+03   1.1658377929772530E+04   4.0257790385545054E+03   3.7708609519423315E+00   4.2633920803009970E+06
   3.6300000000000000E+04   2.9832665540222183E+03   1.1660695017245240E+04   4.0089021291315239E+03   3.7741566726817259E+00   4.2653766944623580E+06
   3.6400000000000000E+04   2.9742766119284961E+03   1.1662887960900076E+04   3.9924279607412082E+03   3.7774423211568751E+00   4.2673293236709945E+06
   3.6500000000000000E+04   2.9737467558605076E+03   1.1664957834670693E+04   3.9912309347399269E+03   3.7807179065968683E+00   4.2692500169661455E+06
   3.6600000000000000E+04   2.9759696344704262E+03   1.1666905707902650E+04   3.9950077668948056E+03   3.7839834385258651E+00   4.2711388252244033E+06
   3.6700000000000000E+04   2.9785637874203335E+03   1.1668732645305412E+04   3.9994694085673664E+03   3.7872389267630906E+00   4.2729957518719602E+06
   3.6800000000000000E+04   2.9749023745096447E+03   1.1670439706926461E+04   3.9926708918007275E+03   3.7904843814720182E+00   4.2748209746102449E+06
   3.6900000000000000E+04   2.9731424454767657E+03   1.1672027948058903E+04   3.9893158390076565E+03   3.7937198130456200E+00   4.2766144510387219E+06
   3.7000000000000000E+04   2.9688742848966781E+03   1.1673498419239042E+04   3.9814641892379855E+03   3.7969452322047199E+00   4.2783762881864700E+06
   3.7100000000000000E+04   2.9686817960795574E+03   1.1674852166177363E+04   3.9809605859184867E+03   3.8001606499324265E+00   4.2801065454506576E+06
   3.7200000000000000E+04   2.9682028421993627E+03   1.1676090229725096E+04   3.9799554890079617E+03   3.8033660774905234E+00   4.2818052838417534E+06
   3.7300000000000000E+04   2.9632680429613702E+03   1.1677213645835547E+04   3.9709582322987735E+03   3.8065615264194710E+00   4.2834726146634817E+06
   3.7400000000000000E+04   2.9590655566430855E+03   1.1678223445505932E+04   3.9632988874439602E+03   3.8097470084892273E+00   4.2851085531149469E+06
   3.7500000000000000E+04   2.9578463788920621E+03   1.1679120654769336E+04   3.9610088668926865E+03   3.8129225357648178E+00   4.2867132133449195E+06
   3.7600000000000000E+04   2.9641647239391464E+03   1.1679906294632481E+04   3.9722570864053600E+03   3.8160881205407651E+00   4.2882866621351307E+06
   3.7700000000000000E+04   2.9628024376769558E+03   1.1680581381056654E+04   3.9697330265020710E+03   3.8192437753738813E+00   4.2898289677085429E+06
   3.7800000000000000E+04   2.9564546392074076E+03   1.1681146924912122E+04   3.9582806919167260E+03   3.8223895130504668E+00   4.2913402478968808E+06
   3.7900000000000000E+04   2.9544420885242989E+03   1.1681603931961956E+04   3.9546215524822569E+03   3.8255253466191106E+00   4.2928205974574154E+06
   3.8000000000000000E+04   2.9520086879705877E+03   1.1681953402790732E+04   3.9502229468833789E+03   3.8286512892923277E+00   4.2942700161220711E+06
   3.8100000000000000E+04   2.9560936034551137E+03   1.1682196332833561E+04   3.9575130988924166E+03   3.8317673545777056E+00   4.2956886733641345E+06
   3.8200000000000000E+04   2.9482757790499404E+03   1.1682333712321695E+04   3.9434981757574024E+03   3.8348735562123215E+00   4.2970766434412226E+06
   3.8300000000000000E+04   2.9402580161207652E+03   1.1682366526214731E+04   3.9291632889597417E+03   3.8379699080643990E+00   4.2984339778729435E+06
   3.8400000000000000E+04   2.9380616888303330E+03   1.1682295754255412E+04   3.9252500946741911E+03   3.8410564243136256E+00   4.2997608488043696E+06
   3.8500000000000000E+04   2.9382987665549290E+03   1.1682122370883066E+04   3.9256928440457691E+03   3.8441331193036099E+00   4.3010572860114509E+06
   3.8600000000000000E+04   2.9427486148579483E+03   1.1681847345212207E+04   3.9336710975356705E+03   3.8472000075418902E+00   4.3023233919589361E+06
   3.8700000000000000E+04   2.9400809159941359E+03   1.1681471641063055E+04   3.9289482558103382E+03   3.8502571038146813E+00   4.3035592937684348E+06
   3.8800000000000000E+04   2.9333389987658015E+03   1.1680996216878011E+04   3.9169712407636480E+03   3.8533044230393410E+00   4.3047650719028506E+06
   3.8900000000000000E+04   2.9311911198182838E+03   1.1680422025747412E+04   3.9132067361942409E+03   3.8563419803627204E+00   4.3059408550650533E+06
   3.9000000000000000E+04   2.9274776717696041E+03   1.1679750015349631E+04   3.9066662964238567E+03   3.8593697910628153E+00   4.3070866783630643E+06
   3.9100000000000000E+04   2.9279305509567312E+03   1.1678981128001393E+04   3.9075589093750318E+03   3.8623878706962982E+00   4.3082027428030707E+06
   3.9200000000000000E+04   2.9256482943705228E+03   1.1678116300541631E+04   3.9035916511834980E+03   3.8653962348690158E+00   4.3092890851473743E+06
   3.9300000000000000E+04   2.9217577724753742E+03   1.1677156464420663E+04   3.8967754480123831E+03   3.8683948994654962E+00   4.3103458137347745E+06
   3.9400000000000000E+04   2.9193589417180210E+03   1.1676102545615253E+04   3.8926267472063428E+03   3.8713838804850105E+00   4.3113730609120987E+06
   3.9500000000000000E+04   2.9175459468658596E+03   1.1674955464647053E+04   3.8895313650183789E+03   3.8743631941071537E+00   4.3123709362114836E+06
   3.9600000000000000E+04   2.9209705947702173E+03   1.1673716136565519E+04   3.8957583541961862E+03   3.8773328566754470E+00   4.3133395498109106E+06
   3.9700000000000000E+04   2.9178983149188498E+03   1.1672385470939202E+04   3.8904430710501324E+03   3.8802928846973370E+00   4.3142790125124669E+06
   3.9800000000000000E+04   2.9119920438340655E+03   1.1670964371825870E+04   3.8801076338620869E+03   3.8832432947950219E+00   4.3151894356837450E+06
   3.9900000000000000E+04   2.9088397377173478E+03   1.1669453737802743E+04   3.8746794174065849E+03   3.8861841037874081E+00   4.3160709312935211E+06
   4.0000000000000000E+04   2.9014071680500360E+03   1.1667854461916313E+04   3.8616779907243667E+03   3.8891153285917612E+00   4.3169235887696408E+06
   4.0100000000000000E+04   2.9062189376657834E+03   1.1666167431729589E+04   3.8703922452338315E+03   3.8920369863384532E+00   4.3177475903240684E+06
   4.0200000000000000E+04   2.9043857978801511E+03   1.1664393529251332E+04   3.8673366446835180E+03   3.8949490942234233E+00   4.3185430032541631E+06
   4.0300000000000000E+04   2.9021003501768073E+03   1.1662533630970271E+04   3.8634896071398516E+03   3.8978516695901471E+00   4.3193099186343402E+06
   4.0400000000000000E+04   2.8968718090995308E+03   1.1660588607875636E+04   3.8544411225588096E+03   3.9007447299788134E+00   4.3200485425198935E+06
   4.0500000000000000E+04   2.8959259916953179E+03   1.1658559325381259E+04   3.8529884442730099E+03   3.9036282929623973E+00   4.3207589437030992E+06
   4.0600000000000000E+04   2.8931760664588451E+03   1.1656446643392577E+04   3.8483522963886417E+03   3.9065023762941844E+00   4.3214412145732334E+06
   4.0700000000000000E+04   2.8897351886733436E+03   1.1654251416284977E+04   3.8425053409322240E+03   3.9093669978586152E+00   4.3220955162420124E+06
   4.0800000000000000E+04   2.8880545355717063E+03   1.1651974492890087E+04   3.8397815071845866E+03   3.9122221756384792E+00   4.3227219871112080E+06
   4.0900000000000000E+04   2.8854754410346322E+03   1.1649616716490449E+04   3.8354793557514195E+03   3.9150679276985287E+00   4.3233206979075260E+06
   4.1000000000000000E+04   2.8812673339415305E+03   1.1647178924867923E+04   3.8283110456567661E+03   3.9179042722838391E+00   4.3238917877899585E+06
   4.1100000000000000E+04   2.8814601270021767E+03   1.1644661950262207E+04   3.8289234664251462E+03   3.9207312277214439E+00   4.3244354410187993E+06
   4.1200000000000000E+04   2.8785655498242122E+03   1.1642066619367890E+04   3.8240940045912330E+03   3.9235488124039564E+00   4.3249516843532156E+06
   4.1300000000000000E+04   2.8768472918856669E+03   1.1639393753377572E+04   3.8213501686693617E+03   3.9263570448715166E+00   4.3254407024723329E+06
   4.1400000000000000E+04   2.8734799714859187E+03   1.1636644167972965E+04   3.8157066559797131E+03   3.9291559437790147E+00   4.3259026573763378E+06
   4.1500000000000000E+04   2.8701820782545610E+03   1.1633818673293646E+04   3.8101965429115053E+03   3.9319455278141291E+00   4.3263375770344585E+06
   4.1600000000000000E+04   2.8671162508723110E+03   1.1630918074005373E+04   3.8051059226968746E+03   3.9347258158284606E+00   4.3267456907716673E+06
   4.1700000000000000E+04   2.8643634612235996E+03   1.1627943169247412E+04   3.8005765512330217E+03   3.9374968267064014E+00   4.3271270494555151E+06
   4.1800000000000000E+04   2.8625534052715416E+03   1.1624894752687129E+04   3.7977157863226457E+03   3.9402585794634808E+00   4.3274818155357139E+06
   4.1900000000000000E+04   2.8669022888736126E+03   1.1621773612498968E+04   3.8057086322368923E+03   3.9430110931807989E+00   4.3278101291141044E+06
   4.2000000000000000E+04   2.8585408102894035E+03   1.1618580531389931E+04   3.7913283117441842E+03   3.9457543870378151E+00   4.3281120861635692E+06
   4.2100000000000000E+04   2.8547380657423937E+03   1.1615316286594994E+04   3.7849882408507542E+03   3.9484884802795559E+00   4.3283878489998784E+06
   4.2200000000000000E+04   2.8530755992488716E+03   1.1611981649888496E+04   3.7824200091520779E+03   3.9512133922166219E+00   4.3286375137999188E+06
   4.2300000000000000E+04   2.8514354413802284E+03   1.1608577387619112E+04   3.7798986461877416E+03   3.9539291422743603E+00   4.3288612208888875E+06
   4.2400000000000000E+04   2.8494037686514330E+03   1.1605104260699427E+04   3.7766970039761027E+03   3.9566357499436906E+00   4.3290591541731423E+06
   4.2500000000000000E+04   2.8427860013804789E+03   1.1601563024595898E+04   3.7654527422079609E+03   3.9593332347319237E+00   4.3292313444436705E+06
   4.2600000000000000E+04   2.8372757116446760E+03   1.1597954429404110E+04   3.7561695237838849E+03   3.9620216162939039E+00   4.3293780191238904E+06
   4.2700000000000000E+04   2.8374449760012026E+03   1.1594279219801343E+04   3.7568518949496411E+03   3.9647009143008747E+00   4.3294992528042803E+06
   4.2800000000000000E+04   2.8352356997258516E+03   1.1590538135084364E+04   3.7533720556484077E+03   3.9673711484896401E+00   4.3295951854618816E+06
   4.2900000000000000E+04   2.8325231325685636E+03   1.1586731909192393E+04   3.7490179867877328E+03   3.9700323386789749E+00   4.3296659569166135E+06
   4.3000000000000000E+04   2.8306075005781045E+03   1.1582861270715084E+04   3.7460675675230814E+03   3.9726845047532220E+00   4.3297117283600094E+06
   4.3100000000000000E+04   2.8283170207643034E+03   1.1578926942877732E+04   3.7424678332385356E+03   3.9753276665967268E+00   4.3297325746028582E+06
   4.3200000000000000E+04   2.8254649245440182E+03   1.1574929643619804E+04   3.7378924039557887E+03   3.9779618442249727E+00   4.3297286566600371E+06
   4.3300000000000000E+04   2.8238474915361767E+03   1.1570870085550139E+04   3.7354850881867515E+03   3.9805870576534454E+00   4.3297001137220403E+06
   4.3400000000000000E+04   2.8185297015480191E+03   1.1566748975995379E+04   3.7266127558574012E+03   3.9832033269632006E+00   4.3296470420869756E+06
   4.3500000000000000E+04   2.8158363402227951E+03   1.1562567017018002E+04   3.7223389625059422E+03   3.9858106723008668E+00   4.3295696233835360E+06
   4.3600000000000000E+04   2.8138247173248456E+03   1.1558324905419098E+04   3.7192634925001462E+03   3.9884091138458526E+00   4.3294679961137539E+06
   4.3700000000000000E+04   2.8170561709699077E+03   1.1554023332757166E+04   3.7253582537691150E+03   3.9909986718103592E+00   4.3293422349782009E+06
   4.3800000000000000E+04   2.8146959155483296E+03   1.1549662985374966E+04   3.7216842342989912E+03   3.9935793664557582E+00   4.3291924995528422E+06
   4.3900000000000000E+04   2.8115312083371118E+03   1.1545244544426854E+04   3.7166110330652077E+03   3.9961512181090009E+00   4.3290189489580896E+06
   4.4000000000000000E+04   2.8043615520475305E+03   1.1540768685875344E+04   3.7045535410576249E+03   3.9987142471134240E+00   4.3288216787271686E+06
   4.4100000000000000E+04   2.7994282644089781E+03   1.1536236080519060E+04   3.6964147579336882E+03   4.0012684738451521E+00   4.3286008474490680E+06
   4.4200000000000000E+04   2.7973789675306084E+03   1.1531647394021118E+04   3.6933130865518260E+03   4.0038139187294854E+00   4.3283565713672191E+06
   4.4300000000000000E+04   2.7969673338298835E+03   1.1527003286914434E+04   3.6930720358669200E+03   4.0063506022081246E+00   4.3280889874822227E+06
   4.4400000000000000E+04   2.7961871213755294E+03   1.1522304414654149E+04   3.6921941488960942E+03   4.0088785448047242E+00   4.3277982533458089E+06
   4.4500000000000000E+04   2.7923633582602165E+03   1.1517551427568864E+04   3.6860166597840780E+03   4.0113977669773737E+00   4.3274844636117807E+06
   4.4600000000000000E+04   2.7897511822496749E+03   1.1512744970976186E+04   3.6819576709120583E+03   4.0139082893153031E+00   4.3271477545085512E+06
   4.4700000000000000E+04   2.7871865741411580E+03   1.1507885685126705E+04   3.6779877473276961E+03   4.0164101323749568E+00   4.3267883032434192E+06
   4.4800000000000000E+04   2.7850490213037365E+03   1.1502974205257578E+04   3.6747673760037123E+03   4.0189033167455612E+00   4.3264061625649771E+06
   4.4900000000000000E+04   2.7833105868748767E+03   1.1498011161615223E+04   3.6722473617612109E+03   4.0213878630491351E+00   4.3260015502266074E+06
   4.5000000000000000E+04   2.7774128969067060E+03   1.1492997179478147E+04   3.6624966904659559E+03   4.0238637919404789E+00   4.3255745392150562E+06
   4.5100000000000000E+04   2.7798995376403918E+03   1.1487932879164471E+04   3.6673377382411186E+03   4.0263311240743915E+00   4.3251252846140033E+06
   4.5200000000000000E+04   2.7763975879471054E+03   1.1482818876070914E+04   3.6617652161910200E+03   4.0287898801384552E+00   4.3246539205184551E+06
   4.5300000000000000E+04   2.7728861691126021E+03   1.1477655780680720E+04   3.6561832636891063E+03   4.0312400808202664E+00   4.3241605602951115E+06
   4.5400000000000000E+04   2.7662062323834830E+03   1.1472444198610974E+04   3.6451044372981455E+03   4.0336817468565789E+00   4.3236453780648410E+06
   4.5500000000000000E+04   2.7628059324632932E+03   1.1467184730597404E+04   3.6397319943312136E+03   4.0361148989513760E+00   4.3231084458606206E+06
   4.5600000000000000E+04   2.7593906371805792E+03   1.1461877972573478E+04   3.6343401079592199E+03   4.0385395578905952E+00   4.3225499571965691E+06
   4.5700000000000000E+04   2.7515312124086936E+03   1.1456524515624202E+04   3.6212531925580247E+03   4.0409557443946120E+00   4.3219699836140219E+06
   4.5800000000000000E+04   2.7597305436200522E+03   1.1451124946065576E+04   3.6360125670484749E+03   4.0433634792329753E+00   4.3213686773068579E+06
   4.5900000000000000E+04   2.7604211900453884E+03   1.1445679845461540E+04   3.6377612266256228E+03   4.0457627832080174E+00   4.3207462099117665E+06
   4.6000000000000000E+04   2.7578654711557151E+03   1.1440189790609569E+04   3.6338776629545309E+03   4.0481536770728992E+00   4.3201026522335419E+06
   4.6100000000000000E+04   2.7579184204095636E+03   1.1434655353620723E+04   3.6345283801423689E+03   4.0505361816463434E+00   4.3194381550789317E+06
   4.6200000000000000E+04   2.7593339591154522E+03   1.1429077101897716E+04   3.6375518915886305E+03   4.0529103177142947E+00   4.3187528487397078E+06
   4.6300000000000000E+04   2.7564683493666012E+03   1.1423455598191656E+04   3.6331418165036248E+03   4.0552761060954801E+00   4.3180469027832765E+06
   4.6400000000000000E+04   2.7478475864282323E+03   1.1417791400588236E+04   3.6187490040253674E+03   4.0576335675594475E+00   4.3173203473365428E+06
   4.6500000000000000E+04   2.7494163166990033E+03   1.1412085062588360E+04   3.6220446376327545E+03   4.0599827229413199E+00   4.3165734106089976E+06
   4.6600000000000000E+04   2.7267209141653916E+03   1.1406337133086618E+04   3.5833264087192779E+03   4.0623235930434296E+00   4.3158061814779546E+06
   4.6700000000000000E+04   2.7392002196061294E+03   1.1400548156412902E+04   3.6054877648974370E+03   4.0646561986681107E+00   4.3150187684474550E+06
   4.6800000000000000E+04   2.7303565796623338E+03   1.1394718672366118E+04   3.5907600314505603E+03   4.0669805606340921E+00   4.3142113385469122E+06
   4.6900000000000000E+04   2.7281616321291003E+03   1.1388849216232378E+04   3.5875467350720501E+03   4.0692966997601019E+00   4.3133840188944442E+06
   4.7000000000000000E+04   2.7250623295260903E+03   1.1382940318779536E+04   3.5827741971476498E+03   4.0716046367992940E+00   4.3125368971397178E+06
   4.7100000000000000E+04   2.7235104982579132E+03   1.1376992506346423E+04   3.5806809906894950E+03   4.0739043925703990E+00   4.3116700998130469E+06
   4.7200000000000000E+04   2.7187367337991486E+03   1.1371006300837549E+04   3.5730246602719394E+03   4.0761959878921443E+00   4.3107838111507269E+06
   4.7300000000000000E+04   2.7201194729836761E+03   1.1364982219717918E+04   3.5760092845483678E+03   4.0784794435176854E+00   4.3098781176111773E+06
   4.7400000000000000E+04   2.7105099901462540E+03   1.1358920776086678E+04   3.5600145509872259E+03   4.0807547802329589E+00   4.3089531442008195E+06
   4.7500000000000000E+04   2.7120634250943367E+03   1.1352822478672040E+04   3.5632951254724380E+03   4.0830220187911292E+00   4.3080089962187121E+06
   4.7600000000000000E+04   2.7071255459074005E+03   1.1346687831889236E+04   3.5553778622539567E+03   4.0852811799781383E+00   4.3070458554598680E+06
   4.7700000000000000E+04   2.7094612455663241E+03   1.1340517335835564E+04   3.5600153567257171E+03   4.0875322845471374E+00   4.3060638260967415E+06
   4.7800000000000000E+04   2.7059391355531252E+03   1.1334311486309076E+04   3.5545472284429138E+03   4.0897753532021079E+00   4.3050629929557499E+06
   4.7900000000000000E+04   2.7031617793106961E+03   1.1328070774874543E+04   3.5503688175396805E+03   4.0920104066798126E+00   4.3040435169359390E+06
   4.8000000000000000E+04   2.6995019426005479E+03   1.1321795688874268E+04   3.5446727234329078E+03   4.0942374657170175E+00   4.3030055390804755E+06
   4.8100000000000000E+04   2.7031627687088567E+03   1.1315486711423331E+04   3.5516084382792756E+03   4.0964565509849171E+00   4.3019491240487769E+06
   4.8200000000000000E+04   2.7012532252036935E+03   1.1309144321475531E+04   3.5489369267126103E+03   4.0986676831710902E+00   4.3008744310091753E+06
   4.8300000000000000E+04   2.7099070955786915E+03   1.1302768993842199E+04   3.5645230027832249E+03   4.1008708829631306E+00   4.2997816182545209E+06
   4.8400000000000000E+04   2.6920366742970664E+03   1.1296361199187397E+04   3.5342947080098033E+03   4.1030661709830474E+00   4.2986707305575563E+06
   4.8500000000000000E+04   2.6894523669535342E+03   1.1289921404101809E+04   3.5304709210428027E+03   4.1052535678856437E+00   4.2975419440864678E+06
   4.8600000000000000E+04   2.6880529841509156E+03   1.1283450071090067E+04   3.5286923138430952E+03   4.1074330942765434E+00   4.2963953592308266E+06
   4.8700000000000000E+04   2.6822833665934900E+03   1.1276947658620998E+04   3.5193892516224059E+03   4.1096047707613650E+00   4.2952311133555202E+06
   4.8800000000000000E+04   2.6800321236645445E+03   1.1270414621146425E+04   3.5161499782512678E+03   4.1117686179293402E+00   4.2940493059995389E+06
   4.8900000000000000E+04   2.6767887288293973E+03   1.1263851409104214E+04   3.5112065228495976E+03   4.1139246563041283E+00   4.2928500549238650E+06
   4.9000000000000000E+04   2.6663796565130633E+03   1.1257258469007773E+04   3.4939527870205548E+03   4.1160729064749582E+00   4.2916335143915825E+06
   4.9100000000000000E+04   2.6701224298205125E+03   1.1250636243386167E+04   3.5010229965160506E+03   4.1182133889163097E+00   4.2903997824734244E+06
   4.9200000000000000E+04   2.6633485786148144E+03   1.1243985170881409E+04   3.4900268296903337E+03   4.1203461241354526E+00   4.2891489570022281E+06
   4.9300000000000000E+04   2.6677635149866246E+03   1.1237305686243581E+04   3.4982585437367889E+03   4.1224711326068642E+00   4.2878811904520057E+06
   4.9400000000000000E+04   2.6649434416907466E+03   1.1230598220349415E+04   3.4940596891847463E+03   4.1245884347558439E+00   4.2865965613492113E+06
   4.9500000000000000E+04   2.6627939394015480E+03   1.1223863200275937E+04   3.4910166003392810E+03   4.1266980510568807E+00   4.2852952392480578E+06
   4.9600000000000000E+04   2.6592054445239546E+03   1.1217101049240393E+04   3.4855036284242888E+03   4.1288000018533104E+00   4.2839773017450348E+06
   4.9700000000000000E+04   2.6540250362855686E+03   1.1210312186720950E+04   3.4772616539196783E+03   4.1308943075540379E+00   4.2826428807266988E+06
   4.9800000000000000E+04   2.6500447081413768E+03   1.1203497028412208E+04   3.4710859312864359E+03   4.1329809884860165E+00   4.2812920893205628E+06
   4.9900000000000000E+04   2.6461052004992766E+03   1.1196655986290798E+04   3.4649849320534536E+03   4.1350600649761908E+00   4.2799250401762817E+06
   5.0000000000000000E+04   2.6434804182889816E+03   1.1189789468633695E+04   3.4611420170812034E+03   4.1371315573351106E+00   4.2785418634144673E+06


