#Te   kappa_tot   kappa_e_ph  kappa_e_e mu Ce
#[K]  [W/(K*m)]   [W/(K*m)]   [W/(K*m)]   [eV]  [J/(m^3*K)]
   3.0000000000000000E+02   1.2486634356763503E-01   1.6282676277383504E-01   5.3559952518129117E-01   9.1643834122996068E+00   5.7976791166757175E+02
   4.0000000000000000E+02   5.0627970814986134E-01   6.5402940398922915E-01   2.2410998133836260E+00   9.1643834122996068E+00   9.1325989095876832E+02
   5.0000000000000000E+02   1.3673552413137555E+00   1.7466390236562326E+00   6.2968050174182766E+00   9.1643834122996068E+00   1.3625503774211597E+03
   6.0000000000000000E+02   5.1705744216968101E+00   6.5812287026529379E+00   2.4122659430211208E+01   9.2196652512238231E+00   1.8835452226861678E+03
   7.0000000000000000E+02   7.7076115045127445E+00   9.8153828537139276E+00   3.5892487974634520E+01   9.2176497675130449E+00   2.7626335693542824E+03
   8.0000000000000000E+02   1.0580744437291102E+01   1.3459516870234980E+01   4.9469595659470748E+01   9.2152743759967706E+00   3.6446534936388930E+03
   9.0000000000000000E+02   1.3823861128017475E+01   1.7518425242204714E+01   6.5548267737415856E+01   9.2132948830665384E+00   4.6435924553625300E+03
   1.0000000000000000E+03   1.7477689384277923E+01   2.1960533520574412E+01   8.5619613779995532E+01   9.2115785727190787E+00   5.7159212639584275E+03
   1.1000000000000000E+03   2.1637499183376075E+01   2.6782678849461032E+01   1.1263167262238571E+02   9.2100877671059997E+00   6.8676192005834901E+03
   1.2000000000000000E+03   2.6348673548275308E+01   3.2000637578431459E+01   1.4918254051016444E+02   9.2087887248705371E+00   8.1064070199673070E+03
   1.3000000000000000E+03   3.1652870377246241E+01   3.7643229723385197E+01   1.9890564190997949E+02   9.2076485481898445E+00   9.4383640551917397E+03
   1.4000000000000000E+03   3.7546005604132262E+01   4.3747471300342553E+01   2.6486364402741646E+02   9.2066412281014163E+00   1.0871632592597907E+04
   1.5000000000000000E+03   4.4010954035029791E+01   5.0354420249133959E+01   3.4935885212374802E+02   9.2057452544903100E+00   1.2414072465236844E+04
   1.6000000000000000E+03   5.1037656850950825E+01   5.7506778853288580E+01   4.5369545429148303E+02   9.2049429482914800E+00   1.4073049081622430E+04
   1.7000000000000000E+03   5.8630085940335377E+01   6.5247836681078368E+01   5.7806442428852972E+02   9.2042197409711850E+00   1.5855403883740350E+04
   1.8000000000000000E+03   6.6807401533877709E+01   7.3621352114763255E+01   7.2182079599978306E+02   9.2035636033842749E+00   1.7767511388049799E+04
   1.9000000000000000E+03   7.5597010257243440E+01   8.2671954629715231E+01   8.8336420374503280E+02   9.2029645624995169E+00   1.9815430074404019E+04
   2.0000000000000000E+03   8.5033981257043791E+01   9.2445737481045285E+01   1.0606162521644228E+03   9.2024143675007632E+00   2.2005128092062216E+04
   2.1000000000000000E+03   9.5060734567324076E+01   1.0299079106096326E+02   1.2345914886959472E+03   9.2019061954287640E+00   2.4342554227980148E+04
   2.2000000000000000E+03   1.0580236818405120E+02   1.1435753703448458E+02   1.4142676140554372E+03   9.2014344666581138E+00   2.6833778961059346E+04
   2.3000000000000000E+03   1.1730028948445364E+02   1.2659878267870536E+02   1.5970408910738151E+03   9.2009946428005875E+00   2.9484972303281080E+04
   2.4000000000000000E+03   1.2951953180022718E+02   1.3976949477857309E+02   1.7661409667448797E+03   9.2005830992963826E+00   3.2302413122567541E+04
   2.5000000000000000E+03   1.4272783291092799E+02   1.5392631690110062E+02   1.9618342677932551E+03   9.2001970023987401E+00   3.5292413300216846E+04
   2.6000000000000000E+03   1.5657769459437523E+02   1.6912688373475061E+02   2.1102158277236804E+03   9.1998341905519947E+00   3.8461209299368085E+04
   2.7000000000000000E+03   1.7166087918788554E+02   1.8542900090362434E+02   2.3119279433490460E+03   9.1994931062937741E+00   4.1814884766448449E+04
   2.8000000000000000E+03   1.8731472049645271E+02   2.0288974602114018E+02   2.4400753634276111E+03   9.1991726952066717E+00   4.5359223289287074E+04
   2.9000000000000000E+03   2.0415396877020618E+02   2.2156455754117383E+02   2.5980329761318794E+03   9.1988723553941139E+00   4.9099626214231503E+04
   3.0000000000000000E+03   2.2195468442048553E+02   2.4150635207453169E+02   2.7416314101038929E+03   9.1985918583989701E+00   5.3040988324141035E+04
   3.1000000000000000E+03   2.4073984064016409E+02   2.6276471431151720E+02   2.8721134292583929E+03   9.1983313041712371E+00   5.7187621610075039E+04
   3.2000000000000000E+03   2.6053855293797909E+02   2.8538518161527298E+02   2.9925123127844658E+03   9.1980910634045330E+00   6.1543178267607211E+04
   3.3000000000000000E+03   2.8137699673319111E+02   3.0940864338465769E+02   3.1057923896279926E+03   9.1978717385446256E+00   6.6110598671207583E+04
   3.4000000000000000E+03   3.0353648824486936E+02   3.3487086095964730E+02   3.2438985160628108E+03   9.1976741187570390E+00   7.0892074043259767E+04
   3.5000000000000000E+03   3.2600734403676654E+02   3.6180211108609166E+02   3.2951784583354565E+03   9.1974991442306191E+00   7.5889024718581233E+04
   3.6000000000000000E+03   3.5024273785008052E+02   3.9022694871620547E+02   3.4182031342036180E+03   9.1973478765220573E+00   8.1102099586371929E+04
   3.7000000000000000E+03   3.7502328661461053E+02   4.2016408035463201E+02   3.4906633507487045E+03   9.1972214639577938E+00   8.6531180889059222E+04
   3.8000000000000000E+03   4.0071532663947335E+02   4.5162633970052951E+02   3.5547042840230047E+03   9.1971211213145398E+00   9.2175410052876759E+04
   3.9000000000000000E+03   4.2724098562168274E+02   4.8462075176987747E+02   3.6084121901810418E+03   9.1970481023604904E+00   9.8033214907898262E+04
   4.0000000000000000E+03   4.5461262200350814E+02   5.1914867481877218E+02   3.6570495091262737E+03   9.1970036811833324E+00   1.0410235202132305E+05
   4.1000000000000000E+03   4.8267809058495919E+02   5.5520600701843284E+02   3.6949327724693021E+03   9.1969891346166310E+00   1.1037994966277003E+05
   4.2000000000000000E+03   5.1142804444034778E+02   5.9278344609504381E+02   3.7264406842922754E+03   9.1970057257645692E+00   1.1686255938544808E+05
   4.3000000000000000E+03   5.4079458266806500E+02   6.3186679112464401E+02   3.7520791841891091E+03   9.1970546910962980E+00   1.2354620729120844E+05
   4.4000000000000000E+03   5.7076143161270340E+02   6.7243727613841668E+02   3.7747536220507914E+03   9.1971372280894848E+00   1.3042644903555622E+05
   4.5000000000000000E+03   6.0094062673937390E+02   7.1447192681147078E+02   3.7818223451428435E+03   9.1972544869927049E+00   1.3749842501783717E+05
   4.6000000000000000E+03   6.3188009378669472E+02   7.5794393187672472E+02   3.7991044062714286E+03   9.1974075614894151E+00   1.4475691422635430E+05
   4.7000000000000000E+03   6.6274097287555355E+02   8.0282302276821406E+02   3.7982290490751579E+03   9.1975974829316414E+00   1.5219638819955577E+05
   4.8000000000000000E+03   6.9405313498967757E+02   8.4907585544214965E+02   3.8014025143774893E+03   9.1978252159465388E+00   1.5981106254641159E+05
   4.9000000000000000E+03   7.2577044260153434E+02   8.9666638930814838E+02   3.8080128568017594E+03   9.1980916526700902E+00   1.6759494577375392E+05
   5.0000000000000000E+03   7.5708922548513738E+02   9.4555625963717353E+02   3.7983855345430811E+03   9.1983976127470619E+00   1.7554188650657085E+05
   5.1000000000000000E+03   7.8886458927812293E+02   9.9570513958497190E+02   3.7974977576474107E+03   9.1987438397613932E+00   1.8364561683197276E+05
   5.2000000000000000E+03   8.2048273019065607E+02   1.0470710896666972E+03   3.7914734381766698E+03   9.1991310020599482E+00   1.9189979321543610E+05
   5.3000000000000000E+03   8.5186425863676732E+02   1.0996108923292445E+03   3.7809563892831584E+03   9.1995596919287479E+00   2.0029803374647713E+05
   5.4000000000000000E+03   8.8302076910548283E+02   1.1532803703039876E+03   3.7681196711013195E+03   9.2000304275150917E+00   2.0883395253303726E+05
   5.5000000000000000E+03   9.1392180162481088E+02   1.2080346874946683E+03   3.7538281763993359E+03   9.2005436536513248E+00   2.1750119081645462E+05
   5.6000000000000000E+03   9.4451170090119865E+02   1.2638286317857237E+03   3.7382951394057072E+03   9.2010997440515236E+00   2.2629344426093236E+05
   5.7000000000000000E+03   9.7455795191890365E+02   1.3206168793241125E+03   3.7190708843544467E+03   9.2016990040574029E+00   2.3520448884113628E+05
   5.8000000000000000E+03   1.0045585649595581E+03   1.3783542401133457E+03   3.7042631830465002E+03   9.2023416725603937E+00   2.4422820138331858E+05
   5.9000000000000000E+03   1.0312034827682457E+03   1.4369958850334685E+03   3.6517075063461511E+03   9.2030279266696713E+00   2.5335857986075807E+05
   6.0000000000000000E+03   1.0601905034911840E+03   1.4964975544572349E+03   3.6363668481186046E+03   9.2037578834969622E+00   2.6258975908840197E+05
   6.1000000000000000E+03   1.0881330411480960E+03   1.5568157489117325E+03   3.6144338745795912E+03   9.2045316037261813E+00   2.7191602472776268E+05
   6.2000000000000000E+03   1.1160206836989285E+03   1.6179079022382125E+03   3.5976582318094202E+03   9.2053490955949702E+00   2.8133182482860220E+05
   6.3000000000000000E+03   1.1428028370456052E+03   1.6797325378348528E+03   3.5751479325762884E+03   9.2062103181897310E+00   2.9083178033067292E+05
   6.4000000000000000E+03   1.1688580154583856E+03   1.7422494086367788E+03   3.5515743878268413E+03   9.2071151846034098E+00   3.0041069090790791E+05
   6.5000000000000000E+03   1.1951079971862887E+03   1.8054196215270308E+03   3.5353602027402153E+03   9.2080635649559444E+00   3.1006354113991000E+05
   6.6000000000000000E+03   1.2235097166138532E+03   1.8692057468613584E+03   3.5419009665564868E+03   9.2090552910622687E+00   3.1978550629044732E+05
   6.7000000000000000E+03   1.2449511886641387E+03   1.9335719139486009E+03   3.4956871965239116E+03   9.2100901578052436E+00   3.2957195231591153E+05
   6.8000000000000000E+03   1.2675782223099302E+03   1.9984838931237380E+03   3.4658845343753496E+03   9.2111679275290719E+00   3.3941843771040300E+05
   6.9000000000000000E+03   1.2914965573681895E+03   2.0639091652769966E+03   3.4509167178050443E+03   9.2122883322360067E+00   3.4932071637595975E+05
   7.0000000000000000E+03   1.3146355020415072E+03   2.1298169795247431E+03   3.4347358121757816E+03   9.2134510767440929E+00   3.5927473213859269E+05
   7.1000000000000000E+03   1.3366901695198756E+03   2.1961783998218198E+03   3.4155326088903125E+03   9.2146558407465857E+00   3.6927661986162531E+05
   7.2000000000000000E+03   1.3575123325841819E+03   2.2629663411820811E+03   3.3927783048137312E+03   9.2159022818324114E+00   3.7932270242216578E+05
   7.3000000000000000E+03   1.3783219570959557E+03   2.3301555962891807E+03   3.3742289509095735E+03   9.2171900372710063E+00   3.8940948673191998E+05
   7.4000000000000000E+03   1.3994656969637783E+03   2.3977228531346827E+03   3.3613892603176414E+03   9.2185187262090000E+00   3.9953365801985981E+05
   7.5000000000000000E+03   1.4177457563999094E+03   2.4656467043560870E+03   3.3358688707173974E+03   9.2198879520042283E+00   4.0969208201710286E+05
   7.6000000000000000E+03   1.4389255891041621E+03   2.5339076489752892E+03   3.3298304055926142E+03   9.2212973031867698E+00   4.1988179028558073E+05
   7.7000000000000000E+03   1.4609413594791315E+03   2.6024880870376046E+03   3.3306411311228680E+03   9.2227463560675531E+00   4.3009998434187274E+05
   7.8000000000000000E+03   1.4767741105353189E+03   2.6713723078865414E+03   3.3023768767064025E+03   9.2242346751502282E+00   4.4034402148851415E+05
   7.9000000000000000E+03   1.4942929863031388E+03   2.7405464724816197E+03   3.2859923104605105E+03   9.2257618153278642E+00   4.5061141727349389E+05
   8.0000000000000000E+03   1.5113107440629738E+03   2.8099985904090404E+03   3.2700552888329225E+03   9.2273273228440083E+00   4.6089983391394035E+05
   8.1000000000000000E+03   1.5264227908400942E+03   2.8797184920372856E+03   3.2481208161385266E+03   9.2289307363910673E+00   4.7120707981750241E+05
   8.2000000000000000E+03   1.5424240942915026E+03   2.9496977963149075E+03   3.2329780236588222E+03   9.2305715877967138E+00   4.8153109527824877E+05
   8.3000000000000000E+03   1.5596483046827589E+03   3.0199298746206109E+03   3.2254248811845960E+03   9.2322494034655378E+00   4.9186995749333128E+05
   8.4000000000000000E+03   1.5734877134301441E+03   3.0904098111553349E+03   3.2056503591114756E+03   9.2339637047222407E+00   5.0222186442921660E+05
   8.5000000000000000E+03   1.5885326867906022E+03   3.1611343602113707E+03   3.1931577737734478E+03   9.2357140089100067E+00   5.1258513538380218E+05
   8.6000000000000000E+03   1.6028464730009425E+03   3.2321019007465366E+03   3.1797120597349126E+03   9.2374998295277848E+00   5.2295820411374234E+05
   8.7000000000000000E+03   1.6178446234053372E+03   3.3033123885551195E+03   3.1707792327770885E+03   9.2393206773973002E+00   5.3333960970654816E+05
   8.8000000000000000E+03   1.6314574058725091E+03   3.3747673064237360E+03   3.1582388842170385E+03   9.2411760605943893E+00   5.4372799773413921E+05
   8.9000000000000000E+03   1.6447273614894414E+03   3.4464696125226073E+03   3.1461230755993975E+03   9.2430654851354870E+00   5.5412210404249234E+05
   9.0000000000000000E+03   1.6532244098363142E+03   3.5184236873405857E+03   3.1185643240441514E+03   9.2449884557327309E+00   5.6452076520467817E+05
   9.1000000000000000E+03   1.6702611710133303E+03   3.5906352794373424E+03   3.1229845581685013E+03   9.2469444753134393E+00   5.7492289728993783E+05
   9.2000000000000000E+03   1.6780850414738616E+03   3.6631114502185574E+03   3.0966905542333175E+03   9.2489330462557575E+00   5.8532750258143747E+05
   9.3000000000000000E+03   1.6945734288582198E+03   3.7358605179964175E+03   3.1013226906706004E+03   9.2509536697021773E+00   5.9573365400927234E+05
   9.4000000000000000E+03   1.7018467149625260E+03   3.8088920015173621E+03   3.0764171903623978E+03   9.2530058467952063E+00   6.0614050766810204E+05
   9.5000000000000000E+03   1.7133540310338142E+03   3.8822165631592284E+03   3.0668662948023457E+03   9.2550890781281510E+00   6.1654727875483281E+05
   9.6000000000000000E+03   1.7233568103955167E+03   3.9558459519656612E+03   3.0536919240739608E+03   9.2572028641570636E+00   6.2695324602888012E+05
   9.7000000000000000E+03   1.7343909330355734E+03   4.0297929466849596E+03   3.0448855177351425E+03   9.2593467054752381E+00   6.3735775058755872E+05
   9.8000000000000000E+03   1.7464741297937580E+03   4.1040712989626873E+03   3.0402370872349029E+03   9.2615201031565419E+00   6.4776019552603213E+05
   9.9000000000000000E+03   1.7558164668818883E+03   4.1786956767841648E+03   3.0282247044753512E+03   9.2637225581375269E+00   6.5816002191186650E+05
   1.0000000000000000E+04   1.7698956622255587E+03   4.2536816083704052E+03   3.0310875374863622E+03   9.2659535723158104E+00   6.6855673103251180E+05
   1.0100000000000000E+04   1.7807900385994233E+03   4.3290454265287481E+03   3.0252544579023161E+03   9.2682126478635940E+00   6.7894986353612063E+05
   1.0200000000000000E+04   1.7911761064581885E+03   4.4048042136582671E+03   3.0187079942230894E+03   9.2704992877768397E+00   6.8933900533863739E+05
   1.0300000000000000E+04   1.8025126479453584E+03   4.4809757474425478E+03   3.0155410621179904E+03   9.2728129959439247E+00   6.9972377804152179E+05
   1.0400000000000000E+04   1.8123392862636226E+03   4.5575784473076483E+03   3.0088010500122505E+03   9.2751532770083411E+00   7.1010384099237761E+05
   1.0500000000000000E+04   1.8220543771429725E+03   4.6346313217592551E+03   3.0024246278558089E+03   9.2775196366432926E+00   7.2047888500754477E+05
   1.0600000000000000E+04   1.8316441561634226E+03   4.7121539166284201E+03   2.9963408917391553E+03   9.2799115816203184E+00   7.3084863143725286E+05
   1.0700000000000000E+04   1.8411020108865234E+03   4.7901662642930023E+03   2.9905027438732641E+03   9.2823286198779726E+00   7.4121283382876276E+05
   1.0800000000000000E+04   1.8505577685761614E+03   4.8686888339098286E+03   2.9852215657094980E+03   9.2847702604531541E+00   7.5157126565621363E+05
   1.0900000000000000E+04   1.8597996746347383E+03   4.9477424827695759E+03   2.9799158959130323E+03   9.2872360138929881E+00   7.6192372367323691E+05
   1.1000000000000000E+04   1.8676176555437687E+03   5.0273484086892713E+03   2.9715078220797977E+03   9.2897253919802552E+00   7.7227003266780218E+05
   1.1100000000000000E+04   1.8739742466211858E+03   5.1075281036174365E+03   2.9600175390194890E+03   9.2922379080766149E+00   7.8261002818167384E+05
   1.1200000000000000E+04   1.8872748076154164E+03   5.1883033083644968E+03   2.9662737313301159E+03   9.2947730770539554E+00   7.9294357014485681E+05
   1.1300000000000000E+04   1.9048039481632334E+03   5.2696959685445308E+03   2.9830786918880258E+03   9.2973304153630494E+00   8.0327052733346459E+05
   1.1400000000000000E+04   1.9143065824093253E+03   5.3517281917587243E+03   2.9803875314231022E+03   9.2999094412394943E+00   8.1359078998888726E+05
   1.1500000000000000E+04   1.9224752225586481E+03   5.4344222059963904E+03   2.9748575616946746E+03   9.3025096747723381E+00   8.2390425888200162E+05
   1.1600000000000000E+04   1.9234561773712389E+03   5.5178003192286524E+03   2.9527631998078077E+03   9.3051306376981771E+00   8.3421083544728917E+05
   1.1700000000000000E+04   1.9319786235719266E+03   5.6018848804014524E+03   2.9490458565544550E+03   9.3077718539502943E+00   8.4451044669739553E+05
   1.1800000000000000E+04   1.9391519441658356E+03   5.6866982415271077E+03   2.9425578968047275E+03   9.3104328493154593E+00   8.5480301773210242E+05
   1.1900000000000000E+04   1.9477461032386500E+03   5.7722627212121552E+03   2.9396923441969438E+03   9.3131131519144201E+00   8.6508848368630954E+05
   1.2000000000000000E+04   1.9563255487968559E+03   5.8586005692815061E+03   2.9370892399218324E+03   9.3158122918586912E+00   8.7536678305199719E+05
   1.2100000000000000E+04   1.9664612403796582E+03   5.9457339328617609E+03   2.9382392784169183E+03   9.3185298017310867E+00   8.8563786549601716E+05
   1.2200000000000000E+04   1.9734857436574309E+03   6.0336848235572079E+03   2.9327111175312807E+03   9.3212652163111134E+00   8.9590167278276314E+05
   1.2300000000000000E+04   1.9833978140214008E+03   6.1224750860661698E+03   2.9338190383928604E+03   9.3240180729868634E+00   9.0615816543510149E+05
   1.2400000000000000E+04   1.9920783720583870E+03   6.2121263679185522E+03   2.9324411935987441E+03   9.3267879116177408E+00   9.1640729077673703E+05
   1.2500000000000000E+04   2.0005589094908808E+03   6.3026600905833429E+03   2.9308568689933177E+03   9.3295742748089872E+00   9.2664901072042133E+05
   1.2600000000000000E+04   2.0105191221374100E+03   6.3940974217012372E+03   2.9326395598817035E+03   9.3323767077744684E+00   9.3688328532550647E+05
   1.2700000000000000E+04   2.0189656897971815E+03   6.4864592486562196E+03   2.9313838954138546E+03   9.3351947585425492E+00   9.4711005759798712E+05
   1.2800000000000000E+04   2.0328428467341898E+03   6.5797661533340797E+03   2.9416881825506275E+03   9.3380279780247868E+00   9.5732929440159199E+05
   1.2900000000000000E+04   2.0416171522228753E+03   6.6740383881202606E+03   2.9414059201247619E+03   9.3408759201531932E+00   9.6754094426729134E+05
   1.3000000000000000E+04   2.0515732395107520E+03   6.7692958530489850E+03   2.9437309821042654E+03   9.3437381418802445E+00   9.7774495761604002E+05
   1.3100000000000000E+04   2.0600160133658246E+03   6.8655580741884050E+03   2.9430934938274613E+03   9.3466142033161841E+00   9.8794128669756651E+05
   1.3200000000000000E+04   2.0624638292712707E+03   6.9628441832027302E+03   2.9305101317668764E+03   9.3495036678663137E+00   9.9812988951277453E+05
   1.3300000000000000E+04   2.0767554979074166E+03   7.0611728979205545E+03   2.9420348378915260E+03   9.3524061020250340E+00   1.0083106941232772E+06
   1.3400000000000000E+04   2.0791481393781723E+03   7.1605625043338759E+03   2.9298673830778343E+03   9.3553210758564020E+00   1.0184836446498883E+06
   1.3500000000000000E+04   2.0874256831744433E+03   7.2610308394255717E+03   2.9296519163672542E+03   9.3582481627881648E+00   1.0286486862789195E+06
   1.3600000000000000E+04   2.0958994874074724E+03   7.3625952752424901E+03   2.9299698112453057E+03   9.3611869397490803E+00   1.0388057398778596E+06
   1.3700000000000000E+04   2.1042624181081615E+03   7.4652727041297294E+03   2.9302112762567608E+03   9.3641369874434712E+00   1.0489547430761333E+06
   1.3800000000000000E+04   2.1083799952973955E+03   7.5690795247161277E+03   2.9224270199728999E+03   9.3670978900080186E+00   1.0590956123760010E+06
   1.3900000000000000E+04   2.1168666526410998E+03   7.6740316293962960E+03   2.9232354474866406E+03   9.3700692355609334E+00   1.0692282727803346E+06
   1.4000000000000000E+04   2.1245341746191052E+03   7.7801443922925173E+03   2.9226170136767964E+03   9.3730506157213966E+00   1.0793526268820537E+06
   1.4100000000000000E+04   2.1295947227605129E+03   7.8874326588938466E+03   2.9172469167809327E+03   9.3760416263647368E+00   1.0894685995811652E+06
   1.4200000000000000E+04   2.1401921257176082E+03   7.9959107358635647E+03   2.9224056574688348E+03   9.3790418669358999E+00   1.0995760789524696E+06
   1.4300000000000000E+04   2.1481625531473996E+03   8.1055923825906393E+03   2.9227587274805210E+03   9.3820509411359581E+00   1.1096749662094023E+06
   1.4400000000000000E+04   2.1554980388194822E+03   8.2164908031172909E+03   2.9220674732400021E+03   9.3850684566474865E+00   1.1197651528150674E+06
   1.4500000000000000E+04   2.1664256750028421E+03   8.3286186391706324E+03   2.9280701468009383E+03   9.3880940252032534E+00   1.1298465299630607E+06
   1.4600000000000000E+04   2.1704505597724942E+03   8.4419879641310636E+03   2.9215990148774258E+03   9.3911272627234794E+00   1.1399189687684888E+06
   1.4700000000000000E+04   2.1866274432187502E+03   8.5566102778749573E+03   2.9372322249811518E+03   9.3941677894531566E+00   1.1499823548974944E+06
   1.4800000000000000E+04   2.1971567686289859E+03   8.6724965022146662E+03   2.9426771682604299E+03   9.3972152297560800E+00   1.1600365485779969E+06
   1.4900000000000000E+04   2.2197474516538255E+03   8.7896569774881864E+03   2.9697241035009301E+03   9.4002692123894533E+00   1.1700814199499041E+06
   1.5000000000000000E+04   2.2277740900737767E+03   8.9081014597011526E+03   2.9706983693491611E+03   9.4033293704352534E+00   1.1801168181604596E+06
   1.5100000000000000E+04   2.2317615338340711E+03   9.0278391185323399E+03   2.9646489209816004E+03   9.4063953413688441E+00   1.1901426028012538E+06
   1.5200000000000000E+04   2.2292315496187211E+03   9.1488785360290130E+03   2.9474001659621831E+03   9.4094667670590137E+00   1.2001586175964985E+06
   1.5300000000000000E+04   2.2373378896310442E+03   9.2712277061897930E+03   2.9489897583587326E+03   9.4125432939738722E+00   1.2101647092091858E+06
   1.5400000000000000E+04   2.2395161189248502E+03   9.3948940348464112E+03   2.9404479922455162E+03   9.4156245729063066E+00   1.2201607024521744E+06
   1.5500000000000000E+04   2.2476384429716918E+03   9.5198843406625983E+03   2.9423177265652635E+03   9.4187102592485541E+00   1.2301464364622855E+06
   1.5600000000000000E+04   2.2559922557297496E+03   9.6462048565588520E+03   2.9446735336325823E+03   9.4218000129921862E+00   1.2401217341741789E+06
   1.5700000000000000E+04   2.2640534210450478E+03   9.7738612316248673E+03   2.9466192100289368E+03   9.4248934985908424E+00   1.2500864046112518E+06
   1.5800000000000000E+04   2.2722683009144544E+03   9.9028585339990550E+03   2.9489136289461076E+03   9.4279903852347804E+00   1.2600402751631481E+06
   1.5900000000000000E+04   2.2826423308319336E+03   1.0033201253948977E+04   2.9549107520118541E+03   9.4310903467136242E+00   1.2699831539996059E+06
   1.6000000000000000E+04   2.2956754101445263E+03   1.0164893307476685E+04   2.9653894347782739E+03   9.4341930612790428E+00   1.2799148384135382E+06
   1.6100000000000000E+04   2.3031547890268139E+03   1.0297938040987086E+04   2.9666526994819237E+03   9.4372982120566427E+00   1.2898351392536305E+06
   1.6200000000000000E+04   2.2997652976749146E+03   1.0432338235717332E+04   2.9501031999210004E+03   9.4404054867027227E+00   1.2997438384200593E+06
   1.6300000000000000E+04   2.3068687944983380E+03   1.0568096113179137E+04   2.9510398637287644E+03   9.4435145776102321E+00   1.3096407444142422E+06
   1.6400000000000000E+04   2.3166579966808426E+03   1.0705213340702820E+04   2.9564468582289724E+03   9.4466251817714575E+00   1.3195256303468577E+06
   1.6500000000000000E+04   2.3236520300022776E+03   1.0843691037618160E+04   2.9573766821672889E+03   9.4497370008466959E+00   1.3293982742913312E+06
   1.6600000000000000E+04   2.3352759310457341E+03   1.0983529782003983E+04   2.9658672351524306E+03   9.4528497413701569E+00   1.3392584697495783E+06
   1.6700000000000000E+04   2.3425539800511788E+03   1.1124729617128831E+04   2.9674058819290663E+03   9.4559631143381147E+00   1.3491059872337624E+06
   1.6800000000000000E+04   2.3514858053189873E+03   1.1267290059006662E+04   2.9716750036551475E+03   9.4590768354834829E+00   1.3589405933569253E+06
   1.6900000000000000E+04   2.3564707609948787E+03   1.1411210103995489E+04   2.9697357305399451E+03   9.4621906252758201E+00   1.3687620543498958E+06
   1.7000000000000000E+04   2.3730553847409415E+03   1.1556488236542018E+04   2.9862674536834979E+03   9.4653042087840298E+00   1.3785701397885305E+06
   1.7100000000000000E+04   2.3842334752420866E+03   1.1703122437503031E+04   2.9942385184919813E+03   9.4684173157793179E+00   1.3883646127505323E+06
   1.7200000000000000E+04   2.3942252255604694E+03   1.1851110192491389E+04   3.0003777219432613E+03   9.4715296806322566E+00   1.3981452193621879E+06
   1.7300000000000000E+04   2.4019398017330259E+03   1.2000448500773817E+04   3.0030034661047457E+03   9.4746410424500471E+00   1.4079117303664882E+06
   1.7400000000000000E+04   2.3999354434698662E+03   1.2151133883875626E+04   2.9906002902600453E+03   9.4777511448019531E+00   1.4176638930275766E+06
   1.7500000000000000E+04   2.4074262513779777E+03   1.2303162395055719E+04   2.9931028571074689E+03   9.4808597359595499E+00   1.4274014517139711E+06
   1.7600000000000000E+04   2.4166230619610765E+03   1.2456529628445520E+04   2.9983084576297615E+03   9.4839665687251102E+00   1.4371241552608155E+06
   1.7700000000000000E+04   2.4201539638536369E+03   1.2611230728771936E+04   2.9948866779588898E+03   9.4870714005689045E+00   1.4468317574376150E+06
   1.7800000000000000E+04   2.4303961778516355E+03   1.2767260400577212E+04   3.0018292018367715E+03   9.4901739932859517E+00   1.4565239917137241E+06
   1.7900000000000000E+04   2.4379980295556097E+03   1.2924612918720026E+04   3.0048000390638131E+03   9.4932741134765912E+00   1.4662006113256291E+06
   1.8000000000000000E+04   2.4468656970692341E+03   1.3083282137459724E+04   3.0097575105900573E+03   9.4963715319285740E+00   1.4758613418149815E+06
   1.8100000000000000E+04   2.4568581414725058E+03   1.3243261501299354E+04   3.0164656145066533E+03   9.4994660241663329E+00   1.4855059365627016E+06
   1.8200000000000000E+04   2.4637745820754576E+03   1.3404544054390064E+04   3.0185970931101315E+03   9.5025573699360777E+00   1.4951341250054969E+06
   1.8300000000000000E+04   2.4711322384584719E+03   1.3567122451152158E+04   3.0214656853069578E+03   9.5056453534804053E+00   1.5047456462937372E+06
   1.8400000000000000E+04   2.4757745575197632E+03   1.3730988966355424E+04   3.0203629977764308E+03   9.5087297634009662E+00   1.5143402305845234E+06
   1.8500000000000000E+04   2.4844380855554728E+03   1.3896135505445665E+04   3.0253245438837671E+03   9.5118103926585178E+00   1.5239176183202763E+06
   1.8600000000000000E+04   2.4986058036569430E+03   1.4062553614795499E+04   3.0384760161508789E+03   9.5148870385042450E+00   1.5334775451267150E+06
   1.8700000000000000E+04   2.5065889839460115E+03   1.4230234491967021E+04   3.0425134393673939E+03   9.5179595024111183E+00   1.5430197299398489E+06
   1.8800000000000000E+04   2.5138599469119176E+03   1.4399168996199620E+04   3.0455660898890519E+03   9.5210275901425643E+00   1.5525439183008366E+06
   1.8900000000000000E+04   2.5137211284234272E+03   1.4569347658674102E+04   3.0378576298011753E+03   9.5240911116837577E+00   1.5620498354102622E+06
   1.9000000000000000E+04   2.5194114085516071E+03   1.4740760692752254E+04   3.0387839997388783E+03   9.5271498811730471E+00   1.5715372258821006E+06
   1.9100000000000000E+04   2.5264270599530723E+03   1.4913398004121940E+04   3.0417131390140571E+03   9.5302037167989457E+00   1.5810058179948560E+06
   1.9200000000000000E+04   2.5334287904804514E+03   1.5087249201129389E+04   3.0446884091851184E+03   9.5332524408344597E+00   1.5904553273320531E+06
   1.9300000000000000E+04   2.5385512457030463E+03   1.5262303605068586E+04   3.0450246699769077E+03   9.5362958796714068E+00   1.5998855017767826E+06
   1.9400000000000000E+04   2.5419146877856447E+03   1.5438550260174365E+04   3.0429236713855144E+03   9.5393338637174558E+00   1.6092960854151482E+06
   1.9500000000000000E+04   2.5491743161129252E+03   1.5615977943351085E+04   3.0464871922614511E+03   9.5423662271901879E+00   1.6186867851173822E+06
   1.9600000000000000E+04   2.5592052210181350E+03   1.5794575174611437E+04   3.0540558663911675E+03   9.5453928083573505E+00   1.6280573576057947E+06
   1.9700000000000000E+04   2.5680946135745062E+03   1.5974330226516351E+04   3.0600380744147542E+03   9.5484134492622790E+00   1.6374075266494821E+06
   1.9800000000000000E+04   2.5759352869756372E+03   1.6155231134383166E+04   3.0645793725931580E+03   9.5514279959298207E+00   1.6467370373684971E+06
   1.9900000000000000E+04   2.5821570650657150E+03   1.6337265705196100E+04   3.0668886134023328E+03   9.5544362979201534E+00   1.6560456142092857E+06
   2.0000000000000000E+04   2.5884134374824112E+03   1.6520421527987361E+04   3.0693121047682607E+03   9.5574382087406438E+00   1.6653330077143556E+06
   2.0100000000000000E+04   2.5950747286335454E+03   1.6704685982774274E+04   3.0723673149346832E+03   9.5604335855369698E+00   1.6745989564280780E+06
   2.0200000000000000E+04   2.5980037173075439E+03   1.6890046249808187E+04   3.0702681469574636E+03   9.5634222890244285E+00   1.6838431953025518E+06
   2.0300000000000000E+04   2.6045710030106789E+03   1.7076489319029708E+04   3.0733264203360413E+03   9.5664041835909366E+00   1.6930654731624071E+06
   2.0400000000000000E+04   2.6137429986712837E+03   1.7264001998933680E+04   3.0800591547870763E+03   9.5693791371597410E+00   1.7022655311474851E+06
   2.0500000000000000E+04   2.6181671114462215E+03   1.7452570925492080E+04   3.0802550463161238E+03   9.5723470211550588E+00   1.7114431202386778E+06
   2.0600000000000000E+04   2.6216964730311443E+03   1.7642182570868092E+04   3.0792910110463781E+03   9.5753077104334849E+00   1.7205979793351982E+06
   2.0700000000000000E+04   2.6303417367603620E+03   1.7832823252122282E+04   3.0854449148271965E+03   9.5782610832839445E+00   1.7297298617916247E+06
   2.0800000000000000E+04   2.6342566700634698E+03   1.8024479139705225E+04   3.0851473714462554E+03   9.5812070213933840E+00   1.7388385223515476E+06
   2.0900000000000000E+04   2.6423017733616052E+03   1.8217136265515655E+04   3.0905735456893945E+03   9.5841454096751733E+00   1.7479237036689837E+06
   2.1000000000000000E+04   2.6479522088792896E+03   1.8410780531507931E+04   3.0927740870978705E+03   9.5870761364407038E+00   1.7569851859350628E+06
   2.1100000000000000E+04   2.6566928878270037E+03   1.8605397717154054E+04   3.0992377324247946E+03   9.5899990930904639E+00   1.7660227012057346E+06
   2.1200000000000000E+04   2.6601368754984633E+03   1.8800973487667241E+04   3.0985483634786956E+03   9.5929141742513586E+00   1.7750360146991818E+06
   2.1300000000000000E+04   2.6689760442320398E+03   1.8997493401643595E+04   3.1052332357921277E+03   9.5958212777080654E+00   1.7840249025978611E+06
   2.1400000000000000E+04   2.6715699486955277E+03   1.9194942918317312E+04   3.1035208587122011E+03   9.5987203042313904E+00   1.7929891107118011E+06
   2.1500000000000000E+04   2.6774746293732478E+03   1.9393307405387110E+04   3.1063417092847121E+03   9.6016111577499021E+00   1.8019284280667994E+06
   2.1600000000000000E+04   2.6825442615669945E+03   1.9592572145647460E+04   3.1080931586235479E+03   9.6044937450410277E+00   1.8108426039590167E+06
   2.1700000000000000E+04   2.6890412727591029E+03   1.9792722344490598E+04   3.1118124257217828E+03   9.6073679759026511E+00   1.8197314173122370E+06
   2.1800000000000000E+04   2.6956934075394738E+03   1.9993743136501736E+04   3.1157848664792050E+03   9.6102337629815011E+00   1.8285946491095454E+06
   2.1900000000000000E+04   2.7003842280881508E+03   2.0195619592261657E+04   3.1171877078652701E+03   9.6130910217731724E+00   1.8374320635496930E+06
   2.2000000000000000E+04   2.7039411541113509E+03   2.0398336724911591E+04   3.1171396573121224E+03   9.6159396705877711E+00   1.8462434550843590E+06
   2.2100000000000000E+04   2.7106030421540495E+03   2.0601879496398669E+04   3.1212707142413401E+03   9.6187796304469551E+00   1.8550286014469105E+06
   2.2200000000000000E+04   2.7183922803700771E+03   2.0806232823787766E+04   3.1269350565095310E+03   9.6216108250839607E+00   1.8637872824134883E+06
   2.2300000000000000E+04   2.7238217514304938E+03   2.1011381585334926E+04   3.1295185748968461E+03   9.6244331809092234E+00   1.8725192942070432E+06
   2.2400000000000000E+04   2.7223891803270117E+03   2.1217310626240764E+04   3.1231155565290069E+03   9.6272466269074712E+00   1.8812244209332056E+06
   2.2500000000000000E+04   2.7242349669594892E+03   2.1424004764397192E+04   3.1211091657114803E+03   9.6300510946033526E+00   1.8899024633047406E+06
   2.2600000000000000E+04   2.7331850076317869E+03   2.1631448796216147E+04   3.1284753035824474E+03   9.6328465181300942E+00   1.8985532147027217E+06
   2.2700000000000000E+04   2.7354232811730453E+03   2.1839627501662151E+04   3.1270931168188836E+03   9.6356328340235837E+00   1.9071764756080788E+06
   2.2800000000000000E+04   2.7441847474683500E+03   2.2048525649602001E+04   3.1342809422265768E+03   9.6384099812223436E+00   1.9157720439456489E+06
   2.2900000000000000E+04   2.7507858966717286E+03   2.2258128003084381E+04   3.1386820543364188E+03   9.6411779011018623E+00   1.9243397297073291E+06
   2.3000000000000000E+04   2.7571941673955807E+03   2.2468419324224880E+04   3.1428688079232556E+03   9.6439365374059616E+00   1.9328793502158937E+06
   2.3100000000000000E+04   2.7680618314949857E+03   2.2679384378689076E+04   3.1528763652768776E+03   9.6466858360751413E+00   1.9413907055847582E+06
   2.3200000000000000E+04   2.7823855163908406E+03   2.2891007940680160E+04   3.1673780334550784E+03   9.6494257453495962E+00   1.9498736080661907E+06
   2.3300000000000000E+04   2.7852786470786755E+03   2.3103274797455451E+04   3.1670966710833977E+03   9.6521562157348573E+00   1.9583278871693097E+06
   2.3400000000000000E+04   2.7913310579510080E+03   2.3316169753278267E+04   3.1709456893125557E+03   9.6548771997958802E+00   1.9667533551046981E+06
   2.3500000000000000E+04   2.8126290101040258E+03   2.3529677634056643E+04   3.1944827235394596E+03   9.6575886522943186E+00   1.9751498363968816E+06
   2.3600000000000000E+04   2.7886917846174265E+03   2.3743783291429918E+04   3.1598093178939812E+03   9.6602905301541835E+00   1.9835171730356920E+06
   2.3700000000000000E+04   2.8181117657754116E+03   2.3958471605951752E+04   3.1937796344608273E+03   9.6629827921186600E+00   1.9918551745679067E+06
   2.3800000000000000E+04   2.8060269755500590E+03   2.4173727491993897E+04   3.1745171358017537E+03   9.6656653991619486E+00   2.0001636779237739E+06
   2.3900000000000000E+04   2.8255411873541525E+03   2.4389535900488198E+04   3.1957732852396184E+03   9.6683383140773866E+00   2.0084425276019205E+06
   2.4000000000000000E+04   2.8123578330843320E+03   2.4605881822975902E+04   3.1752801665710772E+03   9.6710015016490871E+00   2.0166915555324412E+06
   2.4100000000000000E+04   2.8149918880984560E+03   2.4822750294935762E+04   3.1750548796841076E+03   9.6736549285832680E+00   2.0249106163220156E+06
   2.4200000000000000E+04   2.8167218319742205E+03   2.5040126398636989E+04   3.1737293217546949E+03   9.6762985633023320E+00   2.0330995367466020E+06
   2.4300000000000000E+04   2.8278736971192502E+03   2.5257995266815306E+04   3.1843973843409449E+03   9.6789323761164585E+00   2.0412581764290670E+06
   2.4400000000000000E+04   2.8297391410092446E+03   2.5476342085715150E+04   3.1833208073505816E+03   9.6815563391892976E+00   2.0493863925093012E+06
   2.4500000000000000E+04   2.8345541314559582E+03   2.5695152097312293E+04   3.1860190028540883E+03   9.6841704262290715E+00   2.0574840242328164E+06
   2.4600000000000000E+04   2.8394166675906663E+03   2.5914410602987398E+04   3.1888116461880063E+03   9.6867746127974623E+00   2.0655509388222964E+06
   2.4700000000000000E+04   2.8492122518633637E+03   2.6134102965604914E+04   3.1978507984629173E+03   9.6893688760350205E+00   2.0735869906830853E+06
   2.4800000000000000E+04   2.8416624014966319E+03   2.6354214612353051E+04   3.1850979048679387E+03   9.6919531947298392E+00   2.0815920520928921E+06
   2.4900000000000000E+04   2.8510994328977795E+03   2.6574731037302761E+04   3.1937437679565269E+03   9.6945275493175291E+00   2.0895659875827078E+06
   2.5000000000000000E+04   2.8427096309000576E+03   2.6795637803417594E+04   3.1800795752930649E+03   9.6970919217096210E+00   2.0975086641480955E+06
   2.5100000000000000E+04   2.8566408309912626E+03   2.7016920544989109E+04   3.1944016902978096E+03   9.6996462953278737E+00   2.1054199512362820E+06
   2.5200000000000000E+04   2.8476770622673153E+03   2.7238564970063784E+04   3.1801481343175992E+03   9.7021906551729131E+00   2.1132997362897354E+06
   2.5300000000000000E+04   2.8646928672131075E+03   2.7460556862058893E+04   3.1983451115571720E+03   9.7047249876183255E+00   2.1211478833324402E+06
   2.5400000000000000E+04   2.8559101098095771E+03   2.7682882082084219E+04   3.1844327570506889E+03   9.7072492805136008E+00   2.1289642899424653E+06
   2.5500000000000000E+04   2.8592415722882133E+03   2.7905526570455309E+04   3.1856477586467672E+03   9.7097635230125050E+00   2.1367488249811009E+06
   2.5600000000000000E+04   2.8651109728192732E+03   2.8128476348923276E+04   3.1900423809813060E+03   9.7122677057104170E+00   2.1445013805103884E+06
   2.5700000000000000E+04   2.8647051763545696E+03   2.8351717522189123E+04   3.1866941029528612E+03   9.7147618205413195E+00   2.1522218458124194E+06
   2.5800000000000000E+04   2.8726478476001066E+03   2.8575236279329572E+04   3.1937091165162915E+03   9.7172458606748293E+00   2.1599101282663778E+06
   2.5900000000000000E+04   2.8780624236372682E+03   2.8799018895409881E+04   3.1976202039750851E+03   9.7197198205162234E+00   2.1675661010263385E+06
   2.6000000000000000E+04   2.8861468163505529E+03   2.9023051733379973E+04   3.2048472696740509E+03   9.7221836958437109E+00   2.1751896814932376E+06
   2.6100000000000000E+04   2.9002099679367943E+03   2.9247321244803748E+04   3.2194562704908462E+03   9.7246374835338614E+00   2.1827807579852380E+06
   2.6200000000000000E+04   2.9054547572671104E+03   2.9471813971417454E+04   3.2232125380182524E+03   9.7270811816302345E+00   2.1903392421511337E+06
   2.6300000000000000E+04   2.9079942216321415E+03   2.9696516546616418E+04   3.2236678631438667E+03   9.7295147894120255E+00   2.1978650427373229E+06
   2.6400000000000000E+04   2.9097892405015987E+03   2.9921415696140422E+04   3.2232421693003889E+03   9.7319383071881589E+00   2.2053580655346299E+06
   2.6500000000000000E+04   2.9107791941404030E+03   3.0146498239692897E+04   3.2218646295155418E+03   9.7343517364688648E+00   2.2128182238931349E+06
   2.6600000000000000E+04   2.9153980432683329E+03   3.0371751091395832E+04   3.2249637651176331E+03   9.7367550797254374E+00   2.2202454387377379E+06
   2.6700000000000000E+04   2.9178404663602737E+03   3.0597161261093599E+04   3.2254272402651272E+03   9.7391483404931840E+00   2.2276396120920861E+06
   2.6800000000000000E+04   2.9050300044733949E+03   3.0822715855411825E+04   3.2073186458726250E+03   9.7415315234057864E+00   2.2350006799761499E+06
   2.6900000000000000E+04   2.9242621780798536E+03   3.1048402078111583E+04   3.2283180289092215E+03   9.7439046339893185E+00   2.2423285594652966E+06
   2.7000000000000000E+04   2.9136258379758606E+03   3.1274207231394576E+04   3.2129573434184999E+03   9.7462676788338900E+00   2.2496231804492236E+06
   2.7100000000000000E+04   2.9192520723392022E+03   3.1500118716047426E+04   3.2174247193793772E+03   9.7486206653533838E+00   2.2568844697031793E+06
   2.7200000000000000E+04   2.9191159236451613E+03   3.1726124032726788E+04   3.2149202551263033E+03   9.7509636019913586E+00   2.2641123561683837E+06
   2.7300000000000000E+04   2.9212549418768740E+03   3.1952210781901336E+04   3.2152077308399835E+03   9.7532964979465184E+00   2.2713067656005695E+06
   2.7400000000000000E+04   2.9214589796436994E+03   3.2178366665309106E+04   3.2131823108118306E+03   9.7556193634815855E+00   2.2784676471984712E+06
   2.7500000000000000E+04   2.9205380799155032E+03   3.2404579485519705E+04   3.2098316187115547E+03   9.7579322095457446E+00   2.2855949363062116E+06
   2.7600000000000000E+04   2.9261203743534975E+03   3.2630837147016795E+04   3.2143635012190016E+03   9.7602350479806077E+00   2.2926885650098552E+06
   2.7700000000000000E+04   2.9392385157436665E+03   3.2857127656495570E+04   3.2279996316027218E+03   9.7625278914515281E+00   2.2997484941687253E+06
   2.7800000000000000E+04   2.9253948471348658E+03   3.3083439122929864E+04   3.2091644090262471E+03   9.7648107533103445E+00   2.3067746493069679E+06
   2.7900000000000000E+04   2.9270356885629371E+03   3.3309759758520624E+04   3.2090228435788576E+03   9.7670836478013143E+00   2.3137669900453482E+06
   2.8000000000000000E+04   2.9300504244233689E+03   3.3536077878399905E+04   3.2105571155505804E+03   9.7693465898208132E+00   2.3207254673284078E+06
   2.8100000000000000E+04   2.9313398411288663E+03   3.3762381901219647E+04   3.2100444417531921E+03   9.7715995950203531E+00   2.3276500287483172E+06
   2.8200000000000000E+04   2.9330087109079859E+03   3.3988660349146390E+04   3.2100127228820879E+03   9.7738426797035931E+00   2.3345406292146756E+06
   2.8300000000000000E+04   2.9383266827471903E+03   3.4214901848373389E+04   3.2143723702568905E+03   9.7760758609292999E+00   2.3413972255941224E+06
   2.8400000000000000E+04   2.9372401306531046E+03   3.4441095128949331E+04   3.2110916826484286E+03   9.7782991563740715E+00   2.3482197766849501E+06
   2.8500000000000000E+04   2.9380394968658761E+03   3.4667229025034438E+04   3.2100942267063751E+03   9.7805125843666456E+00   2.3550082539331419E+06
   2.8600000000000000E+04   2.9451594318736857E+03   3.4893292475030976E+04   3.2166608703908369E+03   9.7827161638879101E+00   2.3617626092154454E+06
   2.8700000000000000E+04   2.9449391755024049E+03   3.5119274521311476E+04   3.2144914958283775E+03   9.7849099144335963E+00   2.3684828123738626E+06
   2.8800000000000000E+04   2.9519058757510857E+03   3.5345164310840824E+04   3.2209046958838167E+03   9.7870938562202436E+00   2.3751688351137023E+06
   2.8900000000000000E+04   2.9494418817499072E+03   3.5570951094566393E+04   3.2161127876564506E+03   9.7892680099449070E+00   2.3818206402196954E+06
   2.9000000000000000E+04   2.9571089541837728E+03   3.5796624227704604E+04   3.2233885656238572E+03   9.7914323968881529E+00   2.3884382030370105E+06
   2.9100000000000000E+04   2.9538541813943257E+03   3.6022173169629728E+04   3.2177095811213244E+03   9.7935870388797053E+00   2.3950215060788561E+06
   2.9200000000000000E+04   2.9648956440429483E+03   3.6247587483644580E+04   3.2290150915452473E+03   9.7957319582298492E+00   2.4015705121243517E+06
   2.9300000000000000E+04   2.9673414177687132E+03   3.6472856837094863E+04   3.2301374076052648E+03   9.7978671777979969E+00   2.4080852018279396E+06
   2.9400000000000000E+04   2.9681292833614211E+03   3.6697971001182326E+04   3.2293161432479587E+03   9.7999927209584552E+00   2.4145655629596454E+06
   2.9500000000000000E+04   2.9650530556651115E+03   3.6922919850570681E+04   3.2239485768710533E+03   9.8021086114973972E+00   2.4210115742394459E+06
   2.9600000000000000E+04   2.9608648252421044E+03   3.7147693363430037E+04   3.2173004435260059E+03   9.8042148736815289E+00   2.4274232160767778E+06
   2.9700000000000000E+04   2.9637328081723595E+03   3.7372281621183458E+04   3.2190098384816347E+03   9.8063115322237469E+00   2.4338004759309436E+06
   2.9800000000000000E+04   2.9671573467261101E+03   3.7596674808508629E+04   3.2213919813827133E+03   9.8083986123518230E+00   2.4401433482946348E+06
   2.9900000000000000E+04   2.9677278294822295E+03   3.7820863212493394E+04   3.2204284365609369E+03   9.8104761395681006E+00   2.4464518185248682E+06
   3.0000000000000000E+04   2.9547758831674855E+03   3.8044837223058566E+04   3.2035842404735745E+03   9.8125441398897788E+00   2.4527258735981118E+06
   3.0100000000000000E+04   2.9648210204942247E+03   3.8268587332260766E+04   3.2138075905371697E+03   9.8146026396772896E+00   2.4589655128352614E+06
   3.0200000000000000E+04   2.9602897956074562E+03   3.8492104134128997E+04   3.2069227311082182E+03   9.8166516656686316E+00   2.4651707263741032E+06
   3.0300000000000000E+04   2.9702687342523836E+03   3.8715378324484132E+04   3.2170856122761184E+03   9.8186912450136745E+00   2.4713415166627499E+06
   3.0400000000000000E+04   2.9618360579685709E+03   3.8938400700286271E+04   3.2056745934568680E+03   9.8207214051368918E+00   2.4774778715489972E+06
   3.0500000000000000E+04   2.9620181861578590E+03   3.9161162159697429E+04   3.2043872250926770E+03   9.8227421738746177E+00   2.4835798072803118E+06
   3.0600000000000000E+04   2.9633835637924522E+03   3.9383653701581854E+04   3.2045031961546374E+03   9.8247535794064351E+00   2.4896473147219378E+06
   3.0700000000000000E+04   2.9642671588432249E+03   3.9605866424812571E+04   3.2040732798920199E+03   9.8267556501178728E+00   2.4956804023360233E+06
   3.0800000000000000E+04   2.9650076082163664E+03   3.9827791528382884E+04   3.2034939400088897E+03   9.8287484147719919E+00   2.5016790639318256E+06
   3.0900000000000000E+04   2.9694306065672727E+03   4.0049420311049384E+04   3.2072278173403020E+03   9.8307319025094344E+00   2.5076433269862244E+06
   3.1000000000000000E+04   2.9616626339453837E+03   4.0270744170330581E+04   3.1967647912781522E+03   9.8327061426081439E+00   2.5135731881693644E+06
   3.1100000000000000E+04   2.9691875580439601E+03   4.0491754602671928E+04   3.2041414924151759E+03   9.8346711646892810E+00   2.5194686509378213E+06
   3.1200000000000000E+04   2.9679006310001823E+03   4.0712443202785100E+04   3.2012703728307761E+03   9.8366269986142658E+00   2.5253297362268092E+06
   3.1300000000000000E+04   2.9766476575074903E+03   4.0932801663428407E+04   3.2100862528815805E+03   9.8385736745534551E+00   2.5311564556122995E+06
   3.1400000000000000E+04   2.9690699586336668E+03   4.1152821774727294E+04   3.1999371730896710E+03   9.8405112228831175E+00   2.5369488220207626E+06
   3.1500000000000000E+04   2.9773878709404316E+03   4.1372495423667286E+04   3.2082724575208799E+03   9.8424396741511639E+00   2.5427068497128561E+06
   3.1600000000000000E+04   2.9777977822986377E+03   4.1591814594025658E+04   3.2074366638347778E+03   9.8443590592143995E+00   2.5484305596235106E+06
   3.1700000000000000E+04   2.9765054937264135E+03   4.1810771365755827E+04   3.2046438338041817E+03   9.8462694091698957E+00   2.5541199739804715E+06
   3.1800000000000000E+04   2.9760168263176088E+03   4.2029357914098415E+04   3.2028009094161139E+03   9.8481707551833875E+00   2.5597751055897521E+06
   3.1900000000000000E+04   2.9761682595412358E+03   4.2247566509844932E+04   3.2017160603260527E+03   9.8500631287638214E+00   2.5653959845734295E+06
   3.2000000000000000E+04   2.9769770843219217E+03   4.2465389518167169E+04   3.2014072909154374E+03   9.8519465614888091E+00   2.5709826209207191E+06
   3.2100000000000000E+04   2.9737451066713793E+03   4.2682819398687243E+04   3.1964438252166774E+03   9.8538210852105372E+00   2.5765350525644254E+06
   3.2200000000000000E+04   2.9768509419496072E+03   4.2899848704563250E+04   3.1988192816839760E+03   9.8556867318841750E+00   2.5820533026237576E+06
   3.2300000000000000E+04   2.9770153709767237E+03   4.3116470082191096E+04   3.1978111088061069E+03   9.8575435336364894E+00   2.5875373900951124E+06
   3.2400000000000000E+04   2.9742467020010195E+03   4.3332676270898504E+04   3.1934361882832427E+03   9.8593915228345423E+00   2.5929873511556499E+06
   3.2500000000000000E+04   2.9747784658105402E+03   4.3548460101841636E+04   3.1928830736209284E+03   9.8612307318453638E+00   2.5984032178027346E+06
   3.2600000000000000E+04   2.9792706698512866E+03   4.3763814498217849E+04   3.1969034515636235E+03   9.8630611933105978E+00   2.6037850125540025E+06
   3.2700000000000000E+04   2.9787264822713096E+03   4.3978732474154109E+04   3.1951364861610914E+03   9.8648829399061935E+00   2.6091327750149001E+06
   3.2800000000000000E+04   2.9844465007747872E+03   4.4193207134557750E+04   3.2005879420363085E+03   9.8666960044797225E+00   2.6144465352802617E+06
   3.2900000000000000E+04   2.9786768057498211E+03   4.4407231674523733E+04   3.1928410589132709E+03   9.8685004200160602E+00   2.6197263298637006E+06
   3.3000000000000000E+04   2.9801569305226803E+03   4.4620799378652177E+04   3.1934421924300968E+03   9.8702962195687078E+00   2.6249721910615931E+06
   3.3100000000000000E+04   2.9747877313369468E+03   4.4833903620624435E+04   3.1861959720154732E+03   9.8720834362941563E+00   2.6301841575523256E+06
   3.3200000000000000E+04   2.9741013851134944E+03   4.5046537862774421E+04   3.1843406721495699E+03   9.8738621034861929E+00   2.6353622690730193E+06
   3.3300000000000000E+04   2.9742477317219423E+03   4.5258695655483207E+04   3.1834534800292804E+03   9.8756322545415554E+00   2.6405065716812229E+06
   3.3400000000000000E+04   2.9745014151335617E+03   4.5470370636314612E+04   3.1827018551005990E+03   9.8773939228226748E+00   2.6456170913229245E+06
   3.3500000000000000E+04   2.9737808611858704E+03   4.5681556530180591E+04   3.1808478992563068E+03   9.8791471419322363E+00   2.6506938813914731E+06
   3.3600000000000000E+04   2.9744086764887074E+03   4.5892247148127266E+04   3.1805492299235625E+03   9.8808919454386128E+00   2.6557369751581619E+06
   3.3700000000000000E+04   2.9742437897221471E+03   4.6102436387151276E+04   3.1793561672166793E+03   9.8826283670131367E+00   2.6607464227117784E+06
   3.3800000000000000E+04   2.9703761916069757E+03   4.6312118229668842E+04   3.1739474904236517E+03   9.8843564404301123E+00   2.6657222750924421E+06
   3.3900000000000000E+04   2.9699635479369622E+03   4.6521286742644028E+04   3.1724989206658047E+03   9.8860761994295316E+00   2.6706645632618261E+06
   3.4000000000000000E+04   2.9722600993803080E+03   4.6729936077396655E+04   3.1741522223259271E+03   9.8877876778543410E+00   2.6755733454275965E+06
   3.4100000000000000E+04   2.9784512788176676E+03   4.6938060468897493E+04   3.1802540742413471E+03   9.8894909095818235E+00   2.6804486597184511E+06
   3.4200000000000000E+04   2.9721891400933628E+03   4.7145654235400849E+04   3.1721713752526175E+03   9.8911859285922290E+00   2.6852905661727744E+06
   3.4300000000000000E+04   2.9702499009188127E+03   4.7352711777486729E+04   3.1690307729318197E+03   9.8928727687971545E+00   2.6900991099886312E+06
   3.4400000000000000E+04   2.9682650459429933E+03   4.7559227578027763E+04   3.1658521102865229E+03   9.8945514642454970E+00   2.6948743477397049E+06
   3.4500000000000000E+04   2.9658149269675223E+03   4.7765196201146980E+04   3.1621582230320391E+03   9.8962220489174957E+00   2.6996163211869658E+06
   3.4600000000000000E+04   2.9680239280840242E+03   4.7970612291931160E+04   3.1637719140988943E+03   9.8978845568277354E+00   2.7043250834405040E+06
   3.4700000000000000E+04   2.9596377252452021E+03   4.8175470576055879E+04   3.1533631287691478E+03   9.8995390220937551E+00   2.7090006936685038E+06
   3.4800000000000000E+04   2.9573090768657676E+03   4.8379765858829393E+04   3.1498498946840009E+03   9.9011854787644502E+00   2.7136432066562697E+06
   3.4900000000000000E+04   2.9572774123793006E+03   4.8583493024984215E+04   3.1489542713154760E+03   9.9028239609573561E+00   2.7182526832134565E+06
   3.5000000000000000E+04   2.9566060137138970E+03   4.8786647037723589E+04   3.1473437683615443E+03   9.9044545026870470E+00   2.7228291641924661E+06
   3.5100000000000000E+04   2.9552978831270843E+03   4.8989222938839295E+04   3.1450228645933707E+03   9.9060771381397217E+00   2.7273727172374926E+06
   3.5200000000000000E+04   2.9555855293985796E+03   4.9191215847266874E+04   3.1445195995417598E+03   9.9076919012956175E+00   2.7318833952061930E+06
   3.5300000000000000E+04   2.9530369019786472E+03   4.9392620959528344E+04   3.1408169418179564E+03   9.9092988263409261E+00   2.7363612672747313E+06
   3.5400000000000000E+04   2.9515416897560099E+03   4.9593433548210844E+04   3.1383179545954599E+03   9.9108979472558918E+00   2.7408063826908246E+06
   3.5500000000000000E+04   2.9541815179075420E+03   4.9793648962241678E+04   3.1405027746792643E+03   9.9124892981580679E+00   2.7452188069813494E+06
   3.5600000000000000E+04   2.9495119612931494E+03   4.9993262625859403E+04   3.1344381350551407E+03   9.9140729130963408E+00   2.7495986063940683E+06
   3.5700000000000000E+04   2.9481179195796349E+03   5.0192270037995950E+04   3.1320856463357795E+03   9.9156488260166391E+00   2.7539458324651518E+06
   3.5800000000000000E+04   2.9473262723693856E+03   5.0390666772141056E+04   3.1304232479257471E+03   9.9172170709335301E+00   2.7582605477848239E+06
   3.5900000000000000E+04   2.9464778283750557E+03   5.0588448475640886E+04   3.1287064699521234E+03   9.9187776818615916E+00   2.7625428259084397E+06
   3.6000000000000000E+04   2.9499157636968416E+03   5.0785610868920878E+04   3.1318301896033813E+03   9.9203306927124242E+00   2.7667927256849133E+06
   3.6100000000000000E+04   2.9500224199597305E+03   5.0982149745109935E+04   3.1312059894350778E+03   9.9218761373632933E+00   2.7710103117975201E+06
   3.6200000000000000E+04   2.9487696507850228E+03   5.1178060969662867E+04   3.1290593091152778E+03   9.9234140497258156E+00   2.7751956598235192E+06
   3.6300000000000000E+04   2.9437509030417641E+03   5.1373340479428465E+04   3.1226842670235314E+03   9.9249444635742918E+00   2.7793488204765096E+06
   3.6400000000000000E+04   2.9548334430224295E+03   5.1567984282511796E+04   3.1344358865018057E+03   9.9264674127173524E+00   2.7834698706624485E+06
   3.6500000000000000E+04   2.9538924234442620E+03   5.1761988457581610E+04   3.1326635937676983E+03   9.9279829309293035E+00   2.7875588828020259E+06
   3.6600000000000000E+04   2.9507302478845440E+03   5.1955349153025811E+04   3.1284034793126802E+03   9.9294910518128408E+00   2.7916159096376924E+06
   3.6700000000000000E+04   2.9491177250272126E+03   5.2148062587125045E+04   3.1258958120461061E+03   9.9309918091079492E+00   2.7956410350313368E+06
   3.6800000000000000E+04   2.9405477741021145E+03   5.2340125046740883E+04   3.1155861385815238E+03   9.9324852363486560E+00   2.7996343231421085E+06
   3.6900000000000000E+04   2.9376559658867104E+03   5.2531532887179186E+04   3.1116658056015135E+03   9.9339713670347027E+00   2.8035958438264588E+06
   3.7000000000000000E+04   2.9316178364115808E+03   5.2722282531893092E+04   3.1042281679130692E+03   9.9354502347344429E+00   2.8075256776319207E+06
   3.7100000000000000E+04   2.9314591894640389E+03   5.2912370471261820E+04   3.1033938893145946E+03   9.9369218727759758E+00   2.8114238804656016E+06
   3.7200000000000000E+04   2.9294228914094329E+03   5.3101793262760926E+04   3.1004636138867122E+03   9.9383863145560554E+00   2.8152905390708158E+06
   3.7300000000000000E+04   2.9276800427026969E+03   5.3290547530053242E+04   3.0978711152144533E+03   9.9398435933684581E+00   2.8191257155887191E+06
   3.7400000000000000E+04   2.9264390785985011E+03   5.3478629962544597E+04   3.0958490592739008E+03   9.9412937424383241E+00   2.8229294978293981E+06
   3.7500000000000000E+04   2.9248648541872858E+03   5.3666037314787791E+04   3.0934623461333513E+03   9.9427367948878054E+00   2.8267019490635428E+06
   3.7600000000000000E+04   2.9239275946881235E+03   5.3852766406116090E+04   3.0917961889561766E+03   9.9441727838047385E+00   2.8304431381715881E+06
   3.7700000000000000E+04   2.9217568071382725E+03   5.4038814120124473E+04   3.0887590425719254E+03   9.9456017422426441E+00   2.8341531595216929E+06
   3.7800000000000000E+04   2.9189385037163788E+03   5.4224177403928043E+04   3.0850073530409040E+03   9.9470237031177380E+00   2.8378320730569605E+06
   3.7900000000000000E+04   2.9185227717048911E+03   5.4408853267799575E+04   3.0839475240203969E+03   9.9484386992775971E+00   2.8414799592061788E+06
   3.8000000000000000E+04   2.9182040173515934E+03   5.4592838784731088E+04   3.0830027571051019E+03   9.9498467635354668E+00   2.8450969038392450E+06
   3.8100000000000000E+04   2.9228367236423342E+03   5.4776131089773320E+04   3.0875895058426545E+03   9.9512479286016280E+00   2.8486829734645821E+06
   3.8200000000000000E+04   2.9142934492800964E+03   5.4958727379453943E+04   3.0774829715239503E+03   9.9526422270490684E+00   2.8522382499737618E+06
   3.8300000000000000E+04   2.9201147989128949E+03   5.5140624911639752E+04   3.0834044799294720E+03   9.9540296914850934E+00   2.8557628157188268E+06
   3.8400000000000000E+04   2.9118254563030446E+03   5.5321821004587226E+04   3.0736023730776924E+03   9.9554103543453962E+00   2.8592567485671523E+06
   3.8500000000000000E+04   2.9069104674341716E+03   5.5502313036588079E+04   3.0675733400981439E+03   9.9567842479627000E+00   2.8627201170301172E+06
   3.8600000000000000E+04   2.9022798262322995E+03   5.5682098445685871E+04   3.0618716628486222E+03   9.9581514046697208E+00   2.8661530146831949E+06
   3.8700000000000000E+04   2.8990948257716082E+03   5.5861174728955193E+04   3.0577885708847130E+03   9.9595118566962100E+00   2.8695555256541115E+06
   3.8800000000000000E+04   2.8952368477497284E+03   5.6039539441787427E+04   3.0529658233014411E+03   9.9608656360659822E+00   2.8729277100423141E+06
   3.8900000000000000E+04   2.8928502770050577E+03   5.6217190197901851E+04   3.0497876669021007E+03   9.9622127748371732E+00   2.8762696675609611E+06
   3.9000000000000000E+04   2.8906623703219143E+03   5.6394124668488068E+04   3.0468378509408853E+03   9.9635533049306133E+00   2.8795814689930598E+06
   3.9100000000000000E+04   2.8894187765501551E+03   5.6570340581857752E+04   3.0449440653400943E+03   9.9648872581984982E+00   2.8828632099165367E+06
   3.9200000000000000E+04   2.8879106051545650E+03   5.6745835722881544E+04   3.0427629810144581E+03   9.9662146663900426E+00   2.8861149668129366E+06
   3.9300000000000000E+04   2.8865728618587909E+03   5.6920607932359198E+04   3.0407775751649165E+03   9.9675355610828671E+00   2.8893368166052848E+06
   3.9400000000000000E+04   2.8830572093799906E+03   5.7094655106887862E+04   3.0363826820633926E+03   9.9688499738545602E+00   2.8925288414861253E+06
   3.9500000000000000E+04   2.8818017478098586E+03   5.7267975198233020E+04   3.0345019799975553E+03   9.9701579362140862E+00   2.8956911433404759E+06
   3.9600000000000000E+04   2.8804387510127262E+03   5.7440566212424186E+04   3.0325081794465932E+03   9.9714594793958167E+00   2.8988237857642584E+06
   3.9700000000000000E+04   2.8783939963052135E+03   5.7612426210047837E+04   3.0297651206837618E+03   9.9727546347370897E+00   2.9019268665258461E+06
   3.9800000000000000E+04   2.8810215414561449E+03   5.7783553305065667E+04   3.0322037338925957E+03   9.9740434333349821E+00   2.9050004644618370E+06
   3.9900000000000000E+04   2.8792116168103594E+03   5.7953945664827646E+04   3.0297318086491096E+03   9.9753259062865727E+00   2.9080446731720958E+06
   4.0000000000000000E+04   2.8763145947513913E+03   5.8123601509179127E+04   3.0260628649387431E+03   9.9766020844829821E+00   2.9110595674232589E+06
   4.0100000000000000E+04   2.8731996092494815E+03   5.8292519110335532E+04   3.0221598647868955E+03   9.9778719987810351E+00   2.9140452367148851E+06
   4.0200000000000000E+04   2.8699284666612048E+03   5.8460696792271825E+04   3.0180913658589443E+03   9.9791356799345650E+00   2.9170017660889910E+06
   4.0300000000000000E+04   2.8623288004578972E+03   5.8628132930185529E+04   3.0092454690111126E+03   9.9803931585601280E+00   2.9199292504177801E+06
   4.0400000000000000E+04   2.8592336814205196E+03   5.8794825950166996E+04   3.0053878010674725E+03   9.9816444652056138E+00   2.9228277753479411E+06
   4.0500000000000000E+04   2.8549964126978780E+03   5.8960774328530446E+04   3.0002756480868879E+03   9.9828896302473105E+00   2.9256974173869542E+06
   4.0600000000000000E+04   2.8576222986240095E+03   5.9125976591623221E+04   3.0027483700045823E+03   9.9841286840271763E+00   2.9285382770307595E+06
   4.0700000000000000E+04   2.8555990606666373E+03   5.9290431315161484E+04   3.0000921984951942E+03   9.9853616567498769E+00   2.9313504314187448E+06
   4.0800000000000000E+04   2.8530477554929857E+03   5.9454137123839610E+04   2.9968591482764555E+03   9.9865885785171020E+00   2.9341339815650298E+06
   4.0900000000000000E+04   2.8523552032572634E+03   5.9617092690807214E+04   2.9956823913259691E+03   9.9878094792932597E+00   2.9368890052111689E+06
   4.1000000000000000E+04   2.8516659259022204E+03   5.9779296737348996E+04   2.9945139319941345E+03   9.9890243889741015E+00   2.9396155898244069E+06
   4.1100000000000000E+04   2.8479880852158021E+03   5.9940748032298798E+04   2.9900557684220257E+03   9.9902333373180809E+00   2.9423138371630698E+06
   4.1200000000000000E+04   2.8400517680099115E+03   6.0101445391656882E+04   2.9809127134837445E+03   9.9914363539807010E+00   2.9449838258382608E+06
   4.1300000000000000E+04   2.8374079270399707E+03   6.0261387678207400E+04   2.9776086546683205E+03   9.9926334685487870E+00   2.9476256534128352E+06
   4.1400000000000000E+04   2.8577920877454185E+03   6.0420573800810344E+04   2.9996715343901360E+03   9.9938247104032492E+00   2.9502393990609334E+06
   4.1500000000000000E+04   2.8528497286428519E+03   6.0579002714351729E+04   2.9938387111623083E+03   9.9950101089249923E+00   2.9528251654567453E+06
   4.1600000000000000E+04   2.8487400021336275E+03   6.0736673418845101E+04   2.9889301785791649E+03   9.9961896932546459E+00   2.9553830322853331E+06
   4.1700000000000000E+04   2.8448084665000711E+03   6.0893584959448774E+04   2.9842245868734872E+03   9.9973634925328536E+00   2.9579130980081744E+06
   4.1800000000000000E+04   2.8410006803889901E+03   6.1049736425767995E+04   2.9796617380913376E+03   9.9985315357629538E+00   2.9604154520389414E+06
   4.1900000000000000E+04   2.8382694860547576E+03   6.1205126951357168E+04   2.9762891435334641E+03   9.9996938517766782E+00   2.9628901840182086E+06
   4.2000000000000000E+04   2.8357142964400477E+03   6.1359755713544633E+04   2.9731155314935841E+03   1.0000850469371416E+01   2.9653373838117477E+06
   4.2100000000000000E+04   2.8239269084110001E+03   6.1513621932745737E+04   2.9598036271559376E+03   1.0002001417172970E+01   2.9677571460758015E+06
   4.2200000000000000E+04   2.8217112149154377E+03   6.1666724872163351E+04   2.9570167180589297E+03   1.0003146723704150E+01   2.9701495610755770E+06
   4.2300000000000000E+04   2.8239651834653669E+03   6.1819063837361718E+04   2.9591421649330960E+03   1.0004286417384789E+01   2.9725147192840562E+06
   4.2400000000000000E+04   2.8165064723912974E+03   6.1970638175842549E+04   2.9506088331323858E+03   1.0005420526531765E+01   2.9748527159153405E+06
   4.2500000000000000E+04   2.8192628061460973E+03   6.2121447276560823E+04   2.9532923168816433E+03   1.0006549079324667E+01   2.9771636463402915E+06
   4.2600000000000000E+04   2.8124194624452275E+03   6.2271490569568734E+04   2.9454471583957802E+03   1.0007672103840092E+01   2.9794475925082681E+06
   4.2700000000000000E+04   2.8071778081156658E+03   6.2420767525536467E+04   2.9393665805705850E+03   1.0008789628017357E+01   2.9817046591941710E+06
   4.2800000000000000E+04   2.8051944074594817E+03   6.2569277655400045E+04   2.9368640531059427E+03   1.0009901679692815E+01   2.9839349287218903E+06
   4.2900000000000000E+04   2.7991671973822945E+03   6.2717020510010021E+04   2.9299351833116193E+03   1.0011008286634162E+01   2.9861385016355314E+06
   4.3000000000000000E+04   2.8032173331051254E+03   6.2863995679413529E+04   2.9340519248800088E+03   1.0012109476368822E+01   2.9883154651130983E+06
   4.3100000000000000E+04   2.7942489164731373E+03   6.3010202792999851E+04   2.9239126767321100E+03   1.0013205276492881E+01   2.9904659199585598E+06
   4.3200000000000000E+04   2.7916206064446260E+03   6.3155641518480254E+04   2.9207230998269456E+03   1.0014295714327837E+01   2.9925899536619997E+06
   4.3300000000000000E+04   2.7896674470879334E+03   6.3300311561853770E+04   2.9182769599958133E+03   1.0015380817126527E+01   2.9946876628033244E+06
   4.3400000000000000E+04   2.7880354410778004E+03   6.3444212666943851E+04   2.9161863067639279E+03   1.0016460612038829E+01   2.9967591396308350E+06
   4.3500000000000000E+04   2.7847396012693580E+03   6.3587344614999558E+04   2.9122797723710182E+03   1.0017535126111653E+01   2.9988044765321575E+06
   4.3600000000000000E+04   2.7767242119693001E+03   6.3729707224236830E+04   2.9032183877799371E+03   1.0018604386254603E+01   3.0008237704482330E+06
   4.3700000000000000E+04   2.7730835285214030E+03   6.3871300349447214E+04   2.8989463221720830E+03   1.0019668419239997E+01   3.0028171139986194E+06
   4.3800000000000000E+04   2.7697841397812113E+03   6.4012123881783475E+04   2.8950521196347308E+03   1.0020727251805825E+01   3.0047846043296405E+06
   4.3900000000000000E+04   2.7663435769032344E+03   6.4152177748012211E+04   2.8910084428093082E+03   1.0021780910449824E+01   3.0067263342717988E+06
   4.4000000000000000E+04   2.7632444824296758E+03   6.4291461910483558E+04   2.8873423417347403E+03   1.0022829421635400E+01   3.0086423967741486E+06
   4.4100000000000000E+04   2.7610049927168066E+03   6.4429976366567302E+04   2.8846189982690312E+03   1.0023872811688650E+01   3.0105328805240327E+06
   4.4200000000000000E+04   2.7592486105458538E+03   6.4567721148387122E+04   2.8824267539652374E+03   1.0024911106867052E+01   3.0123978917905395E+06
   4.4300000000000000E+04   2.7561341848425218E+03   6.4704696322206037E+04   2.8787564924921121E+03   1.0025944333222132E+01   3.0142375194238741E+06
   4.4400000000000000E+04   2.7442089207332683E+03   6.4840901988281934E+04   2.8654824093623679E+03   1.0026972516736755E+01   3.0160518610848733E+06
   4.4500000000000000E+04   2.7543736028322601E+03   6.4976338280489748E+04   2.8763011887463595E+03   1.0027995683325155E+01   3.0178410058341622E+06
   4.4600000000000000E+04   2.7464900272657574E+03   6.5111005365716606E+04   2.8674435443248326E+03   1.0029013858695624E+01   3.0196050558024058E+06
   4.4700000000000000E+04   2.7420085667048270E+03   6.5244903443664138E+04   2.8623007706848744E+03   1.0030027068453478E+01   3.0213441002017278E+06
   4.4800000000000000E+04   2.7382674378779566E+03   6.5378032746648933E+04   2.8579694917471274E+03   1.0031035338204042E+01   3.0230582369589498E+06
   4.4900000000000000E+04   2.7346971355260871E+03   6.5510393538778946E+04   2.8538287238881571E+03   1.0032038693278032E+01   3.0247475597343026E+06
   4.5000000000000000E+04   2.7280912976429954E+03   6.5641986115988184E+04   2.8463876159644810E+03   1.0033037158971865E+01   3.0264121622640286E+06
   4.5100000000000000E+04   2.7297218930249337E+03   6.5772810805558809E+04   2.8479169520201822E+03   1.0034030760478974E+01   3.0280521468712692E+06
   4.5200000000000000E+04   2.7272982351281589E+03   6.5902867965647863E+04   2.8450360837152189E+03   1.0035019522821186E+01   3.0296675988388769E+06
   4.5300000000000000E+04   2.7230720875427742E+03   6.6032157985211248E+04   2.8401977968910383E+03   1.0036003471020312E+01   3.0312586248081406E+06
   4.5400000000000000E+04   2.7218959609594181E+03   6.6160681283143276E+04   2.8386812616971424E+03   1.0036982629789259E+01   3.0328253101677997E+06
   4.5500000000000000E+04   2.7161623419757793E+03   6.6288438308536788E+04   2.8322119525300395E+03   1.0037957023909584E+01   3.0343677531140116E+06
   4.5600000000000000E+04   2.7065359726101892E+03   6.6415429539886158E+04   2.8215173599936870E+03   1.0038926677956907E+01   3.0358860476254509E+06
   4.5700000000000000E+04   2.6996244006596312E+03   6.6541655484960182E+04   2.8137807296619685E+03   1.0039891616438185E+01   3.0373802961202250E+06
   4.5800000000000000E+04   2.6947889137974153E+03   6.6667116680289881E+04   2.8083049846277950E+03   1.0040851863688776E+01   3.0388505883900262E+06
   4.5900000000000000E+04   2.6938030940808039E+03   6.6791813690987867E+04   2.8070137076724441E+03   1.0041807443975371E+01   3.0402970184772522E+06
   4.6000000000000000E+04   2.6905026105571624E+03   6.6915747110296987E+04   2.8032122522844775E+03   1.0042758381427394E+01   3.0417196887909886E+06
   4.6100000000000000E+04   2.6862613738247110E+03   6.7038917559305250E+04   2.7983935000838710E+03   1.0043704700071270E+01   3.0431186850335300E+06
   4.6200000000000000E+04   2.6840406560961101E+03   6.7161325686605953E+04   2.7957710777503094E+03   1.0044646423830477E+01   3.0444941054579807E+06
   4.6300000000000000E+04   2.6816192470419428E+03   6.7282972167909888E+04   2.7929339712848600E+03   1.0045583576491181E+01   3.0458460524222855E+06
   4.6400000000000000E+04   2.6778824334825586E+03   6.7403857705763774E+04   2.7886734149608315E+03   1.0046516181736585E+01   3.0471746116979462E+06
   4.6500000000000000E+04   2.6760784589332675E+03   6.7523983029273077E+04   2.7865121879151925E+03   1.0047444263181250E+01   3.0484798897339702E+06
   4.6600000000000000E+04   2.6736142239946544E+03   6.7643348893560877E+04   2.7836379612794394E+03   1.0048367844233788E+01   3.0497619723110166E+06
   4.6700000000000000E+04   2.6700983068061878E+03   6.7761956079706055E+04   2.7796269823109374E+03   1.0049286948268495E+01   3.0510209616832072E+06
   4.6800000000000000E+04   2.6601454828381229E+03   6.7879805394205570E+04   2.7686461097883516E+03   1.0050201598488043E+01   3.0522569436624884E+06
   4.6900000000000000E+04   2.6683458355652892E+03   6.7996897668864520E+04   2.7773344676162046E+03   1.0051111818060781E+01   3.0534700245175823E+06
   4.7000000000000000E+04   2.6618480241172720E+03   6.8113233760265139E+04   2.7701029498733183E+03   1.0052017629983441E+01   3.0546602941114292E+06
   4.7100000000000000E+04   2.6615451201711162E+03   6.8228814549553790E+04   2.7695841232950165E+03   1.0052919057149801E+01   3.0558278463852201E+06
   4.7200000000000000E+04   2.6552305672505008E+03   6.8343640942124519E+04   2.7625592318509484E+03   1.0053816122350632E+01   3.0569727793006534E+06
   4.7300000000000000E+04   2.6515337840296866E+03   6.8457713867358543E+04   2.7583722511607079E+03   1.0054708848308097E+01   3.0580951907579293E+06
   4.7400000000000000E+04   2.6393964490368890E+03   6.8571034278053630E+04   2.7450576133060799E+03   1.0055597257504068E+01   3.0591951665017400E+06
   4.7500000000000000E+04   2.6358623591298951E+03   6.8683603150527415E+04   2.7410555162769560E+03   1.0056481372454755E+01   3.0602728083925992E+06
   4.7600000000000000E+04   2.6346223766044277E+03   6.8795421484001912E+04   2.7395369961518304E+03   1.0057361215504740E+01   3.0613282101593865E+06
   4.7700000000000000E+04   2.6340155538839563E+03   6.8906490300401027E+04   2.7387051397888076E+03   1.0058236808895645E+01   3.0623614694843874E+06
   4.7800000000000000E+04   2.6311749775409698E+03   6.9016810644048164E+04   2.7354608172852227E+03   1.0059108174766120E+01   3.0633726760006035E+06
   4.7900000000000000E+04   2.6276161756700494E+03   6.9126383581315080E+04   2.7314431642896425E+03   1.0059975335117503E+01   3.0643619312477093E+06
   4.8000000000000000E+04   2.6244913073228140E+03   6.9235210200424786E+04   2.7278974067715667E+03   1.0060838311882513E+01   3.0653293247520044E+06
   4.8100000000000000E+04   2.6205357831432257E+03   6.9343291611005203E+04   2.7234573082740339E+03   1.0061697126822237E+01   3.0662749499741066E+06
   4.8200000000000000E+04   2.6166991540414047E+03   6.9450628943994641E+04   2.7191488301906334E+03   1.0062551801663430E+01   3.0671989042612994E+06
   4.8300000000000000E+04   2.6140786138475473E+03   6.9557223351249588E+04   2.7161563848602559E+03   1.0063402358029897E+01   3.0681012848619446E+06
   4.8400000000000000E+04   2.6107944287938012E+03   6.9663076005156589E+04   2.7124501426513239E+03   1.0064248817373812E+01   3.0689821810732074E+06
   4.8500000000000000E+04   2.6070994017073676E+03   6.9768188098444836E+04   2.7083033491459551E+03   1.0065091201044380E+01   3.0698416899873978E+06
   4.8600000000000000E+04   2.6027903570792332E+03   6.9872560843997446E+04   2.7034970726495217E+03   1.0065929530356483E+01   3.0706799085919247E+06
   4.8700000000000000E+04   2.5973257817112722E+03   6.9976195474324093E+04   2.6974476930332971E+03   1.0066763826419065E+01   3.0714969220842170E+06
   4.8800000000000000E+04   2.5918569497690228E+03   7.0079093241620823E+04   2.6913975861497283E+03   1.0067594110375397E+01   3.0722928350717458E+06
   4.8900000000000000E+04   2.5956116509484314E+03   7.0181255417006570E+04   2.6952955404125823E+03   1.0068420403059825E+01   3.0730677326050755E+06
   4.9000000000000000E+04   2.5857847362641551E+03   7.0282683290826273E+04   2.6845526686962103E+03   1.0069242725409667E+01   3.0738217190374732E+06
   4.9100000000000000E+04   2.5884579170639286E+03   7.0383378171941557E+04   2.6872870677321735E+03   1.0070061098156327E+01   3.0745548792701978E+06
   4.9200000000000000E+04   2.5850259215361689E+03   7.0483341387555251E+04   2.6834430762056136E+03   1.0070875541893882E+01   3.0752673097086293E+06
   4.9300000000000000E+04   2.5815107042192099E+03   7.0582574283036782E+04   2.6795120760400214E+03   1.0071686077147772E+01   3.0759591028015553E+06
   4.9400000000000000E+04   2.5779520219608344E+03   7.0681078221747564E+04   2.6755369200172877E+03   1.0072492724443450E+01   3.0766303585438826E+06
   4.9500000000000000E+04   2.5733721684140287E+03   7.0778854584302011E+04   2.6704647199597871E+03   1.0073295503963116E+01   3.0772811539008338E+06
   4.9600000000000000E+04   2.5706097675090823E+03   7.0875904769010653E+04   2.6673524076904600E+03   1.0074094436060594E+01   3.0779116038769875E+06
   4.9700000000000000E+04   2.5662192521400289E+03   7.0972230190959381E+04   2.6624897576069247E+03   1.0074889540780806E+01   3.0785217890479704E+06
   4.9800000000000000E+04   2.5760021465252121E+03   7.1067832282172050E+04   2.6728865055175247E+03   1.0075680838168664E+01   3.0791118051138166E+06
   4.9900000000000000E+04   2.5590770748839545E+03   7.1162712491118917E+04   2.6545366731321087E+03   1.0076468348097452E+01   3.0796817400922775E+06
   5.0000000000000000E+04   2.5591371777744152E+03   7.1256872282645854E+04   2.6544704967647644E+03   1.0077252090406164E+01   3.0802316932037496E+06


