#Te   kappa_tot   kappa_e_ph  kappa_e_e mu Ce
#[K]  [W/(K*m)]   [W/(K*m)]   [W/(K*m)]   [eV]  [J/(m^3*K)]
   3.0000000000000000E+02   5.6760025191899238E+01   5.7622685111189064E+01   3.7913724579072950E+03   2.1822876630568042E+00   4.0386374820353500E+04
   4.0000000000000000E+02   7.7519035717726311E+01   7.9108054178758778E+01   3.8592251933048801E+03   2.1894384012962362E+00   5.6591566167067343E+04
   5.0000000000000000E+02   9.9251518522768166E+01   1.0183242082168542E+02   3.9160809789824166E+03   2.1965393885387936E+00   7.2968569813028458E+04
   6.0000000000000000E+02   1.2220746111615846E+02   1.2608505488003958E+02   3.9737361311821901E+03   2.2025853598016463E+00   8.9618860282455353E+04
   7.0000000000000000E+02   1.4649342465381480E+02   1.5205044384727341E+02   4.0083342280947554E+03   2.2073362361591289E+00   1.0664545905627770E+05
   8.0000000000000000E+02   1.7220103987036103E+02   1.7986581212521872E+02   4.0409654527516959E+03   2.2107466529792350E+00   1.2404811870891470E+05
   9.0000000000000000E+02   1.9933698920945682E+02   2.0962462208255198E+02   4.0617644064055989E+03   2.2128218629506078E+00   1.4188653671645722E+05
   1.0000000000000000E+03   2.2787993508878921E+02   2.4137428185051246E+02   4.0761036196444779E+03   2.2136341903233725E+00   1.6032433405315134E+05
   1.1000000000000000E+03   2.5771507887160988E+02   2.7510322409295128E+02   4.0773899799233382E+03   2.2133278075609066E+00   1.7956420881396582E+05
   1.2000000000000000E+03   2.8872343028933142E+02   3.1072974719988889E+02   4.0767820834865915E+03   2.2120920540256179E+00   1.9976918053340551E+05
   1.3000000000000000E+03   3.2073834123408989E+02   3.4810367440387466E+02   4.0799866902065796E+03   2.2101273919822186E+00   2.2102056503249094E+05
   1.4000000000000000E+03   3.5366798070603687E+02   3.8702068865572710E+02   4.1039194075275109E+03   2.2076206111143009E+00   2.4331382477579199E+05
   1.5000000000000000E+03   3.8713919118973467E+02   4.2724319882277342E+02   4.1243405882782763E+03   2.2047323366976110E+00   2.6657538710320421E+05
   1.6000000000000000E+03   4.2079874811465169E+02   4.6852165488920571E+02   4.1312095001536063E+03   2.2015935883847457E+00   2.9068585555117083E+05
   1.7000000000000000E+03   4.5452903001025970E+02   5.1061260788461914E+02   4.1382569045922528E+03   2.1983073721104449E+00   3.1550176315831108E+05
   1.8000000000000000E+03   4.8814382119393457E+02   5.5329205297440672E+02   4.1457164621944594E+03   2.1949524413035930E+00   3.4087281617013807E+05
   1.9000000000000000E+03   5.2138510113911650E+02   5.9636400856157366E+02   4.1469703895215171E+03   2.1915876001760992E+00   3.6665407469483913E+05
   2.0000000000000000E+03   5.5438605049413957E+02   6.3966497724290787E+02   4.1583701143171529E+03   2.1882557627094910E+00   3.9271360860180698E+05
   2.1000000000000000E+03   5.8543143752778826E+02   6.8306517545386180E+02   4.0957955322156481E+03   2.1849874580173356E+00   4.1893654853352642E+05
   2.2000000000000000E+03   6.1585986111461932E+02   7.2646742049399336E+02   4.0449506995735896E+03   2.1818037143335247E+00   4.4522648976696469E+05
   2.3000000000000000E+03   6.4563397339488654E+02   7.6980445604652095E+02   4.0026574680296021E+03   2.1787183629181355E+00   4.7150510209457250E+05
   2.4000000000000000E+03   6.7416362572871935E+02   8.1303535092844811E+02   3.9469435498063172E+03   2.1757398438872984E+00   4.9771062257061078E+05
   2.5000000000000000E+03   7.0211230102045977E+02   8.5614145716559517E+02   3.9025562661860354E+03   2.1728726032776144E+00   5.2379575839658425E+05
   2.6000000000000000E+03   7.2898032257493082E+02   8.9912227983811749E+02   3.8523269635179818E+03   2.1701181641185610E+00   5.4972534867019102E+05
   2.7000000000000000E+03   7.5535827495752505E+02   9.4199149992525997E+02   3.8125102029995282E+03   2.1674759414301397E+00   5.7547404568005691E+05
   2.8000000000000000E+03   7.8117772597688713E+02   9.8477330323513092E+02   3.7784856625259417E+03   2.1649438590019900E+00   6.0102415134386509E+05
   2.9000000000000000E+03   8.0638357896356877E+02   1.0274991022789020E+03   3.7471742872430823E+03   2.1625188134114754E+00   6.2636370399489882E+05
   3.0000000000000000E+03   8.3071162417927508E+02   1.0702046898520205E+03   3.7121386943455968E+03   2.1601970212667290E+00   6.5148483888117864E+05
   3.1000000000000000E+03   8.5315823632326885E+02   1.1129278299126036E+03   3.6551758479646137E+03   2.1579742772657720E+00   6.7638244156139845E+05
   3.2000000000000000E+03   8.7485712496619340E+02   1.1557062694114284E+03   3.6000745744121195E+03   2.1558461446394186E+00   7.0105306331862463E+05
   3.3000000000000000E+03   8.9624667042265105E+02   1.1985761413479900E+03   3.5531431078925380E+03   2.1538080941413695E+00   7.2549408936192340E+05
   3.4000000000000000E+03   9.1799873562893993E+02   1.2415707218650018E+03   3.5224321058327646E+03   2.1518556042516863E+00   7.4970311260639119E+05
   3.5000000000000000E+03   9.3812168560251314E+02   1.2847195010301245E+03   3.4772960768545768E+03   2.1499842320299458E+00   7.7367749634895567E+05
   3.6000000000000000E+03   9.5731375033728932E+02   1.3280475265432042E+03   3.4293022105304249E+03   2.1481896619433112E+00   7.9741408163568913E+05
   3.7000000000000000E+03   9.7604926744999511E+02   1.3715749810437953E+03   3.3846718670619480E+03   2.1464677381863813E+00   8.2090901807282271E+05
   3.8000000000000000E+03   9.9480591259175651E+02   1.4153169562189069E+03   3.3482252073415716E+03   2.1448144846655901E+00   8.4415768916214921E+05
   3.9000000000000000E+03   1.0120376075591353E+03   1.4592833900174389E+03   3.3020985970319757E+03   2.1432261159343340E+00   8.6715470979320479E+05
   4.0000000000000000E+03   1.0296481070747459E+03   1.5034791366871957E+03   3.2671023009668861E+03   2.1416990414079891E+00   8.8989397898579447E+05
   4.1000000000000000E+03   1.0471925251541345E+03   1.5479041427558066E+03   3.2372998567780501E+03   2.1402298647376412E+00   9.1236876918200229E+05
   4.2000000000000000E+03   1.0632343687192536E+03   1.5925537053846606E+03   3.1989343980201297E+03   2.1388153798343170E+00   9.3457184069054888E+05
   4.3000000000000000E+03   1.0792175292705854E+03   1.6374187926976078E+03   3.1657596992654726E+03   2.1374525643881253E+00   9.5649557038139459E+05
   4.4000000000000000E+03   1.0939652430810909E+03   1.6824864085047775E+03   3.1274689187014942E+03   2.1361385719307915E+00   9.7813208736814256E+05
   4.5000000000000000E+03   1.1089164094212442E+03   1.7277399865435204E+03   3.0960669456082710E+03   2.1348707228074910E+00   9.9947340867653687E+05
   4.6000000000000000E+03   1.1235244342535248E+03   1.7731598016559778E+03   3.0666254686260822E+03   2.1336464946842675E+00   1.0205115680845479E+06
   4.7000000000000000E+03   1.1377437675136950E+03   1.8187233874751339E+03   3.0386242675638387E+03   2.1324635128091440E+00   1.0412387413408593E+06
   4.8000000000000000E+03   1.1513688565834805E+03   1.8644059520319115E+03   3.0105291336187806E+03   2.1313195402873273E+00   1.0616473560669131E+06
   4.9000000000000000E+03   1.1652317525945107E+03   1.9101807843185275E+03   2.9878598512071540E+03   2.1302124686026893E+00   1.0817301939262026E+06
   5.0000000000000000E+03   1.1780979066596847E+03   1.9560196462959630E+03   2.9622294033894955E+03   2.1291403084347920E+00   1.1014804768128789E+06
   5.1000000000000000E+03   1.1902895349329381E+03   2.0018931460577076E+03   2.9359559631630914E+03   2.1281011808559049E+00   1.1208919428215125E+06
   5.2000000000000000E+03   1.2011758589224758E+03   2.0477710889028785E+03   2.9054418327474709E+03   2.1270933090557693E+00   1.1399589086964482E+06
   5.3000000000000000E+03   1.2123954590062947E+03   2.0936228040397755E+03   2.8804130906689134E+03   2.1261150105026441E+00   1.1586763172122939E+06
   5.4000000000000000E+03   1.2250802950572333E+03   2.1394174453806436E+03   2.8665117175983187E+03   2.1251646896039742E+00   1.1770397781509981E+06
   5.5000000000000000E+03   1.2356288390514048E+03   2.1851242655471438E+03   2.8436182882795465E+03   2.1242408309018357E+00   1.1950455948540475E+06
   5.6000000000000000E+03   1.2453185971917271E+03   2.2307128627796374E+03   2.8191235833475121E+03   2.1233419927539217E+00   1.2126907790426326E+06
   5.7000000000000000E+03   1.2560817389445881E+03   2.2761534008940798E+03   2.8027783032769289E+03   2.1224668014789678E+00   1.2299730616350733E+06
   5.8000000000000000E+03   1.2659723397853702E+03   2.3214168027947217E+03   2.7844662267417357E+03   2.1216139459736203E+00   1.2468908919757938E+06
   5.9000000000000000E+03   1.2745637981040954E+03   2.3664749183651302E+03   2.7623340435881582E+03   2.1207821727655971E+00   1.2634434296759740E+06
   6.0000000000000000E+03   1.2823324332347531E+03   2.4113006677889798E+03   2.7388627580007501E+03   2.1199702814960841E+00   1.2796305320385266E+06
   6.1000000000000000E+03   1.2892117224306958E+03   2.4558681615499463E+03   2.7138529531493746E+03   2.1191771207821284E+00   1.2954527341295611E+06
   6.2000000000000000E+03   1.2965410297529377E+03   2.5001527985001621E+03   2.6931862649374439E+03   2.1184015844027058E+00   1.3109112270146683E+06
   6.3000000000000000E+03   1.3027693457426758E+03   2.5441313434164008E+03   2.6699837210718028E+03   2.1176426079140396E+00   1.3260078278967864E+06
   6.4000000000000000E+03   1.3078343720384723E+03   2.5877819856465135E+03   2.6441630830735562E+03   2.1168991654760232E+00   1.3407449516552135E+06
   6.5000000000000000E+03   1.3153619209625799E+03   2.6310843803349885E+03   2.6303634023112013E+03   2.1161702670375173E+00   1.3551255776921785E+06
   6.6000000000000000E+03   1.3200932771129826E+03   2.6740196738225864E+03   2.6071988867783093E+03   2.1154549557608937E+00   1.3691532144464650E+06
   6.7000000000000000E+03   1.3251024661231136E+03   2.7165705147564245E+03   2.5870046330109449E+03   2.1147523056717570E+00   1.3828318641372600E+06
   6.8000000000000000E+03   1.3311270380386698E+03   2.7587210523713343E+03   2.5723056739871286E+03   2.1140614196042096E+00   1.3961659841325525E+06
   6.9000000000000000E+03   1.3340776248610839E+03   2.8004569234772666E+03   2.5477902780842624E+03   2.1133814272305607E+00   1.4091604532128405E+06
   7.0000000000000000E+03   1.3379111715458935E+03   2.8417652294332047E+03   2.5281904367174047E+03   2.1127114834006488E+00   1.4218205300191753E+06
   7.1000000000000000E+03   1.3421102295661537E+03   2.8826345045179642E+03   2.5113614368296421E+03   2.1120507665656096E+00   1.4341518193984195E+06
   7.2000000000000000E+03   1.3461276705459263E+03   2.9230546768914755E+03   2.4952358398636425E+03   2.1113984773775591E+00   1.4461602341472772E+06
   7.3000000000000000E+03   1.3493335393400912E+03   2.9630170233022259E+03   2.4776223385274170E+03   2.1107538374581591E+00   1.4578519593491293E+06
   7.4000000000000000E+03   1.3526238218611329E+03   3.0025141186587898E+03   2.4615407038001022E+03   2.1101160882375551E+00   1.4692334177630872E+06
   7.5000000000000000E+03   1.3582424479102406E+03   3.0415397814128905E+03   2.4542000726196234E+03   2.1094844899481169E+00   1.4803112372940648E+06
   7.6000000000000000E+03   1.3605804714800752E+03   3.0800890156916830E+03   2.4371550692653432E+03   2.1088583207026228E+00   1.4910922174836956E+06
   7.7000000000000000E+03   1.3612179648673689E+03   3.1181579510020547E+03   2.4158438271622563E+03   2.1082368756568863E+00   1.5015832994798678E+06
   7.8000000000000000E+03   1.3635937954222561E+03   3.1557437802319964E+03   2.4011118908240037E+03   2.1076194662920065E+00   1.5117915363648525E+06
   7.9000000000000000E+03   1.3691090582122185E+03   3.1928446966605015E+03   2.3969222860513273E+03   2.1070054197247647E+00   1.5217240644684834E+06
   8.0000000000000000E+03   1.3651603092526923E+03   3.2294598305550767E+03   2.3648187056980055E+03   2.1063940780743171E+00   1.5313880792372134E+06
   8.1000000000000000E+03   1.3708966395553753E+03   3.2655891858298310E+03   2.3628030045429882E+03   2.1057847979836919E+00   1.5407908086175928E+06
   8.2000000000000000E+03   1.3687845093771377E+03   3.3012335773532363E+03   2.3383164179583287E+03   2.1051769500357449E+00   1.5499394913210333E+06
   8.3000000000000000E+03   1.3690712679659314E+03   3.3363945691381327E+03   2.3218156062518829E+03   2.1045699183872379E+00   1.5588413543386573E+06
   8.4000000000000000E+03   1.3726151531722253E+03   3.3710744139101143E+03   2.3153776080958037E+03   2.1039631003114603E+00   1.5675035941533830E+06
   8.5000000000000000E+03   1.3711133677165087E+03   3.4052759942446905E+03   2.2953029298556598E+03   2.1033559058393432E+00   1.5759333583455228E+06
   8.6000000000000000E+03   1.3717484339433863E+03   3.4390027655436697E+03   2.2819865876443359E+03   2.1027477574357807E+00   1.5841377274944279E+06
   8.7000000000000000E+03   1.3714361547108599E+03   3.4722587010630668E+03   2.2667222081254745E+03   2.1021380896759290E+00   1.5921237016268170E+06
   8.8000000000000000E+03   1.3728076249233275E+03   3.5050482391287951E+03   2.2566669616660915E+03   2.1015263489566998E+00   1.5998981866244054E+06
   8.9000000000000000E+03   1.3722669141568506E+03   3.5373762326440551E+03   2.2420227586355618E+03   2.1009119932715907E+00   1.6074679785297229E+06
   9.0000000000000000E+03   1.3716120247140682E+03   3.5692479010385591E+03   2.2276772021203915E+03   2.1002944919221740E+00   1.6148397573647962E+06
   9.1000000000000000E+03   1.3705383985359681E+03   3.6006687846307263E+03   2.2128100045252527E+03   2.0996733253351363E+00   1.6220200730829684E+06
   9.2000000000000000E+03   1.3693382256413572E+03   3.6316447015093049E+03   2.1981769334840828E+03   2.0990479848371142E+00   1.6290153387200916E+06
   9.3000000000000000E+03   1.3674573607378800E+03   3.6621817069040958E+03   2.1823437485344389E+03   2.0984179724646874E+00   1.6358318228149449E+06
   9.4000000000000000E+03   1.3655830035604447E+03   3.6922860550495047E+03   2.1670677217842454E+03   2.0977828007814314E+00   1.6424756429098230E+06
   9.5000000000000000E+03   1.3636906450518427E+03   3.7219641635064659E+03   2.1522557376287805E+03   2.0971419927160735E+00   1.6489527597241220E+06
   9.6000000000000000E+03   1.3622327308527917E+03   3.7512225799183457E+03   2.1389953503057359E+03   2.0964950813865686E+00   1.6552689722480162E+06
   9.7000000000000000E+03   1.3615068553587132E+03   3.7800679511222957E+03   2.1279546909894793E+03   2.0958416099593680E+00   1.6614299154776859E+06
   9.8000000000000000E+03   1.3595022887165717E+03   3.8085069945830396E+03   2.1141951925718463E+03   2.0951811314805275E+00   1.6674410569377390E+06
   9.9000000000000000E+03   1.3572065977151906E+03   3.8365464720317495E+03   2.1001502207186327E+03   2.0945132087701741E+00   1.6733076950185327E+06
   1.0000000000000000E+04   1.3547039105762447E+03   3.8641931652925600E+03   2.0860171377125894E+03   2.0938374142536098E+00   1.6790349558080370E+06
   1.0100000000000000E+04   1.3524576342714436E+03   3.8914538541539800E+03   2.0728768448930855E+03   2.0931533298487230E+00   1.6846277949823875E+06
   1.0200000000000000E+04   1.3499468628863433E+03   3.9183352962410968E+03   2.0594799338776234E+03   2.0924605468182240E+00   1.6900909974612892E+06
   1.0300000000000000E+04   1.3476375401689259E+03   3.9448442087572075E+03   2.0468991590603150E+03   2.0917586656711280E+00   1.6954291767920412E+06
   1.0400000000000000E+04   1.3440089206786290E+03   3.9709872520391491E+03   2.0316278314627978E+03   2.0910472960360900E+00   1.7006467749028415E+06
   1.0500000000000000E+04   1.3420342259382346E+03   3.9967710148287188E+03   2.0204652745931060E+03   2.0903260565136348E+00   1.7057480675523316E+06
   1.0600000000000000E+04   1.3422230614699326E+03   4.0222020011245972E+03   2.0144532495824792E+03   2.0895945745987552E+00   1.7107371630716661E+06
   1.0700000000000000E+04   1.3410323004864408E+03   4.0472866185870371E+03   2.0055550760880158E+03   2.0888524865331353E+00   1.7156180053983319E+06
   1.0800000000000000E+04   1.3384958134378983E+03   4.0720311683453715E+03   1.9939001927426705E+03   2.0880994372136752E+00   1.7203943775450056E+06
   1.0900000000000000E+04   1.3354315236434952E+03   4.0964418361603339E+03   1.9813462984836963E+03   2.0873350800658317E+00   1.7250699032199115E+06
   1.1000000000000000E+04   1.3313375529045225E+03   4.1205246848279130E+03   1.9668129068122159E+03   2.0865590769380629E+00   1.7296480508420961E+06
   1.1100000000000000E+04   1.3287271374435918E+03   4.1442856477491532E+03   1.9557841846748488E+03   2.0857710979962754E+00   1.7341321360163211E+06
   1.1200000000000000E+04   1.3256133604942702E+03   4.1677305235923895E+03   1.9439027133531010E+03   2.0849708215971696E+00   1.7385253269654519E+06
   1.1300000000000000E+04   1.3249003265569918E+03   4.1908649719439582E+03   1.9373855078156780E+03   2.0841579341967571E+00   1.7428306464480464E+06
   1.1400000000000000E+04   1.3227949672363384E+03   4.2136945098983924E+03   1.9280690348832943E+03   2.0833321302307319E+00   1.7470509765779027E+06
   1.1500000000000000E+04   1.3211221875705369E+03   4.2362245094965429E+03   1.9198537728611689E+03   2.0824931120089314E+00   1.7511890618283346E+06
   1.1600000000000000E+04   1.3195168892577412E+03   4.2584601959450629E+03   1.9119491478435541E+03   2.0816405896168035E+00   1.7552475146262285E+06
   1.1700000000000000E+04   1.3182185330205784E+03   4.2804066465649066E+03   1.9048457269025112E+03   2.0807742807887655E+00   1.7592288185248864E+06
   1.1800000000000000E+04   1.3157564573170584E+03   4.3020687903796052E+03   1.8954731318941367E+03   2.0798939108167076E+00   1.7631353329447142E+06
   1.1900000000000000E+04   1.3131405049389914E+03   4.3234514083065715E+03   1.8859511019382728E+03   2.0789992124374193E+00   1.7669692957580604E+06
   1.2000000000000000E+04   1.3094016909941688E+03   4.3445591338886061E+03   1.8742925807212428E+03   2.0780899257129497E+00   1.7707328320065844E+06
   1.2100000000000000E+04   1.3057899854463635E+03   4.3653964544853397E+03   1.8630797883495397E+03   2.0771657979743336E+00   1.7744279508494837E+06
   1.2200000000000000E+04   1.3027796147318152E+03   4.3859677129503079E+03   1.8532600494290889E+03   2.0762265836315787E+00   1.7780565583620355E+06
   1.2300000000000000E+04   1.2991531342249812E+03   4.4062771096327406E+03   1.8423560702922800E+03   2.0752720441455277E+00   1.7816204542366387E+06
   1.2400000000000000E+04   1.2976387584499878E+03   4.4263287047656031E+03   1.8358404902689456E+03   2.0743019478871254E+00   1.7851213400023421E+06
   1.2500000000000000E+04   1.2945484150325321E+03   4.4461264211390771E+03   1.8262996823710139E+03   2.0733160700388984E+00   1.7885608232587154E+06
   1.2600000000000000E+04   1.2916065452899659E+03   4.4656740470474706E+03   1.8171931835426685E+03   2.0723141924683008E+00   1.7919404198666967E+06
   1.2700000000000000E+04   1.2889795122916760E+03   4.4849752394385077E+03   1.8088388378205407E+03   2.0712961036714086E+00   1.7952615598804923E+06
   1.2800000000000000E+04   1.2881207279824603E+03   4.5040335272898565E+03   1.8040722208884288E+03   2.0702615986251578E+00   1.7985255881228545E+06
   1.2900000000000000E+04   1.2847852125855552E+03   4.5228523151313757E+03   1.7945563168288011E+03   2.0692104786888303E+00   1.8017337741371528E+06
   1.3000000000000000E+04   1.2815647403915423E+03   4.5414348866958489E+03   1.7853910003659860E+03   2.0681425515266372E+00   1.8048873091468001E+06
   1.3100000000000000E+04   1.2786212264857002E+03   4.5597844086935211E+03   1.7768811879789068E+03   2.0670576309881104E+00   1.8079873138107660E+06
   1.3200000000000000E+04   1.2769173721445882E+03   4.5779039346690633E+03   1.7708660582118466E+03   2.0659555369955034E+00   1.8110348404082125E+06
   1.3300000000000000E+04   1.2768881297747380E+03   4.5957964089169227E+03   1.7681470495244089E+03   2.0648360954452767E+00   1.8140308786010854E+06
   1.3400000000000000E+04   1.2754972477490480E+03   4.6134646704332226E+03   1.7628876332750863E+03   2.0636991381307026E+00   1.8169763550746695E+06
   1.3500000000000000E+04   1.2725876546289771E+03   4.6309114569103340E+03   1.7548161215844107E+03   2.0625445026081550E+00   1.8198721390267927E+06
   1.3600000000000000E+04   1.2695489124709156E+03   4.6481394087214849E+03   1.7465982746072114E+03   2.0613720321197131E+00   1.8227190453880474E+06
   1.3700000000000000E+04   1.2664024659018530E+03   4.6651510729114352E+03   1.7382747315747738E+03   2.0601815754735338E+00   1.8255178379332242E+06
   1.3800000000000000E+04   1.2626018034550366E+03   4.6819489071535181E+03   1.7288204310882509E+03   2.0589729869664470E+00   1.8282692305697331E+06
   1.3900000000000000E+04   1.2592427336898049E+03   4.6985352836864085E+03   1.7202946038926284E+03   2.0577461262643308E+00   1.8309738935800155E+06
   1.4000000000000000E+04   1.2560636555828055E+03   4.7149124931983615E+03   1.7121968897728443E+03   2.0565008583106343E+00   1.8336324521063282E+06
   1.4100000000000000E+04   1.2530091312579805E+03   4.7310827486540611E+03   1.7044175991992972E+03   2.0552370532489732E+00   1.8362454922417898E+06
   1.4200000000000000E+04   1.2509746397651738E+03   4.7470481890767196E+03   1.6986018213053840E+03   2.0539545862823956E+00   1.8388135627677192E+06
   1.4300000000000000E+04   1.2481918676401949E+03   4.7628108832347061E+03   1.6914783039595463E+03   2.0526533376241196E+00   1.8413371776477331E+06
   1.4400000000000000E+04   1.2450334227542394E+03   4.7783728332747742E+03   1.6837425428460376E+03   2.0513331923638409E+00   1.8438168154725963E+06
   1.4500000000000000E+04   1.2429694088492188E+03   4.7937359782521280E+03   1.6780791016823291E+03   2.0499940404114372E+00   1.8462529264395724E+06
   1.4600000000000000E+04   1.2413271133603112E+03   4.8089021975952983E+03   1.6732431812722680E+03   2.0486357763562304E+00   1.8486459337068584E+06
   1.4700000000000000E+04   1.2388794100660452E+03   4.8238733144524504E+03   1.6670034832500096E+03   2.0472582994318063E+00   1.8509962283266613E+06
   1.4800000000000000E+04   1.2360606372816044E+03   4.8386510989746394E+03   1.6601571076639179E+03   2.0458615133541631E+00   1.8533041854284171E+06
   1.4900000000000000E+04   1.2328474789480199E+03   4.8532372714648445E+03   1.6526677175008069E+03   2.0444453263076494E+00   1.8555701486017099E+06
   1.5000000000000000E+04   1.2305167030041109E+03   4.8676335054629553E+03   1.6468275994120743E+03   2.0430096507831057E+00   1.8577944483586992E+06
   1.5100000000000000E+04   1.2301606536821585E+03   4.8818414307003923E+03   1.6445712569834116E+03   2.0415544035356512E+00   1.8599773922524170E+06
   1.5200000000000000E+04   1.2286937750671905E+03   4.8958626359670325E+03   1.6403705890218171E+03   2.0400795054791301E+00   1.8621192717939282E+06
   1.5300000000000000E+04   1.2254556943425127E+03   4.9096986718681446E+03   1.6330676971222729E+03   2.0385848816087093E+00   1.8642203594432590E+06
   1.5400000000000000E+04   1.2225498776616303E+03   4.9233510534849656E+03   1.6264159953916512E+03   2.0370704608882879E+00   1.8662809168587048E+06
   1.5500000000000000E+04   1.2194659541087010E+03   4.9368212629207328E+03   1.6195076745503986E+03   2.0355361761871680E+00   1.8683011941896486E+06
   1.5600000000000000E+04   1.2174171594353204E+03   4.9501107517453029E+03   1.6144774868999064E+03   2.0339819642096861E+00   1.8702814228734707E+06
   1.5700000000000000E+04   1.2136211707678563E+03   4.9632209433495382E+03   1.6064301198471960E+03   2.0324077653615134E+00   1.8722218299783403E+06
   1.5800000000000000E+04   1.2119814383120392E+03   4.9761532351753376E+03   1.6022130977801219E+03   2.0308135237285501E+00   1.8741226322658812E+06
   1.5900000000000000E+04   1.2107779820321864E+03   4.9889090008685826E+03   1.5987961091074703E+03   2.0291991869361823E+00   1.8759840358541589E+06
   1.6000000000000000E+04   1.2074821706630123E+03   5.0014895923124222E+03   1.5917758818849063E+03   2.0275647061141089E+00   1.8778062409805569E+06
   1.6100000000000000E+04   1.2045750309229518E+03   5.0138963415751141E+03   1.5854830422964046E+03   2.0259100357978173E+00   1.8795894417168791E+06
   1.6200000000000000E+04   1.2038299970215353E+03   5.0261305627590382E+03   1.5829751314254934E+03   2.0242351338441447E+00   1.8813338268539272E+06
   1.6300000000000000E+04   1.2015334715744430E+03   5.0381935537532654E+03   1.5778197863354503E+03   2.0225399613609181E+00   1.8830395807316634E+06
   1.6400000000000000E+04   1.1983939675377785E+03   5.0500865978921138E+03   1.5712555219912604E+03   2.0208244826506463E+00   1.8847068811773802E+06
   1.6500000000000000E+04   1.1957477018948623E+03   5.0618109655362141E+03   1.5655845279068965E+03   2.0190886650768345E+00   1.8863359071706985E+06
   1.6600000000000000E+04   1.1908970390625334E+03   5.0733679155445516E+03   1.5561890921823242E+03   2.0173324790639744E+00   1.8879268310869255E+06
   1.6700000000000000E+04   1.1876444098101708E+03   5.0847586966823283E+03   1.5495786874126431E+03   2.0155558979638548E+00   1.8894798263764966E+06
   1.6800000000000000E+04   1.1865126026185651E+03   5.0959845489305644E+03   1.5466154951590117E+03   2.0137588980203711E+00   1.8909950653427062E+06
   1.6900000000000000E+04   1.1836284157950747E+03   5.1070467047226448E+03   1.5407089316889083E+03   2.0119414582850856E+00   1.8924727165781634E+06
   1.7000000000000000E+04   1.1816048871979290E+03   5.1179463901023555E+03   1.5362972096043698E+03   2.0101035605327882E+00   1.8939129545525354E+06
   1.7100000000000000E+04   1.1771036279854659E+03   5.1286848257997181E+03   1.5277412288989815E+03   2.0082451892263102E+00   1.8953159446646406E+06
   1.7200000000000000E+04   1.1754404141700563E+03   5.1392632282428676E+03   1.5240080046180826E+03   2.0063663314109768E+00   1.8966818606048413E+06
   1.7300000000000000E+04   1.1732063025877690E+03   5.1496828104901124E+03   1.5193451583552694E+03   2.0044669766794141E+00   1.8980108755038287E+06
   1.7400000000000000E+04   1.1702369359540921E+03   5.1599447830999843E+03   1.5134837446774141E+03   2.0025471170871247E+00   1.8993031621058320E+06
   1.7500000000000000E+04   1.1685679985374145E+03   5.1700503549327223E+03   1.5098293226122960E+03   2.0006067470891384E+00   1.9005588946027602E+06
   1.7600000000000000E+04   1.1693512093986442E+03   5.1800007338877595E+03   1.5102890656168963E+03   1.9986458634837292E+00   1.9017782522948422E+06
   1.7700000000000000E+04   1.1652425541177513E+03   5.1897971275811269E+03   1.5026190724732717E+03   1.9966644653490813E+00   1.9029614148342221E+06
   1.7800000000000000E+04   1.1670320834374550E+03   5.1994407439643364E+03   1.5047865122245439E+03   1.9946625539799583E+00   1.9041085587383304E+06
   1.7900000000000000E+04   1.1634570758464299E+03   5.2089327918888321E+03   1.4980610785275665E+03   1.9926401328032648E+00   1.9052198768387144E+06
   1.8000000000000000E+04   1.1618720127651081E+03   5.2182744816091908E+03   1.4946660548788645E+03   1.9905972073780389E+00   1.9062955485653395E+06
   1.8100000000000000E+04   1.1592343914015948E+03   5.2274670252460446E+03   1.4895558098545807E+03   1.9885337852688010E+00   1.9073357701770822E+06
   1.8200000000000000E+04   1.1560638713350254E+03   5.2365116371888498E+03   1.4835974537497164E+03   1.9864498760455445E+00   1.9083407297224735E+06
   1.8300000000000000E+04   1.1534562438800676E+03   5.2454095344602201E+03   1.4785971269905106E+03   1.9843454911781895E+00   1.9093106252372358E+06
   1.8400000000000000E+04   1.1505812388026375E+03   5.2541619370283679E+03   1.4731866130936803E+03   1.9822206440225094E+00   1.9102456556928728E+06
   1.8500000000000000E+04   1.1477981960669460E+03   5.2627700680815551E+03   1.4679560828934100E+03   1.9800753497427228E+00   1.9111460228106692E+06
   1.8600000000000000E+04   1.1450550384864314E+03   5.2712351542601009E+03   1.4628189276949661E+03   1.9779096252552022E+00   1.9120119349914747E+06
   1.8700000000000000E+04   1.1422623541197695E+03   5.2795584258479566E+03   1.4576285408800577E+03   1.9757234892073647E+00   1.9128435995490926E+06
   1.8800000000000000E+04   1.1395700435344472E+03   5.2877411169314837E+03   1.4526284640150739E+03   1.9735169618861916E+00   1.9136412244109148E+06
   1.8900000000000000E+04   1.1373120720227512E+03   5.2957844655201397E+03   1.4483586840409766E+03   1.9712900651830461E+00   1.9144050323000907E+06
   1.9000000000000000E+04   1.1347881799674756E+03   5.3036897136344160E+03   1.4436811108737145E+03   1.9690428225655250E+00   1.9151352385662736E+06
   1.9100000000000000E+04   1.1325833578102511E+03   5.3114581073648687E+03   1.4395428000681118E+03   1.9667752589930192E+00   1.9158320672771262E+06
   1.9200000000000000E+04   1.1300108701329225E+03   5.3190908968988442E+03   1.4348330646146985E+03   1.9644874009096767E+00   1.9164957408433065E+06
   1.9300000000000000E+04   1.1275608233511080E+03   5.3265893365223565E+03   1.4303435756873214E+03   1.9621792761529229E+00   1.9171264904318475E+06
   1.9400000000000000E+04   1.1249075275225334E+03   5.3339546845933037E+03   1.4255496677159706E+03   1.9598509139464242E+00   1.9177245452983161E+06
   1.9500000000000000E+04   1.1206082202766029E+03   5.3411882034919272E+03   1.4181414475452468E+03   1.9575023448367617E+00   1.9182901434526145E+06
   1.9600000000000000E+04   1.1257401447875470E+03   5.3482911595476371E+03   1.4258646120009503E+03   1.9551336006582400E+00   1.9188235206979401E+06
   1.9700000000000000E+04   1.1229905917572939E+03   5.3552648229445931E+03   1.4209646360388272E+03   1.9527447144836363E+00   1.9193249192809232E+06
   1.9800000000000000E+04   1.1208555237772960E+03   5.3621104676071454E+03   1.4170690553429372E+03   1.9503357205749370E+00   1.9197945810967782E+06
   1.9900000000000000E+04   1.1189497371007094E+03   5.3688293710666285E+03   1.4135577312074402E+03   1.9479066543833450E+00   1.9202327520393678E+06
   2.0000000000000000E+04   1.1148824790891481E+03   5.3754228143109776E+03   1.4066208137563281E+03   1.9454575524507598E+00   1.9206396795861607E+06
   2.0100000000000000E+04   1.1126232759957188E+03   5.3818920816180162E+03   1.4025864080096101E+03   1.9429884524027399E+00   1.9210156221471953E+06
   2.0200000000000000E+04   1.1095005987923557E+03   5.3882384603743267E+03   1.3972002940163729E+03   1.9404993929203607E+00   1.9213608277346473E+06
   2.0300000000000000E+04   1.1050799194770302E+03   5.3944632408802781E+03   1.3897832292366834E+03   1.9379904136909525E+00   1.9216755501316618E+06
   2.0400000000000000E+04   1.1032472055054918E+03   5.4005677161418453E+03   1.3864828621066417E+03   1.9354615553447729E+00   1.9219600588214172E+06
   2.0500000000000000E+04   1.1004704769307232E+03   5.4065531816530101E+03   1.3817087516317747E+03   1.9329128594831526E+00   1.9222145997329350E+06
   2.0600000000000000E+04   1.0986942952997013E+03   5.4124209351650770E+03   1.3785287065413415E+03   1.9303443685799786E+00   1.9224394465704269E+06
   2.0700000000000000E+04   1.0961278237044532E+03   5.4181722764484148E+03   1.3741203846408084E+03   1.9277561259746625E+00   1.9226348613472583E+06
   2.0800000000000000E+04   1.0936802724322465E+03   5.4238085070458237E+03   1.3699160958302609E+03   1.9251481758510245E+00   1.9228011089390805E+06
   2.0900000000000000E+04   1.0910201527087279E+03   5.4293309300176106E+03   1.3653953726312971E+03   1.9225205631950781E+00   1.9229384517872096E+06
   2.1000000000000000E+04   1.0880516324777816E+03   5.4347408496786911E+03   1.3604098103416964E+03   1.9198733337316936E+00   1.9230471732327915E+06
   2.1100000000000000E+04   1.0890085741054311E+03   5.4400395713343632E+03   1.3615737834156937E+03   1.9172065339597861E+00   1.9231275305193318E+06
   2.1200000000000000E+04   1.0832093565704927E+03   5.4452284010055982E+03   1.3522000460216918E+03   1.9145202110678761E+00   1.9231798015655556E+06
   2.1300000000000000E+04   1.0795934544786710E+03   5.4503086451521813E+03   1.3462596580876939E+03   1.9118144129059362E+00   1.9232042668400691E+06
   2.1400000000000000E+04   1.0773000961587902E+03   5.4552816103959885E+03   1.3423938370550336E+03   1.9090891880135423E+00   1.9232011873161264E+06
   2.1500000000000000E+04   1.0736711413336191E+03   5.4601486032332396E+03   1.3364719261878547E+03   1.9063445855143222E+00   1.9231708476323602E+06
   2.1600000000000000E+04   1.0742622188708158E+03   5.4649109297530231E+03   1.3371024939383624E+03   1.9035806551511376E+00   1.9231135179078302E+06
   2.1700000000000000E+04   1.0754435410601395E+03   5.4695698953468063E+03   1.3386537259196800E+03   1.9007974472086826E+00   1.9230294839391017E+06
   2.1800000000000000E+04   1.0680318748114762E+03   5.4741268044242652E+03   1.3269214593156307E+03   1.8979950125416278E+00   1.9229190135186177E+06
   2.1900000000000000E+04   1.0657923158378503E+03   5.4785829601212927E+03   1.3232061276556688E+03   1.8951734025042528E+00   1.9227823900011699E+06
   2.2000000000000000E+04   1.0627073708899527E+03   5.4829396640132354E+03   1.3182023044708872E+03   1.8923326689504487E+00   1.9226198925179192E+06
   2.2100000000000000E+04   1.0585701975378402E+03   5.4871982158251149E+03   1.3115990946337563E+03   1.8894728641914955E+00   1.9224317985476649E+06
   2.2200000000000000E+04   1.0554201359807978E+03   5.4913599131471265E+03   1.3065307730474919E+03   1.8865940410031006E+00   1.9222183866713215E+06
   2.2300000000000000E+04   1.0535162242425808E+03   5.4954260511449711E+03   1.3033854196999637E+03   1.8836962525620635E+00   1.9219799394809902E+06
   2.2400000000000000E+04   1.0525764651572213E+03   5.4993979222791295E+03   1.3017245871778300E+03   1.8807795524603561E+00   1.9217167315263164E+06
   2.2500000000000000E+04   1.0514478729213579E+03   5.5032768160216447E+03   1.2997823537832708E+03   1.8778439946699341E+00   1.9214290410398922E+06
   2.2600000000000000E+04   1.0493382982647481E+03   5.5070640185758421E+03   1.2963501005360449E+03   1.8748896335145913E+00   1.9211171469099403E+06
   2.2700000000000000E+04   1.0472225810429522E+03   5.5107608125994639E+03   1.2929189495635446E+03   1.8719165236488478E+00   1.9207813348312976E+06
   2.2800000000000000E+04   1.0451494114939014E+03   5.5143684769334268E+03   1.2895628708369650E+03   1.8689247200579557E+00   1.9204218786579228E+06
   2.2900000000000000E+04   1.0456679652125713E+03   5.5178882863308791E+03   1.2901598316594332E+03   1.8659142780297420E+00   1.9200390524440701E+06
   2.3000000000000000E+04   1.0408727579558315E+03   5.5213215111888094E+03   1.2826824868301578E+03   1.8628852531194346E+00   1.9196331367668260E+06
   2.3100000000000000E+04   1.0372418637906367E+03   5.5246694172887137E+03   1.2769940762048966E+03   1.8598377011566944E+00   1.9192044060298435E+06
   2.3200000000000000E+04   1.0367229354217875E+03   5.5279332655343442E+03   1.2760335812900767E+03   1.8567716781963570E+00   1.9187531378751695E+06
   2.3300000000000000E+04   1.0334843605553403E+03   5.5311143117048296E+03   1.2709627514219571E+03   1.8536872405536211E+00   1.9182796034064207E+06
   2.3400000000000000E+04   1.0303529895496565E+03   5.5342138061973556E+03   1.2660679297515835E+03   1.8505844447266384E+00   1.9177840800877840E+06
   2.3500000000000000E+04   1.0301439988358718E+03   5.5372329937866662E+03   1.2655945656044444E+03   1.8474633474105915E+00   1.9172668419372910E+06
   2.3600000000000000E+04   1.0277383151630499E+03   5.5401731133889962E+03   1.2618128429256330E+03   1.8443240055047279E+00   1.9167281525855884E+06
   2.3700000000000000E+04   1.0302874617419418E+03   5.5430353978196290E+03   1.2655082781621168E+03   1.8411664760419943E+00   1.9161682953759888E+06
   2.3800000000000000E+04   1.0279438924525698E+03   5.5458210735709827E+03   1.2618299862239280E+03   1.8379908162242207E+00   1.9155875261701995E+06
   2.3900000000000000E+04   1.0195098888507177E+03   5.5485313605846004E+03   1.2490076777111626E+03   1.8347970833798966E+00   1.9149861240028106E+06
   2.4000000000000000E+04   1.0165192317493515E+03   5.5511674720348537E+03   1.2443894641824706E+03   1.8315853349641742E+00   1.9143643501983599E+06
   2.4100000000000000E+04   1.0139167208156233E+03   5.5537306141160179E+03   1.2403636943945648E+03   1.8283556285447948E+00   1.9137224686901083E+06
   2.4200000000000000E+04   1.0115344839989446E+03   5.5562219858300432E+03   1.2366769194044048E+03   1.8251080217598656E+00   1.9130607496499938E+06
   2.4300000000000000E+04   1.0092157803075321E+03   5.5586427787941466E+03   1.2330937525358047E+03   1.8218425723600833E+00   1.9123794518763497E+06
   2.4400000000000000E+04   1.0077618081820059E+03   5.5609941770375563E+03   1.2308085977499918E+03   1.8185593381524379E+00   1.9116788331104431E+06
   2.4500000000000000E+04   1.0041280038044247E+03   5.5632773568133707E+03   1.2252817695521553E+03   1.8152583770002140E+00   1.9109591608788690E+06
   2.4600000000000000E+04   1.0046780259113567E+03   5.5654934864150609E+03   1.2259932587880808E+03   1.8119397468159533E+00   1.9102206836229649E+06
   2.4700000000000000E+04   1.0022293961646302E+03   5.5676437259975391E+03   1.2222453005202997E+03   1.8086035055473813E+00   1.9094636667962603E+06
   2.4800000000000000E+04   9.9855354424255802E+02   5.5697292274053289E+03   1.2166832443090145E+03   1.8052497111703700E+00   1.9086883601152727E+06
   2.4900000000000000E+04   9.9626767580434046E+02   5.5717511340066130E+03   1.2131954148989453E+03   1.8018784216819033E+00   1.9078950119195618E+06
   2.5000000000000000E+04   9.9344855185280517E+02   5.5737105805261508E+03   1.2089253125708594E+03   1.7984896950578528E+00   1.9070838804408924E+06
   2.5100000000000000E+04   9.9177936664586434E+02   5.5756086929019175E+03   1.2063655220400642E+03   1.7950835893022390E+00   1.9062552114131860E+06
   2.5200000000000000E+04   9.9019795165038363E+02   5.5774465881240740E+03   1.2039408858477198E+03   1.7916601623768604E+00   1.9054092490841551E+06
   2.5300000000000000E+04   9.8776444766588224E+02   5.5792253741006198E+03   1.2002629573352867E+03   1.7882194722364801E+00   1.9045462439012055E+06
   2.5400000000000000E+04   1.0004244417428539E+03   5.5809461495146952E+03   1.2189255487102864E+03   1.7847615767936382E+00   1.9036664372280433E+06
   2.5500000000000000E+04   9.9167652550140792E+02   5.5826100036992702E+03   1.2058861924244366E+03   1.7812865339397670E+00   1.9027700649483784E+06
   2.5600000000000000E+04   9.8791550598244692E+02   5.5842180164996362E+03   1.2002551082447735E+03   1.7777944014818572E+00   1.9018573730504704E+06
   2.5700000000000000E+04   9.9272721642580848E+02   5.5857712581685819E+03   1.2072923974421428E+03   1.7742852372057878E+00   1.9009285942272383E+06
   2.5800000000000000E+04   9.7998898210932816E+02   5.5872707892384806E+03   1.1884369228386363E+03   1.7707590988059627E+00   1.8999839713990188E+06
   2.5900000000000000E+04   9.7733149024596787E+02   5.5887176604234219E+03   1.1844659193691846E+03   1.7672160439275248E+00   1.8990237259256409E+06
   2.6000000000000000E+04   9.7661591540709571E+02   5.5901129125082762E+03   1.1833525073731751E+03   1.7636561301241420E+00   1.8980480974027850E+06
   2.6100000000000000E+04   9.7404246462076469E+02   5.5914575762541008E+03   1.1795164581748952E+03   1.7600794148650396E+00   1.8970573076210606E+06
   2.6200000000000000E+04   9.6947456498090196E+02   5.5927526723041829E+03   1.1727677501034098E+03   1.7564859555209298E+00   1.8960515928580435E+06
   2.6300000000000000E+04   9.6852398056865297E+02   5.5939992111037254E+03   1.1713223211032832E+03   1.7528758093851182E+00   1.8950311671948836E+06
   2.6400000000000000E+04   9.8039961763584336E+02   5.5951981928064706E+03   1.1886824699865485E+03   1.7492490336172131E+00   1.8939962634403501E+06
   2.6500000000000000E+04   9.7597482951048676E+02   5.5963506072116224E+03   1.1821327079313526E+03   1.7456056852923825E+00   1.8929470960911871E+06
   2.6600000000000000E+04   9.6292892396643867E+02   5.5974574336858032E+03   1.1629993541443102E+03   1.7419458213661685E+00   1.8918838776386406E+06
   2.6700000000000000E+04   9.7329961512615466E+02   5.5985196410912740E+03   1.1781141181090804E+03   1.7382694986463401E+00   1.8908068355524309E+06
   2.6800000000000000E+04   9.5838085397506518E+02   5.5995381877403961E+03   1.1562827554218773E+03   1.7345767738491911E+00   1.8897161743407876E+06
   2.6900000000000000E+04   9.5412885809496265E+02   5.6005140213250006E+03   1.1500579181853532E+03   1.7308677035362050E+00   1.8886121092810223E+06
   2.7000000000000000E+04   9.5244739033265841E+02   5.6014480788735973E+03   1.1475766432896412E+03   1.7271423441422031E+00   1.8874948494997355E+06
   2.7100000000000000E+04   9.5028256075922309E+02   5.6023412867044899E+03   1.1443981122776781E+03   1.7234007519683101E+00   1.8863645978268408E+06
   2.7200000000000000E+04   9.4825584517660559E+02   5.6031945603759705E+03   1.1414246929157937E+03   1.7196429831467654E+00   1.8852215682037133E+06
   2.7300000000000000E+04   9.4814044755595182E+02   5.6040088046615265E+03   1.1412237221119499E+03   1.7158690936831495E+00   1.8840659596016505E+06
   2.7400000000000000E+04   9.4413358367067485E+02   5.6047849135110164E+03   1.1353918780012586E+03   1.7120791394282333E+00   1.8828979600403754E+06
   2.7500000000000000E+04   9.4220893951448045E+02   5.6055237700197158E+03   1.1325794630514513E+03   1.7082731760639054E+00   1.8817177865612265E+06
   2.7600000000000000E+04   9.3988768081616217E+02   5.6062262464073920E+03   1.1291986020304821E+03   1.7044512591102086E+00   1.8805256231952405E+06
   2.7700000000000000E+04   9.3763847471917904E+02   5.6068932040017571E+03   1.1259267477405979E+03   1.7006134439323766E+00   1.8793216697989644E+06
   2.7800000000000000E+04   9.3381267265970303E+02   5.6075254932242224E+03   1.1203894139141073E+03   1.6967597857408365E+00   1.8781061152784848E+06
   2.7900000000000000E+04   9.4226347781992240E+02   5.6081239535634677E+03   1.1325521643867462E+03   1.6928903395349093E+00   1.8768791464684878E+06
   2.8000000000000000E+04   9.6780587896393320E+02   5.6086894135889670E+03   1.1696312883647381E+03   1.6890051601731841E+00   1.8756409619814758E+06
   2.8100000000000000E+04   9.2644900109618038E+02   5.6092226909406136E+03   1.1097394627927447E+03   1.6851043023453651E+00   1.8743917215962200E+06
   2.8200000000000000E+04   9.2511563187791944E+02   5.6097245923133050E+03   1.1078072801185745E+03   1.6811878205159811E+00   1.8731316431358841E+06
   2.8300000000000000E+04   9.2645481143116342E+02   5.6101959134907065E+03   1.1097097136388306E+03   1.6772557690229000E+00   1.8718608775521861E+06
   2.8400000000000000E+04   9.4923709699953531E+02   5.6106374393246715E+03   1.1425376076076107E+03   1.6733082019788126E+00   1.8705796155754568E+06
   2.8500000000000000E+04   9.2410893818432658E+02   5.6110499437638055E+03   1.1063124966706746E+03   1.6693451733275262E+00   1.8692880367295423E+06
   2.8600000000000000E+04   9.2802773274999561E+02   5.6114341898603707E+03   1.1119185567987101E+03   1.6653667368158225E+00   1.8679863090604099E+06
   2.8700000000000000E+04   9.2055040771680967E+02   5.6117909297975884E+03   1.1011877144502785E+03   1.6613729460215967E+00   1.8666745984812186E+06
   2.8800000000000000E+04   9.1924703008117581E+02   5.6121209048897481E+03   1.0993104890309503E+03   1.6573638542834961E+00   1.8653530929190069E+06
   2.8900000000000000E+04   9.2006100197525859E+02   5.6124248456377118E+03   1.1004630925972431E+03   1.6533395147994336E+00   1.8640219447313161E+06
   2.9000000000000000E+04   9.1599810341214777E+02   5.6127034717263141E+03   1.0946451463191252E+03   1.6492999805280699E+00   1.8626813283600602E+06
   2.9100000000000000E+04   9.1374876696092110E+02   5.6129574920773812E+03   1.0914248094529285E+03   1.6452453042591861E+00   1.8613313968270586E+06
   2.9200000000000000E+04   9.1129003752376070E+02   5.6131876048657641E+03   1.0879101192239907E+03   1.6411755385573852E+00   1.8599723305804089E+06
   2.9300000000000000E+04   9.0786703030267256E+02   5.6133944975694594E+03   1.0830275304685222E+03   1.6370907358043152E+00   1.8586042737656690E+06
   2.9400000000000000E+04   9.0531384156496733E+02   5.6135788470045436E+03   1.0793892495511836E+03   1.6329909481845937E+00   1.8572273782232914E+06
   2.9500000000000000E+04   9.0257126087019026E+02   5.6137413193532102E+03   1.0754868786118930E+03   1.6288762276435895E+00   1.8558418238478722E+06
   2.9600000000000000E+04   9.0009513709927307E+02   5.6138825702360618E+03   1.0719678121661314E+03   1.6247466259718637E+00   1.8544477386603679E+06
   2.9700000000000000E+04   8.9649561987788354E+02   5.6140032447312196E+03   1.0668619362407992E+03   1.6206021947207245E+00   1.8530452786525451E+06
   2.9800000000000000E+04   8.9671159369803684E+02   5.6141039774327810E+03   1.0671641693720317E+03   1.6164429852303797E+00   1.8516346082026472E+06
   2.9900000000000000E+04   8.9651809796519456E+02   5.6141853925119831E+03   1.0668871913745982E+03   1.6122690486580797E+00   1.8502158695936690E+06
   3.0000000000000000E+04   8.9386760222256828E+02   5.6142481037567823E+03   1.0631334675576686E+03   1.6080804359359016E+00   1.8487891927871394E+06
   3.0100000000000000E+04   8.9091512044982517E+02   5.6142927146349093E+03   1.0589579533631374E+03   1.6038771977918524E+00   1.8473547366328323E+06
   3.0200000000000000E+04   8.8910768691680585E+02   5.6143198183494387E+03   1.0564044043860547E+03   1.5996593847428391E+00   1.8459126375936777E+06
   3.0300000000000000E+04   8.9146708985366638E+02   5.6143299978938039E+03   1.0597365458523268E+03   1.5954270470805907E+00   1.8444630458706443E+06
   3.0400000000000000E+04   8.8840717459255461E+02   5.6143238261334245E+03   1.0554154750055948E+03   1.5911802349279545E+00   1.8430060784629018E+06
   3.0500000000000000E+04   8.8562899494290843E+02   5.6143018658372584E+03   1.0514976727089897E+03   1.5869189981474192E+00   1.8415418871276719E+06
   3.0600000000000000E+04   9.0954668733941276E+02   5.6142646697704549E+03   1.0853861700755547E+03   1.5826433864185150E+00   1.8400706008639799E+06
   3.0700000000000000E+04   9.0366837383541906E+02   5.6142127807465713E+03   1.0770276417519337E+03   1.5783534491955982E+00   1.8385923574405739E+06
   3.0800000000000000E+04   9.1981682894683354E+02   5.6141467317038232E+03   1.1000476640905063E+03   1.5740492357289571E+00   1.8371072875763634E+06
   3.0900000000000000E+04   8.8022142130940870E+02   5.6140670457728938E+03   1.0438916826563379E+03   1.5697307950577783E+00   1.8356155040251482E+06
   3.1000000000000000E+04   9.1265338743264567E+02   5.6139742363435098E+03   1.0898240661335572E+03   1.5653981759960716E+00   1.8341171554101163E+06
   3.1100000000000000E+04   8.6975080306545908E+02   5.6138688071479110E+03   1.0292043535003450E+03   1.5610514271608176E+00   1.8326123508981685E+06
   3.1200000000000000E+04   8.7026005874297186E+02   5.6137512523276537E+03   1.0299214850923240E+03   1.5566905969508573E+00   1.8311012249731198E+06
   3.1300000000000000E+04   8.6597226620363745E+02   5.6136220565066824E+03   1.0239257798274795E+03   1.5523157335398561E+00   1.8295838886089767E+06
   3.1400000000000000E+04   8.6429296955156883E+02   5.6134816948815096E+03   1.0215834838729116E+03   1.5479268849114853E+00   1.8280604729756701E+06
   3.1500000000000000E+04   8.6354446907139209E+02   5.6133306332808897E+03   1.0205429157978671E+03   1.5435240988101671E+00   1.8265310911001582E+06
   3.1600000000000000E+04   8.6092288883445804E+02   5.6131693282662955E+03   1.0168887525508359E+03   1.5391074227973693E+00   1.8249958542334901E+06
   3.1700000000000000E+04   8.5947992012261022E+02   5.6129982271908984E+03   1.0148818109695525E+03   1.5346769041953079E+00   1.8234548942821873E+06
   3.1800000000000000E+04   8.5712135042768773E+02   5.6128177682995702E+03   1.0116007252250668E+03   1.5302325901362059E+00   1.8219083024034041E+06
   3.1900000000000000E+04   8.8417850422860067E+02   5.6126283807976424E+03   1.0495121014427427E+03   1.5257745275271124E+00   1.8203562016526505E+06
   3.2000000000000000E+04   8.5800055655228414E+02   5.6124304849392938E+03   1.0128382481646159E+03   1.5213027630639717E+00   1.8187987079938410E+06
   3.2100000000000000E+04   8.8385455911139741E+02   5.6122244921142046E+03   1.0490698220309578E+03   1.5168173432386642E+00   1.8172359187696544E+06
   3.2200000000000000E+04   8.5070516278788693E+02   5.6120108049294431E+03   1.0027011337225437E+03   1.5123183143319630E+00   1.8156679524731811E+06
   3.2300000000000000E+04   8.4904631428807238E+02   5.6117898172920168E+03   1.0004043799389915E+03   1.5078057224065073E+00   1.8140949089492441E+06
   3.2400000000000000E+04   8.4571014194874851E+02   5.6115619145031815E+03   9.9578313589157540E+02   1.5032796133279029E+00   1.8125168921763867E+06
   3.2500000000000000E+04   8.4486679213410980E+02   5.6113274733310282E+03   9.9462149361876277E+02   1.4987400327295439E+00   1.8109340104037123E+06
   3.2600000000000000E+04   8.4293856846120786E+02   5.6110868621229920E+03   9.9195772357933743E+02   1.4941870260759431E+00   1.8093463471091148E+06
   3.2700000000000000E+04   8.4039786655661362E+02   5.6108404408624601E+03   9.8844882055340872E+02   1.4896206385853237E+00   1.8077540191363948E+06
   3.2800000000000000E+04   8.3730352896874513E+02   5.6105885612794791E+03   9.8417873019345075E+02   1.4850409152859207E+00   1.8061571244756486E+06
   3.2900000000000000E+04   8.7007978369216403E+02   5.6103315669308331E+03   1.0297841337156501E+03   1.4804479009948619E+00   1.8045557478074976E+06
   3.3000000000000000E+04   8.3794718639250300E+02   5.6100697932946941E+03   9.8508412000094472E+02   1.4758416403322485E+00   1.8029499959100788E+06
   3.3100000000000000E+04   8.3654444389053447E+02   5.6098035678483102E+03   9.8315425249943189E+02   1.4712221776930052E+00   1.8013399623807783E+06
   3.3200000000000000E+04   8.3455178791834749E+02   5.6095332101720078E+03   9.8041134738632809E+02   1.4665895572820633E+00   1.7997257333932680E+06
   3.3300000000000000E+04   8.3147776589490672E+02   5.6092590320361696E+03   9.7617992714222407E+02   1.4619438231073247E+00   1.7981074056384917E+06
   3.3400000000000000E+04   8.3072138297117465E+02   5.6089813374794885E+03   9.7514592719766233E+02   1.4572850189515156E+00   1.7964850684559916E+06
   3.3500000000000000E+04   8.2807964504267784E+02   5.6087004229167687E+03   9.7151622585403857E+02   1.4526131884144065E+00   1.7948588098010030E+06
   3.3600000000000000E+04   8.3194597116530861E+02   5.6084165772174802E+03   9.7685089281628655E+02   1.4479283748846641E+00   1.7932287101558403E+06
   3.3700000000000000E+04   8.2561939457865822E+02   5.6081300817960810E+03   9.6814858673003596E+02   1.4432306215398523E+00   1.7915948730211926E+06
   3.3800000000000000E+04   8.2270778222835850E+02   5.6078412107205013E+03   9.6415589544270358E+02   1.4385199713886549E+00   1.7899573578424559E+06
   3.3900000000000000E+04   8.5677827796732322E+02   5.6075502307757015E+03   1.0112940124392154E+03   1.4337964672075409E+00   1.7883162716856399E+06
   3.4000000000000000E+04   8.5297827039098354E+02   5.6072574015751561E+03   1.0060134434810359E+03   1.4290601515900230E+00   1.7866716835340792E+06
   3.4100000000000000E+04   8.4684510235584366E+02   5.6069629756392706E+03   9.9750242775720108E+02   1.4243110669185119E+00   1.7850236857470537E+06
   3.4200000000000000E+04   8.2773175943946819E+02   5.6066671985040630E+03   9.7109838874862305E+02   1.4195492554065359E+00   1.7833723446160941E+06
   3.4300000000000000E+04   8.3682558883958802E+02   5.6063703087871154E+03   9.8364821180566992E+02   1.4147747590424464E+00   1.7817177437640752E+06
   3.4400000000000000E+04   8.2203824716153804E+02   5.6060725382960482E+03   9.6328867278007260E+02   1.4099876196316410E+00   1.7800599719483422E+06
   3.4500000000000000E+04   8.2210893325665916E+02   5.6057741121124654E+03   9.6339455272847613E+02   1.4051878787824847E+00   1.7783990915994812E+06
   3.4600000000000000E+04   8.6333139525308172E+02   5.6054752486817906E+03   1.0205052645128110E+03   1.4003755779063167E+00   1.7767351890902831E+06
   3.4700000000000000E+04   8.1134363020262015E+02   5.6051761599122865E+03   9.4866141971460252E+02   1.3955507582385545E+00   1.7750683179285012E+06
   3.4800000000000000E+04   8.1872159692106391E+02   5.6048770512489009E+03   9.5877242888032674E+02   1.3907134608035143E+00   1.7733985812673250E+06
   3.4900000000000000E+04   8.3145121609300202E+02   5.6045781217748936E+03   9.7628522918400142E+02   1.3858637264425560E+00   1.7717260302096501E+06
   3.5000000000000000E+04   8.2834626493466089E+02   5.6042795642944338E+03   9.7201609690722728E+02   1.3810015958000097E+00   1.7700507401565970E+06
   3.5100000000000000E+04   8.1758849058344163E+02   5.6039815654370495E+03   9.5724499799533135E+02   1.3761271093583609E+00   1.7683727789720423E+06
   3.5200000000000000E+04   8.1129760887914313E+02   5.6036843057173546E+03   9.4864124406769474E+02   1.3712403073749182E+00   1.7666922263467123E+06
   3.5300000000000000E+04   8.2159037262238837E+02   5.6033879596482757E+03   9.6275292250054599E+02   1.3663412299381088E+00   1.7650091479941739E+06
   3.5400000000000000E+04   8.0669956776960873E+02   5.6030926958223245E+03   9.4237739384969836E+02   1.3614299169534023E+00   1.7633235954136723E+06
   3.5500000000000000E+04   8.1593432264807950E+02   5.6027986769987629E+03   9.5501259384874436E+02   1.3565064081433145E+00   1.7616356450582328E+06
   3.5600000000000000E+04   7.8933623513638872E+02   5.6025060601838759E+03   9.1878350476252149E+02   1.3515707430333310E+00   1.7599453592869050E+06
   3.5700000000000000E+04   7.8938423343276111E+02   5.6022149967236837E+03   9.1885636711862230E+02   1.3466229609659814E+00   1.7582528125973179E+06
   3.5800000000000000E+04   8.1516315611454604E+02   5.6019256323963491E+03   9.5398161104711289E+02   1.3416631011149127E+00   1.7565580586858019E+06
   3.5900000000000000E+04   7.8523162145185324E+02   5.6016381074878527E+03   9.1325003125915589E+02   1.3366912024637811E+00   1.7548611634071276E+06
   3.6000000000000000E+04   8.5955785199855313E+02   5.6013525568867353E+03   1.0153722106781303E+03   1.3317073038273590E+00   1.7531621782856889E+06
   3.6100000000000000E+04   8.0591711632401427E+02   5.6010691101554094E+03   9.4136692046360167E+02   1.3267114438233891E+00   1.7514611671233580E+06
   3.6200000000000000E+04   7.8461954603462118E+02   5.6007878916238815E+03   9.1244477718198721E+02   1.3217036608936970E+00   1.7497582062582350E+06
   3.6300000000000000E+04   7.9278733342334056E+02   5.6005090204831531E+03   9.2351697980203107E+02   1.3166839933252976E+00   1.7480533239813782E+06
   3.6400000000000000E+04   7.9417375204072653E+02   5.6002326108415873E+03   9.2540642458186369E+02   1.3116524791941051E+00   1.7463466150207731E+06
   3.6500000000000000E+04   8.0866364393145034E+02   5.5999587718404118E+03   9.4514801226170709E+02   1.3066091564352951E+00   1.7446380988023253E+06
   3.6600000000000000E+04   7.7316797598941696E+02   5.5996876077055349E+03   8.9702300294659983E+02   1.3015540627799813E+00   1.7429278547664501E+06
   3.6700000000000000E+04   7.6971183193995637E+02   5.5994192178588037E+03   8.9238102427150147E+02   1.2964872358185384E+00   1.7412159343392870E+06
   3.6800000000000000E+04   7.6777906498912466E+02   5.5991536969650788E+03   8.8979086029353573E+02   1.2914087129302414E+00   1.7395023879794404E+06
   3.6900000000000000E+04   7.6807464915420849E+02   5.5988911350458166E+03   8.9019451613658623E+02   1.2863185313536276E+00   1.7377872651916579E+06
   3.7000000000000000E+04   7.6837912667205057E+02   5.5986316175383026E+03   8.9061010391842228E+02   1.2812167281442810E+00   1.7360706283901175E+06
   3.7100000000000000E+04   7.6519453767164578E+02   5.5983752253811608E+03   8.8634098724914088E+02   1.2761033401888995E+00   1.7343525253449276E+06
   3.7200000000000000E+04   7.6768485517136423E+02   5.5981220350959229E+03   8.8969038280948212E+02   1.2709784042123404E+00   1.7326329959250470E+06
   3.7300000000000000E+04   7.6377673935220309E+02   5.5978721188543086E+03   8.8445183195568552E+02   1.2658419567565014E+00   1.7309121139838165E+06
   3.7400000000000000E+04   7.7648625486283197E+02   5.5976255445756278E+03   9.0154609399202332E+02   1.2606940342225472E+00   1.7291899107189144E+06
   3.7500000000000000E+04   7.5962726351098831E+02   5.5973823759790412E+03   8.7890440054135161E+02   1.2555346728216477E+00   1.7274664373830671E+06
   3.7600000000000000E+04   7.5882813648813874E+02   5.5971426726727959E+03   8.7784068443632054E+02   1.2503639086031306E+00   1.7257417585723414E+06
   3.7700000000000000E+04   7.5507657825355022E+02   5.5969064902395521E+03   8.7282971072433372E+02   1.2451817774755840E+00   1.7240158957469296E+06
   3.7800000000000000E+04   7.5325098688594016E+02   5.5966738802899145E+03   8.7039686940165859E+02   1.2399883151646451E+00   1.7222889047892115E+06
   3.7900000000000000E+04   7.5180549600151426E+02   5.5964448905393210E+03   8.6847290048477510E+02   1.2347835572200285E+00   1.7205608480583378E+06
   3.8000000000000000E+04   7.5001480230054176E+02   5.5962195649123178E+03   8.6608959303364315E+02   1.2295675390788618E+00   1.7188317515386716E+06
   3.8100000000000000E+04   7.9736538857273524E+02   5.5959979435659607E+03   9.2985970973766291E+02   1.2243402959671703E+00   1.7171016689296046E+06
   3.8200000000000000E+04   7.4841867308419614E+02   5.5957800630031770E+03   8.6397236614822225E+02   1.2191018629843162E+00   1.7153706316685283E+06
   3.8300000000000000E+04   7.4555249876969606E+02   5.5955659561226221E+03   8.6016012477102936E+02   1.2138522750607814E+00   1.7136386992044838E+06
   3.8400000000000000E+04   7.4495800687183646E+02   5.5953556522957770E+03   8.5937386977042445E+02   1.2085915669722369E+00   1.7119059159486983E+06
   3.8500000000000000E+04   7.7970185433595225E+02   5.5951491774292735E+03   9.0594868892169541E+02   1.2033197733254728E+00   1.7101723110484695E+06
   3.8600000000000000E+04   7.5911892377983236E+02   5.5949465540548390E+03   8.7828395291216304E+02   1.1980369286006183E+00   1.7084379419681784E+06
   3.8700000000000000E+04   7.6571409271613686E+02   5.5947478013760610E+03   8.8712928821014430E+02   1.1927430671089172E+00   1.7067028217274407E+06
   3.8800000000000000E+04   7.3782934023826408E+02   5.5945529353427401E+03   8.4991974947324161E+02   1.1874382230068090E+00   1.7049670063704825E+06
   3.8900000000000000E+04   7.7341412145628919E+02   5.5943619687102446E+03   8.9749125778306450E+02   1.1821224302818463E+00   1.7032305514527473E+06
   3.9000000000000000E+04   7.7203485429130501E+02   5.5941749111339896E+03   8.9563927249869630E+02   1.1767957228089971E+00   1.7014934824766973E+06
   3.9100000000000000E+04   7.6131107960094585E+02   5.5939917691952305E+03   8.8124338987568410E+02   1.1714581342732351E+00   1.6997558315177041E+06
   3.9200000000000000E+04   7.5788120780583245E+02   5.5938125465048797E+03   8.7665541796650598E+02   1.1661096982469472E+00   1.6980176447847863E+06
   3.9300000000000000E+04   7.4204928966860496E+02   5.5936372437385171E+03   8.5554556212838008E+02   1.1607504481336355E+00   1.6962789530145649E+06
   3.9400000000000000E+04   7.3728472376008926E+02   5.5934658587028507E+03   8.4922222130905539E+02   1.1553804171749604E+00   1.6945398011795746E+06
   3.9500000000000000E+04   7.4338076929043075E+02   5.5932983864269654E+03   8.5732393529354840E+02   1.1499996385070264E+00   1.6928002112035800E+06
   3.9600000000000000E+04   7.4487803817672716E+02   5.5931348191767320E+03   8.5931985032091961E+02   1.1446081450689118E+00   1.6910602493722101E+06
   3.9700000000000000E+04   7.3511877134007955E+02   5.5929751465737481E+03   8.4636117256289356E+02   1.1392059697152535E+00   1.6893199137649832E+06
   3.9800000000000000E+04   7.3522404997246622E+02   5.5928193555935650E+03   8.4650429660651537E+02   1.1337931450966217E+00   1.6875792619882391E+06
   3.9900000000000000E+04   7.4691352109136278E+02   5.5926674306723971E+03   8.6204107779333572E+02   1.1283697037509972E+00   1.6858383361282516E+06
   4.0000000000000000E+04   7.3649381613748290E+02   5.5925193537586047E+03   8.4819486404310737E+02   1.1229356780897020E+00   1.6840971320593846E+06
   4.0100000000000000E+04   7.2515716144264002E+02   5.5923751043412503E+03   8.3319689070086645E+02   1.1174911003411008E+00   1.6823557286645789E+06
   4.0200000000000000E+04   7.2357831681754760E+02   5.5922346595440049E+03   8.3111631985419604E+02   1.1120360026209692E+00   1.6806141281615510E+06
   4.0300000000000000E+04   7.1623761357835747E+02   5.5920979941744217E+03   8.2144905916156904E+02   1.1065704169184218E+00   1.6788723625759748E+06
   4.0400000000000000E+04   7.4452915768852699E+02   5.5919650807501439E+03   8.5888315337750544E+02   1.1010943750396187E+00   1.6771304941926461E+06
   4.0500000000000000E+04   7.1697349843180575E+02   5.5918358895983320E+03   8.2242283344996474E+02   1.0956079086922035E+00   1.6753885232644908E+06
   4.0600000000000000E+04   7.6510985992327915E+02   5.5917103888879328E+03   8.8639462219826919E+02   1.0901110494430855E+00   1.6736464801364848E+06
   4.0700000000000000E+04   7.1290783147559500E+02   5.5915885446684069E+03   8.1708303908958612E+02   1.0846038286902913E+00   1.6719044257020704E+06
   4.0800000000000000E+04   7.0775552062387283E+02   5.5914703209673835E+03   8.1032454798360641E+02   1.0790862777474071E+00   1.6701623583058740E+06
   4.0900000000000000E+04   7.0587505130392526E+02   5.5913556797870251E+03   8.0786288544830597E+02   1.0735584277380259E+00   1.6684203301210494E+06
   4.1000000000000000E+04   7.0479187664917765E+02   5.5912445812116066E+03   8.0644672105744894E+02   1.0680203097012997E+00   1.6666783460256858E+06
   4.1100000000000000E+04   7.0477667089862257E+02   5.5911369834135312E+03   8.0642905100877840E+02   1.0624719545074983E+00   1.6649364572754267E+06
   4.1200000000000000E+04   7.0680271586061099E+02   5.5910328427334671E+03   8.0908497246422985E+02   1.0569133929143035E+00   1.6631946833409513E+06
   4.1300000000000000E+04   7.0406196917764782E+02   5.5909321137261850E+03   8.0549770243429691E+02   1.0513446555597714E+00   1.6614530351887378E+06
   4.1400000000000000E+04   7.0274194970608903E+02   5.5908347491753993E+03   8.0377240639674994E+02   1.0457657728990044E+00   1.6597115865131300E+06
   4.1500000000000000E+04   7.0255681765490021E+02   5.5907407002098253E+03   8.0353216839710603E+02   1.0401767753308075E+00   1.6579703156605037E+06
   4.1600000000000000E+04   7.0027772303007009E+02   5.5906499162827049E+03   8.0055411713536557E+02   1.0345776930710324E+00   1.6562292637113621E+06
   4.1700000000000000E+04   6.9992283557981625E+02   5.5905623452487216E+03   8.0009214366264735E+02   1.0289685562088684E+00   1.6544884874169680E+06
   4.1800000000000000E+04   6.9781279516939924E+02   5.5904779334329869E+03   7.9733783588676704E+02   1.0233493947490655E+00   1.6527479632576013E+06
   4.1900000000000000E+04   6.9842971588904402E+02   5.5903966256309213E+03   7.9814504042761291E+02   1.0177202385274873E+00   1.6510077631350430E+06
   4.2000000000000000E+04   6.9673763536005492E+02   5.5903183651910404E+03   7.9593766072550682E+02   1.0120811172814859E+00   1.6492678623178541E+06
   4.2100000000000000E+04   6.9621638854989703E+02   5.5902430940286067E+03   7.9525901517529633E+02   1.0064320605936032E+00   1.6475283320209570E+06
   4.2200000000000000E+04   6.9469086401179766E+02   5.5901707526996342E+03   7.9327065751817258E+02   1.0007730979478688E+00   1.6457891625190733E+06
   4.2300000000000000E+04   7.0307899854318418E+02   5.5901012804207949E+03   8.0422854312896573E+02   9.9510425868757424E-01   1.6440504244909675E+06
   4.2400000000000000E+04   6.8582260501600229E+02   5.5900346151384565E+03   7.8173049900184799E+02   9.8942557206453430E-01   1.6423120828322780E+06
   4.2500000000000000E+04   6.8575213415438179E+02   5.5899706935279819E+03   7.8164019130437828E+02   9.8373706716168197E-01   1.6405741993443517E+06
   4.2600000000000000E+04   7.3668539611265578E+02   5.5899094510845971E+03   8.4850907593837474E+02   9.7803877298454500E-01   1.6388367785225769E+06
   4.2700000000000000E+04   6.8575468160071125E+02   5.5898508221213606E+03   7.8164584479625319E+02   9.7233071838384322E-01   1.6370998570720034E+06
   4.2800000000000000E+04   6.9897165376656585E+02   5.5897947398434899E+03   7.9886514084852411E+02   9.6661293211881827E-01   1.6353634303003943E+06
   4.2900000000000000E+04   6.8584013760283051E+02   5.5897411363526498E+03   7.8175901819748060E+02   9.6088544279390242E-01   1.6336275753050579E+06
   4.3000000000000000E+04   6.8469233172868860E+02   5.5896899427279050E+03   7.8026905292357753E+02   9.5514827893612464E-01   1.6318922618549839E+06
   4.3100000000000000E+04   6.8011350187776748E+02   5.5896410890287143E+03   7.7432916055886369E+02   9.4940146893177790E-01   1.6301575416880155E+06
   4.3200000000000000E+04   7.1318160224863709E+02   5.5895945043515094E+03   8.1748532057540058E+02   9.4364504106160374E-01   1.6284234082851966E+06
   4.3300000000000000E+04   7.1148536513969941E+02   5.5895501168468472E+03   8.1525836746215020E+02   9.3787902346560936E-01   1.6266899127816062E+06
   4.3400000000000000E+04   7.0385257602056049E+02   5.5895078537865484E+03   8.0525319080100189E+02   9.3210344419935975E-01   1.6249570561234436E+06
   4.3500000000000000E+04   6.7607266249866314E+02   5.5894676415757849E+03   7.6909881792162548E+02   9.2631833119175921E-01   1.6232248554303180E+06
   4.3600000000000000E+04   6.7973188960134212E+02   5.5894294057839388E+03   7.7383859173892199E+02   9.2052371223801255E-01   1.6214933358131296E+06
   4.3700000000000000E+04   6.7495449360847795E+02   5.5893930712062347E+03   7.6765349904908771E+02   9.1471961504888444E-01   1.6197625304824249E+06
   4.3800000000000000E+04   6.7164090463128048E+02   5.5893585618739598E+03   7.6337075498361924E+02   9.0890606720847666E-01   1.6180324555515707E+06
   4.3900000000000000E+04   6.6983855716049834E+02   5.5893258010953887E+03   7.6104393495917623E+02   9.0308309618830385E-01   1.6163031098289229E+06
   4.4000000000000000E+04   6.7634867546196426E+02   5.5892947114922581E+03   7.6945931161476335E+02   8.9725072935432981E-01   1.6145745339542089E+06
   4.4100000000000000E+04   6.6961254714027575E+02   5.5892652150278318E+03   7.6075332344231856E+02   8.9140899395992768E-01   1.6128467344442876E+06
   4.4200000000000000E+04   6.7587913233085681E+02   5.5892372330304361E+03   7.6885273453080003E+02   8.8555791713181187E-01   1.6111197343884106E+06
   4.4300000000000000E+04   6.7317609897309023E+02   5.5892106862558858E+03   7.6535731783613790E+02   8.7969752592632677E-01   1.6093935395065057E+06
   4.4400000000000000E+04   6.9882860942805019E+02   5.5891854948665450E+03   7.9869073335795906E+02   8.7382784723797313E-01   1.6076681978575953E+06
   4.4500000000000000E+04   6.7577005616243923E+02   5.5891615785124304E+03   7.6871301963858650E+02   8.6794890789088297E-01   1.6059437059841396E+06
   4.4600000000000000E+04   6.7600323053444060E+02   5.5891388563368282E+03   7.6901518918933084E+02   8.6206073459660038E-01   1.6042200770982185E+06
   4.4700000000000000E+04   6.5900516523998999E+02   5.5891172470050051E+03   7.4709399580010745E+02   8.5616335395408094E-01   1.6024973240509988E+06
   4.4800000000000000E+04   6.5881063878404643E+02   5.5890966687403925E+03   7.4684436647000109E+02   8.5025679246376673E-01   1.6007754593347544E+06
   4.4900000000000000E+04   6.5983488050818312E+02   5.5890770393284311E+03   7.4816125107534788E+02   8.4434107648536383E-01   1.5990545470488304E+06
   4.5000000000000000E+04   6.9641501779875284E+02   5.5890582761914620E+03   7.9554218718386835E+02   8.3841623232228379E-01   1.5973345559397014E+06
   4.5100000000000000E+04   6.5962218101000929E+02   5.5890402963677261E+03   7.4788846548785318E+02   8.3248228613720343E-01   1.5956155236060494E+06
   4.5200000000000000E+04   6.5567813667254609E+02   5.5890230165693947E+03   7.4282262573153344E+02   8.2653926400835875E-01   1.5938974701022008E+06
   4.5300000000000000E+04   6.5287374645599391E+02   5.5890063532003251E+03   7.3922558559198069E+02   8.2058719191547036E-01   1.5921803715118396E+06
   4.5400000000000000E+04   6.5594321514868818E+02   5.5889902223653144E+03   7.4316344655336820E+02   8.1462609571159816E-01   1.5904642821107460E+06
   4.5500000000000000E+04   6.5516941898856953E+02   5.5889745399187623E+03   7.4217061929071929E+02   8.0865600116535974E-01   1.5887492035505306E+06
   4.5600000000000000E+04   6.5004059663537498E+02   5.5889592214729746E+03   7.3559632439105724E+02   8.0267693393278561E-01   1.5870351722727038E+06
   4.5700000000000000E+04   6.4533104443475077E+02   5.5889441824379473E+03   7.2957148665500461E+02   7.9668891958546439E-01   1.5853221628818002E+06
   4.5800000000000000E+04   6.7152394742976935E+02   5.5889293380286827E+03   7.6322767656175722E+02   7.9069198358239678E-01   1.5836102200605290E+06
   4.5900000000000000E+04   6.4488714992106122E+02   5.5889146032880153E+03   7.2900469175430680E+02   7.8468615126999564E-01   1.5818993530427455E+06
   4.6000000000000000E+04   6.7711100081235679E+02   5.5888998931331125E+03   7.7045363370480720E+02   7.7867144792430543E-01   1.5801895529775217E+06
   4.6100000000000000E+04   6.4530577842902369E+02   5.5888851223453066E+03   7.2954020023239718E+02   7.7264789869470984E-01   1.5784808817390103E+06
   4.6200000000000000E+04   6.6131531179266653E+02   5.5888702056157053E+03   7.5006885204437617E+02   7.6661552864615057E-01   1.5767733299978098E+06
   4.6300000000000000E+04   6.5697986822028599E+02   5.5888550575663103E+03   7.4449679244804167E+02   7.6057436275912926E-01   1.5750668879513706E+06
   4.6400000000000000E+04   6.4202754064087117E+02   5.5888395927545243E+03   7.2535380381782829E+02   7.5452442590155777E-01   1.5733615632471205E+06
   4.6500000000000000E+04   6.4074375517888257E+02   5.5888237256933498E+03   7.2371584985948834E+02   7.4846574282876177E-01   1.5716574170960281E+06
   4.6600000000000000E+04   6.4368243693651050E+02   5.5888073708872835E+03   7.2746739386974400E+02   7.4239833821162382E-01   1.5699544568825678E+06
   4.6700000000000000E+04   6.4136902690617364E+02   5.5887904428598258E+03   7.2451420377509839E+02   7.3632223665066043E-01   1.5682526536139608E+06
   4.6800000000000000E+04   6.3739839998270236E+02   5.5887728561481972E+03   7.1945172151943439E+02   7.3023746263379885E-01   1.5665520319078956E+06
   4.6900000000000000E+04   6.3858912136350352E+02   5.5887545253137405E+03   7.2096941225204421E+02   7.2414404052230619E-01   1.5648526343510163E+06
   4.7000000000000000E+04   6.3575905313910505E+02   5.5887353650086570E+03   7.1736444516969323E+02   7.1804199463522633E-01   1.5631544490887101E+06
   4.7100000000000000E+04   6.3202050241816653E+02   5.5887152899451939E+03   7.1260846124954003E+02   7.1193134916494449E-01   1.5614575001964497E+06
   4.7200000000000000E+04   6.3115353470090520E+02   5.5886942149453916E+03   7.1150684091841492E+02   7.0581212823347572E-01   1.5597617933826642E+06
   4.7300000000000000E+04   6.3063260119769279E+02   5.5886720549337506E+03   7.1084525004898205E+02   6.9968435585024868E-01   1.5580673157971560E+06
   4.7400000000000000E+04   6.2939647924316284E+02   5.5886487249618904E+03   7.0927544253358087E+02   6.9354805592617641E-01   1.5563741273750702E+06
   4.7500000000000000E+04   6.2809839571071939E+02   5.5886241402491924E+03   7.0762778735408131E+02   6.8740325231587840E-01   1.5546822148451812E+06
   4.7600000000000000E+04   6.2636272440354708E+02   5.5885982161579750E+03   7.0542593355074598E+02   6.8124996874731181E-01   1.5529915828845545E+06
   4.7700000000000000E+04   6.2548373496709053E+02   5.5885708682415034E+03   7.0431166850978980E+02   6.7508822887806719E-01   1.5513022358861682E+06
   4.7800000000000000E+04   6.2823532636637492E+02   5.5885420122510104E+03   7.0780291165657309E+02   6.6891805628129208E-01   1.5496141964263350E+06
   4.7900000000000000E+04   6.2563054342034513E+02   5.5885115641259445E+03   7.0449876033455735E+02   6.6273947440347569E-01   1.5479275054509526E+06
   4.8000000000000000E+04   6.3611610347783255E+02   5.5884794400491846E+03   7.1782329449018789E+02   6.5655250663480935E-01   1.5462421297949841E+06
   4.8100000000000000E+04   6.8157659601800469E+02   5.5884455564447899E+03   7.7624932112764066E+02   6.5035717628104539E-01   1.5445580914351905E+06
   4.8200000000000000E+04   6.4157037914612090E+02   5.5884098299835650E+03   7.2477755728245916E+02   6.4415350654942172E-01   1.5428753936172978E+06
   4.8300000000000000E+04   6.1731478910879559E+02   5.5883721775882277E+03   6.9397404267838715E+02   6.3794152053458608E-01   1.5411940766185266E+06
   4.8400000000000000E+04   6.1575132982862044E+02   5.5883325164955641E+03   6.9199939616534198E+02   6.3172124130304164E-01   1.5395141059995273E+06
   4.8500000000000000E+04   6.1425357078959451E+02   5.5882907641954980E+03   6.9010894431353290E+02   6.2549269176648148E-01   1.5378355403787005E+06
   4.8600000000000000E+04   6.1443034682034988E+02   5.5882468385089651E+03   6.9033275530780202E+02   6.1925589479437815E-01   1.5361583635132071E+06
   4.8700000000000000E+04   6.1092055206859982E+02   5.5882006575672622E+03   6.8590606886269836E+02   6.1301087315768943E-01   1.5344825775490534E+06
   4.8800000000000000E+04   6.0921364929140532E+02   5.5881521398319956E+03   6.8375589784259296E+02   6.0675764954293276E-01   1.5328082032066237E+06
   4.8900000000000000E+04   6.0765982119419505E+02   5.5881012041065533E+03   6.8179992844666492E+02   6.0049624655218425E-01   1.5311352422252451E+06
   4.9000000000000000E+04   6.0963462708405370E+02   5.5880477695472491E+03   6.8428780830959329E+02   5.9422668670307788E-01   1.5294637149983200E+06
   4.9100000000000000E+04   6.0911188762521419E+02   5.5879917556823966E+03   6.8363011290449310E+02   5.8794899244288079E-01   1.5277936039185412E+06
   4.9200000000000000E+04   6.0837241626089713E+02   5.5879330823900091E+03   6.8269965548596599E+02   5.8166318609219914E-01   1.5261249669151031E+06
   4.9300000000000000E+04   6.0747471378481976E+02   5.5878716699573533E+03   6.8157031924265198E+02   5.7536928992941649E-01   1.5244577670039542E+06
   4.9400000000000000E+04   6.0244424908000497E+02   5.5878074390580769E+03   6.7524517840430713E+02   5.6906732613440403E-01   1.5227920428878914E+06
   4.9500000000000000E+04   6.0111822772281039E+02   5.5877403107783512E+03   6.7358073193552195E+02   5.6275731681666408E-01   1.5211277951264444E+06
   4.9600000000000000E+04   6.0169476028938720E+02   5.5876702066098305E+03   6.7430574453057113E+02   5.5643928398718445E-01   1.5194650049020837E+06
   4.9700000000000000E+04   6.0431489606242519E+02   5.5875970484752643E+03   6.7759922603481425E+02   5.5011324958658536E-01   1.5178037105113340E+06
   4.9800000000000000E+04   5.9864287518517142E+02   5.5875207587291407E+03   6.7047732380779223E+02   5.4377923547104634E-01   1.5161439118900334E+06
   4.9900000000000000E+04   5.9884828180288321E+02   5.5874412601662989E+03   6.7073613999730253E+02   5.3743726341230502E-01   1.5144856279755982E+06
   5.0000000000000000E+04   5.9630815906788439E+02   5.5873584760385293E+03   6.6755236579564848E+02   5.3108735511173155E-01   1.5128288390536271E+06


