#Te   kappa_tot   kappa_e_ph  kappa_e_e mu Ce
#[K]  [W/(K*m)]   [W/(K*m)]   [W/(K*m)]   [eV]  [J/(m^3*K)]
   3.0000000000000000E+02   1.3944389413766537E+03   7.4071094906974258E+03   1.7178326722118316E+03   4.0496070330101679E+00   2.2048057063171222E+04
   4.0000000000000000E+02   1.5257656228596682E+03   1.0267611473883846E+04   1.7920664448568450E+03   4.0452272021740896E+00   2.9534483601726930E+04
   5.0000000000000000E+02   1.5911414056531555E+03   1.3055981682796455E+04   1.8119670701703703E+03   4.0390800527835893E+00   3.6832035430063050E+04
   6.0000000000000000E+02   1.6295825735920901E+03   1.5804831851260169E+04   1.8169189168293549E+03   4.0314997497189333E+00   4.4046842742266097E+04
   7.0000000000000000E+02   1.6533798250800303E+03   1.8549538030862521E+04   1.8151719208149125E+03   4.0228001013327859E+00   5.1249357408456286E+04
   8.0000000000000000E+02   1.6666939059430840E+03   2.1307840979350025E+04   1.8081249825357997E+03   4.0132713613409710E+00   5.8455381892593432E+04
   9.0000000000000000E+02   1.6704426081107981E+03   2.4084162053039508E+04   1.7949368275484983E+03   4.0032193776692004E+00   6.5649737618692845E+04
   1.0000000000000000E+03   1.6589563150802483E+03   2.6877162430606561E+04   1.7680892186157701E+03   3.9929798972729365E+00   7.2813486675543551E+04
   1.1000000000000000E+03   1.6548075667471608E+03   2.9684614369598748E+04   1.7525031413982524E+03   3.9829000011139271E+00   7.9940256681280065E+04
   1.2000000000000000E+03   1.6519815755957923E+03   3.2505286702521276E+04   1.7404337888961541E+03   3.9732976573061558E+00   8.7039745940428344E+04
   1.3000000000000000E+03   1.6485940679591156E+03   3.5339122985320435E+04   1.7292654758665592E+03   3.9644196010301465E+00   9.4131965132673417E+04
   1.4000000000000000E+03   1.6276050537527722E+03   3.8186867014279655E+04   1.7000654391364212E+03   3.9564169696852938E+00   1.0123834179415196E+05
   1.5000000000000000E+03   1.6150751320958534E+03   4.1049658624009491E+04   1.6812218350995590E+03   3.9493462484619855E+00   1.0837505040418137E+05
   1.6000000000000000E+03   1.5982796861787890E+03   4.3928720823581782E+04   1.6586262804171995E+03   3.9431892291353101E+00   1.1555057382117282E+05
   1.7000000000000000E+03   1.5805501769365251E+03   4.6825141952177946E+04   1.6357642647157656E+03   3.9378797738228104E+00   1.2276650442658970E+05
   1.8000000000000000E+03   1.5532824188804609E+03   4.9739740508708201E+04   1.6033522179162289E+03   3.9333278035017671E+00   1.3001968178689801E+05
   1.9000000000000000E+03   1.5357196558429889E+03   5.2672994396869472E+04   1.5818393380764730E+03   3.9294364593324791E+00   1.3730431653769020E+05
   2.0000000000000000E+03   1.5188556547596102E+03   5.5625012994309320E+04   1.5614926227763531E+03   3.9261124416977600E+00   1.4461355909495841E+05
   2.1000000000000000E+03   1.4855414075792476E+03   5.8595533665702962E+04   1.5241832141418920E+03   3.9232712183122698E+00   1.5194047039344159E+05
   2.2000000000000000E+03   1.4493739687965517E+03   6.1583931069311926E+04   1.4843070422689937E+03   3.9208389542601720E+00   1.5927853731288997E+05
   2.3000000000000000E+03   1.4077350241030308E+03   6.4589233684022467E+04   1.4391005019742213E+03   3.9187525921520665E+00   1.6662189357777784E+05
   2.4000000000000000E+03   1.3758087311782269E+03   6.7610145728556381E+04   1.4043868033775632E+03   3.9169590150168960E+00   1.7396537114552711E+05
   2.5000000000000000E+03   1.3396935308938998E+03   7.0645074232827857E+04   1.3655902035409758E+03   3.9154138410311430E+00   1.8130446362360838E+05
   2.6000000000000000E+03   1.3105680807277386E+03   7.3692161288238480E+04   1.3342977144385941E+03   3.9140801458333092E+00   1.8863525256940431E+05
   2.7000000000000000E+03   1.2783201706864111E+03   7.6749321137721563E+04   1.2999722282693958E+03   3.9129272581038879E+00   1.9595432339073447E+05
   2.8000000000000000E+03   1.2590388342913989E+03   7.9814281272540160E+04   1.2792179940400297E+03   3.9119296890116559E+00   2.0325868677268387E+05
   2.9000000000000000E+03   1.2357349061007867E+03   8.2884626282259036E+04   1.2544374350931375E+03   3.9110662124205997E+00   2.1054571051324721E+05
   3.0000000000000000E+03   1.2121761733867277E+03   8.5957842980982605E+04   1.2295147716971583E+03   3.9103190904610310E+00   2.1781306501919965E+05
   3.1000000000000000E+03   1.1814876645459431E+03   8.9031365278502184E+04   1.1973774203360235E+03   3.9096734302080129E+00   2.2505868105996662E+05
   3.2000000000000000E+03   1.1571673531967549E+03   9.2102617371579283E+04   1.1718908636421233E+03   3.9091166540136437E+00   2.3228071763871980E+05
   3.3000000000000000E+03   1.1324656812885701E+03   9.5169054042033604E+04   1.1461037613343551E+03   3.9086380659790811E+00   2.3947753924057970E+05
   3.4000000000000000E+03   1.1052579383306431E+03   9.8228197106303822E+04   1.1178357610438763E+03   3.9082284990088256E+00   2.4664769859550238E+05
   3.5000000000000000E+03   1.0877012221515638E+03   1.0127766735394781E+05   1.0995097294736813E+03   3.9078800284457307E+00   2.5378992442812413E+05
   3.6000000000000000E+03   1.0730466224820016E+03   1.0431521158403327E+05   1.0841993240400213E+03   3.9075857405943397E+00   2.6090311141467406E+05
   3.7000000000000000E+03   1.0579413795932951E+03   1.0733872459805696E+05   1.0684723516915637E+03   3.9073395462269085E+00   2.6798631244495104E+05
   3.8000000000000000E+03   1.0427811830187838E+03   1.1034626621811523E+05   1.0527295629383161E+03   3.9071360307707899E+00   2.7503873119243921E+05
   3.9000000000000000E+03   1.0285458698256771E+03   1.1333607356404224E+05   1.0379655999903002E+03   3.9069703343222084E+00   2.8205971503058996E+05
   4.0000000000000000E+03   1.0139162094794285E+03   1.1630656894032759E+05   1.0228328755070987E+03   3.9068380560778246E+00   2.8904874740807404E+05
   4.1000000000000000E+03   9.9916135095683273E+02   1.1925636377979661E+05   1.0076033179976700E+03   3.9067351780671591E+00   2.9600544043514697E+05
   4.2000000000000000E+03   9.8123453058280370E+02   1.2218425911698557E+05   9.8917840168085263E+02   3.9066580049650113E+00   3.0292952648355591E+05
   4.3000000000000000E+03   9.6958571915557275E+02   1.2508924310538433E+05   9.7715983341424419E+02   3.9066031162890043E+00   3.0982084996915038E+05
   4.4000000000000000E+03   9.5396901259286290E+02   1.2797048606703333E+05   9.6113388294273511E+02   3.9065673289038960E+00   3.1667935834954411E+05
   4.5000000000000000E+03   9.4382974256605871E+02   1.3082733355685009E+05   9.5068830856398620E+02   3.9065476674261159E+00   3.2350509283663204E+05
   4.6000000000000000E+03   9.3345887699198227E+02   1.3365929788093551E+05   9.4002387956852829E+02   3.9065413409606244E+00   3.3029818041917711E+05
   4.7000000000000000E+03   9.1937144613337591E+02   1.3646604846789109E+05   9.2560726005767958E+02   3.9065457248453219E+00   3.3705882396625000E+05
   4.8000000000000000E+03   9.1488296088682876E+02   1.3924740144830645E+05   9.2093367724241330E+02   3.9065583462361659E+00   3.4378729436861194E+05
   4.9000000000000000E+03   9.0329939460379660E+02   1.4200330874904987E+05   9.0908217094821146E+02   3.9065768726457639E+00   3.5048392168246990E+05
   5.0000000000000000E+03   8.9654239372155268E+02   1.4473384696223898E+05   9.0213057035035683E+02   3.9065991027426490E+00   3.5714908784619451E+05
   5.1000000000000000E+03   8.9094085134468298E+02   1.4743920620384527E+05   8.9635733033667566E+02   3.9066229589129167E+00   3.6378321863429784E+05
   5.2000000000000000E+03   8.7612537995967330E+02   1.5011967913895176E+05   8.8126862174182122E+02   3.9066464810494237E+00   3.7038677739468520E+05
   5.3000000000000000E+03   8.6734713308310040E+02   1.5277565031055553E+05   8.7229940385126622E+02   3.9066678213133335E+00   3.7696025763975177E+05
   5.4000000000000000E+03   8.6285743079826068E+02   1.5540758587913407E+05   8.6767495484685776E+02   3.9066852395276745E+00   3.8350417837283260E+05
   5.5000000000000000E+03   8.6266001323967191E+02   1.5801602384976752E+05   8.6739540216342903E+02   3.9066970990449126E+00   3.9001907769922301E+05
   5.6000000000000000E+03   8.5254958822633125E+02   1.6060156483907410E+05   8.5709948043845884E+02   3.9067018630156198E+00   3.9650550824306795E+05
   5.7000000000000000E+03   8.4901081608446884E+02   1.6316486341785017E+05   8.5345165999635037E+02   3.9066980907786655E+00   4.0296403278963576E+05
   5.8000000000000000E+03   8.3803250947872300E+02   1.6570662004395184E+05   8.4229225657455072E+02   3.9066844344094411E+00   4.0939522031813202E+05
   5.9000000000000000E+03   8.3353837834164801E+02   1.6822757358789266E+05   8.3768898160118874E+02   3.9066596354139040E+00   4.1579964170154324E+05
   6.0000000000000000E+03   8.2780282264908078E+02   1.7072849444562750E+05   8.3183610530755527E+02   3.9066225213861783E+00   4.2217786783946084E+05
   6.1000000000000000E+03   8.2200553289627851E+02   1.7321017822069151E+05   8.2592513530041685E+02   3.9065720027390860E+00   4.2853046552223060E+05
   6.2000000000000000E+03   8.1663019101144789E+02   1.7567343995431258E+05   8.2044408233071738E+02   3.9065070694589599E+00   4.3485799530353298E+05
   6.3000000000000000E+03   8.1190422653494329E+02   1.7811910887799776E+05   8.1562200255177845E+02   3.9064267878118706E+00   4.4116100976984791E+05
   6.4000000000000000E+03   8.1161877269631725E+02   1.8054802365739256E+05   8.1528372322548614E+02   3.9063302971592169E+00   4.4744005042781285E+05
   6.5000000000000000E+03   8.0774513847343781E+02   1.8296102809871169E+05   8.1132702400481139E+02   3.9062168067125644E+00   4.5369564657876763E+05
   6.6000000000000000E+03   8.0476355505637116E+02   1.8535896728489621E+05   8.0827279172753913E+02   3.9060855923249318E+00   4.5992831454551005E+05
   6.7000000000000000E+03   8.0149427785902071E+02   1.8774268410975169E+05   8.0493061566139806E+02   3.9059359933428599E+00   4.6613855463219056E+05
   6.8000000000000000E+03   7.9554861939700288E+02   1.9011301617886871E+05   7.9889166858302508E+02   3.9057674095556996E+00   4.7232685078803479E+05
   6.9000000000000000E+03   7.9160941690627237E+02   1.9247079304972809E+05   7.9487865802603358E+02   3.9055792980112161E+00   4.7849367036462011E+05
   7.0000000000000000E+03   7.8956375856165710E+02   1.9481683377795373E+05   7.9277676531463408E+02   3.9053711701472111E+00   4.8463946081022121E+05
   7.1000000000000000E+03   7.8292255732203091E+02   1.9715194474737550E+05   7.8604406663102168E+02   3.9051425887772604E+00   4.9076465166172513E+05
   7.2000000000000000E+03   7.7912321823173090E+02   1.9947691775509823E+05   7.8217827473400712E+02   3.9048931652952672E+00   4.9686965185473289E+05
   7.3000000000000000E+03   7.7544323954883600E+02   2.0179252833034060E+05   7.7843458835627894E+02   3.9046225568556769E+00   5.0295485039201647E+05
   7.4000000000000000E+03   7.7331089110027415E+02   2.0409953426335321E+05   7.7625202542311786E+02   3.9043304637603304E+00   5.0902061463780218E+05
   7.5000000000000000E+03   7.7336870422017125E+02   2.0639867432646718E+05   7.7627738878531886E+02   3.9040166268088528E+00   5.1506729040530091E+05
   7.6000000000000000E+03   7.6491324767524384E+02   2.0869066716725065E+05   7.6772719575738188E+02   3.9036808248313415E+00   5.2109520222225360E+05
   7.7000000000000000E+03   7.6247127332287334E+02   2.1097621035790732E+05   7.6523685108755342E+02   3.9033228723183124E+00   5.2710465199862828E+05
   7.8000000000000000E+03   7.6249940169625779E+02   2.1325597958636546E+05   7.6523551076220133E+02   3.9029426170627670E+00   5.3309591969060735E+05
   7.9000000000000000E+03   7.6340806873571023E+02   2.1553062797411295E+05   7.6612166664728898E+02   3.9025399380089181E+00   5.3906926262575667E+05
   8.0000000000000000E+03   7.6279213401508116E+02   2.1780078550966157E+05   7.6547300951833108E+02   3.9021147431373531E+00   5.4502491479302570E+05
   8.1000000000000000E+03   7.6157863705060697E+02   2.2006705858607750E+05   7.6422335901809583E+02   3.9016669674595827E+00   5.5096308839792921E+05
   8.2000000000000000E+03   7.5888951559418774E+02   2.2233002963273737E+05   7.6148874082078680E+02   3.9011965711098453E+00   5.5688397202463250E+05
   8.3000000000000000E+03   7.5540989364784639E+02   2.2459025683253503E+05   7.5795929163133758E+02   3.9007035375098211E+00   5.6278773270630580E+05
   8.4000000000000000E+03   7.5249078474020564E+02   2.2684827391608342E+05   7.5499522057388947E+02   3.9001878717035003E+00   5.6867451304913161E+05
   8.5000000000000000E+03   7.5221228335338867E+02   2.2910459002686877E+05   7.5469013501764096E+02   3.8996495986434465E+00   5.7454443558207201E+05
   8.6000000000000000E+03   7.4960049324596230E+02   2.3135968964937027E+05   7.5203707744542544E+02   3.8990887617565990E+00   5.8039759774855664E+05
   8.7000000000000000E+03   7.4738937181091592E+02   2.3361403259647335E+05   7.4978813045389177E+02   3.8985054213520800E+00   5.8623407722118823E+05
   8.8000000000000000E+03   7.4699928734336561E+02   2.3586805404873801E+05   7.4937256665626148E+02   3.8978996533814554E+00   5.9205392749450426E+05
   8.9000000000000000E+03   7.4495001562570906E+02   2.3812216464320416E+05   7.4728785806206668E+02   3.8972715480288613E+00   5.9785718282034190E+05
   9.0000000000000000E+03   7.4219747641662570E+02   2.4037675060581559E+05   7.4449621458608226E+02   3.8966212085441851E+00   6.0364385487539740E+05
   9.1000000000000000E+03   7.4113454661643516E+02   2.4263217392470408E+05   7.4340532282046729E+02   3.8959487500884364E+00   6.0941393354206055E+05
   9.2000000000000000E+03   7.3971971895648983E+02   2.4488877256068253E+05   7.4196091242516889E+02   3.8952542986520045E+00   6.1516738908683264E+05
   9.3000000000000000E+03   7.3815756774454940E+02   2.4714686069194961E+05   7.4036883945658747E+02   3.8945379900215671E+00   6.2090417113458889E+05
   9.4000000000000000E+03   7.3855125337425704E+02   2.4940672899004197E+05   7.4074477069048680E+02   3.8937999688442035E+00   6.2662421015981329E+05
   9.5000000000000000E+03   7.3586429783147696E+02   2.5166864492463527E+05   7.3802223137635065E+02   3.8930403877401520E+00   6.3232741642613022E+05
   9.6000000000000000E+03   7.3406917242632801E+02   2.5393285309485393E+05   7.3619737202333624E+02   3.8922594064520055E+00   6.3801368154874665E+05
   9.7000000000000000E+03   7.3295059933578261E+02   2.5619957558472484E+05   7.3505348295550152E+02   3.8914571910911575E+00   6.4368287928692123E+05
   9.8000000000000000E+03   7.3310453682776142E+02   2.5846901234103006E+05   7.3518978085330764E+02   3.8906339133842418E+00   6.4933486398977146E+05
   9.9000000000000000E+03   7.2952041609975095E+02   2.6074134157138216E+05   7.3156724625978632E+02   3.8897897500167957E+00   6.5496947422884754E+05
   1.0000000000000000E+04   7.3022217901365570E+02   2.6301672016107716E+05   7.3225516368814669E+02   3.8889248819526450E+00   6.6058653182149376E+05
   1.0100000000000000E+04   7.2967747829098448E+02   2.6529528410651849E+05   7.3168994404233695E+02   3.8880394939355578E+00   6.6618584069846058E+05
   1.0200000000000000E+04   7.3002684419939249E+02   2.6757714896443824E+05   7.3202401467294771E+02   3.8871337738572529E+00   6.7176719027170318E+05
   1.0300000000000000E+04   7.2933386101282872E+02   2.6986241031475167E+05   7.3131031031378006E+02   3.8862079122468987E+00   6.7733035597684467E+05
   1.0400000000000000E+04   7.3043800241170777E+02   2.7215114423566352E+05   7.3240373186091449E+02   3.8852621018821942E+00   6.8287509605549742E+05
   1.0500000000000000E+04   7.3010225172145238E+02   2.7444340779021598E+05   7.3204972481531604E+02   3.8842965372788854E+00   6.8840115724503598E+05
   1.0600000000000000E+04   7.2603012513633939E+02   2.7673923952245992E+05   7.2793988787471142E+02   3.8833114142775309E+00   6.9390827268403000E+05
   1.0700000000000000E+04   7.2235753571446378E+02   2.7903865996200452E+05   7.2423238244408230E+02   3.8823069297396389E+00   6.9939616237073124E+05
   1.0800000000000000E+04   7.2259774854816578E+02   2.8134167213621456E+05   7.2445844710312417E+02   3.8812832811344240E+00   7.0486453419021005E+05
   1.0900000000000000E+04   7.2344947880237476E+02   2.8364826208843495E+05   7.2529936656425718E+02   3.8802406662349602E+00   7.1031308617200435E+05
   1.1000000000000000E+04   7.2140348207911268E+02   2.8595839940128662E+05   7.2322801042361709E+02   3.8791792828629394E+00   7.1574150356117007E+05
   1.1100000000000000E+04   7.2190281658357878E+02   2.8827203772416600E+05   7.2371517419822158E+02   3.8780993285848089E+00   7.2114946219211735E+05
   1.1200000000000000E+04   7.1925184698000578E+02   2.9058911530377629E+05   7.2103652101688181E+02   3.8770010004322391E+00   7.2653663091455691E+05
   1.1300000000000000E+04   7.1809520696610525E+02   2.9290955551650887E+05   7.1986001120001890E+02   3.8758844947684126E+00   7.3190266670755798E+05
   1.1400000000000000E+04   7.1823519478474350E+02   2.9523326740232267E+05   7.1998675833367633E+02   3.8747500069841836E+00   7.3724722066286125E+05
   1.1500000000000000E+04   7.1921830727991437E+02   2.9756014619856031E+05   7.2096090718755261E+02   3.8735977313886751E+00   7.4256993355570792E+05
   1.1600000000000000E+04   7.1835877594133331E+02   2.9989007387344248E+05   7.2008366938857557E+02   3.8724278609662086E+00   7.4787044334114948E+05
   1.1700000000000000E+04   7.1783010419848404E+02   3.0222291965793044E+05   7.1953913026917598E+02   3.8712405872790612E+00   7.5314837871088844E+05
   1.1800000000000000E+04   7.1842916988937463E+02   3.0455854057554720E+05   7.2012789383256995E+02   3.8700361003094703E+00   7.5840336275414075E+05
   1.1900000000000000E+04   7.1613616988839340E+02   3.0689678196930810E+05   7.1781116476758768E+02   3.8688145883016141E+00   7.6363501689918467E+05
   1.2000000000000000E+04   7.1607580867128945E+02   3.0923747802486719E+05   7.1773781513204358E+02   3.8675762377251659E+00   7.6884295268980204E+05
   1.2100000000000000E+04   7.1418072847169537E+02   3.1158045228969731E+05   7.1582147936550825E+02   3.8663212330686609E+00   7.7402678382714931E+05
   1.2200000000000000E+04   7.1261920027785061E+02   3.1392551818706497E+05   7.1424054514023464E+02   3.8650497568395035E+00   7.7918611644471972E+05
   1.2300000000000000E+04   7.1083521395395712E+02   3.1627247952471289E+05   7.1243644373110760E+02   3.8637619894667297E+00   7.8432055506974633E+05
   1.2400000000000000E+04   7.1330473847118310E+02   3.1862113099756971E+05   7.1490521385397778E+02   3.8624581091794625E+00   7.8942970319442393E+05
   1.2500000000000000E+04   7.1067833966149817E+02   3.2097125868375943E+05   7.1225537952672721E+02   3.8611382920069208E+00   7.9451316161622107E+05
   1.2600000000000000E+04   7.1048901553712562E+02   3.2332264053372713E+05   7.1205372610002109E+02   3.8598027117054858E+00   7.9957053033834579E+05
   1.2700000000000000E+04   7.0925897442300425E+02   3.2567504685189028E+05   7.1080697827930328E+02   3.8584515397100896E+00   8.0460140905350947E+05
   1.2800000000000000E+04   7.0960643463247538E+02   3.2802824077042635E+05   7.1114481723355652E+02   3.8570849450977445E+00   8.0960539684419904E+05
   1.2900000000000000E+04   7.0683727346174317E+02   3.3038197871482145E+05   7.0835276209995379E+02   3.8557030945632489E+00   8.1458209414960793E+05
   1.3000000000000000E+04   7.0573814011139996E+02   3.3273601086084108E+05   7.0723820309760481E+02   3.8543061524070206E+00   8.1953110088815098E+05
   1.3100000000000000E+04   7.0899974557684607E+02   3.3509008158268832E+05   7.1050306220129835E+02   3.8528942804743256E+00   8.2445202078282135E+05
   1.3200000000000000E+04   7.0901727067061643E+02   3.3744392989186669E+05   7.1051015267146420E+02   3.8514676382039084E+00   8.2934445706622174E+05
   1.3300000000000000E+04   7.0770646307475636E+02   3.3979728986676439E+05   7.0918350177600576E+02   3.8500263825793550E+00   8.3420801436915027E+05
   1.3400000000000000E+04   7.0783726414519231E+02   3.4214989107255114E+05   7.0930466860496551E+02   3.8485706681291161E+00   8.3904230319840601E+05
   1.3500000000000000E+04   7.0684940425704428E+02   3.4450145897124236E+05   7.0830270243681457E+02   3.8471006469386397E+00   8.4384693463091238E+05
   1.3600000000000000E+04   7.0784157994994814E+02   3.4685171532181004E+05   7.0928906967983914E+02   3.8456164686382266E+00   8.4862152476254269E+05
   1.3700000000000000E+04   7.0631925368243049E+02   3.4920037857010204E+05   7.0775080430656760E+02   3.8441182804516538E+00   8.5336569085083378E+05
   1.3800000000000000E+04   7.0389522277310266E+02   3.5154716422861721E+05   7.0530744449263784E+02   3.8426062271596990E+00   8.5807905757307063E+05
   1.3900000000000000E+04   7.0355900115446491E+02   3.5389178524587036E+05   7.0496050672946251E+02   3.8410804511366106E+00   8.6276125138016802E+05
   1.4000000000000000E+04   6.9978525225153794E+02   3.5623395236537454E+05   7.0116261466720960E+02   3.8395410923744153E+00   8.6741190508757776E+05
   1.4100000000000000E+04   7.0160191420754018E+02   3.5857337447421078E+05   7.0297739359362993E+02   3.8379882884707603E+00   8.7203065645577991E+05
   1.4200000000000000E+04   7.0009059930396165E+02   3.6090975894105894E+05   7.0145127029730315E+02   3.8364221746896932E+00   8.7661714845669491E+05
   1.4300000000000000E+04   6.9907385763796833E+02   3.6324281194379705E+05   7.0042184467261598E+02   3.8348428839738058E+00   8.8117102768632933E+05
   1.4400000000000000E+04   6.9794518706200563E+02   3.6557223878661997E+05   6.9928024270360038E+02   3.8332505469685474E+00   8.8569195007778343E+05
   1.4500000000000000E+04   6.9878471412481190E+02   3.6789774420674081E+05   7.0011451113014436E+02   3.8316452920100694E+00   8.9017957568816293E+05
   1.4600000000000000E+04   7.0020181334587960E+02   3.7021903267063055E+05   7.0152862686246112E+02   3.8300272452103070E+00   8.9463357165824459E+05
   1.4700000000000000E+04   6.9847885404495128E+02   3.7253580865997187E+05   6.9979091356786842E+02   3.8283965304812879E+00   8.9905360957989725E+05
   1.4800000000000000E+04   6.9632832121625370E+02   3.7484777694736468E+05   6.9762424866143192E+02   3.8267532695229716E+00   9.0343937236805668E+05
   1.4900000000000000E+04   6.9343188497440622E+02   3.7715464286181843E+05   6.9470916870265921E+02   3.8250975818840289E+00   9.0779054488319415E+05
   1.5000000000000000E+04   6.9550637524281410E+02   3.7945611254418961E+05   6.9678351206782918E+02   3.8234295849861413E+00   9.1210682275003905E+05
   1.5100000000000000E+04   6.9374066732096162E+02   3.8175189319264702E+05   6.9500366644669987E+02   3.8217493941847827E+00   9.1638790770406136E+05
   1.5200000000000000E+04   6.9510235261754337E+02   3.8404169329831697E+05   6.9636274541097475E+02   3.8200571227570554E+00   9.2063350767398940E+05
   1.5300000000000000E+04   6.9351231985206994E+02   3.8632522287119628E+05   6.9475951847351871E+02   3.8183528819503150E+00   9.2484334093794739E+05
   1.5400000000000000E+04   6.9209472229761320E+02   3.8860219365650014E+05   6.9332953187320368E+02   3.8166367810429342E+00   9.2901713123197493E+05
   1.5500000000000000E+04   6.9075436593363077E+02   3.9087231934159709E+05   6.9197723660945610E+02   3.8149089273686179E+00   9.3315461087210290E+05
   1.5600000000000000E+04   6.9065861246555858E+02   3.9313531575366878E+05   6.9187409421640643E+02   3.8131694263042384E+00   9.3725551984260278E+05
   1.5700000000000000E+04   6.8719715375268822E+02   3.9539090104826720E+05   6.8839359534537209E+02   3.8114183813670830E+00   9.4131960906248086E+05
   1.5800000000000000E+04   6.9047972612536000E+02   3.9763879588894133E+05   6.9168079496172356E+02   3.8096558942391514E+00   9.4534663202804548E+05
   1.5900000000000000E+04   6.9112637821071507E+02   3.9987872361808538E+05   6.9232294762810511E+02   3.8078820647671643E+00   9.4933635544265399E+05
   1.6000000000000000E+04   6.9092915918218171E+02   4.0211041041921143E+05   6.9211839668881623E+02   3.8060969910233249E+00   9.5328855187216774E+05
   1.6100000000000000E+04   6.8945332471833058E+02   4.0433358547082241E+05   6.9063096078215199E+02   3.8043007693539428E+00   9.5720300188873708E+05
   1.6200000000000000E+04   6.8900636511586060E+02   4.0654798109202954E+05   6.9017605656222963E+02   3.8024934943672761E+00   9.6107949744414829E+05
   1.6300000000000000E+04   6.8663989596048100E+02   4.0875333288019407E+05   6.8779528147669816E+02   3.8006752590307720E+00   9.6491783530243766E+05
   1.6400000000000000E+04   6.8495183262375690E+02   4.1094937984065380E+05   6.8609538536922059E+02   3.7988461546467440E+00   9.6871782257201674E+05
   1.6500000000000000E+04   6.8347365503072149E+02   4.1313586450885603E+05   6.8460623723288552E+02   3.7970062709253134E+00   9.7247927338057826E+05
   1.6600000000000000E+04   6.8197044974768653E+02   4.1531253306498699E+05   6.8309213188176659E+02   3.7951556959965531E+00   9.7620201344617468E+05
   1.6700000000000000E+04   6.7974991142417002E+02   4.1747913544136268E+05   6.8085850217099585E+02   3.7932945164591070E+00   9.7988587439286360E+05
   1.6800000000000000E+04   6.7898797766940640E+02   4.1963542542273953E+05   6.8008838962782158E+02   3.7914228174166533E+00   9.8353069598482689E+05
   1.6900000000000000E+04   6.7855231181693489E+02   4.2178116073969699E+05   6.7964571098059969E+02   3.7895406824779054E+00   9.8713632729124255E+05
   1.7000000000000000E+04   6.7826665245673667E+02   4.2391610315541964E+05   6.7935361967033941E+02   3.7876481938295341E+00   9.9070262671012804E+05
   1.7100000000000000E+04   6.7673700628549329E+02   4.2604001854591642E+05   6.7781366944743479E+02   3.7857454322483228E+00   9.9422946077887970E+05
   1.7200000000000000E+04   6.7911914574692366E+02   4.2815267697394546E+05   6.8019804947248554E+02   3.7838324771254794E+00   9.9771670169213403E+05
   1.7300000000000000E+04   6.7732263632440765E+02   4.3025385275684448E+05   6.7839058562217008E+02   3.7819094065030940E+00   1.0011642345310943E+06
   1.7400000000000000E+04   6.7525074724900082E+02   4.3234332452849153E+05   6.7630703007220404E+02   3.7799762971349136E+00   1.0045719487402142E+06
   1.7500000000000000E+04   6.7262784001896580E+02   4.3442087529537914E+05   6.7367090639173568E+02   3.7780332244620300E+00   1.0079397441645673E+06
   1.7600000000000000E+04   6.7587702491700020E+02   4.3648629248728731E+05   6.7692520948671961E+02   3.7760802626736547E+00   1.0112675285726691E+06
   1.7700000000000000E+04   6.7413335822942383E+02   4.3853936800255667E+05   6.7517124785554779E+02   3.7741174847435763E+00   1.0145552175895125E+06
   1.7800000000000000E+04   6.7218519712602676E+02   4.4057989824815776E+05   6.7321230559862352E+02   3.7721449624544765E+00   1.0178027346256168E+06
   1.7900000000000000E+04   6.7147454773540903E+02   4.4260768417466467E+05   6.7249478110491975E+02   3.7701627663857717E+00   1.0210100120950186E+06
   1.8000000000000000E+04   6.6930672772762796E+02   4.4462253130662162E+05   6.7031577884152944E+02   3.7681709659986877E+00   1.0241769887826185E+06
   1.8100000000000000E+04   6.6902464242573399E+02   4.4662424976807076E+05   6.7002831711537749E+02   3.7661696296362668E+00   1.0273036136525216E+06
   1.8200000000000000E+04   6.6466413474072158E+02   4.4861265430367843E+05   6.6565036176195235E+02   3.7641588245598299E+00   1.0303898405663640E+06
   1.8300000000000000E+04   6.6517122346210533E+02   4.5058756429541251E+05   6.6615462140658440E+02   3.7621386169368178E+00   1.0334356334317619E+06
   1.8400000000000000E+04   6.6493977499577898E+02   4.5254880377533892E+05   6.6591822308741314E+02   3.7601090719258741E+00   1.0364409621772206E+06
   1.8500000000000000E+04   6.6353222446209384E+02   4.5449620143416466E+05   6.6450235077245031E+02   3.7580702536646879E+00   1.0394058053188630E+06
   1.8600000000000000E+04   6.6320151920541309E+02   4.5642959062604420E+05   6.6416656679467985E+02   3.7560222252943074E+00   1.0423301485471402E+06
   1.8700000000000000E+04   6.6380155973270132E+02   4.5834880936971097E+05   6.6476430158175594E+02   3.7539650489834444E+00   1.0452139860064810E+06
   1.8800000000000000E+04   6.6110680117566653E+02   4.6025370034617308E+05   6.6205777864723439E+02   3.7518987859770889E+00   1.0480573174671908E+06
   1.8900000000000000E+04   6.6004424716808046E+02   4.6214411089287465E+05   6.6098828497936665E+02   3.7498234965965143E+00   1.0508601481642525E+06
   1.9000000000000000E+04   6.5874141064069568E+02   4.6401989299465745E+05   6.5967791609569429E+02   3.7477392402514331E+00   1.0536224957004625E+06
   1.9100000000000000E+04   6.5723306987810963E+02   4.6588090327177016E+05   6.5816155941079819E+02   3.7456460754886010E+00   1.0563443787686133E+06
   1.9200000000000000E+04   6.5675264109052910E+02   4.6772700296480174E+05   6.5767610823766688E+02   3.7435440600039875E+00   1.0590258254294805E+06
   1.9300000000000000E+04   6.5300004026844613E+02   4.6955805791669234E+05   6.5390941210273957E+02   3.7414332506306138E+00   1.0616668731083455E+06
   1.9400000000000000E+04   6.5239902946182542E+02   4.7137393855240039E+05   6.5330322537789527E+02   3.7393137034114723E+00   1.0642675627696025E+06
   1.9500000000000000E+04   6.5108105287725482E+02   4.7317451985573658E+05   6.5197816506811193E+02   3.7371854735995380E+00   1.0668279416257741E+06
   1.9600000000000000E+04   6.5140346634014725E+02   4.7495968134380289E+05   6.5229808803610172E+02   3.7350486156699185E+00   1.0693480630236736E+06
   1.9700000000000000E+04   6.4834577276236860E+02   4.7672930703906465E+05   6.4922871552895344E+02   3.7329031833198472E+00   1.0718279878182355E+06
   1.9800000000000000E+04   6.5011792740361818E+02   4.7848328543944837E+05   6.5100244808629122E+02   3.7307492295173117E+00   1.0742677858096545E+06
   1.9900000000000000E+04   6.4889289872073823E+02   4.8022150948638993E+05   6.4977089295862061E+02   3.7285868065496599E+00   1.0766675266730271E+06
   2.0000000000000000E+04   6.5185095704598120E+02   4.8194387653025985E+05   6.5273380913499238E+02   3.7264159659385272E+00   1.0790272902717094E+06
   2.0100000000000000E+04   6.4886555212498968E+02   4.8365028829493083E+05   6.4973724004330586E+02   3.7242367585613789E+00   1.0813471621074127E+06
   2.0200000000000000E+04   6.4508081094247461E+02   4.8534065083982836E+05   6.4593934829741966E+02   3.7220492346150427E+00   1.0836272301145503E+06
   2.0300000000000000E+04   6.4281163245620792E+02   4.8701487452062487E+05   6.4366120180105747E+02   3.7198534436400186E+00   1.0858675937610136E+06
   2.0400000000000000E+04   6.4429545771991548E+02   4.8867287394838640E+05   6.4514605675270639E+02   3.7176494345447932E+00   1.0880683516215929E+06
   2.0500000000000000E+04   6.4371057622075205E+02   4.9031456794719986E+05   6.4455678403504419E+02   3.7154372556179842E+00   1.0902296089256373E+06
   2.0600000000000000E+04   6.4068666665916851E+02   4.9193987951029232E+05   6.4152216447966964E+02   3.7132169545161924E+00   1.0923514838452528E+06
   2.0700000000000000E+04   6.3871170286756967E+02   4.9354873575536365E+05   6.3953934405860491E+02   3.7109885783369272E+00   1.0944340884645111E+06
   2.0800000000000000E+04   6.4145831462852902E+02   4.9514106787818013E+05   6.4229040582020718E+02   3.7087521735942954E+00   1.0964775443764839E+06
   2.0900000000000000E+04   6.3599699126956943E+02   4.9671681110510987E+05   6.3681236683217105E+02   3.7065077862068470E+00   1.0984819811102352E+06
   2.1000000000000000E+04   6.3541120702928367E+02   4.9827590464523557E+05   6.3622253047932873E+02   3.7042554615826613E+00   1.1004475295953678E+06
   2.1100000000000000E+04   6.3234794663617254E+02   4.9981829164062417E+05   6.3314897865773946E+02   3.7019952445585620E+00   1.1023743268660633E+06
   2.1200000000000000E+04   6.3191523439572290E+02   5.0134391911647760E+05   6.3271273247918293E+02   3.6997271794609010E+00   1.1042625110344570E+06
   2.1300000000000000E+04   6.2791929944343667E+02   5.0285273793002730E+05   6.2870437145100618E+02   3.6974513100934026E+00   1.1061122327270298E+06
   2.1400000000000000E+04   6.2920737851482329E+02   5.0434470271901722E+05   6.2999334187874547E+02   3.6951676797736193E+00   1.1079236368006887E+06
   2.1500000000000000E+04   6.2704345088348350E+02   5.0581977184920129E+05   6.2782173502574028E+02   3.6928763313207811E+00   1.1096968804645145E+06
   2.1600000000000000E+04   6.2541791062854224E+02   5.0727790736140020E+05   6.2618993399974681E+02   3.6905773070679531E+00   1.1114321181502771E+06
   2.1700000000000000E+04   6.2462423997256974E+02   5.0871907491811441E+05   6.2539211972532155E+02   3.6882706488863373E+00   1.1131295148637663E+06
   2.1800000000000000E+04   6.2615234907242780E+02   5.1014324374958221E+05   6.2692183604522245E+02   3.6859563981974359E+00   1.1147892359631550E+06
   2.1900000000000000E+04   6.2130952804401579E+02   5.1155038659923692E+05   6.2206506447159802E+02   3.6836345959608860E+00   1.1164114504062685E+06
   2.2000000000000000E+04   6.2019359128978215E+02   5.1294047966925701E+05   6.2094437180956504E+02   3.6813052827230877E+00   1.1179963306381349E+06
   2.2100000000000000E+04   6.1787325849643980E+02   5.1431350256507285E+05   6.1861643663887480E+02   3.6789684985685760E+00   1.1195440559946378E+06
   2.2200000000000000E+04   6.1629147275603020E+02   5.1566943824063888E+05   6.1702890185781359E+02   3.6766242832051073E+00   1.1210548038761383E+06
   2.2300000000000000E+04   6.1550746798174850E+02   5.1700827294237370E+05   6.1624111389716575E+02   3.6742726759028885E+00   1.1225287583580082E+06
   2.2400000000000000E+04   6.1445845068874564E+02   5.1832999615378724E+05   6.1518772991667436E+02   3.6719137155431936E+00   1.1239661084112399E+06
   2.2500000000000000E+04   6.1253462438535712E+02   5.1963460053961462E+05   6.1325751978944606E+02   3.6695474406183584E+00   1.1253670424552469E+06
   2.2600000000000000E+04   6.0970819308085129E+02   5.2092208188997395E+05   6.1042265635234457E+02   3.6671738892439434E+00   1.1267317517627110E+06
   2.2700000000000000E+04   6.0981463360531006E+02   5.2219243906439177E+05   6.1052760575955892E+02   3.6647930991587239E+00   1.1280604358279663E+06
   2.2800000000000000E+04   6.0737320121432015E+02   5.2344567393582774E+05   6.0807877730741620E+02   3.6624051077246964E+00   1.1293532895977513E+06
   2.2900000000000000E+04   6.0513121268126793E+02   5.2468179133517307E+05   6.0582993447604406E+02   3.6600099519756975E+00   1.1306105142175271E+06
   2.3000000000000000E+04   6.0428577348204396E+02   5.2590079899487237E+05   6.0498092619454417E+02   3.6576076685566274E+00   1.1318323189021705E+06
   2.3100000000000000E+04   6.0192073081930187E+02   5.2710270749383490E+05   6.0260887521585164E+02   3.6551982937963770E+00   1.1330189042018009E+06
   2.3200000000000000E+04   6.0338118395117726E+02   5.2828753020163823E+05   6.0407112101641610E+02   3.6527818636835176E+00   1.1341704822339783E+06
   2.3300000000000000E+04   5.9907985760194447E+02   5.2945528322323342E+05   5.9975848569309733E+02   3.6503584138784633E+00   1.1352872655315844E+06
   2.3400000000000000E+04   5.9772207991988648E+02   5.3060598534386035E+05   5.9839616692868810E+02   3.6479279797256110E+00   1.1363694630933499E+06
   2.3500000000000000E+04   5.9620779971150125E+02   5.3173965797397157E+05   5.9687704215498843E+02   3.6454905962411996E+00   1.1374172935073609E+06
   2.3600000000000000E+04   5.9365085808875892E+02   5.3285632509475935E+05   5.9431297729863013E+02   3.6430462981376137E+00   1.1384309754709518E+06
   2.3700000000000000E+04   5.9061868097226068E+02   5.3395601320386643E+05   5.9127269870549867E+02   3.6405951198355360E+00   1.1394107237762203E+06
   2.3800000000000000E+04   5.9108548658979146E+02   5.3503875126104883E+05   5.9173921206158445E+02   3.6381370954396361E+00   1.1403567665663629E+06
   2.3900000000000000E+04   5.8997534452836987E+02   5.3610457063488767E+05   5.9062531916998103E+02   3.6356722587871979E+00   1.1412693221034254E+06
   2.4000000000000000E+04   5.8997908462121541E+02   5.3715350504902168E+05   5.9062779684902637E+02   3.6332006434116475E+00   1.1421486180280750E+06
   2.4100000000000000E+04   5.8783333218225744E+02   5.3818559052935196E+05   5.8847609532960769E+02   3.6307222825668637E+00   1.1429948835848621E+06
   2.4200000000000000E+04   5.8387952051970069E+02   5.3920086535165727E+05   5.8451246619993435E+02   3.6282372092514881E+00   1.1438083395861145E+06
   2.4300000000000000E+04   5.8463946501322971E+02   5.4019936998912389E+05   5.8527288601661667E+02   3.6257454561846143E+00   1.1445892220759487E+06
   2.4400000000000000E+04   5.8130552275586581E+02   5.4118114706067240E+05   5.8193059898567958E+02   3.6232470558179450E+00   1.1453377584837938E+06
   2.4500000000000000E+04   5.8156031879156342E+02   5.4214624127960706E+05   5.8218482850625321E+02   3.6207420403357924E+00   1.1460541854872762E+06
   2.4600000000000000E+04   5.8197770672638330E+02   5.4309469940312044E+05   5.8260202029098957E+02   3.6182304416915372E+00   1.1467387328762840E+06
   2.4700000000000000E+04   5.7893181857214108E+02   5.4402657018149074E+05   5.7954855149523348E+02   3.6157122915711630E+00   1.1473916355338555E+06
   2.4800000000000000E+04   5.7607578696856194E+02   5.4494190430841607E+05   5.7668541985685852E+02   3.6131876214175804E+00   1.1480131334755144E+06
   2.4900000000000000E+04   5.7465637817586185E+02   5.4584075437172572E+05   5.7526200899390358E+02   3.6106564624427588E+00   1.1486034574045183E+06
   2.5000000000000000E+04   5.7379872501013460E+02   5.4672317480419273E+05   5.7440157285953967E+02   3.6081188456034368E+00   1.1491628533274936E+06
   2.5100000000000000E+04   5.7117784737193813E+02   5.4758922183568776E+05   5.7177425207359988E+02   3.6055748016497309E+00   1.1496915514998527E+06
   2.5200000000000000E+04   5.6898471638114029E+02   5.4843895344490581E+05   5.6957562960134590E+02   3.6030243610886719E+00   1.1501897953530403E+06
   2.5300000000000000E+04   5.6710869204205142E+02   5.4927242931217316E+05   5.6769482134771624E+02   3.6004675541963591E+00   1.1506578269643334E+06
   2.5400000000000000E+04   5.6790487250813510E+02   5.5008971077281225E+05   5.6849177541308916E+02   3.5979044110301199E+00   1.1510958848093688E+06
   2.5500000000000000E+04   5.6460152172978678E+02   5.5089086077106185E+05   5.6518076880910007E+02   3.5953349614406580E+00   1.1515042099966512E+06
   2.5600000000000000E+04   5.6253635804940109E+02   5.5167594381427427E+05   5.6311055412201722E+02   3.5927592350599067E+00   1.1518830462613592E+06
   2.5700000000000000E+04   5.6056412816495833E+02   5.5244502592767007E+05   5.6113350846742367E+02   3.5901772612888587E+00   1.1522326399594066E+06
   2.5800000000000000E+04   5.5767317411968816E+02   5.5319817461069464E+05   5.5823592579699789E+02   3.5875890693705141E+00   1.1525532248727062E+06
   2.5900000000000000E+04   5.5570941048540863E+02   5.5393545879189821E+05   5.5626745936458656E+02   3.5849946882926287E+00   1.1528450523530943E+06
   2.6000000000000000E+04   5.5612148254744011E+02   5.5465694878660084E+05   5.5667963205401190E+02   3.5823941468727969E+00   1.1531083632107228E+06
   2.6100000000000000E+04   5.5397112711076693E+02   5.5536271625351801E+05   5.5452426188444906E+02   3.5797874737098470E+00   1.1533434028018171E+06
   2.6200000000000000E+04   5.5268584667400876E+02   5.5605283415332250E+05   5.5323573247700074E+02   3.5771746972445913E+00   1.1535504100143767E+06
   2.6300000000000000E+04   5.5262219928751665E+02   5.5672737670597585E+05   5.5317129162346112E+02   3.5745558456747717E+00   1.1537296370777648E+06
   2.6400000000000000E+04   5.5203540127710676E+02   5.5738641935078264E+05   5.5258267905492949E+02   3.5719309470401091E+00   1.1538813252403489E+06
   2.6500000000000000E+04   5.4918494986247492E+02   5.5803003870582872E+05   5.4972596236025561E+02   3.5693000292101789E+00   1.1540057156768057E+06
   2.6600000000000000E+04   5.4625707324953521E+02   5.5865831252737495E+05   5.4679172715489187E+02   3.5666631198236201E+00   1.1541030584779070E+06
   2.6700000000000000E+04   5.4373234620884364E+02   5.5927131967187801E+05   5.4426148575917239E+02   3.5640202463853785E+00   1.1541735923891889E+06
   2.6800000000000000E+04   5.4296102743806262E+02   5.5986914005625783E+05   5.4348810213681622E+02   3.5613714361816244E+00   1.1542175673015374E+06
   2.6900000000000000E+04   5.3982815618412462E+02   5.6045185462096869E+05   5.4034862087220984E+02   3.5587167163648297E+00   1.1542352238474942E+06
   2.7000000000000000E+04   5.4019461024424402E+02   5.6101954529143823E+05   5.4071525425473669E+02   3.5560561138686921E+00   1.1542268092613129E+06
   2.7100000000000000E+04   5.3816215588867294E+02   5.6157229494234023E+05   5.3867837850171134E+02   3.5533896554932141E+00   1.1541925612952425E+06
   2.7200000000000000E+04   5.3603445429158660E+02   5.6211018736069649E+05   5.3654611056120052E+02   3.5507173678560857E+00   1.1541327288905643E+06
   2.7300000000000000E+04   5.3515305899339614E+02   5.6263330721020210E+05   5.3566255861447644E+02   3.5480392773926788E+00   1.1540475537148654E+06
   2.7400000000000000E+04   5.3205004942295523E+02   5.6314173999664246E+05   5.3255319975994564E+02   3.5453554103925216E+00   1.1539372769980996E+06
   2.7500000000000000E+04   5.2826026612055307E+02   5.6363557203307422E+05   5.2875583579782494E+02   3.5426657929749799E+00   1.1538021442137253E+06
   2.7600000000000000E+04   5.2943756490519945E+02   5.6411489040625340E+05   5.2993492361756432E+02   3.5399704511135686E+00   1.1536423932977021E+06
   2.7700000000000000E+04   5.2787464340144368E+02   5.6457978294263629E+05   5.2836866112400821E+02   3.5372694105873390E+00   1.1534582687316386E+06
   2.7800000000000000E+04   5.2569848669492956E+02   5.6503033817664511E+05   5.2618804670822749E+02   3.5345626970537971E+00   1.1532500097127513E+06
   2.7900000000000000E+04   5.2331155639804911E+02   5.6546664531782398E+05   5.2379630410404718E+02   3.5318503360002902E+00   1.1530178596181716E+06
   2.8000000000000000E+04   5.2226308061061752E+02   5.6588879421958106E+05   5.2274552644061635E+02   3.5291323527683205E+00   1.1527620515946883E+06
   2.8100000000000000E+04   5.2174084616391372E+02   5.6629687534781278E+05   5.2222197991114990E+02   3.5264087725292228E+00   1.1524828325619877E+06
   2.8200000000000000E+04   5.1987461550086562E+02   5.6669097975095804E+05   5.2035197934616031E+02   3.5236796203206420E+00   1.1521804367046086E+06
   2.8300000000000000E+04   5.1803602236940526E+02   5.6707119903010014E+05   5.1850969604734871E+02   3.5209449210465249E+00   1.1518551022998842E+06
   2.8400000000000000E+04   5.1612504999010400E+02   5.6743762530891807E+05   5.1659492997720213E+02   3.5182046994285048E+00   1.1515070644202742E+06
   2.8500000000000000E+04   5.1511619433771818E+02   5.6779035120576678E+05   5.1558394733889338E+02   3.5154589800666765E+00   1.1511365647277359E+06
   2.8600000000000000E+04   5.1189904945923496E+02   5.6812946980508196E+05   5.1236069943333359E+02   3.5127077874152794E+00   1.1507438342451330E+06
   2.8700000000000000E+04   5.1007835895625436E+02   5.6845507462967583E+05   5.1053646657932342E+02   3.5099511457827051E+00   1.1503291105478846E+06
   2.8800000000000000E+04   5.0924041744547412E+02   5.6876725961357041E+05   5.0969676965520955E+02   3.5071890793314973E+00   1.1498926253895422E+06
   2.8900000000000000E+04   5.0696912835325918E+02   5.6906611907590856E+05   5.0742117929136646E+02   3.5044216121148053E+00   1.1494346095931842E+06
   2.9000000000000000E+04   5.0457436958452422E+02   5.6935174769376824E+05   5.0502193319454244E+02   3.5016487680034705E+00   1.1489553005984325E+06
   2.9100000000000000E+04   5.0390211181563450E+02   5.6962424047766626E+05   5.0434826936997774E+02   3.4988705707589478E+00   1.1484549273882057E+06
   2.9200000000000000E+04   5.0284153823802740E+02   5.6988369274613843E+05   5.0328561641881134E+02   3.4960870440089935E+00   1.1479337179396662E+06
   2.9300000000000000E+04   5.0162698018936970E+02   5.7013020010119316E+05   5.0206872352727015E+02   3.4932982112476658E+00   1.1473919043165622E+06
   2.9400000000000000E+04   4.9947278087169798E+02   5.7036385840408399E+05   4.9991055706042897E+02   3.4905040958231748E+00   1.1468297124815267E+06
   2.9500000000000000E+04   4.9724090403540265E+02   5.7058476375214139E+05   4.9767460676829302E+02   3.4877047209621890E+00   1.1462473724830716E+06
   2.9600000000000000E+04   4.9587807898288366E+02   5.7079301245554711E+05   4.9630924907719702E+02   3.4849001097576808E+00   1.1456451107720858E+06
   2.9700000000000000E+04   4.9315414578435792E+02   5.7098870101515704E+05   4.9358044361058791E+02   3.4820902851932347E+00   1.1450231501304426E+06
   2.9800000000000000E+04   4.9233340363613723E+02   5.7117192609950074E+05   4.9275814666784595E+02   3.4792752700822747E+00   1.1443817174279708E+06
   2.9900000000000000E+04   4.8958946600517385E+02   5.7134278452469781E+05   4.9000936002923834E+02   3.4764550871653004E+00   1.1437210306040102E+06
   3.0000000000000000E+04   4.8955850130727697E+02   5.7150137323203112E+05   4.8997822559321884E+02   3.4736297590248104E+00   1.1430413169156946E+06
   3.0100000000000000E+04   4.8788676811829578E+02   5.7164778926767665E+05   4.8830352268643549E+02   3.4707993081096018E+00   1.1423427946329245E+06
   3.0200000000000000E+04   4.8462700240445452E+02   5.7178212976328586E+05   4.8503810752976045E+02   3.4679637567833965E+00   1.1416256834758180E+06
   3.0300000000000000E+04   4.8376849020650707E+02   5.7190449191511865E+05   4.8417805174763214E+02   3.4651231272519070E+00   1.1408902046526058E+06
   3.0400000000000000E+04   4.8145304148362823E+02   5.7201497296553117E+05   4.8185861180115683E+02   3.4622774416114654E+00   1.1401365755481108E+06
   3.0500000000000000E+04   4.7905292781812977E+02   5.7211367018434557E+05   4.7945439354592719E+02   3.4594267218611621E+00   1.1393650042805874E+06
   3.0600000000000000E+04   4.8035476471292139E+02   5.7220068084949208E+05   4.8075835487659913E+02   3.4565709898420880E+00   1.1385757165002865E+06
   3.0700000000000000E+04   4.7800524275933384E+02   5.7227610223021300E+05   4.7840484012299981E+02   3.4537102673102549E+00   1.1377689205463498E+06
   3.0800000000000000E+04   4.7703996746477065E+02   5.7234003156856226E+05   4.7743790741525009E+02   3.4508445758758208E+00   1.1369448315824899E+06
   3.0900000000000000E+04   4.7378772769577023E+02   5.7239256606346800E+05   4.7418022190896659E+02   3.4479739370760210E+00   1.1361036553680715E+06
   3.1000000000000000E+04   4.7361730760096634E+02   5.7243380285227462E+05   4.7400949111256091E+02   3.4450983722657780E+00   1.1352456100057138E+06
   3.1100000000000000E+04   4.7143651098619705E+02   5.7246383899681573E+05   4.7182506926586115E+02   3.4422179027635513E+00   1.1343708959410260E+06
   3.1200000000000000E+04   4.6879816769779399E+02   5.7248277146536892E+05   4.6918237460933113E+02   3.4393325497176406E+00   1.1334797287672954E+06
   3.1300000000000000E+04   4.6667401205647843E+02   5.7249069711835170E+05   4.6705473843287473E+02   3.4364423341791128E+00   1.1325723090430200E+06
   3.1400000000000000E+04   4.6502427096271884E+02   5.7248771269323328E+05   4.6540231116455220E+02   3.4335472771018023E+00   1.1316488442776189E+06
   3.1500000000000000E+04   4.6369818192637052E+02   5.7247391478943103E+05   4.6407407731718547E+02   3.4306473993180004E+00   1.1307095379088977E+06
   3.1600000000000000E+04   4.6224734676164400E+02   5.7244939985398075E+05   4.6262090866535380E+02   3.4277427215384524E+00   1.1297545948499767E+06
   3.1700000000000000E+04   4.6099628438302369E+02   5.7241426416818460E+05   4.6136784896032077E+02   3.4248332643888362E+00   1.1287842102751459E+06
   3.1800000000000000E+04   4.6015910157476662E+02   5.7236860383342730E+05   4.6052934684866068E+02   3.4219190483732751E+00   1.1277985835801701E+06
   3.1900000000000000E+04   4.5785019904903305E+02   5.7231251475794998E+05   4.5821677261704082E+02   3.4190000938743559E+00   1.1267979241479132E+06
   3.2000000000000000E+04   4.5626234756481671E+02   5.7224609264479275E+05   4.5662642422161406E+02   3.4160764212017387E+00   1.1257824174088661E+06
   3.2100000000000000E+04   4.5393463309808959E+02   5.7216943297827244E+05   4.5429505126363222E+02   3.4131480505313903E+00   1.1247522615394678E+06
   3.2200000000000000E+04   4.5089506854211385E+02   5.7208263101241621E+05   4.5125072822657819E+02   3.4102150019420425E+00   1.1237076533884665E+06
   3.2300000000000000E+04   4.5131943151700642E+02   5.7198578175893158E+05   4.5167582162589912E+02   3.4072772954030368E+00   1.1226487884710599E+06
   3.2400000000000000E+04   4.4882921541256798E+02   5.7187897997611831E+05   4.4918174785129156E+02   3.4043349507986385E+00   1.1215758523036046E+06
   3.2500000000000000E+04   4.4769397499873202E+02   5.7176232015688380E+05   4.4804479727084794E+02   3.4013879878794144E+00   1.1204890405234064E+06
   3.2600000000000000E+04   4.4579695411491622E+02   5.7163589651892288E+05   4.4614488543314030E+02   3.3984364263230091E+00   1.1193885387397695E+06
   3.2700000000000000E+04   4.4441837190507005E+02   5.7149980299337138E+05   4.4476423623733217E+02   3.3954802856855220E+00   1.1182745340463566E+06
   3.2800000000000000E+04   4.4276784992768012E+02   5.7135413321541459E+05   4.4311123662625130E+02   3.3925195854501302E+00   1.1171472121413036E+06
   3.2900000000000000E+04   4.4225170627867766E+02   5.7119898051293427E+05   4.4259438567575688E+02   3.3895543449420056E+00   1.1160067661419502E+06
   3.3000000000000000E+04   4.4437064919547788E+02   5.7103443789896881E+05   4.4471672124474810E+02   3.3865845834498534E+00   1.1148533701929857E+06
   3.3100000000000000E+04   4.3884543895294496E+02   5.7086059806095751E+05   4.3918305812403116E+02   3.3836103201408427E+00   1.1136872057921845E+06
   3.3200000000000000E+04   4.3747730472786839E+02   5.7067755335150845E+05   4.3781292896788807E+02   3.3806315740484436E+00   1.1125084649101363E+06
   3.3300000000000000E+04   4.3388134236138740E+02   5.7048539578132937E+05   4.3421158097049732E+02   3.3776483641696649E+00   1.1113173144374569E+06
   3.3400000000000000E+04   4.3470773029097688E+02   5.7028421700911107E+05   4.3503934558185233E+02   3.3746607093678156E+00   1.1101139346447820E+06
   3.3500000000000000E+04   4.3223623588573656E+02   5.7007410833397217E+05   4.3256421065859615E+02   3.3716686284089770E+00   1.1088985074343181E+06
   3.3600000000000000E+04   4.2998732981900656E+02   5.6985516068776092E+05   4.3031202411152373E+02   3.3686721399741471E+00   1.1076712073617561E+06
   3.3700000000000000E+04   4.2844912143019297E+02   5.6962746462699503E+05   4.2877162488619643E+02   3.3656712626349368E+00   1.1064322045543389E+06
   3.3800000000000000E+04   4.2769566660481206E+02   5.6939111032631889E+05   4.2801716984828852E+02   3.3626660149021843E+00   1.1051816707188892E+06
   3.3900000000000000E+04   4.2694205020706579E+02   5.6914618756990647E+05   4.2726255899179745E+02   3.3596564151408814E+00   1.1039197791967427E+06
   3.4000000000000000E+04   4.2560041162669802E+02   5.6889278574626858E+05   4.2591905044183062E+02   3.3566424816674010E+00   1.1026467019621695E+06
   3.4100000000000000E+04   4.2322855859641055E+02   5.6863099384057196E+05   4.2354379964687860E+02   3.3536242326887282E+00   1.1013626004393611E+06
   3.4200000000000000E+04   4.2072199583154651E+02   5.6836090042824717E+05   4.2103366069432309E+02   3.3506016863024577E+00   1.1000676499235982E+06
   3.4300000000000000E+04   4.1920448908470217E+02   5.6808259366989776E+05   4.1951406057903853E+02   3.3475748605575744E+00   1.0987620059380103E+06
   3.4400000000000000E+04   4.1784566899563458E+02   5.6779616130368435E+05   4.1815339137114182E+02   3.3445437733572048E+00   1.0974458410331008E+06
   3.4500000000000000E+04   4.1632342387125084E+02   5.6750169064111600E+05   4.1662906602547253E+02   3.3415084425437125E+00   1.0961193202749747E+06
   3.4600000000000000E+04   4.1604000546741798E+02   5.6719926856137090E+05   4.1634539433114696E+02   3.3384688858865279E+00   1.0947825949272674E+06
   3.4700000000000000E+04   4.1360237256695154E+02   5.6688898150519480E+05   4.1390435731138115E+02   3.3354251210335439E+00   1.0934358303458861E+06
   3.4800000000000000E+04   4.1241365042676603E+02   5.6657091547071328E+05   4.1271406986498249E+02   3.3323771655597274E+00   1.0920791843097988E+06
   3.4900000000000000E+04   4.0986497723213137E+02   5.6624515600796789E+05   4.1016186451050436E+02   3.3293250369306606E+00   1.0907128194897352E+06
   3.5000000000000000E+04   4.1009118831304841E+02   5.6591178821535967E+05   4.1038857872516587E+02   3.3262687525633030E+00   1.0893368814948760E+06
   3.5100000000000000E+04   4.0791897207837263E+02   5.6557089673394978E+05   4.0821339668566105E+02   3.3232083297530748E+00   1.0879515302369127E+06
   3.5200000000000000E+04   4.0587992543779023E+02   5.6522256574387546E+05   4.0617159266011151E+02   3.3201437857103198E+00   1.0865569243246499E+06
   3.5300000000000000E+04   4.0461387699087936E+02   5.6486687896075018E+05   4.0490390946883309E+02   3.3170751375846037E+00   1.0851532051678428E+06
   3.5400000000000000E+04   4.0503033531869954E+02   5.6450391963096510E+05   4.0532115236450727E+02   3.3140024024161145E+00   1.0837405286365463E+06
   3.5500000000000000E+04   4.0326205433866807E+02   5.6413377052867669E+05   4.0355052601445078E+02   3.3109255971721048E+00   1.0823190429109454E+06
   3.5600000000000000E+04   4.0060771034979979E+02   5.6375651395168819E+05   4.0089258627958714E+02   3.3078447387104464E+00   1.0808888980159401E+06
   3.5700000000000000E+04   3.9806808563438386E+02   5.6337223171922553E+05   3.9834955183840623E+02   3.3047598438403902E+00   1.0794502362171921E+06
   3.5800000000000000E+04   3.9673805374719882E+02   5.6298100516773982E+05   3.9701783598159830E+02   3.3016709292618036E+00   1.0780032080723653E+06
   3.5900000000000000E+04   3.9589686280900463E+02   5.6258291514838138E+05   3.9617565673501878E+02   3.2985780115894703E+00   1.0765479563894107E+06
   3.6000000000000000E+04   3.9398037302727306E+02   5.6217804202486051E+05   3.9425667231186702E+02   3.2954811073895613E+00   1.0750846193798375E+06
   3.6100000000000000E+04   3.9217906523326349E+02   5.6176646566952509E+05   3.9245304361609539E+02   3.2923802331066989E+00   1.0736133371344944E+06
   3.6200000000000000E+04   3.9174130711766497E+02   5.6134826546154195E+05   3.9201487778686004E+02   3.2892754051004363E+00   1.0721342582124544E+06
   3.6300000000000000E+04   3.8877372797632557E+02   5.6092352028544759E+05   3.8904337229809664E+02   3.2861666396938531E+00   1.0706475135697350E+06
   3.6400000000000000E+04   3.8750624154357797E+02   5.6049230852747662E+05   3.8777433616912373E+02   3.2830539530884946E+00   1.0691532393321595E+06
   3.6500000000000000E+04   3.8674274810183243E+02   5.6005470807419647E+05   3.8700999576022252E+02   3.2799373614008243E+00   1.0676515834985338E+06
   3.6600000000000000E+04   3.8536916158940340E+02   5.5961079631150607E+05   3.8563472424713342E+02   3.2768168807108435E+00   1.0661426664469487E+06
   3.6700000000000000E+04   3.8422530584279627E+02   5.5916065012139583E+05   3.8448950647670586E+02   3.2736925269770092E+00   1.0646266236801180E+06
   3.6800000000000000E+04   3.8404228999640617E+02   5.5870434588122414E+05   3.8430645463372457E+02   3.2705643160848568E+00   1.0631035960862609E+06
   3.6900000000000000E+04   3.8178745760458406E+02   5.5824195946248411E+05   3.8204874469783596E+02   3.2674322638591522E+00   1.0615737066936963E+06
   3.7000000000000000E+04   3.7977397559472666E+02   5.5777356622904690E+05   3.8003273031094972E+02   3.2642963860395731E+00   1.0600370872003350E+06
   3.7100000000000000E+04   3.7725865914588047E+02   5.5729924103575572E+05   3.7751421396397762E+02   3.2611566982685729E+00   1.0584938714105505E+06
   3.7200000000000000E+04   3.7653983754978503E+02   5.5681905822822463E+05   3.7679463879982620E+02   3.2580132161399824E+00   1.0569441751063166E+06
   3.7300000000000000E+04   3.7373547281358441E+02   5.5633309164081211E+05   3.7398671096991643E+02   3.2548659551382491E+00   1.0553881362991000E+06
   3.7400000000000000E+04   3.7261260892284673E+02   5.5584141459709802E+05   3.7286256023574020E+02   3.2517149307113544E+00   1.0538258682043566E+06
   3.7500000000000000E+04   3.7201595076598176E+02   5.5534409990787588E+05   3.7226532523295947E+02   3.2485601581978938E+00   1.0522574996278819E+06
   3.7600000000000000E+04   3.7164400995638226E+02   5.5484121987120912E+05   3.7189311157737188E+02   3.2454016528635372E+00   1.0506831547966732E+06
   3.7700000000000000E+04   3.6935248123995200E+02   5.5433284627238463E+05   3.6959874522111159E+02   3.2422394299253390E+00   1.0491029499063033E+06
   3.7800000000000000E+04   3.6746757623407041E+02   5.5381905038245267E+05   3.6771155858732101E+02   3.2390735044909618E+00   1.0475170101383692E+06
   3.7900000000000000E+04   3.6540108076485706E+02   5.5329990295882802E+05   3.6564255231233801E+02   3.2359038916073017E+00   1.0459254492267491E+06
   3.8000000000000000E+04   3.6575947184690403E+02   5.5277547424534126E+05   3.6600164715205881E+02   3.2327306062726358E+00   1.0443283830828343E+06
   3.8100000000000000E+04   3.6432252985636057E+02   5.5224583397065406E+05   3.6456303602119732E+02   3.2295536633515440E+00   1.0427259367432729E+06
   3.8200000000000000E+04   3.6488893101039702E+02   5.5171105135046353E+05   3.6513041982640624E+02   3.2263730776964548E+00   1.0411182168568196E+06
   3.8300000000000000E+04   3.6217526078036076E+02   5.5117119508589304E+05   3.6241340306707013E+02   3.2231888640504085E+00   1.0395053391955413E+06
   3.8400000000000000E+04   3.6099567829516485E+02   5.5062633336479845E+05   3.6123250564157865E+02   3.2200010371078265E+00   1.0378874148933644E+06
   3.8500000000000000E+04   3.5829881923302457E+02   5.5007653386099287E+05   3.5853235349781755E+02   3.2168096114537428E+00   1.0362645573804288E+06
   3.8600000000000000E+04   3.5716832571413261E+02   5.4952186373616580E+05   3.5740062253503089E+02   3.2136146016488856E+00   1.0346368789417180E+06
   3.8700000000000000E+04   3.5546294300536067E+02   5.4896238963884709E+05   3.5569326073869860E+02   3.2104160221445932E+00   1.0330044837126456E+06
   3.8800000000000000E+04   3.5336642202293814E+02   5.4839817770605953E+05   3.5359426439210631E+02   3.2072138873435887E+00   1.0313674816534816E+06
   3.8900000000000000E+04   3.5350806826857092E+02   5.4782929356331576E+05   3.5373633033539085E+02   3.2040082115635102E+00   1.0297259851201377E+06
   3.9000000000000000E+04   3.5210619278275016E+02   5.4725580232599610E+05   3.5233288492594193E+02   3.2007990090733891E+00   1.0280800877300991E+06
   3.9100000000000000E+04   3.5117615784592351E+02   5.4667776859928330E+05   3.5140189222449061E+02   3.1975862940450135E+00   1.0264299030899310E+06
   3.9200000000000000E+04   3.4966131194480590E+02   5.4609525647969008E+05   3.4988534129869083E+02   3.1943700805894077E+00   1.0247755331268373E+06
   3.9300000000000000E+04   3.4775421890487559E+02   5.4550832955601125E+05   3.4797604895319000E+02   3.1911503827568191E+00   1.0231170821955007E+06
   3.9400000000000000E+04   3.4535967952471771E+02   5.4491705091012316E+05   3.4557870175845136E+02   3.1879272145245752E+00   1.0214546428600108E+06
   3.9500000000000000E+04   3.4480900886961234E+02   5.4432148311828927E+05   3.4502757201442421E+02   3.1847005898092280E+00   1.0197883279546859E+06
   3.9600000000000000E+04   3.4350842500749951E+02   5.4372168825188093E+05   3.4372558138666943E+02   3.1814705224422544E+00   1.0181182242514681E+06
   3.9700000000000000E+04   3.4245248039306614E+02   5.4311772787902772E+05   3.4266854347965614E+02   3.1782370261943536E+00   1.0164444388792119E+06
   3.9800000000000000E+04   3.4063355738941539E+02   5.4250966306611395E+05   3.4084757038924482E+02   3.1750001147876197E+00   1.0147670599633075E+06
   3.9900000000000000E+04   3.3995323000800732E+02   5.4189755437803688E+05   3.4016662965071919E+02   3.1717598018347459E+00   1.0130861961451627E+06
   4.0000000000000000E+04   3.3827726776735034E+02   5.4128146188111918E+05   3.3848880848575300E+02   3.1685161009241263E+00   1.0114019334041702E+06
   4.0100000000000000E+04   3.3714201790838007E+02   5.4066144514369976E+05   3.3735238183164205E+02   3.1652690255712264E+00   1.0097143602069771E+06
   4.0200000000000000E+04   3.3618247155190204E+02   5.4003756323742704E+05   3.3639188115915255E+02   3.1620185892064288E+00   1.0080235784761993E+06
   4.0300000000000000E+04   3.3498137464644003E+02   5.3940987473925459E+05   3.3518953221923971E+02   3.1587648051993540E+00   1.0063296818901448E+06
   4.0400000000000000E+04   3.3406569584671604E+02   5.3877843773327256E+05   3.3427295939135900E+02   3.1555076868709966E+00   1.0046327558021869E+06
   4.0500000000000000E+04   3.3197702095808489E+02   5.3814330981172319E+05   3.3218194178389257E+02   3.1522472474572782E+00   1.0029328881528138E+06
   4.0600000000000000E+04   3.3096187378648699E+02   5.3750454807757668E+05   3.3116578508204111E+02   3.1489835001576529E+00   1.0012301695261120E+06
   4.0700000000000000E+04   3.3008818028983404E+02   5.3686220914499671E+05   3.3029125891739352E+02   3.1457164580621924E+00   9.9952468951419718E+05
   4.0800000000000000E+04   3.2780552619612888E+02   5.3621634914286877E+05   3.2800604636825182E+02   3.1424461342488077E+00   9.9781653303670464E+05
   4.0900000000000000E+04   3.2640488163973936E+02   5.3556702371492365E+05   3.2660393257684967E+02   3.1391725416860301E+00   9.9610578770101804E+05
   4.1000000000000000E+04   3.2479505793585457E+02   5.3491428802334936E+05   3.2499239033959185E+02   3.1358956933302276E+00   9.9439253644055617E+05
   4.1100000000000000E+04   3.2550796953574428E+02   5.3425819674899837E+05   3.2570641297338710E+02   3.1326156020283871E+00   9.9267686119289545E+05
   4.1200000000000000E+04   3.2261614375102414E+02   5.3359880409443425E+05   3.2281131686874528E+02   3.1293322805788799E+00   9.9095885035904846E+05
   4.1300000000000000E+04   3.2173678816117473E+02   5.3293616378593515E+05   3.2193113993913869E+02   3.1260457417314518E+00   9.8923857649527083E+05
   4.1400000000000000E+04   3.1985065939057989E+02   5.3227032907532202E+05   3.2004297887982494E+02   3.1227559981750868E+00   9.8751612982741836E+05
   4.1500000000000000E+04   3.1910566487874905E+02   5.3160135274139349E+05   3.1929733028055392E+02   3.1194630625015285E+00   9.8579158471755893E+05
   4.1600000000000000E+04   3.1808790728587229E+02   5.3092928709353600E+05   3.1827859288941153E+02   3.1161669472903735E+00   9.8406502581448422E+05
   4.1700000000000000E+04   3.1583094698305860E+02   5.3025418397236778E+05   3.1601917489014016E+02   3.1128676650239777E+00   9.8233652935006912E+05
   4.1800000000000000E+04   3.1573157286607346E+02   5.2957609475319670E+05   3.1591992331330033E+02   3.1095652281603927E+00   9.8060616305931529E+05
   4.1900000000000000E+04   3.1366313226390292E+02   5.2889507034672715E+05   3.1384926170243170E+02   3.1062596490482814E+00   9.7887401638910302E+05
   4.2000000000000000E+04   3.1387951935696668E+02   5.2821116120278847E+05   3.1406614724100803E+02   3.1029509400119983E+00   9.7714016281938087E+05
   4.2100000000000000E+04   3.1459363385439440E+02   5.2752441731216561E+05   3.1478135637020642E+02   3.0996391133272820E+00   9.7540466730492038E+05
   4.2200000000000000E+04   3.1078728515658543E+02   5.2683488820824539E+05   3.1097073114974256E+02   3.0963241811847877E+00   9.7366760906514653E+05
   4.2300000000000000E+04   3.0888261313930371E+02   5.2614262296975427E+05   3.0906405541159887E+02   3.0930061557144062E+00   9.7192906266251567E+05
   4.2400000000000000E+04   3.0797289159030470E+02   5.2544767022330477E+05   3.0815350505837125E+02   3.0896850489974059E+00   9.7018910179807479E+05
   4.2500000000000000E+04   3.0603721353291587E+02   5.2475007814596500E+05   3.0621580031960235E+02   3.0863608730785961E+00   9.6844778780595935E+05
   4.2600000000000000E+04   3.0624712828168407E+02   5.2404989446678734E+05   3.0642619929105553E+02   3.0830336399177045E+00   9.6670519645114511E+05
   4.2700000000000000E+04   3.0532336807254757E+02   5.2334716646942159E+05   3.0550159924146976E+02   3.0797033614015339E+00   9.6496140654149943E+05
   4.2800000000000000E+04   3.0356628488731127E+02   5.2264194099538284E+05   3.0374270786096577E+02   3.0763700493925823E+00   9.6321647681285476E+05
   4.2900000000000000E+04   3.0180071061080054E+02   5.2193426444606320E+05   3.0197532334152078E+02   3.0730337157047254E+00   9.6147047281218343E+05
   4.3000000000000000E+04   3.0334944890970013E+02   5.2122418278434221E+05   3.0352609933768287E+02   3.0696943720546082E+00   9.5972346311281517E+05
   4.3100000000000000E+04   3.0100191973307619E+02   5.2051174153853994E+05   3.0117608406453422E+02   3.0663520301467204E+00   9.5797551158698066E+05
   4.3200000000000000E+04   2.9917668764419045E+02   5.1979698580342566E+05   2.9934898228886294E+02   3.0630067015883196E+00   9.5622669295128644E+05
   4.3300000000000000E+04   2.9710449273034914E+02   5.1907996024398814E+05   2.9727464307094345E+02   3.0596583979623553E+00   9.5447706168025476E+05
   4.3400000000000000E+04   2.9641274750984707E+02   5.1836070909710921E+05   2.9658234135660592E+02   3.0563071307788494E+00   9.5272668699725170E+05
   4.3500000000000000E+04   2.9497765819337519E+02   5.1763927617451543E+05   2.9514584757727829E+02   3.0529529114992098E+00   9.5097562953979487E+05
   4.3600000000000000E+04   2.9338878700582592E+02   5.1691570486511145E+05   2.9355540191513569E+02   3.0495957515240701E+00   9.4922395305839810E+05
   4.3700000000000000E+04   2.9159553957313881E+02   5.1619003813795291E+05   2.9176035487723374E+02   3.0462356622176054E+00   9.4747172053659940E+05
   4.3800000000000000E+04   2.9316347476430371E+02   5.1546231854460185E+05   2.9333030311978678E+02   3.0428726548953726E+00   9.4571897447853012E+05
   4.3900000000000000E+04   2.9290273209562719E+02   5.1473258822044637E+05   2.9306949996538754E+02   3.0395067407513832E+00   9.4396580387939967E+05
   4.4000000000000000E+04   2.9135028128879406E+02   5.1400088889021456E+05   2.9151552055345115E+02   3.0361379310282692E+00   9.4221224970634410E+05
   4.4100000000000000E+04   2.8823034086864669E+02   5.1326726186763804E+05   2.8839229043050301E+02   3.0327662368471202E+00   9.4045836788858101E+05
   4.4200000000000000E+04   2.8931622550146386E+02   5.1253174805930909E+05   2.8947963226579373E+02   3.0293916692804079E+00   9.3870422948568454E+05
   4.4300000000000000E+04   2.8701420378007134E+02   5.1179438796770363E+05   2.8717525161124007E+02   3.0260142393762970E+00   9.3694987306457723E+05
   4.4400000000000000E+04   2.8532208201819526E+02   5.1105522169275361E+05   2.8548146629387253E+02   3.0226339580978698E+00   9.3519537621284311E+05
   4.4500000000000000E+04   2.8407604834607611E+02   5.1031428893571399E+05   2.8423427270064337E+02   3.0192508363960617E+00   9.3344077597817080E+05
   4.4600000000000000E+04   2.8466480163850508E+02   5.0957162900054175E+05   2.8482391438826761E+02   3.0158648851367196E+00   9.3168613658465073E+05
   4.4700000000000000E+04   2.8331772201124483E+02   5.0882728079735453E+05   2.8347556270434876E+02   3.0124761151492301E+00   9.2993150556051661E+05
   4.4800000000000000E+04   2.8247998594488223E+02   5.0808128284485557E+05   2.8263712483928327E+02   3.0090845372143695E+00   9.2817694173924846E+05
   4.4900000000000000E+04   2.7991752285401697E+02   5.0733367327235080E+05   2.8007205049277769E+02   3.0056901620278285E+00   9.2642249523816130E+05
   4.5000000000000000E+04   2.7893104202079991E+02   5.0658448982403858E+05   2.7908470915886170E+02   3.0022930002974508E+00   9.2466821545953874E+05
   4.5100000000000000E+04   2.7768522922287724E+02   5.0583376985958609E+05   2.7783775253111702E+02   2.9988930626216983E+00   9.2291415918877558E+05
   4.5200000000000000E+04   2.7598349665587386E+02   5.0508155035842204E+05   2.7613438027409529E+02   2.9954903595868752E+00   9.2116037041193293E+05
   4.5300000000000000E+04   2.7545117662530691E+02   5.0432786792134785E+05   2.7560170333281542E+02   2.9920849017063582E+00   9.1940690863410884E+05
   4.5400000000000000E+04   2.7385129841962356E+02   5.0357275877400453E+05   2.7400030437320743E+02   2.9886766994692211E+00   9.1765380428364337E+05
   4.5500000000000000E+04   2.7320497534141981E+02   5.0281625876869319E+05   2.7335350183678747E+02   2.9852657632916082E+00   9.1590112366973935E+05
   4.5600000000000000E+04   2.7159578551948999E+02   5.0205840338722541E+05   2.7174278872801295E+02   2.9818521035288943E+00   9.1414891216166026E+05
   4.5700000000000000E+04   2.7226536897132530E+02   5.0129922774458473E+05   2.7241332194932392E+02   2.9784357305364551E+00   9.1239721036613092E+05
   4.5800000000000000E+04   2.7047843763536576E+02   5.0053876659013459E+05   2.7062467633759462E+02   2.9750166545845826E+00   9.1064607049498684E+05
   4.5900000000000000E+04   2.6969379403401149E+02   4.9977705431087216E+05   2.6983940698847368E+02   2.9715948858949628E+00   9.0889553184152930E+05
   4.6000000000000000E+04   2.6843702736201033E+02   4.9901412493426388E+05   2.6858150668164387E+02   2.9681704346528037E+00   9.0714564536468161E+05
   4.6100000000000000E+04   2.6702354086142321E+02   4.9825001213067450E+05   2.6716672159853249E+02   2.9647433109947077E+00   9.0539645731567184E+05
   4.6200000000000000E+04   2.6670732747975717E+02   4.9748474921619840E+05   2.6685038905946408E+02   2.9613135250208127E+00   9.0364800094862632E+05
   4.6300000000000000E+04   2.6492883950130079E+02   4.9671836915447458E+05   2.6507021688797971E+02   2.9578810867461747E+00   9.0190032951113640E+05
   4.6400000000000000E+04   2.6439778249451166E+02   4.9595090456052183E+05   2.6453881152482035E+02   2.9544460061736961E+00   9.0015348328168993E+05
   4.6500000000000000E+04   2.6295840454185952E+02   4.9518238770274690E+05   2.6309811843956857E+02   2.9510082932576647E+00   8.9840750606951560E+05
   4.6600000000000000E+04   2.6228841308023698E+02   4.9441285050535435E+05   2.6242763221082919E+02   2.9475679578915952E+00   8.9666243694071053E+05
   4.6700000000000000E+04   2.6057868577744603E+02   4.9364232455135608E+05   2.6071630994382531E+02   2.9441250099325385E+00   8.9491831852018030E+05
   4.6800000000000000E+04   2.6139982472256526E+02   4.9287084108476865E+05   2.6153853474848398E+02   2.9406794591767804E+00   8.9317519285833754E+05
   4.6900000000000000E+04   2.5811493090425040E+02   4.9209843101381022E+05   2.5825038811541663E+02   2.9372313153962906E+00   8.9143309725828213E+05
   4.7000000000000000E+04   2.5799629157989972E+02   4.9132512491328496E+05   2.5813183737922003E+02   2.9337805883265817E+00   8.8969206424354843E+05
   4.7100000000000000E+04   2.5801007720688284E+02   4.9055095302616723E+05   2.5814585154526083E+02   2.9303272876059285E+00   8.8795214670609660E+05
   4.7200000000000000E+04   2.5561193784934295E+02   4.8977594526777358E+05   2.5574541026779517E+02   2.9268714228726123E+00   8.8621337605391955E+05
   4.7300000000000000E+04   2.5551457043902948E+02   4.8900013122752967E+05   2.5564815287345749E+02   2.9234130037162909E+00   8.8447579151707562E+05
   4.7400000000000000E+04   2.5406541752376370E+02   4.8822354017152975E+05   2.5419769882356027E+02   2.9199520396780079E+00   8.8273942334807664E+05
   4.7500000000000000E+04   2.5298726369519062E+02   4.8744620104469260E+05   2.5311863366049715E+02   2.9164885402258807E+00   8.8100432233931159E+05
   4.7600000000000000E+04   2.5175412942340714E+02   4.8666814247489016E+05   2.5188442960078672E+02   2.9130225148523397E+00   8.7927050497379876E+05
   4.7700000000000000E+04   2.5178668074857117E+02   4.8588939277310536E+05   2.5191722363035598E+02   2.9095539729282653E+00   8.7753802099321329E+05
   4.7800000000000000E+04   2.5125052224459230E+02   4.8510997993793833E+05   2.5138071857003382E+02   2.9060829238245485E+00   8.7580690696484072E+05
   4.7900000000000000E+04   2.5044127755698554E+02   4.8432993165752874E+05   2.5057084477631793E+02   2.9026093768756058E+00   8.7407718618001079E+05
   4.8000000000000000E+04   2.4885606084657010E+02   4.8354927531147300E+05   2.4898419923948958E+02   2.8991333413429352E+00   8.7234890264756978E+05
   4.8100000000000000E+04   2.4778945702963216E+02   4.8276803797411284E+05   2.4791670477768778E+02   2.8956548264637298E+00   8.7062208285337198E+05
   4.8200000000000000E+04   2.4697979056393842E+02   4.8198624641662912E+05   2.4710641303624428E+02   2.8921738414265552E+00   8.6889676556450909E+05
   4.8300000000000000E+04   2.4605944181918989E+02   4.8120392710971867E+05   2.4618532654419079E+02   2.8886903953835277E+00   8.6717298051273252E+05
   4.8400000000000000E+04   2.4505810385292841E+02   4.8042110622567259E+05   2.4518316938774404E+02   2.8852044974259794E+00   8.6545076550126821E+05
   4.8500000000000000E+04   2.4324147089707066E+02   4.7963780964181159E+05   2.4336488992826642E+02   2.8817161566452523E+00   8.6373014068716916E+05
   4.8600000000000000E+04   2.4265959566136581E+02   4.7885406294176279E+05   2.4278262590877500E+02   2.8782253820597576E+00   8.6201114288849337E+05
   4.8700000000000000E+04   2.4151710481456519E+02   4.7806989141829178E+05   2.4163917900490983E+02   2.8747321826392933E+00   8.6029380416768254E+05
   4.8800000000000000E+04   2.4049838643306410E+02   4.7728532007611683E+05   2.4061963179879731E+02   2.8712365673293472E+00   8.5857815180308465E+05
   4.8900000000000000E+04   2.4097392022169618E+02   4.7650037363393855E+05   2.4109584627766887E+02   2.8677385450267896E+00   8.5686422123717808E+05
   4.9000000000000000E+04   2.3963282220925228E+02   4.7571507652703789E+05   2.3975359372382837E+02   2.8642381245920303E+00   8.5515203448337130E+05
   4.9100000000000000E+04   2.3886885681217191E+02   4.7492945290967100E+05   2.3898905791299765E+02   2.8607353148490167E+00   8.5344162173029862E+05
   4.9200000000000000E+04   2.3749702685277165E+02   4.7414352665725967E+05   2.3761604799670579E+02   2.8572301245730736E+00   8.5173301706851984E+05
   4.9300000000000000E+04   2.3534201508887142E+02   4.7335732136876375E+05   2.3545907974974756E+02   2.8537225624909173E+00   8.5002624110948830E+05
   4.9400000000000000E+04   2.3460864567827389E+02   4.7257086036961648E+05   2.3472517540984987E+02   2.8502126373171048E+00   8.4832132705860096E+05
   4.9500000000000000E+04   2.3493080019527375E+02   4.7178416671330493E+05   2.3504784519646759E+02   2.8467003577054237E+00   8.4661829461157811E+05
   4.9600000000000000E+04   2.3403773562319188E+02   4.7099726318409067E+05   2.3415408638878841E+02   2.8431857322731999E+00   8.4491717610715155E+05
   4.9700000000000000E+04   2.3277487670752916E+02   4.7021017229914264E+05   2.3289016766305889E+02   2.8396687695891392E+00   8.4321800348929234E+05
   4.9800000000000000E+04   2.3079687269325430E+02   4.6942291631161096E+05   2.3091040229922612E+02   2.8361494782219516E+00   8.4152078636605351E+05
   4.9900000000000000E+04   2.3150532844640293E+02   4.6863551721140463E+05   2.3161974829708615E+02   2.8326278666431088E+00   8.3982556459434668E+05
   5.0000000000000000E+04   2.2890613661029107E+02   4.6784799672918970E+05   2.2901818939092382E+02   2.8291039433362433E+00   8.3813235568799148E+05


