#Te   kappa_tot   kappa_e_ph  kappa_e_e mu Ce
#[K]  [W/(K*m)]   [W/(K*m)]   [W/(K*m)]   [eV]  [J/(m^3*K)]
   3.0000000000000000E+02   6.2537971966601361E+01   6.3350030940082526E+01   4.8786881105822777E+03   3.1415698962924488E+00   4.0917856418013420E+04
   4.0000000000000000E+02   9.1663456292140452E+01   9.3304033802334871E+01   5.2131460849461282E+03   3.1462204053279614E+00   5.8770367245004723E+04
   5.0000000000000000E+02   1.2169715567501588E+02   1.2444466968896326E+02   5.5120964854716776E+03   3.1501434199742344E+00   7.7893140309561073E+04
   6.0000000000000000E+02   1.5042125024352734E+02   1.5448464103090171E+02   5.7188131940187695E+03   3.1526013673570459E+00   9.6180527273721629E+04
   7.0000000000000000E+02   1.7777869411232334E+02   1.8338477931049241E+02   5.8154497181997531E+03   3.1533266140608389E+00   1.1322511827133897E+05
   8.0000000000000000E+02   2.0436441617862397E+02   2.1179232011974472E+02   5.8270562187503647E+03   3.1524413225144623E+00   1.2949781911303131E+05
   9.0000000000000000E+02   2.3066487577714048E+02   2.4021413246167023E+02   5.8024372843542660E+03   3.1502146136877158E+00   1.4548676916589186E+05
   1.0000000000000000E+03   2.5692110366011684E+02   2.6892208524529929E+02   5.7571756484577481E+03   3.1469121245045524E+00   1.6148070565304335E+05
   1.1000000000000000E+03   2.8326200692046268E+02   2.9805078761044138E+02   5.7088184639838655E+03   3.1427487650130321E+00   1.7762554112944280E+05
   1.2000000000000000E+03   3.0976120399748305E+02   3.2767889987150494E+02   5.6649142424574775E+03   3.1378880233972031E+00   1.9400030342667960E+05
   1.3000000000000000E+03   3.3639140106366324E+02   3.5787140520128884E+02   5.6045083895216967E+03   3.1324535490776055E+00   2.1066114565497363E+05
   1.4000000000000000E+03   3.6324131379334943E+02   3.8869905998430210E+02   5.5461137902739838E+03   3.1265408048927101E+00   2.2766190236400260E+05
   1.5000000000000000E+03   3.9029151454883225E+02   4.2024784358219944E+02   5.4752759316698266E+03   3.1202259936780532E+00   2.4506299991810156E+05
   1.6000000000000000E+03   4.1785015101857886E+02   4.5262387420417116E+02   5.4388468321732225E+03   3.1135723316671520E+00   2.6293508963362843E+05
   1.7000000000000000E+03   4.4577184800689861E+02   4.8595512752055799E+02   5.3909267203944919E+03   3.1066343135953485E+00   2.8136001178044191E+05
   1.8000000000000000E+03   4.7423750648016471E+02   5.2038994200250363E+02   5.3472460488715351E+03   3.0994605598125085E+00   3.0042999686652073E+05
   1.9000000000000000E+03   5.0321656685443884E+02   5.5609234104472182E+02   5.2923079236161439E+03   3.0920956752958770E+00   3.2024547503001499E+05
   2.0000000000000000E+03   5.3306030711820608E+02   5.9323467653959801E+02   5.2552251383784060E+03   3.0845814157321332E+00   3.4091174126441561E+05
   2.1000000000000000E+03   5.6293325939868112E+02   6.3198851383652527E+02   5.1519230056091656E+03   3.0769573621734136E+00   3.6253483364764490E+05
   2.2000000000000000E+03   5.9363409785842146E+02   6.7251486869624023E+02   5.0611543616338586E+03   3.0692612470420286E+00   3.8521698832397925E+05
   2.3000000000000000E+03   6.2458798532201604E+02   7.1495487514372326E+02   4.9415469088646696E+03   3.0615290358285385E+00   4.0905208514701610E+05
   2.4000000000000000E+03   6.5726716449429853E+02   7.5942177556473314E+02   4.8861523904829210E+03   3.0537948448632761E+00   4.3412145572094771E+05
   2.5000000000000000E+03   6.9059294502863418E+02   8.0599485628011496E+02   4.8232681368981475E+03   3.0460907586489037E+00   4.6049035684181616E+05
   2.6000000000000000E+03   7.2503002950123653E+02   8.5471566427356288E+02   4.7784361342052607E+03   3.0384465981227180E+00   4.8820534641936084E+05
   2.7000000000000000E+03   7.5996975083971938E+02   9.0558657543721142E+02   4.7262286209107842E+03   3.0308896809628725E+00   5.1729265767202695E+05
   2.8000000000000000E+03   7.9553607373170473E+02   9.5857156600148835E+02   4.6773757627314462E+03   3.0234446062449480E+00   5.4775762283297430E+05
   2.9000000000000000E+03   8.3225336621552890E+02   1.0135988783572465E+03   4.6517339665173004E+03   3.0161330865775606E+00   5.7958508500099473E+05
   3.0000000000000000E+03   8.6974399246625967E+02   1.0705651720637791E+03   4.6365509295991642E+03   3.0089738435648323E+00   6.1274065578250552E+05
   3.1000000000000000E+03   9.0707849118115530E+02   1.1293407069025204E+03   4.6089735096082113E+03   3.0019825738445554E+00   6.4717266835159215E+05
   3.2000000000000000E+03   9.4465363897056329E+02   1.1897751083114342E+03   4.5851772537314500E+03   2.9951719869075024E+00   6.8281461096666555E+05
   3.3000000000000000E+03   9.8285778406388215E+02   1.2517033059753721E+03   4.5760343295634848E+03   2.9885519099242663E+00   7.1958783904747211E+05
   3.4000000000000000E+03   1.0199116031928224E+03   1.3149513015278765E+03   4.5456055494564735E+03   2.9821294505306355E+00   7.5740438759118679E+05
   3.5000000000000000E+03   1.0592071900077290E+03   1.3793414995157593E+03   4.5637358770084811E+03   2.9759092060633803E+00   7.9616971523088915E+05
   3.6000000000000000E+03   1.0970833024926014E+03   1.4446974171000816E+03   4.5595197284908591E+03   2.9698935061792571E+00   8.3578526336068299E+05
   3.7000000000000000E+03   1.1347982946427760E+03   1.5108476642091709E+03   4.5592613405694765E+03   2.9640826758221781E+00   8.7615073364052118E+05
   3.8000000000000000E+03   1.1716390801919924E+03   1.5776291516299957E+03   4.5528501757514114E+03   2.9584753067089768E+00   9.1716604129110312E+05
   3.9000000000000000E+03   1.2080998543536555E+03   1.6448895373449925E+03   4.5495369691086526E+03   2.9530685265167600E+00   9.5873293240961968E+05
   4.0000000000000000E+03   1.2453410108705284E+03   1.7124889596613377E+03   4.5652190866929632E+03   2.9478582577032930E+00   1.0007562557787342E+06
   4.1000000000000000E+03   1.2816534957765562E+03   1.7803011311599944E+03   4.5758347305339457E+03   2.9428394594670237E+00   1.0431449129745488E+06
   4.2000000000000000E+03   1.3172699851110679E+03   1.8482138813086310E+03   4.5854122993959045E+03   2.9380063484909904E+00   1.0858125453732910E+06
   4.3000000000000000E+03   1.3522781154260417E+03   1.9161292402487863E+03   4.5954322406130286E+03   2.9333525961240081E+00   1.1286779556744301E+06
   4.4000000000000000E+03   1.3867248656509241E+03   1.9839631544319752E+03   4.6065550224537992E+03   2.9288715008418689E+00   1.1716653549450091E+06
   4.5000000000000000E+03   1.4205929139026937E+03   2.0516449182039087E+03   4.6185610897034176E+03   2.9245561362618155E+00   1.2147044353133875E+06
   4.6000000000000000E+03   1.4538750001294620E+03   2.1191163962675346E+03   4.6312968026096078E+03   2.9203994759317995E+00   1.2577303039944330E+06
   4.7000000000000000E+03   1.4863197900663852E+03   2.1863311017875626E+03   4.6421923900550428E+03   2.9163944961482238E+00   1.3006833585138076E+06
   4.8000000000000000E+03   1.5189790058978192E+03   2.2532531839954240E+03   4.6612619421385980E+03   2.9125342593255836E+00   1.3435090639519473E+06
   4.9000000000000000E+03   1.5486913399123785E+03   2.3198563694229661E+03   4.6588490552353196E+03   2.9088119797342440E+00   1.3861577043568622E+06
   5.0000000000000000E+03   1.5800483593234228E+03   2.3861228915224933E+03   4.6772220300877580E+03   2.9052210741137015E+00   1.4285840878155283E+06
   5.1000000000000000E+03   1.6109514015979157E+03   2.4520424356267449E+03   4.6964252841091147E+03   2.9017551990097172E+00   1.4707472676602842E+06
   5.2000000000000000E+03   1.6403820454590648E+03   2.5176111191430391E+03   4.7078285492144314E+03   2.8984082773265887E+00   1.5126102226480923E+06
   5.3000000000000000E+03   1.6677167746054895E+03   2.5828305215268865E+03   4.7069883948354873E+03   2.8951745153964654E+00   1.5541395734217931E+06
   5.4000000000000000E+03   1.6959911300705514E+03   2.6477067736783083E+03   4.7183076513942979E+03   2.8920484126391139E+00   1.5953052911623006E+06
   5.5000000000000000E+03   1.7243213321437077E+03   2.7122497129018811E+03   4.7339363147642489E+03   2.8890247651461500E+00   1.6360804184228589E+06
   5.6000000000000000E+03   1.7494156833093393E+03   2.7764721066931538E+03   4.7292473296812923E+03   2.8860986642826991E+00   1.6764408195282170E+06
   5.7000000000000000E+03   1.7766235616780327E+03   2.8403889463042806E+03   4.7438109937249328E+03   2.8832654916566174E+00   1.7163649273284671E+06
   5.8000000000000000E+03   1.8022405356861084E+03   2.9040168095204003E+03   4.7502718425924895E+03   2.8805209110820789E+00   1.7558335233451042E+06
   5.9000000000000000E+03   1.8292475397944086E+03   2.9673732907537992E+03   4.7692974938730695E+03   2.8778608585019363E+00   1.7948295273340088E+06
   6.0000000000000000E+03   1.8506972555967855E+03   3.0304764957789039E+03   4.7538508416395071E+03   2.8752815303831483E+00   1.8333378119633642E+06
   6.1000000000000000E+03   1.8761364995062661E+03   3.0933445978218192E+03   4.7679083909771334E+03   2.8727793711076650E+00   1.8713450109107031E+06
   6.2000000000000000E+03   1.8997343189050453E+03   3.1559954513566581E+03   4.7725371058404471E+03   2.8703510597686228E+00   1.9088393786707602E+06
   6.3000000000000000E+03   1.9215919029292875E+03   3.2184462597589659E+03   4.7688780472502367E+03   2.8679934967013230E+00   1.9458106291950431E+06
   6.4000000000000000E+03   1.9448748717206622E+03   3.2807132928832175E+03   4.7764585473560655E+03   2.8657037900463789E+00   1.9822498093520545E+06
   6.5000000000000000E+03   1.9668226194862343E+03   3.3428116506692795E+03   4.7781758562171517E+03   2.8634792424012359E+00   2.0181491819467398E+06
   6.6000000000000000E+03   1.9883572080818658E+03   3.4047550689098366E+03   4.7796381724713583E+03   2.8613173379217605E+00   2.0535021058293632E+06
   6.7000000000000000E+03   2.0091051895534729E+03   3.4665557634979518E+03   4.7786698903077549E+03   2.8592157297532963E+00   2.0883029521644039E+06
   6.8000000000000000E+03   2.0296479430115885E+03   3.5282243095651397E+03   4.7785707637052010E+03   2.8571722281046421E+00   2.1225470019816919E+06
   6.9000000000000000E+03   2.0492179296038375E+03   3.5897695521613609E+03   4.7750559096635016E+03   2.8551847887560000E+00   2.1562303759123771E+06
   7.0000000000000000E+03   2.0677811260743351E+03   3.6511985452443878E+03   4.7680916907960254E+03   2.8532515023223421E+00   2.1893499551050905E+06
   7.1000000000000000E+03   2.0880204582672832E+03   3.7125165160140714E+03   4.7718247145791738E+03   2.8513705839748438E+00   2.2219033247697139E+06
   7.2000000000000000E+03   2.1070537222725343E+03   3.7737268517441767E+03   4.7708486260458849E+03   2.8495403639177557E+00   2.2538887042691242E+06
   7.3000000000000000E+03   2.1245972932088503E+03   3.8348311065128860E+03   4.7639519961718624E+03   2.8477592784358414E+00   2.2853049058535113E+06
   7.4000000000000000E+03   2.1416145120317274E+03   3.8958290254003791E+03   4.7561822762313986E+03   2.8460258614722367E+00   2.3161512807871052E+06
   7.5000000000000000E+03   2.1569415970943655E+03   3.9567185838710507E+03   4.7419268966387353E+03   2.8443387369215323E+00   2.3464276803386272E+06
   7.6000000000000000E+03   2.1745400491077353E+03   4.0174960402864644E+03   4.7403226547732729E+03   2.8426966113729013E+00   2.3761344141731532E+06
   7.7000000000000000E+03   2.1913865697358342E+03   4.0781559996121764E+03   4.7365704284404546E+03   2.8410982674077534E+00   2.4052722155647269E+06
   7.8000000000000000E+03   2.2065785636180171E+03   4.1386914865472854E+03   4.7266118906746478E+03   2.8395425574598998E+00   2.4338422154921079E+06
   7.9000000000000000E+03   2.2210317117307277E+03   4.1990940264845285E+03   4.7148772431479265E+03   2.8380283980373977E+00   2.4618459104232150E+06
   8.0000000000000000E+03   2.2356832828708957E+03   4.2593537327890481E+03   4.7055912372567209E+03   2.8365547645069160E+00   2.4892851366404761E+06
   8.1000000000000000E+03   2.2501292896363607E+03   4.3194593990799076E+03   4.6968543418518911E+03   2.8351206862076088E+00   2.5161620523270490E+06
   8.2000000000000000E+03   2.2636375831534547E+03   4.3793985952590674E+03   4.6854872526325862E+03   2.8337252420632351E+00   2.5424791067436184E+06
   8.3000000000000000E+03   2.2769290975661434E+03   4.4391577662248055E+03   4.6746431740146418E+03   2.8323675564112629E+00   2.5682390319282631E+06
   8.4000000000000000E+03   2.2871269290719229E+03   4.4987223322271921E+03   4.6523649749744418E+03   2.8310467952820226E+00   2.5934448193253027E+06
   8.5000000000000000E+03   2.3006049605694129E+03   4.5580767899889279E+03   4.6451671897058768E+03   2.8297621629832288E+00   2.6180997025003494E+06
   8.6000000000000000E+03   2.3108292856482412E+03   4.6172048138046557E+03   4.6261209292766307E+03   2.8285128989095329E+00   2.6422071494497014E+06
   8.7000000000000000E+03   2.3235133869615202E+03   4.6760893558862117E+03   4.6183232169952034E+03   2.8272982746654884E+00   2.6657708447246216E+06
   8.8000000000000000E+03   2.3290797851149923E+03   4.7347127453237836E+03   4.5840425060117350E+03   2.8261175914778272E+00   2.6887946714565321E+06
   8.9000000000000000E+03   2.3404832218815654E+03   4.7930567851442729E+03   4.5739989842474488E+03   2.8249701777443637E+00   2.7112827079266193E+06
   9.0000000000000000E+03   2.3517414885112516E+03   4.8511028469623716E+03   4.5645819847780831E+03   2.8238553868239773E+00   2.7332392183776991E+06
   9.1000000000000000E+03   2.3611158345808267E+03   4.9088319627945857E+03   4.5492983885833928E+03   2.8227725951078786E+00   2.7546686302671758E+06
   9.2000000000000000E+03   2.3695824147412859E+03   4.9662249137528888E+03   4.5319597240506846E+03   2.8217212001069423E+00   2.7755755398084922E+06
   9.3000000000000000E+03   2.3779087926255120E+03   5.0232623152430906E+03   4.5154114657845384E+03   2.8207006188524701E+00   2.7959646900260705E+06
   9.4000000000000000E+03   2.3855776089954734E+03   5.0799246984904739E+03   4.4977704110027371E+03   2.8197102863612304E+00   2.8158409704820532E+06
   9.5000000000000000E+03   2.3933080060587204E+03   5.1361925881744828E+03   4.4815924527365514E+03   2.8187496542532005E+00   2.8352094062288227E+06
   9.6000000000000000E+03   2.4000224542726387E+03   5.1920465760223778E+03   4.4630804830847410E+03   2.8178181895139622E+00   2.8540751474569198E+06
   9.7000000000000000E+03   2.4068316232983238E+03   5.2474673902685972E+03   4.4461069609764418E+03   2.8169153733454886E+00   2.8724434658897333E+06
   9.8000000000000000E+03   2.4122054387548596E+03   5.3024359609015564E+03   4.4254479929981471E+03   2.8160407001214223E+00   2.8903197464808291E+06
   9.9000000000000000E+03   2.4192956503549799E+03   5.3569334806417764E+03   4.4117098899466273E+03   2.8151936764869889E+00   2.9077094769106982E+06
   1.0000000000000000E+04   2.4228637570847377E+03   5.4109414616879058E+03   4.3874273881949848E+03   2.8143738204669670E+00   2.9246182473504501E+06
   1.0100000000000000E+04   2.4280143976162822E+03   5.4644417881894924E+03   4.3695243225149188E+03   2.8135806607423981E+00   2.9410517353420542E+06
   1.0200000000000000E+04   2.4340480169569310E+03   5.5174167645623002E+03   4.3555145147454850E+03   2.8128137358871395E+00   2.9570157072367920E+06
   1.0300000000000000E+04   2.4381670115869274E+03   5.5698491596228550E+03   4.3363987271264468E+03   2.8120725937892379E+00   2.9725160063243252E+06
   1.0400000000000000E+04   2.4424385314399947E+03   5.6217222466997655E+03   4.3188064539471343E+03   2.8113567910482011E+00   2.9875585506508905E+06
   1.0500000000000000E+04   2.4458979441175570E+03   5.6730198397745407E+03   4.2996911835639958E+03   2.8106658924606696E+00   3.0021493253850895E+06
   1.0600000000000000E+04   2.4487398699670393E+03   5.7237263257654949E+03   4.2796869690457324E+03   2.8099994705784122E+00   3.0162943750245194E+06
   1.0700000000000000E+04   2.4500184861135849E+03   5.7738266931268236E+03   4.2559561962476491E+03   2.8093571052181017E+00   3.0299998015188524E+06
   1.0800000000000000E+04   2.4515286523950199E+03   5.8233065567979274E+03   4.2339689269059309E+03   2.8087383831479049E+00   3.0432717556559499E+06
   1.0900000000000000E+04   2.4553198248091794E+03   5.8721521797505320E+03   4.2197012213335220E+03   2.8081428976936911E+00   3.0561164352579499E+06
   1.1000000000000000E+04   2.4574825812353056E+03   5.9203504912105436E+03   4.2014765174978429E+03   2.8075702484256140E+00   3.0685400759836906E+06
   1.1100000000000000E+04   2.4587855978054527E+03   5.9678891017166616E+03   4.1816263772914735E+03   2.8070200408929118E+00   3.0805489487220785E+06
   1.1200000000000000E+04   2.4575089831371802E+03   6.0147563151794520E+03   4.1552684691869317E+03   2.8064918863828123E+00   3.0921493525149035E+06
   1.1300000000000000E+04   2.4595962034161503E+03   6.0609411381312384E+03   4.1394168241914676E+03   2.8059854016312271E+00   3.1033476134689064E+06
   1.1400000000000000E+04   2.4594917930628772E+03   6.1064332862480651E+03   4.1181693154325731E+03   2.8055002086459502E+00   3.1141500769639169E+06
   1.1500000000000000E+04   2.4574173304832389E+03   6.1512231883518152E+03   4.0922893753405106E+03   2.8050359345298497E+00   3.1245631026863642E+06
   1.1600000000000000E+04   2.4556123029741620E+03   6.1953019880610582E+03   4.0680540535730361E+03   2.8045922112799646E+00   3.1345930627860730E+06
   1.1700000000000000E+04   2.4549724086190949E+03   6.2386615432019444E+03   4.0478330567086487E+03   2.8041686756508883E+00   3.1442463353125397E+06
   1.1800000000000000E+04   2.4520930326414091E+03   6.2812944231739393E+03   4.0223317397500846E+03   2.8037649689940292E+00   3.1535293020517696E+06
   1.1900000000000000E+04   2.4534679392628509E+03   6.3231939043795155E+03   4.0090057171967528E+03   2.8033807371531534E+00   3.1624483420586018E+06
   1.2000000000000000E+04   2.4521067577138137E+03   6.3643539639155397E+03   3.9890309944272226E+03   2.8030156303116778E+00   3.1710098307700385E+06
   1.2100000000000000E+04   2.4506183940435071E+03   6.4047692715905960E+03   3.9694098360508583E+03   2.8026693029444618E+00   3.1792201325301165E+06
   1.2200000000000000E+04   2.4490262842691877E+03   6.4444351805281331E+03   3.9501817096018112E+03   2.8023414136329654E+00   3.1870856015033959E+06
   1.2300000000000000E+04   2.4468185891406551E+03   6.4833477163194239E+03   3.9300040238382803E+03   2.8020316250732904E+00   3.1946125730495341E+06
   1.2400000000000000E+04   2.4438360437582646E+03   6.5215035650353066E+03   3.9084808627899129E+03   2.8017396039234779E+00   3.2018073652468240E+06
   1.2500000000000000E+04   2.4405337330516886E+03   6.5589000600829722E+03   3.8867880070022843E+03   2.8014650207553045E+00   3.2086762723778235E+06
   1.2600000000000000E+04   2.4349960818234781E+03   6.5955351680869308E+03   3.8601012894807536E+03   2.8012075499899791E+00   3.2152255628013057E+06
   1.2700000000000000E+04   2.4304228993935794E+03   6.6314074739021553E+03   3.8365112496674387E+03   2.8009668698258237E+00   3.2214614757246776E+06
   1.2800000000000000E+04   2.4366294684733230E+03   6.6665161648533567E+03   3.8402517384773055E+03   2.8007426621820097E+00   3.2273902190977712E+06
   1.2900000000000000E+04   2.4259673910820820E+03   6.7008610143224550E+03   3.8026841707928547E+03   2.8005346126182045E+00   3.2330179671585527E+06
   1.3000000000000000E+04   2.4218218323050528E+03   6.7344423647122339E+03   3.7818350640176991E+03   2.8003424103586720E+00   3.2383508553727632E+06
   1.3100000000000000E+04   2.4149533405461766E+03   6.7672611100202894E+03   3.7549320244800597E+03   2.8001657481476219E+00   3.2433949804873285E+06
   1.3200000000000000E+04   2.4103626049256063E+03   6.7993186779389262E+03   3.7341051511194887E+03   2.8000043222572439E+00   3.2481563976998348E+06
   1.3300000000000000E+04   2.4072245777297717E+03   6.8306170116665098E+03   3.7172440377190069E+03   2.7998578324475245E+00   3.2526411171562644E+06
   1.3400000000000000E+04   2.4021945527886319E+03   6.8611585514920844E+03   3.6963379168358174E+03   2.7997259819019638E+00   3.2568551030843598E+06
   1.3500000000000000E+04   2.3966883304900289E+03   6.8909462161806250E+03   3.6747892093461228E+03   2.7996084772195271E+00   3.2608042710868507E+06
   1.3600000000000000E+04   2.3912022624072802E+03   6.9199833842995022E+03   3.6537601352312709E+03   2.7995050283182179E+00   3.2644944868646432E+06
   1.3700000000000000E+04   2.3859364669391875E+03   6.9482738754282318E+03   3.6336944283906969E+03   2.7994153484752542E+00   3.2679315634116195E+06
   1.3800000000000000E+04   2.3804911333951882E+03   6.9758219314417138E+03   3.6136424091601530E+03   2.7993391542467054E+00   3.2711212601759532E+06
   1.3900000000000000E+04   2.3748084657020872E+03   7.0026321978377400E+03   3.5934623244495724E+03   2.7992761654192786E+00   3.2740692811560282E+06
   1.4000000000000000E+04   2.3665785667716182E+03   7.0287097051436731E+03   3.5678948632193587E+03   2.7992261050183478E+00   3.2767812732653678E+06
   1.4100000000000000E+04   2.3603590263566393E+03   7.0540598505074659E+03   3.5473317248799217E+03   2.7991886992517037E+00   3.2792628251712308E+06
   1.4200000000000000E+04   2.3562105818776581E+03   7.0786883794579808E+03   3.5318070683231449E+03   2.7991636774934792E+00   3.2815194656701162E+06
   1.4300000000000000E+04   2.3500963563972732E+03   7.1026013679151629E+03   3.5122104143449528E+03   2.7991507722198592E+00   3.2835566629166491E+06
   1.4400000000000000E+04   2.3436516905483350E+03   7.1258052044285396E+03   3.4922353214726650E+03   2.7991497190010453E+00   3.2853798228510558E+06
   1.4500000000000000E+04   2.3370646683788818E+03   7.1483065727017738E+03   3.4722957319588299E+03   2.7991602564932143E+00   3.2869942884015599E+06
   1.4600000000000000E+04   2.3303185562409958E+03   7.1701124344723239E+03   3.4523466240035887E+03   2.7991821263420884E+00   3.2884053384344694E+06
   1.4700000000000000E+04   2.3233933692263554E+03   7.1912300126523505E+03   3.4323370630241329E+03   2.7992150732311463E+00   3.2896181870189859E+06
   1.4800000000000000E+04   2.3138864107727659E+03   7.2116667748868585E+03   3.4070490117721915E+03   2.7992588448012685E+00   3.2906379822942619E+06
   1.4900000000000000E+04   2.3070834918557634E+03   7.2314304174499739E+03   3.3879647373929292E+03   2.7993131916346519E+00   3.2914698064221195E+06
   1.5000000000000000E+04   2.3017373263985974E+03   7.2505288495339901E+03   3.3723006538228096E+03   2.7993778672226775E+00   3.2921186740622488E+06
   1.5100000000000000E+04   2.2945081763719891E+03   7.2689701779354364E+03   3.3528674059295226E+03   2.7994526279337539E+00   3.2925895324785183E+06
   1.5200000000000000E+04   2.2872792242363616E+03   7.2867626921409774E+03   3.3337165778568110E+03   2.7995372329972530E+00   3.2928872606803146E+06
   1.5300000000000000E+04   2.2800157961762748E+03   7.3039148498440136E+03   3.3147643003322542E+03   2.7996314444552848E+00   3.2930166692982819E+06
   1.5400000000000000E+04   2.2726214337073416E+03   7.3204352628680672E+03   3.2957986656229523E+03   2.7997350271466290E+00   3.2929824998823670E+06
   1.5500000000000000E+04   2.2651355740084100E+03   7.3363326835207999E+03   3.2768965168071318E+03   2.7998477486826236E+00   3.2927894248201340E+06
   1.5600000000000000E+04   2.2553183474679913E+03   7.3516159913922656E+03   3.2533881628151680E+03   2.7999693793909124E+00   3.2924420471317302E+06
   1.5700000000000000E+04   2.2477100280081968E+03   7.3662941805589753E+03   3.2347408590810651E+03   2.8000996923154404E+00   3.2919448999479059E+06
   1.5800000000000000E+04   2.2420234359807528E+03   7.3803763472485971E+03   3.2202881006097641E+03   2.8002384631521657E+00   3.2913024462933918E+06
   1.5900000000000000E+04   2.2344266874979257E+03   7.3938716778896651E+03   3.2021010460966936E+03   2.8003854702892470E+00   3.2905190803557052E+06
   1.6000000000000000E+04   2.2271539993744477E+03   7.4067894376604318E+03   3.1847918478348802E+03   2.8005404946864836E+00   3.2895991251819190E+06
   1.6100000000000000E+04   2.2193639124097335E+03   7.4191389594037037E+03   3.1666310790065181E+03   2.8007033198914026E+00   3.2885468343766341E+06
   1.6200000000000000E+04   2.2115331219712166E+03   7.4309296329652880E+03   3.1485914081684177E+03   2.8008737320553241E+00   3.2873663918290599E+06
   1.6300000000000000E+04   2.2027987364664586E+03   7.4421708950132142E+03   3.1289254032776430E+03   2.8010515197967405E+00   3.2860619116133102E+06
   1.6400000000000000E+04   2.1952146418860143E+03   7.4528722191818506E+03   3.1117762956461424E+03   2.8012364742736553E+00   3.2846374383633444E+06
   1.6500000000000000E+04   2.1869792483700230E+03   7.4630431066854690E+03   3.0935031952443505E+03   2.8014283891032017E+00   3.2830969466759604E+06
   1.6600000000000000E+04   2.1793051615767240E+03   7.4726930773105141E+03   3.0765322423954499E+03   2.8016270603295164E+00   3.2814443417765307E+06
   1.6700000000000000E+04   2.1716464237366999E+03   7.4818316607785628E+03   3.0597601107755272E+03   2.8018322864478282E+00   3.2796834618226723E+06
   1.6800000000000000E+04   2.1636974566257618E+03   7.4904683885496524E+03   3.0425763766393020E+03   2.8020438682839326E+00   3.2778180736649260E+06
   1.6900000000000000E+04   2.1557260958514148E+03   7.4986127859308917E+03   3.0255096547959629E+03   2.8022616090584647E+00   3.2758518780468707E+06
   1.7000000000000000E+04   2.1478759076554456E+03   7.5062743646089239E+03   3.0088366875877468E+03   2.8024853143065540E+00   3.2737885064491946E+06
   1.7100000000000000E+04   2.1398033825209295E+03   7.5134626155143897E+03   2.9918779777492841E+03   2.8027147918697670E+00   3.2716315229322249E+06
   1.7200000000000000E+04   2.1317328589337981E+03   7.5201870020547785E+03   2.9750702728114684E+03   2.8029498518398683E+00   3.2693844249316240E+06
   1.7300000000000000E+04   2.1235279711651378E+03   7.5264569536688123E+03   2.9581439838729561E+03   2.8031903065588146E+00   3.2670506423568795E+06
   1.7400000000000000E+04   2.1154947321885061E+03   7.5322818597200594E+03   2.9416889053305349E+03   2.8034359706026826E+00   3.2646335401267381E+06
   1.7500000000000000E+04   2.1075943864667875E+03   7.5376710637328788E+03   2.9256222637642268E+03   2.8036866607093422E+00   3.2621364154754616E+06
   1.7600000000000000E+04   2.0996337241300571E+03   7.5426338579150533E+03   2.9095660532036300E+03   2.8039421957864898E+00   3.2595625020329515E+06
   1.7700000000000000E+04   2.0919038571249494E+03   7.5471794779993888E+03   2.8940744625310958E+03   2.8042023968795080E+00   3.2569149678328414E+06
   1.7800000000000000E+04   2.0839478780349054E+03   7.5513170983806012E+03   2.8782675194092612E+03   2.8044670871393134E+00   3.2541969177519893E+06
   1.7900000000000000E+04   2.0760843256111457E+03   7.5550558275407557E+03   2.8627513352005053E+03   2.8047360917821820E+00   3.2514113913450548E+06
   1.8000000000000000E+04   2.0659773775192702E+03   7.5584047037393602E+03   2.8430950835734416E+03   2.8050092380897413E+00   3.2485613665640117E+06
   1.8100000000000000E+04   2.0581974465082812E+03   7.5613726909838933E+03   2.8279669960180327E+03   2.8052863553687959E+00   3.2456497575526279E+06
   1.8200000000000000E+04   2.0503582726523491E+03   7.5639686752561811E+03   2.8128294556449987E+03   2.8055672749191731E+00   3.2426794181387168E+06
   1.8300000000000000E+04   2.0441192148092373E+03   7.5662014609817506E+03   2.8007945372835629E+03   2.8058518300257012E+00   3.2396531399791394E+06
   1.8400000000000000E+04   2.0361015778545170E+03   7.5680797677513538E+03   2.7855097448847205E+03   2.8061398559099722E+00   3.2365736544461576E+06
   1.8500000000000000E+04   2.0280539333693587E+03   7.5696122272590983E+03   2.7702644341936539E+03   2.8064311897383933E+00   3.2334436324005779E+06
   1.8600000000000000E+04   2.0188433657017263E+03   7.5708073804816177E+03   2.7529490847567977E+03   2.8067256705659211E+00   3.2302656875550793E+06
   1.8700000000000000E+04   2.0111219250916974E+03   7.5716736750630744E+03   2.7384978365928100E+03   2.8070231393119638E+00   3.2270423721974120E+06
   1.8800000000000000E+04   2.0033385926370920E+03   7.5722194629011719E+03   2.7240158005441899E+03   2.8073234387603705E+00   3.2237761823649686E+06
   1.8900000000000000E+04   1.9978098973068002E+03   7.5724529979438857E+03   2.7137740072461215E+03   2.8076264135112199E+00   3.2204695557943755E+06
   1.9000000000000000E+04   1.9898098448162930E+03   7.5723824341632699E+03   2.6990425784995614E+03   2.8079319099888518E+00   3.2171248754371684E+06
   1.9100000000000000E+04   1.9820909996607613E+03   7.5720158237308660E+03   2.6849063065892838E+03   2.8082397763695450E+00   3.2137444673443506E+06
   1.9200000000000000E+04   1.9751111805507076E+03   7.5713611153461316E+03   2.6721965897067621E+03   2.8085498626056191E+00   3.2103306013024901E+06
   1.9300000000000000E+04   1.9672654255320347E+03   7.5704261527510807E+03   2.6579708046751666E+03   2.8088620203691890E+00   3.2068854944768404E+06
   1.9400000000000000E+04   1.9599896969165434E+03   7.5692186733915687E+03   2.6448538071410353E+03   2.8091761030601927E+00   3.2034113097047252E+06
   1.9500000000000000E+04   1.9505118687281713E+03   7.5677463072457867E+03   2.6278018397434216E+03   2.8094919657501394E+00   3.1999101561821578E+06
   1.9600000000000000E+04   1.9431377246117631E+03   7.5660165757864615E+03   2.6146414714905645E+03   2.8098094651901508E+00   3.1963840916911494E+06
   1.9700000000000000E+04   1.9358421327734459E+03   7.5640368910916013E+03   2.6016834769242096E+03   2.8101284597788041E+00   3.1928351228458569E+06
   1.9800000000000000E+04   1.9285154550526936E+03   7.5618145550900726E+03   2.5887274896582094E+03   2.8104488095219660E+00   3.1892652042690087E+06
   1.9900000000000000E+04   1.9228331123345913E+03   7.5593567589248287E+03   2.5787847963352378E+03   2.8107703760488500E+00   3.1856762408430171E+06
   2.0000000000000000E+04   1.9121252082881090E+03   7.5566705824492838E+03   2.5598696358389616E+03   2.8110930225638033E+00   3.1820700879240041E+06
   2.0100000000000000E+04   1.9066327012895672E+03   7.5537629938322916E+03   2.5503664331687933E+03   2.8114166138382810E+00   3.1784485525957365E+06
   2.0200000000000000E+04   1.8994480924688312E+03   7.5506408492794735E+03   2.5378802272841494E+03   2.8117410161626100E+00   3.1748133938730946E+06
   2.0300000000000000E+04   1.8924179303945421E+03   7.5473108928459196E+03   2.5257182681831291E+03   2.8120660973861775E+00   3.1711663234215644E+06
   2.0400000000000000E+04   1.8875144992687976E+03   7.5437797563663435E+03   2.5173843556160418E+03   2.8123917268370771E+00   3.1675090073595978E+06
   2.0500000000000000E+04   1.8784308236528725E+03   7.5400539594640868E+03   2.5016624084135274E+03   2.8127177753462043E+00   3.1638430642862716E+06
   2.0600000000000000E+04   1.8735998099365875E+03   7.5361399096605764E+03   2.4935294150206246E+03   2.8130441151910084E+00   3.1601700686876727E+06
   2.0700000000000000E+04   1.8666085631404217E+03   7.5320439025616142E+03   2.4816058791887085E+03   2.8133706200954904E+00   3.1564915500329849E+06
   2.0800000000000000E+04   1.8588648387765168E+03   7.5277721221227157E+03   2.4683965026636056E+03   2.8136971652462783E+00   3.1528089967765962E+06
   2.0900000000000000E+04   1.8523018669620667E+03   7.5233306410031137E+03   2.4573106480947868E+03   2.8140236271881514E+00   3.1491238504928439E+06
   2.1000000000000000E+04   1.8454120524129924E+03   7.5187254209701123E+03   2.4456866048580400E+03   2.8143498839124401E+00   3.1454375131600723E+06
   2.1100000000000000E+04   1.8392383283759334E+03   7.5139623133918158E+03   2.4353550095571468E+03   2.8146758147445201E+00   3.1417513445757721E+06
   2.1200000000000000E+04   1.8327890529049107E+03   7.5090470597756175E+03   2.4245725321586915E+03   2.8150013004081007E+00   3.1380666647155494E+06
   2.1300000000000000E+04   1.8264932433746371E+03   7.5039852923815106E+03   2.4140902913840237E+03   2.8153262229207474E+00   3.1343847505411003E+06
   2.1400000000000000E+04   1.8199906927145767E+03   7.4987825348762735E+03   2.4032778096987404E+03   2.8156504656662240E+00   3.1307068416859191E+06
   2.1500000000000000E+04   1.8136040651070032E+03   7.4934442030516029E+03   2.3926977763893274E+03   2.8159739133301822E+00   3.1270341405981039E+06
   2.1600000000000000E+04   1.8071416745782180E+03   7.4879756055868911E+03   2.3820152004828037E+03   2.8162964518841007E+00   3.1233678087655362E+06
   2.1700000000000000E+04   1.8008598834348707E+03   7.4823819448566974E+03   2.3716745849716376E+03   2.8166179685933224E+00   3.1197089718465144E+06
   2.1800000000000000E+04   1.7945048464222118E+03   7.4766683177852310E+03   2.3612339910626679E+03   2.8169383519447204E+00   3.1160587164402157E+06
   2.1900000000000000E+04   1.7882518945753181E+03   7.4708397167331350E+03   2.3509963586349895E+03   2.8172574917270659E+00   3.1124180974445846E+06
   2.2000000000000000E+04   1.7800944790892052E+03   7.4649010304299427E+03   2.3374989089262303E+03   2.8175752789345898E+00   3.1087881309109866E+06
   2.2100000000000000E+04   1.7739345223378759E+03   7.4588570449352792E+03   2.3274765762591906E+03   2.8178916057830570E+00   3.1051697991590439E+06
   2.2200000000000000E+04   1.7677178030153782E+03   7.4527124446333728E+03   2.3173799272716928E+03   2.8182063656936940E+00   3.1015640503116460E+06
   2.2300000000000000E+04   1.7619530364623604E+03   7.4464718132568005E+03   2.3080816754198308E+03   2.8185194532771125E+00   3.0979717983855838E+06
   2.2400000000000000E+04   1.7562241280720418E+03   7.4401396349369352E+03   2.2988647046775936E+03   2.8188307643333110E+00   3.0943939272460043E+06
   2.2500000000000000E+04   1.7485581028156616E+03   7.4337202952794223E+03   2.2863537426613048E+03   2.8191401957873903E+00   3.0908312840522970E+06
   2.2600000000000000E+04   1.7436355099152843E+03   7.4272180824613151E+03   2.2785560028668997E+03   2.8194476457699045E+00   3.0872846887187939E+06
   2.2700000000000000E+04   1.7386906053921307E+03   7.4206371883494758E+03   2.2707345056896615E+03   2.8197530135043629E+00   3.0837549279090730E+06
   2.2800000000000000E+04   1.7345956178014262E+03   7.4139817096368752E+03   2.2643750532269069E+03   2.8200561993554421E+00   3.0802427584073474E+06
   2.2900000000000000E+04   1.7271394732204017E+03   7.4072556489960371E+03   2.2523066824190246E+03   2.8203571048129166E+00   3.0767489087956967E+06
   2.3000000000000000E+04   1.7232495544086744E+03   7.4004629162456895E+03   2.2463211456107365E+03   2.8206556324273637E+00   3.0732740740940669E+06
   2.3100000000000000E+04   1.7177336423356869E+03   7.3936073295333217E+03   2.2375846870598052E+03   2.8209516858744603E+00   3.0698189260983597E+06
   2.3200000000000000E+04   1.7120847329090018E+03   7.3866926165257764E+03   2.2286374521061971E+03   2.8212451698746133E+00   3.0663841042457232E+06
   2.3300000000000000E+04   1.7064534926060498E+03   7.3797224156135644E+03   2.2197349114751705E+03   2.8215359902411818E+00   3.0629702242486128E+06
   2.3400000000000000E+04   1.7015581309451720E+03   7.3727002771205307E+03   2.2120902245443826E+03   2.8218240538322554E+00   3.0595778738256847E+06
   2.3500000000000000E+04   1.6963127746685218E+03   7.3656296645203420E+03   2.2038654631863142E+03   2.8221092685185130E+00   3.0562076112151346E+06
   2.3600000000000000E+04   1.6910400400448398E+03   7.3585139556631075E+03   2.1956063529403259E+03   2.8223915432314359E+00   3.0528599741255031E+06
   2.3700000000000000E+04   1.6838672916719893E+03   7.3513564440018235E+03   2.1841609807736540E+03   2.8226707879150927E+00   3.0495354713720302E+06
   2.3800000000000000E+04   1.6798628955096867E+03   7.3441603398245406E+03   2.1780604876122193E+03   2.8229469135261418E+00   3.0462345896662977E+06
   2.3900000000000000E+04   1.6750746501528470E+03   7.3369287714851125E+03   2.1706499552482110E+03   2.8232198319856061E+00   3.0429577885018294E+06
   2.4000000000000000E+04   1.6686367242818267E+03   7.3296647866422099E+03   2.1604817543629961E+03   2.8234894562270991E+00   3.0397055068160784E+06
   2.4100000000000000E+04   1.6650754601677686E+03   7.3223713534951312E+03   2.1551463951745395E+03   2.8237557001887801E+00   3.0364781594223804E+06
   2.4200000000000000E+04   1.6598117441338436E+03   7.3150513620112151E+03   2.1469661729675204E+03   2.8240184787249620E+00   3.0332761380582280E+06
   2.4300000000000000E+04   1.6549931236154684E+03   7.3077076251644221E+03   2.1395394842115938E+03   2.8242777076703978E+00   3.0300998133780290E+06
   2.4400000000000000E+04   1.6505289025308048E+03   7.3003428801651708E+03   2.1327121511959604E+03   2.8245333038242082E+00   3.0269495344490861E+06
   2.4500000000000000E+04   1.6459885400549283E+03   7.2929597896820633E+03   2.1257640080407177E+03   2.8247851848936274E+00   3.0238256282986379E+06
   2.4600000000000000E+04   1.6412605573309149E+03   7.2855609430683635E+03   2.1185094691459158E+03   2.8250332695261493E+00   3.0207284018645086E+06
   2.4700000000000000E+04   1.6365467330810698E+03   7.2781488575800213E+03   2.1112851407982193E+03   2.8252774773014897E+00   3.0176581438281396E+06
   2.4800000000000000E+04   1.6298617604945439E+03   7.2707259795830905E+03   2.1007912590868013E+03   2.8255177286833706E+00   3.0146151195245152E+06
   2.4900000000000000E+04   1.6253206130507135E+03   7.2632946857676352E+03   2.0938696097534485E+03   2.8257539450757720E+00   3.0115995788182667E+06
   2.5000000000000000E+04   1.6206098936690937E+03   7.2558572843381207E+03   2.0866722056461977E+03   2.8259860487425681E+00   3.0086117505818005E+06
   2.5100000000000000E+04   1.6149843817203175E+03   7.2484160162126809E+03   2.0779658683919993E+03   2.8262139628557486E+00   3.0056518476522462E+06
   2.5200000000000000E+04   1.6137665568759287E+03   7.2409730562008808E+03   2.0765614623771926E+03   2.8264376114391605E+00   3.0027200619943072E+06
   2.5300000000000000E+04   1.6060255520270860E+03   7.2335305141889176E+03   2.0643668757765454E+03   2.8266569194247633E+00   2.9998165720922006E+06
   2.5400000000000000E+04   1.6047971995686585E+03   7.2260904362928031E+03   2.0629433846704042E+03   2.8268718125481600E+00   2.9969415352413473E+06
   2.5500000000000000E+04   1.5984544474848578E+03   7.2186548060333389E+03   2.0530746492002309E+03   2.8270822174530634E+00   2.9940950968287271E+06
   2.5600000000000000E+04   1.5964054346230325E+03   7.2112255454727465E+03   2.0502953654454604E+03   2.8272880616029021E+00   2.9912773824215601E+06
   2.5700000000000000E+04   1.5920946931436695E+03   7.2038045163569923E+03   2.0437868853256239E+03   2.8274892732968899E+00   2.9884885035694530E+06
   2.5800000000000000E+04   1.5884064376807521E+03   7.1963935212428914E+03   2.0383067269772548E+03   2.8276857816539516E+00   2.9857285557819591E+06
   2.5900000000000000E+04   1.5842455478536731E+03   7.1889943046261224E+03   2.0320504477363754E+03   2.8278775166609504E+00   2.9829976227241089E+06
   2.6000000000000000E+04   1.5798246065686030E+03   7.1816085540301628E+03   2.0253694206720868E+03   2.8280644090601603E+00   2.9802957690270389E+06
   2.6100000000000000E+04   1.5761844354402294E+03   7.1742379011194107E+03   2.0199739400877384E+03   2.8282463904376871E+00   2.9776230482619954E+06
   2.6200000000000000E+04   1.5718907145030712E+03   7.1668839227755534E+03   2.0135070536771227E+03   2.8284233931672000E+00   2.9749794995316295E+06
   2.6300000000000000E+04   1.5683410289687220E+03   7.1595481421770355E+03   2.0082627727610497E+03   2.8285953504340458E+00   2.9723651489427881E+06
   2.6400000000000000E+04   1.5645681654481300E+03   7.1522320298513387E+03   2.0026534912187367E+03   2.8287621961789924E+00   2.9697800083000939E+06
   2.6500000000000000E+04   1.5608353956835788E+03   7.1449370047374287E+03   1.9971109692635334E+03   2.8289238651544855E+00   2.9672240794534734E+06
   2.6600000000000000E+04   1.5570236818263070E+03   7.1376644352139947E+03   1.9914402395121390E+03   2.8290802928683911E+00   2.9646973499874319E+06
   2.6700000000000000E+04   1.5528779354970129E+03   7.1304156401280898E+03   1.9852246107245483E+03   2.8292314155920355E+00   2.9621997953439378E+06
   2.6800000000000000E+04   1.5474637567130642E+03   7.1231918898119184E+03   1.9769402342560293E+03   2.8293771703682391E+00   2.9597313806520314E+06
   2.6900000000000000E+04   1.5428624694374373E+03   7.1159944070821193E+03   1.9699875808168392E+03   2.8295174949952404E+00   2.9572920597649328E+06
   2.7000000000000000E+04   1.5392319905528909E+03   7.1088243682300072E+03   1.9646195162607492E+03   2.8296523280267070E+00   2.9548817750636772E+06
   2.7100000000000000E+04   1.5370741269673053E+03   7.1016829039843306E+03   1.9616496841116482E+03   2.8297816087074321E+00   2.9525004578810497E+06
   2.7200000000000000E+04   1.5352550706518366E+03   7.0945711005021458E+03   1.9592295522798656E+03   2.8299052770858486E+00   2.9501480313866925E+06
   2.7300000000000000E+04   1.5317030606499709E+03   7.0874900002972281E+03   1.9539860408092943E+03   2.8300232739095601E+00   2.9478244065029062E+06
   2.7400000000000000E+04   1.5283686724817330E+03   7.0804406031811523E+03   1.9490964346901937E+03   2.8301355406333712E+00   2.9455294860322871E+06
   2.7500000000000000E+04   1.5251787735543749E+03   7.0734238672020083E+03   1.9444411262511103E+03   2.8302420194675082E+00   2.9432631629580925E+06
   2.7600000000000000E+04   1.5217095132739967E+03   7.0664407095368160E+03   1.9393311726159880E+03   2.8303426532892217E+00   2.9410253210430848E+06
   2.7700000000000000E+04   1.5185076455468134E+03   7.0594920074129122E+03   1.9346549072957268E+03   2.8304373857231422E+00   2.9388158355694362E+06
   2.7800000000000000E+04   1.5152778210738882E+03   7.0525785989784199E+03   1.9299323553192407E+03   2.8305261610689629E+00   2.9366345737369047E+06
   2.7900000000000000E+04   1.5120180568846674E+03   7.0457012841862652E+03   1.9251603547787431E+03   2.8306089243335797E+00   2.9344813941803854E+06
   2.8000000000000000E+04   1.5086968192527279E+03   7.0388608256511134E+03   1.9202878841451579E+03   2.8306856212069826E+00   2.9323561475154660E+06
   2.8100000000000000E+04   1.5056565426596030E+03   7.0320579495019574E+03   1.9158695289343325E+03   2.8307561980702896E+00   2.9302586773709389E+06
   2.8200000000000000E+04   1.5023176435750861E+03   7.0252933462156043E+03   1.9109666081392349E+03   2.8308206019796791E+00   2.9281888193975193E+06
   2.8300000000000000E+04   1.4995634407741009E+03   7.0185676714372939E+03   1.9070084107222478E+03   2.8308787806503148E+00   2.9261464022328542E+06
   2.8400000000000000E+04   1.4965114528462786E+03   7.0118815468069297E+03   1.9025669831818386E+03   2.8309306825045626E+00   2.9241312483776747E+06
   2.8500000000000000E+04   1.4936239496318065E+03   7.0052355607365398E+03   1.8983898620953948E+03   2.8309762565916290E+00   2.9221431728175846E+06
   2.8600000000000000E+04   1.4907124951753663E+03   6.9986302692067375E+03   1.8941723568583541E+03   2.8310154526197042E+00   2.9201819848450515E+06
   2.8700000000000000E+04   1.4877821360030862E+03   6.9920661965516929E+03   1.8899226614303457E+03   2.8310482209881092E+00   2.9182474874233096E+06
   2.8800000000000000E+04   1.4817092069698269E+03   6.9855438361935512E+03   1.8806060347127793E+03   2.8310745126908614E+00   2.9163394774434580E+06
   2.8900000000000000E+04   1.4788460322236226E+03   6.9790636514168391E+03   1.8764640427168772E+03   2.8310942793970311E+00   2.9144577466623420E+06
   2.9000000000000000E+04   1.4789902081521636E+03   6.9726260760976493E+03   1.8771622181634552E+03   2.8311074734186055E+00   2.9126020811310327E+06
   2.9100000000000000E+04   1.4761736112482888E+03   6.9662315154226344E+03   1.8730890115191955E+03   2.8311140476863716E+00   2.9107722617091686E+06
   2.9200000000000000E+04   1.4734976279035729E+03   6.9598803466083509E+03   1.8692402092650914E+03   2.8311139557659963E+00   2.9089680643322365E+06
   2.9300000000000000E+04   1.4708134759058310E+03   6.9535729196014254E+03   1.8653761597371772E+03   2.8311071518499809E+00   2.9071892601616150E+06
   2.9400000000000000E+04   1.4682091179668148E+03   6.9473095577589311E+03   1.8616383017842008E+03   2.8310935907255232E+00   2.9054356159338583E+06
   2.9500000000000000E+04   1.4653414114957238E+03   6.9410905585509236E+03   1.8574750528622271E+03   2.8310732278468436E+00   2.9037068937387839E+06
   2.9600000000000000E+04   1.4628452789305413E+03   6.9349161941941038E+03   1.8539067880422713E+03   2.8310460192307074E+00   2.9020028517692443E+06
   2.9700000000000000E+04   1.4602060974801420E+03   6.9287867123286778E+03   1.8501065117354856E+03   2.8310119215207208E+00   2.9003232442336446E+06
   2.9800000000000000E+04   1.4576660370986003E+03   6.9227023366469884E+03   1.8464631391208363E+03   2.8309708919391126E+00   2.8986678216051017E+06
   2.9900000000000000E+04   1.4551330267844871E+03   6.9166632675430956E+03   1.8428287882831680E+03   2.8309228883349502E+00   2.8970363306042221E+06
   3.0000000000000000E+04   1.4529151532009851E+03   6.9106696827215965E+03   1.8396973785617988E+03   2.8308678691439564E+00   2.8954285148469927E+06
   3.0100000000000000E+04   1.4504579186197316E+03   6.9047217378059331E+03   1.8361796664908463E+03   2.8308057933804776E+00   2.8938441140007582E+06
   3.0200000000000000E+04   1.4479643311539805E+03   6.8988195669356228E+03   1.8326013493105536E+03   2.8307366206294438E+00   2.8922828658200237E+06
   3.0300000000000000E+04   1.4455475517397742E+03   6.8929632833698879E+03   1.8291437058220968E+03   2.8306603110865503E+00   2.8907445044704345E+06
   3.0400000000000000E+04   1.4425830775977568E+03   6.8871529800437729E+03   1.8248071968686820E+03   2.8305768254939703E+00   2.8892287613385785E+06
   3.0500000000000000E+04   1.4405634422293531E+03   6.8813887301475606E+03   1.8219804003691197E+03   2.8304861251724973E+00   2.8877353654050953E+06
   3.0600000000000000E+04   1.4382857359781592E+03   6.8756705876905226E+03   1.8187380884848542E+03   2.8303881720376172E+00   2.8862640437074900E+06
   3.0700000000000000E+04   1.4360416210745634E+03   6.8699985880190916E+03   1.8155469336861991E+03   2.8302829285191469E+00   2.8848145202423199E+06
   3.0800000000000000E+04   1.4338035464036889E+03   6.8643727483832527E+03   1.8123628710745563E+03   2.8301703576415966E+00   2.8833865170646706E+06
   3.0900000000000000E+04   1.4315693054460519E+03   6.8587930684400526E+03   1.8091823845804042E+03   2.8300504229598800E+00   2.8819797553078630E+06
   3.1000000000000000E+04   1.4293691093216673E+03   6.8532595307856645E+03   1.8060537197993899E+03   2.8299230885994930E+00   2.8805939531213455E+06
   3.1100000000000000E+04   1.4258044653039940E+03   6.8477721014476356E+03   1.8007455401508951E+03   2.8297883192163362E+00   2.8792288274946697E+06
   3.1200000000000000E+04   1.4218876530086550E+03   6.8423307303884394E+03   1.7948764417325044E+03   2.8296460800127878E+00   2.8778840936185708E+06
   3.1300000000000000E+04   1.4197649117059802E+03   6.8369353519873366E+03   1.7918655178679667E+03   2.8294963367216219E+00   2.8765594666038407E+06
   3.1400000000000000E+04   1.4176093998514980E+03   6.8315858855314400E+03   1.7887998577086378E+03   2.8293390556381697E+00   2.8752546577571821E+06
   3.1500000000000000E+04   1.4155948395345442E+03   6.8262822356662600E+03   1.7859560530005992E+03   2.8291742035720837E+00   2.8739693784336736E+06
   3.1600000000000000E+04   1.4150846366027783E+03   6.8210242928491098E+03   1.7855039635065582E+03   2.8290017478312772E+00   2.8727033412717986E+06
   3.1700000000000000E+04   1.4141357722166115E+03   6.8158119338189317E+03   1.7843504838052215E+03   2.8288216562701387E+00   2.8714562552190600E+06
   3.1800000000000000E+04   1.4121230072763194E+03   6.8106450220320958E+03   1.7815002891006168E+03   2.8286338972734608E+00   2.8702278291551401E+06
   3.1900000000000000E+04   1.4102205732359744E+03   6.8055234080891578E+03   1.7788230643382401E+03   2.8284384397403639E+00   2.8690177704324108E+06
   3.2000000000000000E+04   1.4081822437031740E+03   6.8004469301394502E+03   1.7759270312446488E+03   2.8282352530360799E+00   2.8678257889020066E+06
   3.2100000000000000E+04   1.4064515901199925E+03   6.7954154143360474E+03   1.7735177163504493E+03   2.8280243070883904E+00   2.8666515905735921E+06
   3.2200000000000000E+04   1.4044912371343012E+03   6.7904286752037742E+03   1.7707405034633382E+03   2.8278055722911852E+00   2.8654948828864316E+06
   3.2300000000000000E+04   1.4026000659890547E+03   6.7854865160578256E+03   1.7680707039749936E+03   2.8275790195526866E+00   2.8643553731480408E+06
   3.2400000000000000E+04   1.4006859765085990E+03   6.7805887293879532E+03   1.7653619371916832E+03   2.8273446202793742E+00   2.8632327681107651E+06
   3.2500000000000000E+04   1.3987516908080390E+03   6.7757350972410859E+03   1.7626185924982274E+03   2.8271023463759839E+00   2.8621267734377570E+06
   3.2600000000000000E+04   1.3967749127364611E+03   6.7709253915754816E+03   1.7598053422958919E+03   2.8268521701972880E+00   2.8610370981222745E+06
   3.2700000000000000E+04   1.3944544881760710E+03   6.7661593746614908E+03   1.7564444635536333E+03   2.8265940646284631E+00   2.8599634469971978E+06
   3.2800000000000000E+04   1.3918643624231390E+03   6.7614367994133927E+03   1.7526540577139351E+03   2.8263280030207998E+00   2.8589055284945257E+06
   3.2900000000000000E+04   1.3912707395859054E+03   6.7567574097405486E+03   1.7520272542921703E+03   2.8260539591916949E+00   2.8578630490944562E+06
   3.3000000000000000E+04   1.3880134582422402E+03   6.7521209408981667E+03   1.7471750459790460E+03   2.8257719074407341E+00   2.8568357194345323E+06
   3.3100000000000000E+04   1.3862429977652230E+03   6.7475271198167793E+03   1.7446775826716771E+03   2.8254818225336114E+00   2.8558232457467206E+06
   3.3200000000000000E+04   1.3828783488429272E+03   6.7429756654384801E+03   1.7396540591975972E+03   2.8251836797182048E+00   2.8548253373146104E+06
   3.3300000000000000E+04   1.3811192607258274E+03   6.7384662890176605E+03   1.7371705678885914E+03   2.8248774546763618E+00   2.8538417055310486E+06
   3.3400000000000000E+04   1.3811267259112988E+03   6.7339986944571474E+03   1.7374795481411668E+03   2.8245631235721089E+00   2.8528720598887210E+06
   3.3500000000000000E+04   1.3792988506970350E+03   6.7295725786020384E+03   1.7348816519304787E+03   2.8242406630195163E+00   2.8519161120761000E+06
   3.3600000000000000E+04   1.3788410536911206E+03   6.7251876315334757E+03   1.7344488736598955E+03   2.8239100500666154E+00   2.8509735747341006E+06
   3.3700000000000000E+04   1.3770502996352950E+03   6.7208435368921646E+03   1.7319045096569139E+03   2.8235712622596978E+00   2.8500441615431341E+06
   3.3800000000000000E+04   1.3754946070882827E+03   6.7165399721226104E+03   1.7297296462652603E+03   2.8232242775468728E+00   2.8491275840972839E+06
   3.3900000000000000E+04   1.3740196467698638E+03   6.7122766087687041E+03   1.7276800275175658E+03   2.8228690743102174E+00   2.8482235629825373E+06
   3.4000000000000000E+04   1.3723347391973782E+03   6.7080531127708637E+03   1.7252961409339232E+03   2.8225056314139918E+00   2.8473318104971685E+06
   3.4100000000000000E+04   1.3707243785722337E+03   6.7038691446977809E+03   1.7230278326142695E+03   2.8221339281242779E+00   2.8464520448788493E+06
   3.4200000000000000E+04   1.3683978130158378E+03   6.6997243600234797E+03   1.7196260782807988E+03   2.8217539441411206E+00   2.8455839874753715E+06
   3.4300000000000000E+04   1.3670055953121416E+03   6.6956184093837028E+03   1.7176980480795696E+03   2.8213656595985328E+00   2.8447273576431312E+06
   3.4400000000000000E+04   1.3656873268742859E+03   6.6915509388339178E+03   1.7158844048837198E+03   2.8209690550805631E+00   2.8438818742344175E+06
   3.4500000000000000E+04   1.3627744704456682E+03   6.6875215900483172E+03   1.7115523965299888E+03   2.8205641115248672E+00   2.8430472666511927E+06
   3.4600000000000000E+04   1.3625116866965873E+03   6.6835300006344014E+03   1.7113994346530351E+03   2.8201508103834252E+00   2.8422232530214200E+06
   3.4700000000000000E+04   1.3607548063603599E+03   6.6795758042669604E+03   1.7088871544430647E+03   2.8197291334136025E+00   2.8414095661074691E+06
   3.4800000000000000E+04   1.3582704570837400E+03   6.6756586310148714E+03   1.7052262508381282E+03   2.8192990628870951E+00   2.8406059289238350E+06
   3.4900000000000000E+04   1.3579667397725616E+03   6.6717781074786835E+03   1.7050008248617685E+03   2.8188605814131282E+00   2.8398120718276193E+06
   3.5000000000000000E+04   1.3565456139326482E+03   6.6679338570532518E+03   1.7030117200515865E+03   2.8184136720348896E+00   2.8390277269788240E+06
   3.5100000000000000E+04   1.3548470481463314E+03   6.6641255001157942E+03   1.7005833926377218E+03   2.8179583181813168E+00   2.8382526283758762E+06
   3.5200000000000000E+04   1.3519702091127349E+03   6.6603526542553955E+03   1.6962979709530384E+03   2.8174945037153161E+00   2.8374865065099718E+06
   3.5300000000000000E+04   1.3505339478241240E+03   6.6566149344269061E+03   1.6942795387471890E+03   2.8170222128373137E+00   2.8367291021832041E+06
   3.5400000000000000E+04   1.3503546151497721E+03   6.6529119532018512E+03   1.6942372873032323E+03   2.8165414301977849E+00   2.8359801516982624E+06
   3.5500000000000000E+04   1.3492253272604312E+03   6.6492433209042156E+03   1.6926975543178112E+03   2.8160521407847274E+00   2.8352393976810784E+06
   3.5600000000000000E+04   1.3464450322933299E+03   6.6456086458441405E+03   1.6885583085000642E+03   2.8155543300201065E+00   2.8345065767461658E+06
   3.5700000000000000E+04   1.3444755523988597E+03   6.6420075344515872E+03   1.6856937870640122E+03   2.8150479836634168E+00   2.8337814389425893E+06
   3.5800000000000000E+04   1.3443585569632864E+03   6.6384395914930037E+03   1.6857397934597836E+03   2.8145330878920438E+00   2.8330637259180290E+06
   3.5900000000000000E+04   1.3434401983818304E+03   6.6349044202033583E+03   1.6845237795927260E+03   2.8140096292209069E+00   2.8323531884196214E+06
   3.6000000000000000E+04   1.3415677603763179E+03   6.6314016224859834E+03   1.6818060556794792E+03   2.8134775945667387E+00   2.8316495744712958E+06
   3.6100000000000000E+04   1.3402511771172863E+03   6.6279307990516336E+03   1.6799603399631164E+03   2.8129369711998780E+00   2.8309526366020609E+06
   3.6200000000000000E+04   1.3389601930166255E+03   6.6244915495936521E+03   1.6781530342911813E+03   2.8123877467764120E+00   2.8302621282146866E+06
   3.6300000000000000E+04   1.3362205110750015E+03   6.6210834729099352E+03   1.6740694330076165E+03   2.8118299092738788E+00   2.8295778100801441E+06
   3.6400000000000000E+04   1.3355841519835592E+03   6.6177061671026186E+03   1.6732865037891218E+03   2.8112634470877134E+00   2.8288994320703340E+06
   3.6500000000000000E+04   1.3345446993218161E+03   6.6143592296670304E+03   1.6718689640761518E+03   2.8106883489187351E+00   2.8282267620170708E+06
   3.6600000000000000E+04   1.3334995955157015E+03   6.6110422576668834E+03   1.6704407223005896E+03   2.8101046038374355E+00   2.8275595593985901E+06
   3.6700000000000000E+04   1.3322447532532369E+03   6.6077548478729123E+03   1.6686816192125907E+03   2.8095122012839804E+00   2.8268975913522807E+06
   3.6800000000000000E+04   1.3291896520804985E+03   6.6044965968809438E+03   1.6640981511848493E+03   2.8089111310360648E+00   2.8262406188503732E+06
   3.6900000000000000E+04   1.3293051547526691E+03   6.6012671012342025E+03   1.6644843939790321E+03   2.8083013831928429E+00   2.8255884192610150E+06
   3.7000000000000000E+04   1.3280584995759300E+03   6.5980659575755426E+03   1.6627334298018068E+03   2.8076829482231389E+00   2.8249407609809795E+06
   3.7100000000000000E+04   1.3267170994136634E+03   6.5948927627458179E+03   1.6608324316201983E+03   2.8070558169172353E+00   2.8242974145142795E+06
   3.7200000000000000E+04   1.3248496524556579E+03   6.5917471139205882E+03   1.6581059222907804E+03   2.8064199804190166E+00   2.8236581600873200E+06
   3.7300000000000000E+04   1.3239309469162142E+03   6.5886286087011858E+03   1.6568642442877840E+03   2.8057754301777496E+00   2.8230227743530469E+06
   3.7400000000000000E+04   1.3228636621776773E+03   6.5855368452616394E+03   1.6553882571563533E+03   2.8051221580123769E+00   2.8223910362229743E+06
   3.7500000000000000E+04   1.3212150769096745E+03   6.5824714224072031E+03   1.6530007122831139E+03   2.8044601560150770E+00   2.8217627332073348E+06
   3.7600000000000000E+04   1.3200723276462870E+03   6.5794319397318486E+03   1.6514037213416641E+03   2.8037894166477053E+00   2.8211376474235137E+06
   3.7700000000000000E+04   1.3187612828441031E+03   6.5764179976786309E+03   1.6495419738355192E+03   2.8031099326614259E+00   2.8205155664460543E+06
   3.7800000000000000E+04   1.3171849481460295E+03   6.5734291976739651E+03   1.6472640132081749E+03   2.8024216971610056E+00   2.8198962769425143E+06
   3.7900000000000000E+04   1.3161612056919580E+03   6.5704651421814178E+03   1.6458490844875444E+03   2.8017247035244468E+00   2.8192795778614180E+06
   3.8000000000000000E+04   1.3221691717255317E+03   6.5675254348212657E+03   1.6554413521035440E+03   2.8010189454512102E+00   2.8186652607319918E+06
   3.8100000000000000E+04   1.3159119440101292E+03   6.5646096804701228E+03   1.6458269689047459E+03   2.8003044169782871E+00   2.8180531227787542E+06
   3.8200000000000000E+04   1.3099414821964849E+03   6.5617174853228735E+03   1.6366779396839365E+03   2.7995811124319734E+00   2.8174429601645325E+06
   3.8300000000000000E+04   1.3108105254287777E+03   6.5588484569688253E+03   1.6382136913336119E+03   2.7988490264118102E+00   2.8168345783832120E+06
   3.8400000000000000E+04   1.3098613135355142E+03   6.5560022045177266E+03   1.6369086987184451E+03   2.7981081538709329E+00   2.8162277784014540E+06
   3.8500000000000000E+04   1.3086027404839547E+03   6.5531783386180296E+03   1.6351193671126894E+03   2.7973584900035751E+00   2.8156223707127990E+06
   3.8600000000000000E+04   1.3076591581019466E+03   6.5503764715951656E+03   1.6338206448879921E+03   2.7966000303575687E+00   2.8150181574273664E+06
   3.8700000000000000E+04   1.3075075222640653E+03   6.5475962174642291E+03   1.6337569466951936E+03   2.7958327707218391E+00   2.8144149539215062E+06
   3.8800000000000000E+04   1.3072716824530592E+03   6.5448371920368145E+03   1.6335605371922657E+03   2.7950567071906951E+00   2.8138125782349184E+06
   3.8900000000000000E+04   1.3062255906227433E+03   6.5420990129902857E+03   1.6320977338087828E+03   2.7942718361638250E+00   2.8132108396057244E+06
   3.9000000000000000E+04   1.3031562399047696E+03   6.5393812999168094E+03   1.6274769415819492E+03   2.7934781543141618E+00   2.8126095532393740E+06
   3.9100000000000000E+04   1.3021078696242100E+03   6.5366836743696640E+03   1.6260089778286688E+03   2.7926756585557251E+00   2.8120085522941290E+06
   3.9200000000000000E+04   1.3043306592775259E+03   6.5340057599787524E+03   1.6296431186506193E+03   2.7918643461400650E+00   2.8114076492006071E+06
   3.9300000000000000E+04   1.3046165290285999E+03   6.5313471824656954E+03   1.6302549444490273E+03   2.7910442145758969E+00   2.8108066663228674E+06
   3.9400000000000000E+04   1.3025832480375732E+03   6.5287075696831362E+03   1.6272450841597306E+03   2.7902152615969551E+00   2.8102054404888437E+06
   3.9500000000000000E+04   1.3038473653512560E+03   6.5260865517327911E+03   1.6293816604035949E+03   2.7893774852745032E+00   2.8096037990789348E+06
   3.9600000000000000E+04   1.3025650063140463E+03   6.5234837609646756E+03   1.6275414473212093E+03   2.7885308839208958E+00   2.8090015717603737E+06
   3.9700000000000000E+04   1.2969010814637445E+03   6.5208988320278822E+03   1.6188676089034238E+03   2.7876754560895818E+00   2.8083985946863582E+06
   3.9800000000000000E+04   1.2943808314752487E+03   6.5183314019374902E+03   1.6151001251002472E+03   2.7868112006072461E+00   2.8077947064909344E+06
   3.9900000000000000E+04   1.2928369249942730E+03   6.5157811101306106E+03   1.6128532329198413E+03   2.7859381165898824E+00   2.8071897482932922E+06
   4.0000000000000000E+04   1.2902904221429421E+03   6.5132475984749963E+03   1.6090465055774598E+03   2.7850562033785073E+00   2.8065835506304633E+06
   4.0100000000000000E+04   1.2918431107616755E+03   6.5107305113301236E+03   1.6116159846965734E+03   2.7841654605713009E+00   2.8059759679163466E+06
   4.0200000000000000E+04   1.2908561359945957E+03   6.5082294955883235E+03   1.6102332341987874E+03   2.7832658880236085E+00   2.8053668440831429E+06
   4.0300000000000000E+04   1.2903852347705067E+03   6.5057442006957326E+03   1.6096526265248804E+03   2.7823574858157909E+00   2.8047560343129984E+06
   4.0400000000000000E+04   1.2893145841344171E+03   6.5032742787356183E+03   1.6081379341850452E+03   2.7814402543335990E+00   2.8041433737395750E+06
   4.0500000000000000E+04   1.2880537765416320E+03   6.5008193843815352E+03   1.6063267732725674E+03   2.7805141941235063E+00   2.8035287266993471E+06
   4.0600000000000000E+04   1.2866419865381224E+03   6.4983791750231840E+03   1.6042803366031164E+03   2.7795793060534462E+00   2.8029119464628426E+06
   4.0700000000000000E+04   1.2859846330631128E+03   6.4959533107159968E+03   1.6034062105800615E+03   2.7786355911681486E+00   2.8022928885305780E+06
   4.0800000000000000E+04   1.2837510770833646E+03   6.4935414542485623E+03   1.6000818137548533E+03   2.7776830507534398E+00   2.8016714248558255E+06
   4.0900000000000000E+04   1.2832802166211852E+03   6.4911432711996367E+03   1.5994959268103264E+03   2.7767216863844539E+00   2.8010473967178105E+06
   4.1000000000000000E+04   1.2820134683858357E+03   6.4887584298916527E+03   1.5976729726007984E+03   2.7757514997970540E+00   2.8004206855016453E+06
   4.1100000000000000E+04   1.2822800162955150E+03   6.4863866014815931E+03   1.5982308934107721E+03   2.7747724930003397E+00   2.7997911462987727E+06
   4.1200000000000000E+04   1.2811692582754017E+03   6.4840274599485001E+03   1.5966486745358936E+03   2.7737846682123615E+00   2.7991586557425843E+06
   4.1300000000000000E+04   1.2812900227312773E+03   6.4816806821071950E+03   1.5969786372761955E+03   2.7727880278440362E+00   2.7985230880731172E+06
   4.1400000000000000E+04   1.2800901103033771E+03   6.4793459476859789E+03   1.5952564998306577E+03   2.7717825745955986E+00   2.7978843098655394E+06
   4.1500000000000000E+04   1.2813165505008044E+03   6.4770229392817446E+03   1.5973028629938176E+03   2.7707683113440793E+00   2.7972421896704831E+06
   4.1600000000000000E+04   1.2763749053772581E+03   6.4747113423788142E+03   1.5897699537394035E+03   2.7697452411433114E+00   2.7965966236608946E+06
   4.1700000000000000E+04   1.2733395943722328E+03   6.4724108454416109E+03   1.5852017798082456E+03   2.7687133673525115E+00   2.7959474747169861E+06
   4.1800000000000000E+04   1.2706705745317520E+03   6.4701211398280393E+03   1.5812040989309489E+03   2.7676726934594780E+00   2.7952946334106019E+06
   4.1900000000000000E+04   1.2666861100027520E+03   6.4678419198702668E+03   1.5751740230604410E+03   2.7666232231931023E+00   2.7946379822994377E+06
   4.2000000000000000E+04   1.2661162623989214E+03   6.4655728828699785E+03   1.5744274008358800E+03   2.7655649604912202E+00   2.7939774060730445E+06
   4.2100000000000000E+04   1.2667643222987463E+03   6.4633137291017802E+03   1.5755638203172252E+03   2.7644979094845468E+00   2.7933127969176895E+06
   4.2200000000000000E+04   1.2656498158468305E+03   6.4610641618342415E+03   1.5739735316617764E+03   2.7634220745127358E+00   2.7926440384726543E+06
   4.2300000000000000E+04   1.2660467757490985E+03   6.4588238873310447E+03   1.5747206132626793E+03   2.7623374601083217E+00   2.7919710327106705E+06
   4.2400000000000000E+04   1.2651894765319169E+03   6.4565926148793469E+03   1.5735270047240840E+03   2.7612440710288508E+00   2.7912936564547969E+06
   4.2500000000000000E+04   1.2646327349149137E+03   6.4543700567413562E+03   1.5727978413630237E+03   2.7601419121604596E+00   2.7906118270373922E+06
   4.2600000000000000E+04   1.2636636288764737E+03   6.4521559282374665E+03   1.5714304472144181E+03   2.7590309886464435E+00   2.7899254308991460E+06
   4.2700000000000000E+04   1.2625725538018123E+03   6.4499499476863002E+03   1.5698741693528489E+03   2.7579113057747571E+00   2.7892343731563753E+06
   4.2800000000000000E+04   1.2611824109863326E+03   6.4477518364670377E+03   1.5678554627278272E+03   2.7567828690744456E+00   2.7885385497191865E+06
   4.2900000000000000E+04   1.2609262040862238E+03   6.4455613189477845E+03   1.5675890370392710E+03   2.7556456841870620E+00   2.7878378756465404E+06
   4.3000000000000000E+04   1.2593045969925101E+03   6.4433781225747771E+03   1.5652123084052930E+03   2.7544997570113297E+00   2.7871322451109597E+06
   4.3100000000000000E+04   1.2580474186806682E+03   6.4412019777891919E+03   1.5633987813692058E+03   2.7533450935584756E+00   2.7864215773879294E+06
   4.3200000000000000E+04   1.2586818924984657E+03   6.4390326180956772E+03   1.5645067662227975E+03   2.7521817000647459E+00   2.7857057763661742E+06
   4.3300000000000000E+04   1.2580716421396064E+03   6.4368697800346708E+03   1.5636916363182472E+03   2.7510095829431958E+00   2.7849847536871787E+06
   4.3400000000000000E+04   1.2567334062372131E+03   6.4347132031536839E+03   1.5617517563074705E+03   2.7498287487354531E+00   2.7842584350074683E+06
   4.3500000000000000E+04   1.2550491448329349E+03   6.4325626300640452E+03   1.5592778755622710E+03   2.7486392042081693E+00   2.7835267179436302E+06
   4.3600000000000000E+04   1.2534836188644963E+03   6.4304178063915351E+03   1.5569878021989553E+03   2.7474409562726514E+00   2.7827895320942048E+06
   4.3700000000000000E+04   1.2522226885372042E+03   6.4282784807836397E+03   1.5551679666843700E+03   2.7462340120009352E+00   2.7820467970171249E+06
   4.3800000000000000E+04   1.2503114901663610E+03   6.4261444049258253E+03   1.5523457420805144E+03   2.7450183786579281E+00   2.7812984279552796E+06
   4.3900000000000000E+04   1.2449790618067620E+03   6.4240153334993574E+03   1.5442573025885531E+03   2.7437940636371185E+00   2.7805443544025756E+06
   4.4000000000000000E+04   1.2454210500055860E+03   6.4218910242057573E+03   1.5450603021460713E+03   2.7425610745088012E+00   2.7797845079387575E+06
   4.4100000000000000E+04   1.2466036573354975E+03   6.4197712377618009E+03   1.5470038771857458E+03   2.7413194190200665E+00   2.7790187966837958E+06
   4.4200000000000000E+04   1.2460999668259853E+03   6.4176557378745247E+03   1.5463510317021351E+03   2.7400691050626631E+00   2.7782471621721415E+06
   4.4300000000000000E+04   1.2413798653987481E+03   6.4155442912252129E+03   1.5392103638895778E+03   2.7388101406569225E+00   2.7774695287230201E+06
   4.4400000000000000E+04   1.2371593444533723E+03   6.4134366675010824E+03   1.5328473742954686E+03   2.7375425340160451E+00   2.7766858353589918E+06
   4.4500000000000000E+04   1.2394875469588058E+03   6.4113326393491316E+03   1.5365438879011247E+03   2.7362662934818189E+00   2.7758960165247256E+06
   4.4600000000000000E+04   1.2349590855339145E+03   6.4092319823873795E+03   1.5297104396556131E+03   2.7349814275567570E+00   2.7751000018281406E+06
   4.4700000000000000E+04   1.2368602367192120E+03   6.4071344751768429E+03   1.5327484574634707E+03   2.7336879448719573E+00   2.7742977291409923E+06
   4.4800000000000000E+04   1.2357384124495359E+03   6.4050398992414293E+03   1.5311457180410302E+03   2.7323858542353165E+00   2.7734891381107699E+06
   4.4900000000000000E+04   1.2376351556359225E+03   6.4029480390194885E+03   1.5341788138900918E+03   2.7310751645672440E+00   2.7726741769211236E+06
   4.5000000000000000E+04   1.2298609575553430E+03   6.4008586818729564E+03   1.5223689135743234E+03   2.7297558849327990E+00   2.7718527820210783E+06
   4.5100000000000000E+04   1.2288388312384518E+03   6.3987716180961688E+03   1.5209209405065085E+03   2.7284280245738475E+00   2.7710248844969310E+06
   4.5200000000000000E+04   1.2261556768756923E+03   6.3966866408464075E+03   1.5169300198611377E+03   2.7270915928126143E+00   2.7701904514392461E+06
   4.5300000000000000E+04   1.2248626643662294E+03   6.3946035461906240E+03   1.5150684175855067E+03   2.7257465991481298E+00   2.7693494242788004E+06
   4.5400000000000000E+04   1.2235132110926968E+03   6.3925221330642680E+03   1.5131208709586388E+03   2.7243930532080038E+00   2.7685017388849640E+06
   4.5500000000000000E+04   1.2211724862187370E+03   6.3904422032393677E+03   1.5096585437729477E+03   2.7230309647162834E+00   2.7676473607550068E+06
   4.5600000000000000E+04   1.2211259666267470E+03   6.3883635613701208E+03   1.5097034897286555E+03   2.7216603435898903E+00   2.7667862288791570E+06
   4.5700000000000000E+04   1.2199276789601397E+03   6.3862860149017524E+03   1.5079881356922476E+03   2.7202811998100356E+00   2.7659183050544453E+06
   4.5800000000000000E+04   1.2208090714211405E+03   6.3842093741153622E+03   1.5094511873706788E+03   2.7188935435186612E+00   2.7650435456653032E+06
   4.5900000000000000E+04   1.2190120550907066E+03   6.3821334520847440E+03   1.5068205872165652E+03   2.7174973849702160E+00   2.7641619014049554E+06
   4.6000000000000000E+04   1.2182916549681422E+03   6.3800580646815943E+03   1.5058355767101202E+03   2.7160927345638082E+00   2.7632733317092964E+06
   4.6100000000000000E+04   1.2214499835702061E+03   6.3779830305316345E+03   1.5107800525867922E+03   2.7146796027949769E+00   2.7623777975937710E+06
   4.6200000000000000E+04   1.2196876934476609E+03   6.3759081710191258E+03   1.5082009709575357E+03   2.7132580002878481E+00   2.7614752541854572E+06
   4.6300000000000000E+04   1.2235113385935695E+03   6.3738333102521401E+03   1.5141688943550689E+03   2.7118279377629810E+00   2.7605656729632355E+06
   4.6400000000000000E+04   1.2176559854301468E+03   6.3717582750860793E+03   1.5053270512197316E+03   2.7103894261016683E+00   2.7596490120451408E+06
   4.6500000000000000E+04   1.2198621224167412E+03   6.3696828950589970E+03   1.5088165663485024E+03   2.7089424762655612E+00   2.7587252232612683E+06
   4.6600000000000000E+04   1.2183584541044395E+03   6.3676070023950542E+03   1.5066330069380820E+03   2.7074870993288229E+00   2.7577942978128409E+06
   4.6700000000000000E+04   1.2168820357689394E+03   6.3655304319979659E+03   1.5044918655762588E+03   2.7060233064942008E+00   2.7568561827754411E+06
   4.6800000000000000E+04   1.2145619308815778E+03   6.3634530214050501E+03   1.5010625885983077E+03   2.7045511090448038E+00   2.7559108571147090E+06
   4.6900000000000000E+04   1.2099366869735031E+03   6.3613746107997722E+03   1.4941188528331395E+03   2.7030705183923218E+00   2.7549582936597033E+06
   4.7000000000000000E+04   1.2115641261358451E+03   6.3592950429849343E+03   1.4967164884970468E+03   2.7015815460609609E+00   2.7539984588329308E+06
   4.7100000000000000E+04   1.2091404029488338E+03   6.3572141633556203E+03   1.4931341027453461E+03   2.7000842036713548E+00   2.7530313123783353E+06
   4.7200000000000000E+04   1.2090681892296291E+03   6.3551318198621366E+03   1.4931388869771686E+03   2.6985785029084366E+00   2.7520568548480957E+06
   4.7300000000000000E+04   1.2084751715038383E+03   6.3530478630609832E+03   1.4923495236998801E+03   2.6970644556339356E+00   2.7510750327478927E+06
   4.7400000000000000E+04   1.2062267564287374E+03   6.3509621459990076E+03   1.4890368288134559E+03   2.6955420737256564E+00   2.7500858495841678E+06
   4.7500000000000000E+04   1.2054545837967974E+03   6.3488745242836603E+03   1.4879749244282025E+03   2.6940113692221299E+00   2.7490892702965736E+06
   4.7600000000000000E+04   1.2038909255073588E+03   6.3467848560157972E+03   1.4857076186188340E+03   2.6924723542422497E+00   2.7480852689462653E+06
   4.7700000000000000E+04   1.2035006188791097E+03   6.3446930017615923E+03   1.4852278198422305E+03   2.6909250409692054E+00   2.7470738371636751E+06
   4.7800000000000000E+04   1.2018157466418154E+03   6.3425988245634853E+03   1.4827770451411395E+03   2.6893694416986920E+00   2.7460549515933124E+06
   4.7900000000000000E+04   1.1956818460916193E+03   6.3405021899216454E+03   1.4735642562689911E+03   2.6878055688389151E+00   2.7450285900028171E+06
   4.8000000000000000E+04   1.1933134080336051E+03   6.3384029657457959E+03   1.4700815524594468E+03   2.6862334348623724E+00   2.7439947312600422E+06
   4.8100000000000000E+04   1.1919152664069743E+03   6.3363010223462315E+03   1.4680730177291482E+03   2.6846530523219263E+00   2.7429533721621977E+06
   4.8200000000000000E+04   1.1907652899430013E+03   6.3341962324345086E+03   1.4664415829829525E+03   2.6830644338829459E+00   2.7419044940566556E+06
   4.8300000000000000E+04   1.1925457133998880E+03   6.3320884710749660E+03   1.4692561807706813E+03   2.6814675922750957E+00   2.7408480878717969E+06
   4.8400000000000000E+04   1.1880323108606933E+03   6.3299776156852513E+03   1.4625239065462210E+03   2.6798625403244727E+00   2.7397841372236595E+06
   4.8500000000000000E+04   1.1861768856814788E+03   6.3278635459974703E+03   1.4598255338934532E+03   2.6782492909214661E+00   2.7387126353821773E+06
   4.8600000000000000E+04   1.1883866470834794E+03   6.3257461440683610E+03   1.4632871721090632E+03   2.6766278570689792E+00   2.7376335681774267E+06
   4.8700000000000000E+04   1.1863427358610440E+03   6.3236252942206620E+03   1.4603025718136271E+03   2.6749982518181268E+00   2.7365469224459184E+06
   4.8800000000000000E+04   1.1868353775553605E+03   6.3215008830531569E+03   1.4611625390635015E+03   2.6733604883164661E+00   2.7354526947999252E+06
   4.8900000000000000E+04   1.1835089877048699E+03   6.3193727994015735E+03   1.4562369211808682E+03   2.6717145797758430E+00   2.7343508742097965E+06
   4.9000000000000000E+04   1.1847080803302670E+03   6.3172409343288491E+03   1.4581662881050856E+03   2.6700605394884680E+00   2.7332414594974592E+06
   4.9100000000000000E+04   1.1826943660682571E+03   6.3151051811055941E+03   1.4552302198684602E+03   2.6683983808269147E+00   2.7321244506467818E+06
   4.9200000000000000E+04   1.1820744041838984E+03   6.3129654351708377E+03   1.4544052505394377E+03   2.6667281172119761E+00   2.7309998398062466E+06
   4.9300000000000000E+04   1.1814801057947082E+03   6.3108215941516601E+03   1.4536193742675143E+03   2.6650497621769556E+00   2.7298676110338331E+06
   4.9400000000000000E+04   1.1807421546809858E+03   6.3086735577846475E+03   1.4526163133323460E+03   2.6633633292712262E+00   2.7287277945005684E+06
   4.9500000000000000E+04   1.1784358530598361E+03   6.3065212279550915E+03   1.4492408335259090E+03   2.6616688321566753E+00   2.7275803581792973E+06
   4.9600000000000000E+04   1.1774328462214874E+03   6.3043645086478446E+03   1.4478378757094624E+03   2.6599662845594771E+00   2.7264253070610859E+06
   4.9700000000000000E+04   1.1774892141643577E+03   6.3022033059080159E+03   1.4480371558938550E+03   2.6582557002379552E+00   2.7252626472135256E+06
   4.9800000000000000E+04   1.1778602583780187E+03   6.3000375278604943E+03   1.4487128109696835E+03   2.6565370930468681E+00   2.7240923857820285E+06
   4.9900000000000000E+04   1.1741267814078626E+03   6.2978670846608202E+03   1.4431829039330341E+03   2.6548104768891903E+00   2.7229145216376549E+06
   5.0000000000000000E+04   1.1723796775700878E+03   6.2956918884853048E+03   1.4406580982080152E+03   2.6530758657321911E+00   2.7217290451054303E+06


