#Te   kappa_tot   kappa_e_ph  kappa_e_e mu Ce
#[K]  [W/(K*m)]   [W/(K*m)]   [W/(K*m)]   [eV]  [J/(m^3*K)]
   3.0000000000000000E+02   3.7514521483906918E+01   3.7657992321446564E+01   9.8467506443138373E+03   6.8179164684180171E-01   6.7473889570623098E+04
   4.0000000000000000E+02   5.1820973665584262E+01   5.2098253188208467E+01   9.7366808083700798E+03   6.8814595569210180E-01   8.9969149949341736E+04
   5.0000000000000000E+02   6.6006378014129353E+01   6.6458951221816420E+01   9.6928288777602684E+03   6.9538187110223948E-01   1.1312863351184553E+05
   6.0000000000000000E+02   7.9428550057951327E+01   8.0089549101036724E+01   9.6239122074923744E+03   7.0294872640089412E-01   1.3618735583293109E+05
   7.0000000000000000E+02   9.1924175481036798E+01   9.2820540553783516E+01   9.5189470423749444E+03   7.1044291935190251E-01   1.5894534001953914E+05
   8.0000000000000000E+02   1.0349824695210997E+02   1.0465298364050373E+02   9.3799742001496525E+03   7.1759043604208650E-01   1.8142194640361384E+05
   9.0000000000000000E+02   1.1419830734391590E+02   1.1563116239330070E+02   9.2157842673575960E+03   7.2423099458676010E-01   2.0361547467516642E+05
   1.0000000000000000E+03   1.2409091132640270E+02   1.2581900618524632E+02   9.0348021463111036E+03   7.3029513955962966E-01   2.2544028388183622E+05
   1.1000000000000000E+03   1.3325517183935895E+02   1.3529380516153782E+02   8.8434732521357419E+03   7.3577858580972189E-01   2.4675779140753491E+05
   1.2000000000000000E+03   1.4177459680836773E+02   1.4413800501232393E+02   8.6464570577260674E+03   7.4071854843113427E-01   2.6742634072275163E+05
   1.3000000000000000E+03   1.4972996291484401E+02   1.5243190005939144E+02   8.4471331203949903E+03   7.4517477700341805E-01   2.8733677433847619E+05
   1.4000000000000000E+03   1.5719538414035901E+02   1.6024951246861417E+02   8.2480108768712144E+03   7.4921602786723340E-01   3.0642829502176493E+05
   1.5000000000000000E+03   1.6423677185864364E+02   1.6765731160425952E+02   8.0500440527477585E+03   7.5291139378835414E-01   3.2468985695539619E+05
   1.6000000000000000E+03   1.7090299411863708E+02   1.7471460318199524E+02   7.8337647706571797E+03   7.5632535098565068E-01   3.4215376962644415E+05
   1.7000000000000000E+03   1.7726960454411591E+02   1.8147460547785070E+02   7.6503981936777764E+03   7.5951535427203343E-01   3.5888638272797322E+05
   1.8000000000000000E+03   1.8336976404031620E+02   1.8798562783725410E+02   7.4679153753097062E+03   7.6253102967601405E-01   3.7497868169426848E+05
   1.9000000000000000E+03   1.8924953159637562E+02   1.9429207965033910E+02   7.2918859023685927E+03   7.6541428526369082E-01   3.9053806860804564E+05
   2.0000000000000000E+03   1.9494943540691105E+02   2.0043522459844587E+02   7.1229011007971294E+03   7.6819989538975020E-01   4.0568171128309070E+05
   2.1000000000000000E+03   2.0042602305888988E+02   2.0645368841380747E+02   6.8647957838038174E+03   7.7091628640761867E-01   4.2053141467125568E+05
   2.2000000000000000E+03   2.0578583313386792E+02   2.1238376652959238E+02   6.6241302720216254E+03   7.7358636784167967E-01   4.3520975813204102E+05
   2.3000000000000000E+03   2.1106192921623673E+02   2.1825958708223681E+02   6.4001777213003961E+03   7.7622832654100493E-01   4.4983723658139090E+05
   2.4000000000000000E+03   2.1628268355969536E+02   2.2411318013181108E+02   6.1901310566449592E+03   7.7885634516187852E-01   4.6453016575416364E+05
   2.5000000000000000E+03   2.2149141233315592E+02   2.2997449399763863E+02   6.0045838871746982E+03   7.8148123171062556E-01   4.7939914283744013E+05
   2.6000000000000000E+03   2.2670736979461691E+02   2.3587138856613024E+02   5.8351890633241155E+03   7.8411096030239380E-01   4.9454793110102310E+05
   2.7000000000000000E+03   2.3193860015177506E+02   2.4182962541105297E+02   5.6707594331998189E+03   7.8675113025650156E-01   5.1007265101750451E+05
   2.8000000000000000E+03   2.3722019886259548E+02   2.4787286643657563E+02   5.5197865004583609E+03   7.8940535323653760E-01   5.2606121625292860E+05
   2.9000000000000000E+03   2.4257289954536080E+02   2.5402268671806266E+02   5.3816738021483006E+03   7.9207557897021585E-01   5.4259294779091363E+05
   3.0000000000000000E+03   2.4801549605432706E+02   2.6029860308933002E+02   5.2558434102608153E+03   7.9476236921826282E-01   5.5973834263551899E+05
   3.1000000000000000E+03   2.5352000177203149E+02   2.6671811751086113E+02   5.1233357065546206E+03   7.9746512905847144E-01   5.7755895956543635E+05
   3.2000000000000000E+03   2.5914249519617141E+02   2.7329677292583290E+02   5.0036327545450567E+03   8.0018230296548054E-01   5.9610741469002597E+05
   3.3000000000000000E+03   2.6489623445926958E+02   2.8004821884024727E+02   4.8959738059748679E+03   8.0291154204813320E-01   6.1542746055883938E+05
   3.4000000000000000E+03   2.7079280261344957E+02   2.8698428393572351E+02   4.7996398233225145E+03   8.0564984780434745E-01   6.3555415091784846E+05
   3.5000000000000000E+03   2.7684214456964833E+02   2.9411505337714510E+02   4.7139392116634281E+03   8.0839369649855608E-01   6.5651406805676303E+05
   3.6000000000000000E+03   2.8305268309695259E+02   3.0144894897759502E+02   4.6382202985362010E+03   8.1113914765392703E-01   6.7832561332513089E+05
   3.7000000000000000E+03   2.8943145129590806E+02   3.0899281087619909E+02   4.5718825076968378E+03   8.1388193926637531E-01   7.0099935442302714E+05
   3.8000000000000000E+03   2.9598395195357125E+02   3.1675197983146762E+02   4.5143189970107242E+03   8.1661757184153472E-01   7.2453841612501582E+05
   3.9000000000000000E+03   3.0271438546023580E+02   3.2473037958902319E+02   4.4649610970337972E+03   8.1934138292783254E-01   7.4893891916675575E+05
   4.0000000000000000E+03   3.0962543928853501E+02   3.3293059902466103E+02   4.4232171820651583E+03   8.2204861326435297E-01   7.7419044781411928E+05
   4.1000000000000000E+03   3.1669213934191549E+02   3.4135397393664778E+02   4.3834581674614055E+03   8.2473446560379671E-01   8.0027654154153191E+05
   4.2000000000000000E+03   3.2393950064766773E+02   3.5000066843608283E+02   4.3504973637418743E+03   8.2739415694983909E-01   8.2717523170705826E+05
   4.3000000000000000E+03   3.3136658993900227E+02   3.5886975589347173E+02   4.3237730317857058E+03   8.3002296466607894E-01   8.5485955958836491E+05
   4.4000000000000000E+03   3.3897105939482583E+02   3.6795929939268757E+02   4.3026949390000054E+03   8.3261626704024527E-01   8.8329813645815675E+05
   4.5000000000000000E+03   3.4675160953452195E+02   3.7726643157814709E+02   4.2870229485869604E+03   8.3516957858575336E-01   9.1245568954742514E+05
   4.6000000000000000E+03   3.5470066980115439E+02   3.8678743372997496E+02   4.2757120075752873E+03   8.3767858045026788E-01   9.4229360412811383E+05
   4.7000000000000000E+03   3.6282061338418418E+02   3.9651781383405506E+02   4.2693409099977307E+03   8.4013914618418606E-01   9.7277046956592984E+05
   4.8000000000000000E+03   3.7105895146911217E+02   4.0645238336389434E+02   4.2611803128185047E+03   8.4254736315114354E-01   1.0038425994968406E+06
   4.9000000000000000E+03   3.7950609309573508E+02   4.1658533244802459E+02   4.2637517575876536E+03   8.4489954982373705E-01   1.0354645340984161E+06
   5.0000000000000000E+03   3.8810098679276967E+02   4.2691030307858114E+02   4.2691890956443158E+03   8.4719226927574032E-01   1.0675895310539771E+06
   5.1000000000000000E+03   3.9683327379540009E+02   4.3742045999771710E+02   4.2767929833991484E+03   8.4942233906537523E-01   1.1001700176802264E+06
   5.2000000000000000E+03   4.0568912977198880E+02   4.4810855891189738E+02   4.2856015508543342E+03   8.5158683777227684E-01   1.1331580068515851E+06
   5.3000000000000000E+03   4.1467378823725227E+02   4.5896701172711664E+02   4.2968556910825446E+03   8.5368310864535080E-01   1.1665055029172101E+06
   5.4000000000000000E+03   4.2377955509385617E+02   4.6998794848123146E+02   4.3102836758931016E+03   8.5570876032262266E-01   1.2001648478171986E+06
   5.5000000000000000E+03   4.3299795907440023E+02   4.8116327575686165E+02   4.3255755538328740E+03   8.5766166520671883E-01   1.2340890516451239E+06
   5.6000000000000000E+03   4.4233523685809132E+02   4.9248473136187619E+02   4.3438792843566607E+03   8.5953995562245766E-01   1.2682320741572273E+06
   5.7000000000000000E+03   4.5175436794278863E+02   5.0394393513261315E+02   4.3621529388506242E+03   8.6134201802891108E-01   1.3025490760303214E+06
   5.8000000000000000E+03   4.6133195980831999E+02   5.1553243577274623E+02   4.3879981625234350E+03   8.6306648557776633E-01   1.3369966314327801E+06
   5.9000000000000000E+03   4.7092110588800006E+02   5.2724175370516139E+02   4.4084945636848188E+03   8.6471222938765147E-01   1.3715329165395098E+06
   6.0000000000000000E+03   4.8058143816595833E+02   5.3906341992049590E+02   4.4298066829438658E+03   8.6627834851494434E-01   1.4061178501563156E+06
   6.1000000000000000E+03   4.9028539482520193E+02   5.5098901091648611E+02   4.4501774713932400E+03   8.6776415913665783E-01   1.4407132155365921E+06
   6.2000000000000000E+03   5.0004259659841154E+02   5.6301017980748782E+02   4.4710160033852835E+03   8.6916918296483159E-01   1.4752827475433196E+06
   6.3000000000000000E+03   5.0984496219472624E+02   5.7511868375542656E+02   4.4921808741070399E+03   8.7049313520373395E-01   1.5097921963753998E+06
   6.4000000000000000E+03   5.1968458062167485E+02   5.8730640787808659E+02   4.5135438756663580E+03   8.7173591213740653E-01   1.5442093684936045E+06
   6.5000000000000000E+03   5.2955369761681607E+02   5.9956538583280201E+02   4.5349865875440655E+03   8.7289757857129935E-01   1.5785041387363290E+06
   6.6000000000000000E+03   5.3944477738402509E+02   6.1188781728273852E+02   4.5564030421637026E+03   8.7397835526417711E-01   1.6126484522422522E+06
   6.7000000000000000E+03   5.4935041102419848E+02   6.2426608246336343E+02   4.5776914549607827E+03   8.7497860645730219E-01   1.6466163072045119E+06
   6.8000000000000000E+03   5.5926358150062049E+02   6.3669275407068699E+02   4.5987714725331280E+03   8.7589882756898463E-01   1.6803837150563938E+06
   6.9000000000000000E+03   5.6917728161328534E+02   6.4916060671231344E+02   4.6195562512746264E+03   8.7673963323933002E-01   1.7139286595058434E+06
   7.0000000000000000E+03   5.7908479440058238E+02   6.6166262413801439E+02   4.6399713564744879E+03   8.7750174571545303E-01   1.7472310381784677E+06
   7.1000000000000000E+03   5.8896205258122461E+02   6.7419200447715309E+02   4.6588493593844523E+03   8.7818598367443279E-01   1.7802725994391122E+06
   7.2000000000000000E+03   5.9881751010523851E+02   6.8674216369828207E+02   4.6771094993841998E+03   8.7879325153265309E-01   1.8130368684986660E+06
   7.3000000000000000E+03   6.0864099193943866E+02   6.9930673749557104E+02   4.6944603363541100E+03   8.7932452927070348E-01   1.8455090730547071E+06
   7.4000000000000000E+03   6.1837626208082281E+02   7.1187958179064947E+02   4.7079551421862298E+03   8.7978086275438927E-01   1.8776760603926575E+06
   7.5000000000000000E+03   6.2812616534821188E+02   7.2445477204463873E+02   4.7239238014380071E+03   8.8016335466858542E-01   1.9095262156981442E+06
   7.6000000000000000E+03   6.3782781840230268E+02   7.3702660154181604E+02   4.7389297982086755E+03   8.8047315601528997E-01   1.9410493772673530E+06
   7.7000000000000000E+03   6.4749742510597457E+02   7.4958957878898377E+02   4.7541099354133385E+03   8.8071145808833107E-01   1.9722367509729834E+06
   7.8000000000000000E+03   6.5713283767247947E+02   7.6213842419872333E+02   4.7695194318805979E+03   8.8087948512900904E-01   2.0030808259016953E+06
   7.9000000000000000E+03   6.6669807454837087E+02   7.7466806615767769E+02   4.7834560364725903E+03   8.8097848743893625E-01   2.0335752909461465E+06
   8.0000000000000000E+03   6.7620602767057233E+02   7.8717363660805313E+02   4.7968192069239249E+03   8.8100973503762670E-01   2.0637149518105369E+06
   8.1000000000000000E+03   6.8563957939076556E+02   7.9965046625305752E+02   4.8089443423381708E+03   8.8097451191346465E-01   2.0934956523778695E+06
   8.2000000000000000E+03   6.9500863848794108E+02   8.1209407945317059E+02   4.8205173575122562E+03   8.8087411065405730E-01   2.1229141959372647E+06
   8.3000000000000000E+03   7.0430691139925682E+02   8.2450018892087667E+02   4.8313948457101742E+03   8.8070982766024175E-01   2.1519682717136438E+06
   8.4000000000000000E+03   7.1353277034029372E+02   8.3686469026102270E+02   4.8416531683421663E+03   8.8048295873946913E-01   2.1806563823420461E+06
   8.5000000000000000E+03   7.2283493907310526E+02   8.4918365642807987E+02   4.8581388826572038E+03   8.8019479514666221E-01   2.2089777758498630E+06
   8.6000000000000000E+03   7.3190599438156733E+02   8.6145333215416679E+02   4.8669688511111026E+03   8.7984662007253989E-01   2.2369323801180669E+06
   8.7000000000000000E+03   7.4089345766384179E+02   8.7367012837579705E+02   4.8750769152375988E+03   8.7943970542377559E-01   2.2645207412343388E+06
   8.8000000000000000E+03   7.4979648136308151E+02   8.8583061671665894E+02   4.8825442068013481E+03   8.7897530905061982E-01   2.2917439652396236E+06
   8.9000000000000000E+03   7.5861281182395373E+02   8.9793152403965576E+02   4.8893816734570564E+03   8.7845467225663076E-01   2.3186036618605279E+06
   9.0000000000000000E+03   7.6734008516636743E+02   9.0996972709546276E+02   4.8955899940867048E+03   8.7787901759050257E-01   2.3451018943539811E+06
   9.1000000000000000E+03   7.7596210075928286E+02   9.2194224730006601E+02   4.9006132679407256E+03   8.7724954701726932E-01   2.3712411294137728E+06
   9.2000000000000000E+03   7.8449133804299868E+02   9.3384624563260741E+02   4.9050567041007262E+03   8.7656744023542876E-01   2.3970241917888466E+06
   9.3000000000000000E+03   7.9292565330333650E+02   9.4567901768645277E+02   4.9089141567684437E+03   8.7583385331507180E-01   2.4224542230334110E+06
   9.4000000000000000E+03   8.0125066154429771E+02   9.5743798887046489E+02   4.9117161750777768E+03   8.7504991754029571E-01   2.4475346412648419E+06
   9.5000000000000000E+03   8.0948737023639887E+02   9.6912070976765096E+02   4.9143304092680746E+03   8.7421673845589898E-01   2.4722691038204255E+06
   9.6000000000000000E+03   8.1762635464100504E+02   9.8072485165173259E+02   4.9164553938783683E+03   8.7333539507943869E-01   2.4966614744201023E+06
   9.7000000000000000E+03   8.2565533692244378E+02   9.9224820216715966E+02   4.9177077449719973E+03   8.7240693930785074E-01   2.5207157915444835E+06
   9.8000000000000000E+03   8.3358598891579459E+02   1.0036886611691137E+03   4.9185635598849331E+03   8.7143239547970230E-01   2.5444362376502599E+06
   9.9000000000000000E+03   8.4141123022659815E+02   1.0150442367179812E+03   4.9188206620938781E+03   8.7041276004445467E-01   2.5678271157721081E+06
   1.0000000000000000E+04   8.4913956392172463E+02   1.0263130412312314E+03   4.9188118984415523E+03   8.6934900138736604E-01   2.5908928229149249E+06
   1.0100000000000000E+04   8.5675593195646672E+02   1.0374932877840008E+03   4.9180675716101496E+03   8.6824205975167001E-01   2.6136378283202085E+06
   1.0200000000000000E+04   8.6426862673774542E+02   1.0485832865566344E+03   4.9169048082391282E+03   8.6709284727748437E-01   2.6360666531043057E+06
   1.0300000000000000E+04   8.7167976071896692E+02   1.0595814414221454E+03   4.9154200955770893E+03   8.6590224812827443E-01   2.6581838487811242E+06
   1.0400000000000000E+04   8.7898404260342727E+02   1.0704862466637708E+03   4.9134699689795470E+03   8.6467111864649149E-01   2.6799939874143125E+06
   1.0500000000000000E+04   8.8618596528960620E+02   1.0812962838301494E+03   4.9112194486575454E+03   8.6340028767458454E-01   2.7015016377770640E+06
   1.0600000000000000E+04   8.9327748918157863E+02   1.0920102187036141E+03   4.9084423520486635E+03   8.6209055682737668E-01   2.7227113603427391E+06
   1.0700000000000000E+04   9.0026820731661689E+02   1.1026267983965527E+03   4.9054495083907977E+03   8.6074270093953242E-01   2.7436276843665903E+06
   1.0800000000000000E+04   9.0714940909078700E+02   1.1131448485483265E+03   4.9019953754908656E+03   8.5935746843521144E-01   2.7642551076057539E+06
   1.0900000000000000E+04   9.1393335865996755E+02   1.1235632706373021E+03   4.8984514848794734E+03   8.5793558184362806E-01   2.7845980790966274E+06
   1.1000000000000000E+04   9.2061511728799792E+02   1.1338810393862145E+03   4.8946780423008122E+03   8.5647773826598184E-01   2.8046609935344709E+06
   1.1100000000000000E+04   9.2718020942035037E+02   1.1440972002692770E+03   4.8902775093431746E+03   8.5498460994938508E-01   2.8244481819116361E+06
   1.1200000000000000E+04   9.3363943239986418E+02   1.1542108671033993E+03   4.8855681619905663E+03   8.5345684481215456E-01   2.8439639072070606E+06
   1.1300000000000000E+04   9.3998674241992990E+02   1.1642212197287990E+03   4.8803936170869410E+03   8.5189506703719808E-01   2.8632123539511003E+06
   1.1400000000000000E+04   9.4624622352474375E+02   1.1741275017691505E+03   4.8754058387105333E+03   8.5029987766539872E-01   2.8821976287565269E+06
   1.1500000000000000E+04   9.5251573829712584E+02   1.1839290184659169E+03   4.8731473936712282E+03   8.4867185516954535E-01   2.9009237530485345E+06
   1.1600000000000000E+04   9.5907109022413454E+02   1.1936251345921078E+03   4.8806293757878730E+03   8.4701155612553891E-01   2.9193946576164062E+06
   1.1700000000000000E+04   9.6464445557237002E+02   1.2032152724254140E+03   4.8651170194053220E+03   8.4531951576686626E-01   2.9376141878853189E+06
   1.1800000000000000E+04   9.7044446500278400E+02   1.2126989097968235E+03   4.8579374703641934E+03   8.4359624867526339E-01   2.9555860863967929E+06
   1.1900000000000000E+04   9.7616491129300039E+02   1.2220755781902869E+03   4.8511409180787614E+03   8.4184224932546026E-01   2.9733140097799194E+06
   1.2000000000000000E+04   9.8178799859014487E+02   1.2313448609131406E+03   4.8442651318700136E+03   8.4005799278557192E-01   2.9908015081517403E+06
   1.2100000000000000E+04   9.8713342702821899E+02   1.2405063913122724E+03   4.8329754864203642E+03   8.3824393527157237E-01   3.0080520384258409E+06
   1.2200000000000000E+04   9.9264303519846931E+02   1.2495598510507984E+03   4.8278929469612858E+03   8.3640051478931776E-01   3.0250689646469993E+06
   1.2300000000000000E+04   9.9818446939850162E+02   1.2585049684350208E+03   4.8256672786128111E+03   8.3452815175711526E-01   3.0418555403368468E+06
   1.2400000000000000E+04   1.0034252082202847E+03   1.2673415167862777E+03   4.8185064131779272E+03   8.3262724956019740E-01   3.0584149324290343E+06
   1.2500000000000000E+04   1.0085714513906481E+03   1.2760693128666960E+03   4.8112798803375535E+03   8.3069819519274490E-01   3.0747502042068350E+06
   1.2600000000000000E+04   1.0136193927811654E+03   1.2846882153440595E+03   4.8038903051937259E+03   8.2874135980263375E-01   3.0908643199314862E+06
   1.2700000000000000E+04   1.0185711437315525E+03   1.2931981233043587E+03   4.7963761374596224E+03   8.2675709928482288E-01   3.1067601549164569E+06
   1.2800000000000000E+04   1.0234259133413480E+03   1.3015989748037521E+03   4.7887099943814201E+03   8.2474575482609780E-01   3.1224404863597299E+06
   1.2900000000000000E+04   1.0281894418780082E+03   1.3098907454625428E+03   4.7810067520477050E+03   8.2270765345954699E-01   3.1379079946481702E+06
   1.3000000000000000E+04   1.0328554749199204E+03   1.3180734470985183E+03   4.7731191894520880E+03   8.2064310860930878E-01   3.1531652769361003E+06
   1.3100000000000000E+04   1.0374183329678692E+03   1.3261471263971512E+03   4.7649190951716682E+03   8.1855242060613709E-01   3.1682148353959383E+06
   1.3200000000000000E+04   1.0418890440035238E+03   1.3341118636201506E+03   4.7566324081210450E+03   8.1643587721269006E-01   3.1830590813745172E+06
   1.3300000000000000E+04   1.0462679680078638E+03   1.3419677713474430E+03   4.7482544032919841E+03   8.1429375410018645E-01   3.1977003477224312E+06
   1.3400000000000000E+04   1.0505482988386475E+03   1.3497149932561181E+03   4.7396345132709621E+03   8.1212631534451396E-01   3.2121408789455690E+06
   1.3500000000000000E+04   1.0547375179279322E+03   1.3573537029334643E+03   4.7309164100266426E+03   8.0993381391261021E-01   3.2263828386254772E+06
   1.3600000000000000E+04   1.0583773138880802E+03   1.3648841027213582E+03   4.7129865407076904E+03   8.0771649210993313E-01   3.2404283148530126E+06
   1.3700000000000000E+04   1.0628624352166928E+03   1.3723064225924768E+03   4.7135281527020916E+03   8.0547458200847877E-01   3.2542793149460098E+06
   1.3800000000000000E+04   1.0676047661886805E+03   1.3796209190625736E+03   4.7205564684983028E+03   8.0320830593315840E-01   3.2679377706631264E+06
   1.3900000000000000E+04   1.0714269402193568E+03   1.3868278741261622E+03   4.7110981168653052E+03   8.0091787682172566E-01   3.2814055466645202E+06
   1.4000000000000000E+04   1.0751485788823393E+03   1.3939275942286999E+03   4.7013109390889977E+03   7.9860349867224412E-01   3.2946844320456865E+06
   1.4100000000000000E+04   1.0787786002079922E+03   1.4009204092633322E+03   4.6913592574017157E+03   7.9626536690301053E-01   3.3077761605984378E+06
   1.4200000000000000E+04   1.0823359441252446E+03   1.4078066716021610E+03   4.6815877263875018E+03   7.9390366879029828E-01   3.3206823872891306E+06
   1.4300000000000000E+04   1.0857862725860998E+03   1.4145867551483088E+03   4.6713401031324456E+03   7.9151858377964002E-01   3.3334047053172220E+06
   1.4400000000000000E+04   1.0891535917055655E+03   1.4212610544200177E+03   4.6610563024407420E+03   7.8911028385548021E-01   3.3459446648540879E+06
   1.4500000000000000E+04   1.0920969488426476E+03   1.4278299836624319E+03   4.6445497073614142E+03   7.8667893391082222E-01   3.3583037451818748E+06
   1.4600000000000000E+04   1.0953215930507188E+03   1.4342939759840103E+03   4.6346346834604074E+03   7.8422469207796852E-01   3.3704833693692759E+06
   1.4700000000000000E+04   1.0984593765535935E+03   1.4406534825163349E+03   4.6245662875530707E+03   7.8174771001062260E-01   3.3824849102726900E+06
   1.4800000000000000E+04   1.1012867152662202E+03   1.4469089716048911E+03   4.6104138243532616E+03   7.7924813324381048E-01   3.3943096935153645E+06
   1.4900000000000000E+04   1.1044263707929454E+03   1.4530609280171184E+03   4.6030973522773447E+03   7.7672610142734466E-01   3.4059590004264251E+06
   1.5000000000000000E+04   1.1077529821890196E+03   1.4591098521847343E+03   4.6002609543929839E+03   7.7418174870519874E-01   3.4174340570429103E+06
   1.5100000000000000E+04   1.1106026623057198E+03   1.4650562594584389E+03   4.5904326976858265E+03   7.7161520391006444E-01   3.4287360536639211E+06
   1.5200000000000000E+04   1.1133630950010738E+03   1.4709006793933047E+03   4.5803479251903154E+03   7.6902659086490444E-01   3.4398661372441133E+06
   1.5300000000000000E+04   1.1160613310965416E+03   1.4766436550549024E+03   4.5704538844953113E+03   7.6641602864559910E-01   3.4508254137386288E+06
   1.5400000000000000E+04   1.1186826595980840E+03   1.4822857423462299E+03   4.5604876174297397E+03   7.6378363181441111E-01   3.4616149504179219E+06
   1.5500000000000000E+04   1.1212456497286321E+03   1.4878275093568161E+03   4.5507437932279418E+03   7.6112951065344570E-01   3.4722357894897028E+06
   1.5600000000000000E+04   1.1237006612129680E+03   1.4932695357341343E+03   4.5403930914033890E+03   7.5845377140784465E-01   3.4826889358808403E+06
   1.5700000000000000E+04   1.1261927269596204E+03   1.4986124120735935E+03   4.5317862252426121E+03   7.5575651649006392E-01   3.4929753552906960E+06
   1.5800000000000000E+04   1.1285593451177519E+03   1.5038567393297894E+03   4.5222578228988614E+03   7.5303784469388180E-01   3.5030959995095967E+06
   1.5900000000000000E+04   1.1308596523842855E+03   1.5090031282478933E+03   4.5127600024301792E+03   7.5029785140840821E-01   3.5130517776827286E+06
   1.6000000000000000E+04   1.1327593602843338E+03   1.5140521988120411E+03   4.4980042289432868E+03   7.4753662879317995E-01   3.5228435857287711E+06
   1.6100000000000000E+04   1.1349615529644614E+03   1.5190045797134685E+03   4.4891110544195935E+03   7.4475426596298744E-01   3.5324722969267354E+06
   1.6200000000000000E+04   1.1370905093948463E+03   1.5238609078385903E+03   4.4800940891889568E+03   7.4195084919215315E-01   3.5419387430814640E+06
   1.6300000000000000E+04   1.1391710985704246E+03   1.5286218277692262E+03   4.4713276321783269E+03   7.3912646203126497E-01   3.5512437701531318E+06
   1.6400000000000000E+04   1.1412064746658209E+03   1.5332879913091231E+03   4.4628428245986634E+03   7.3628118555036526E-01   3.5603881695520594E+06
   1.6500000000000000E+04   1.1430650572163331E+03   1.5378600570149079E+03   4.4526250204772841E+03   7.3341509839731789E-01   3.5693727427292177E+06
   1.6600000000000000E+04   1.1448864001030747E+03   1.5423386897564660E+03   4.4428039194210905E+03   7.3052827704099699E-01   3.5781982518922566E+06
   1.6700000000000000E+04   1.1466360292420607E+03   1.5467245602807018E+03   4.4328441595846352E+03   7.2762079582965589E-01   3.5868654737314596E+06
   1.6800000000000000E+04   1.1483204373572426E+03   1.5510183448005087E+03   4.4228341670768459E+03   7.2469272718547684E-01   3.5953751486373567E+06
   1.6900000000000000E+04   1.1499158023305029E+03   1.5552207245936020E+03   4.4124134425418506E+03   7.2174414172130252E-01   3.6037280082352823E+06
   1.7000000000000000E+04   1.1514630649598928E+03   1.5593323856147520E+03   4.4021787300608348E+03   7.1877510833791491E-01   3.6119247817482352E+06
   1.7100000000000000E+04   1.1537500373665741E+03   1.5633540181258588E+03   4.4035698908158338E+03   7.1578569436994777E-01   3.6199661932777977E+06
   1.7200000000000000E+04   1.1551192114583564E+03   1.5672863163379307E+03   4.3923993749736546E+03   7.1277596570261792E-01   3.6278529443720272E+06
   1.7300000000000000E+04   1.1564280774609642E+03   1.5711299780630093E+03   4.3812165252558607E+03   7.0974598683981871E-01   3.6355857385662193E+06
   1.7400000000000000E+04   1.1576757908259567E+03   1.5748857043848675E+03   4.3699993553168670E+03   7.0669582105003592E-01   3.6431652734807436E+06
   1.7500000000000000E+04   1.1588744679033096E+03   1.5785541993381610E+03   4.3589099515484304E+03   7.0362553045389542E-01   3.6505922271886943E+06
   1.7600000000000000E+04   1.1600478755537192E+03   1.5821361695969160E+03   4.3482696115466561E+03   7.0053517607280003E-01   3.6578673085859343E+06
   1.7700000000000000E+04   1.1611163955788093E+03   1.5856323241828836E+03   4.3369484274065690E+03   6.9742481798457401E-01   3.6649911947477898E+06
   1.7800000000000000E+04   1.1616732168774702E+03   1.5890433741774473E+03   4.3193215452871382E+03   6.9429451537209841E-01   3.6719645558663458E+06
   1.7900000000000000E+04   1.1631387494947883E+03   1.5923700324460463E+03   4.3150333208183065E+03   6.9114432659140779E-01   3.6787880819724463E+06
   1.8000000000000000E+04   1.1640671497902931E+03   1.5956130133748256E+03   4.3040632511675103E+03   6.8797430925923675E-01   3.6854624536642917E+06
   1.8100000000000000E+04   1.1649247442898845E+03   1.5987730326169742E+03   4.2928606987951089E+03   6.8478452033084003E-01   3.6919883424943183E+06
   1.8200000000000000E+04   1.1657669763102651E+03   1.6018508068483625E+03   4.2821692546947925E+03   6.8157501616808791E-01   3.6983664381986791E+06
   1.8300000000000000E+04   1.1665553979200879E+03   1.6048470535305955E+03   4.2714547930977806E+03   6.7834585257837632E-01   3.7045974179023090E+06
   1.8400000000000000E+04   1.1671599238366964E+03   1.6077624906872111E+03   4.2589764276489941E+03   6.7509708490217424E-01   3.7106819625968281E+06
   1.8500000000000000E+04   1.1682886285635579E+03   1.6105978366866959E+03   4.2541351236492656E+03   6.7182876807139080E-01   3.7166207635591063E+06
   1.8600000000000000E+04   1.1689055658062491E+03   1.6133538100311000E+03   4.2431447815687525E+03   6.6854095662883095E-01   3.7224145065994984E+06
   1.8700000000000000E+04   1.1691842781504720E+03   1.6160311291592736E+03   4.2283797792223022E+03   6.6523370482546862E-01   3.7280638779399185E+06
   1.8800000000000000E+04   1.1697252506612449E+03   1.6186305122496635E+03   4.2177117170996926E+03   6.6190706661072329E-01   3.7335695876399544E+06
   1.8900000000000000E+04   1.1702005130966281E+03   1.6211526770419468E+03   4.2068180311747938E+03   6.5856109575891608E-01   3.7389323189879297E+06
   1.9000000000000000E+04   1.1706218276733769E+03   1.6235983406520149E+03   4.1958459268530678E+03   6.5519584582063373E-01   3.7441527860455625E+06
   1.9100000000000000E+04   1.1709827166793161E+03   1.6259682194069123E+03   4.1847062629054071E+03   6.5181137022973012E-01   3.7492316999749872E+06
   1.9200000000000000E+04   1.1713152478895402E+03   1.6282630286788713E+03   4.1738014566387737E+03   6.4840772231305621E-01   3.7541697690526918E+06
   1.9300000000000000E+04   1.1715748193359973E+03   1.6304834827260408E+03   4.1625568312305122E+03   6.4498495530018618E-01   3.7589677229085644E+06
   1.9400000000000000E+04   1.1717771076433016E+03   1.6326302945479003E+03   4.1511675708389894E+03   6.4154312243042222E-01   3.7636262831472121E+06
   1.9500000000000000E+04   1.1719661166864319E+03   1.6347041757331153E+03   4.1401779415160563E+03   6.3808227689442842E-01   3.7681461815156257E+06
   1.9600000000000000E+04   1.1721058100995538E+03   1.6367058363265119E+03   4.1291268013080435E+03   6.3460247193150643E-01   3.7725281542223315E+06
   1.9700000000000000E+04   1.1721976982614567E+03   1.6386359846928844E+03   4.1180267259809871E+03   6.3110376081986896E-01   3.7767729484538282E+06
   1.9800000000000000E+04   1.1721653113540924E+03   1.6404953273888473E+03   4.1059331035083169E+03   6.2758619689609429E-01   3.7808813164987327E+06
   1.9900000000000000E+04   1.1729825099274897E+03   1.6422845690426357E+03   4.1047573484823988E+03   6.2404983360376509E-01   3.7848540159227923E+06
   2.0000000000000000E+04   1.1728927235030117E+03   1.6440044122349427E+03   4.0929589705306712E+03   6.2049472449346610E-01   3.7886918162193354E+06
   2.0100000000000000E+04   1.1727957181929187E+03   1.6456555573890048E+03   4.0815853480123169E+03   6.1692092327142689E-01   3.7923954729718571E+06
   2.0200000000000000E+04   1.1726555375754972E+03   1.6472387026578542E+03   4.0701898602855040E+03   6.1332848376060634E-01   3.7959657867155722E+06
   2.0300000000000000E+04   1.1724839943915606E+03   1.6487545438256129E+03   4.0589079371231755E+03   6.0971745996878890E-01   3.7994035312543209E+06
   2.0400000000000000E+04   1.1722434780860551E+03   1.6502037742073214E+03   4.0472830641495943E+03   6.0608790608858476E-01   3.8027094994822927E+06
   2.0500000000000000E+04   1.1719450934298732E+03   1.6515870845530515E+03   4.0354460533815482E+03   6.0243987649742703E-01   3.8058844904159652E+06
   2.0600000000000000E+04   1.1712221283855990E+03   1.6529051629587887E+03   4.0190726349652723E+03   5.9877342578675929E-01   3.8089293092387086E+06
   2.0700000000000000E+04   1.1710196285528750E+03   1.6541586947787234E+03   4.0093058825878402E+03   5.9508860876203062E-01   3.8118447742812815E+06
   2.0800000000000000E+04   1.1709472419844226E+03   1.6553483625422612E+03   4.0014886782468761E+03   5.9138548045242645E-01   3.8146317033054279E+06
   2.0900000000000000E+04   1.1704546109403482E+03   1.6564748458747592E+03   3.9891932102836454E+03   5.8766409612059589E-01   3.8172909273539549E+06
   2.1000000000000000E+04   1.1699670989139986E+03   1.6575388214227548E+03   3.9773961382727261E+03   5.8392451128210443E-01   3.8198232696019094E+06
   2.1100000000000000E+04   1.1694657882782358E+03   1.6585409627781601E+03   3.9658666306469936E+03   5.8016678167625535E-01   3.8222295879725520E+06
   2.1200000000000000E+04   1.1687719897366021E+03   1.6594819404147704E+03   3.9525508026687330E+03   5.7639096333417883E-01   3.8245107108689118E+06
   2.1300000000000000E+04   1.1687860871592020E+03   1.6603624216153821E+03   3.9477256369000579E+03   5.7259711251074152E-01   3.8266675016030069E+06
   2.1400000000000000E+04   1.1680498237474960E+03   1.6611830704118870E+03   3.9347267817200300E+03   5.6878528572345621E-01   3.8287008225797340E+06
   2.1500000000000000E+04   1.1673834824745368E+03   1.6619445475275179E+03   3.9229263091391990E+03   5.6495553978166313E-01   3.8306115423838990E+06
   2.1600000000000000E+04   1.1666783681635898E+03   1.6626475103146483E+03   3.9110797816013051E+03   5.6110793173789442E-01   3.8324005205936320E+06
   2.1700000000000000E+04   1.1659576289593817E+03   1.6632926127026519E+03   3.8994415723096258E+03   5.5724251891705512E-01   3.8340686450894652E+06
   2.1800000000000000E+04   1.1650472834562961E+03   1.6638805051457125E+03   3.8860672830705143E+03   5.5335935891642452E-01   3.8356167945600189E+06
   2.1900000000000000E+04   1.1642621893710982E+03   1.6644118345704021E+03   3.8744639432062522E+03   5.4945850957647224E-01   3.8370458764310423E+06
   2.2000000000000000E+04   1.1634370939247669E+03   1.6648872443360069E+03   3.8627799307152836E+03   5.4554002905867927E-01   3.8383567575105787E+06
   2.2100000000000000E+04   1.1625763022938445E+03   1.6653073741785829E+03   3.8510587419969315E+03   5.4160397572880670E-01   3.8395503641822538E+06
   2.2200000000000000E+04   1.1616699407151134E+03   1.6656728601778743E+03   3.8391882626318247E+03   5.3765040825417298E-01   3.8406275893679741E+06
   2.2300000000000000E+04   1.1607524552224975E+03   1.6659843347124506E+03   3.8275403540091766E+03   5.3367938555501393E-01   3.8415893547540335E+06
   2.2400000000000000E+04   1.1598042438862328E+03   1.6662424264226154E+03   3.8158952151468397E+03   5.2969096681421146E-01   3.8424365551690999E+06
   2.2500000000000000E+04   1.1588298887743629E+03   1.6664477601725562E+03   3.8042976447025112E+03   5.2568521145783842E-01   3.8431701384483739E+06
   2.2600000000000000E+04   1.1578239659663295E+03   1.6666009570183094E+03   3.7926843463349078E+03   5.2166217917461344E-01   3.8437910170797622E+06
   2.2700000000000000E+04   1.1567231725261586E+03   1.6667026341748369E+03   3.7803749045653726E+03   5.1762192990617362E-01   3.8443001159908916E+06
   2.2800000000000000E+04   1.1556769779768251E+03   1.6667534049839953E+03   3.7689637719828984E+03   5.1356452382761908E-01   3.8446983810459934E+06
   2.2900000000000000E+04   1.1545387640018964E+03   1.6667538788872066E+03   3.7568824255736354E+03   5.0949002135724009E-01   3.8449867291759369E+06
   2.3000000000000000E+04   1.1534006969654633E+03   1.6667046613979626E+03   3.7451070930600490E+03   5.0539848314679070E-01   3.8451661230453737E+06
   2.3100000000000000E+04   1.1521903572789938E+03   1.6666063540769953E+03   3.7328694723726635E+03   5.0128997008148724E-01   3.8452374872674458E+06
   2.3200000000000000E+04   1.1509755262159902E+03   1.6664595545071534E+03   3.7208799058719874E+03   4.9716454326055481E-01   3.8452017925102529E+06
   2.3300000000000000E+04   1.1497354717945304E+03   1.6662648562747252E+03   3.7089154426162631E+03   4.9302226402640814E-01   3.8450599617426000E+06
   2.3400000000000000E+04   1.1481699034128499E+03   1.6660228489425533E+03   3.6938619545695938E+03   4.8886319389656024E-01   3.8448129640319557E+06
   2.3500000000000000E+04   1.1470606361722214E+03   1.6657341180363414E+03   3.6838167053797761E+03   4.8468739461225852E-01   3.8444617632949096E+06
   2.3600000000000000E+04   1.1457164201252724E+03   1.6653992450265739E+03   3.6716150114323309E+03   4.8049492812875916E-01   3.8440073000820135E+06
   2.3700000000000000E+04   1.1447215298796430E+03   1.6650188073078618E+03   3.6632574473595741E+03   4.7628585656668720E-01   3.8434505439295713E+06
   2.3800000000000000E+04   1.1441405564365614E+03   1.6645933781895012E+03   3.6593687542084958E+03   4.7206024226067617E-01   3.8427924492531270E+06
   2.3900000000000000E+04   1.1427010500945828E+03   1.6641235268754822E+03   3.6469384929233884E+03   4.6781814769127333E-01   3.8420339997569439E+06
   2.4000000000000000E+04   1.1412508285824742E+03   1.6636098184596476E+03   3.6346576215744767E+03   4.6355963555303425E-01   3.8411761363219041E+06
   2.4100000000000000E+04   1.1397742983806140E+03   1.6630528139071810E+03   3.6223632308571782E+03   4.5928476867670087E-01   3.8402198378188596E+06
   2.4200000000000000E+04   1.1382802349237284E+03   1.6624530700472205E+03   3.6101402902292716E+03   4.5499361004865740E-01   3.8391660760073536E+06
   2.4300000000000000E+04   1.1367769786064780E+03   1.6618111395676553E+03   3.5980680624550714E+03   4.5068622284011289E-01   3.8380158057272928E+06
   2.4400000000000000E+04   1.1352633292497997E+03   1.6611275710000341E+03   3.5861293977425889E+03   4.4636267032928073E-01   3.8367700203300002E+06
   2.4500000000000000E+04   1.1337202338469178E+03   1.6604029087185661E+03   3.5741300478723001E+03   4.4202301595001542E-01   3.8354296678196620E+06
   2.4600000000000000E+04   1.1316887029346715E+03   1.6596376929321716E+03   3.5575278362873528E+03   4.3766732326263119E-01   3.8339957251248858E+06
   2.4700000000000000E+04   1.1305377500841487E+03   1.6588324596805605E+03   3.5498608686929642E+03   4.3329565595390185E-01   3.8324691606060849E+06
   2.4800000000000000E+04   1.1289418253715780E+03   1.6579877408292868E+03   3.5380137184428204E+03   4.2890807781760404E-01   3.8308509528378788E+06
   2.4900000000000000E+04   1.1273179849921587E+03   1.6571040640677797E+03   3.5261085336305318E+03   4.2450465275451893E-01   3.8291420713542667E+06
   2.5000000000000000E+04   1.1256747203365153E+03   1.6561819529093334E+03   3.5142257111672802E+03   4.2008544478215948E-01   3.8273434663852337E+06
   2.5100000000000000E+04   1.1238077319364754E+03   1.6552219266869331E+03   3.5003792101470999E+03   4.1565051799585900E-01   3.8254561270605815E+06
   2.5200000000000000E+04   1.1220430098544475E+03   1.6542245005540053E+03   3.4877406862397847E+03   4.1119993656877230E-01   3.8234810231322935E+06
   2.5300000000000000E+04   1.1203520469404039E+03   1.6531901854880716E+03   3.4760180893613965E+03   4.0673376477133011E-01   3.8214191141346912E+06
   2.5400000000000000E+04   1.1186138102184134E+03   1.6521194882911675E+03   3.4640375007994862E+03   4.0225206695178484E-01   3.8192713589308104E+06
   2.5500000000000000E+04   1.1168140093504044E+03   1.6510129115869577E+03   3.4516625578204821E+03   3.9775490747784326E-01   3.8170387357391701E+06
   2.5600000000000000E+04   1.1149745125446798E+03   1.6498709538349931E+03   3.4391031992590511E+03   3.9324235083394404E-01   3.8147221918366593E+06
   2.5700000000000000E+04   1.1132449586821472E+03   1.6486941093222058E+03   3.4277772285527376E+03   3.8871446149479860E-01   3.8123227140024356E+06
   2.5800000000000000E+04   1.1114160624798246E+03   1.6474828681797032E+03   3.4156916691841866E+03   3.8417130403239402E-01   3.8098412267544908E+06
   2.5900000000000000E+04   1.1094798636935800E+03   1.6462377163777392E+03   3.4027775989497068E+03   3.7961294300899034E-01   3.8072787041786192E+06
   2.6000000000000000E+04   1.1072954268624630E+03   1.6449591357388056E+03   3.3877230289279696E+03   3.7503944303548503E-01   3.8046361193035613E+06
   2.6100000000000000E+04   1.1055557873389907E+03   1.6436476039431989E+03   3.3770149718182088E+03   3.7045086875195904E-01   3.8019143915068666E+06
   2.6200000000000000E+04   1.1041633120121733E+03   1.6423035945331756E+03   3.3697001231244503E+03   3.6584728478876549E-01   3.7991144902851507E+06
   2.6300000000000000E+04   1.1022450535427040E+03   1.6409275769259671E+03   3.3576443013756389E+03   3.6122875580544050E-01   3.7962373624185179E+06
   2.6400000000000000E+04   1.0997840549857763E+03   1.6395200164191854E+03   3.3407408450220551E+03   3.5659534645179214E-01   3.7932839418625552E+06
   2.6500000000000000E+04   1.0981404278892564E+03   1.6380813742019711E+03   3.3315557811793492E+03   3.5194712137762901E-01   3.7902551815405269E+06
   2.6600000000000000E+04   1.0969579127764803E+03   1.6366121073625932E+03   3.3267500175627970E+03   3.4728414520357653E-01   3.7871520106052659E+06
   2.6700000000000000E+04   1.0949193151020434E+03   1.6351126689038429E+03   3.3142141252773522E+03   3.4260648255998771E-01   3.7839753771857214E+06
   2.6800000000000000E+04   1.0928999683528541E+03   1.6335835077486431E+03   3.3020116830546540E+03   3.3791419802857803E-01   3.7807261941895573E+06
   2.6900000000000000E+04   1.0908797161452796E+03   1.6320250687554815E+03   3.2899534943033655E+03   3.3320735617160663E-01   3.7774053932525185E+06
   2.7000000000000000E+04   1.0888548843997871E+03   1.6304377927291932E+03   3.2780025495992868E+03   3.2848602151242301E-01   3.7740139031199985E+06
   2.7100000000000000E+04   1.0867979879523321E+03   1.6288221164312004E+03   3.2659073754475880E+03   3.2375025850628281E-01   3.7705526606600550E+06
   2.7200000000000000E+04   1.0843250825383675E+03   1.6271784725995506E+03   3.2502153692128627E+03   3.1900013159871449E-01   3.7670225551039283E+06
   2.7300000000000000E+04   1.0826544041757149E+03   1.6255072899559661E+03   3.2418776294448157E+03   3.1423570515742527E-01   3.7634245167248263E+06
   2.7400000000000000E+04   1.0806284461192265E+03   1.6238089932226574E+03   3.2304805437122805E+03   3.0945704349175607E-01   3.7597594274244169E+06
   2.7500000000000000E+04   1.0785870401999664E+03   1.6220840031354319E+03   3.2190773881201967E+03   3.0466421083322792E-01   3.7560282218371523E+06
   2.7600000000000000E+04   1.0760906356386640E+03   1.6203327364603447E+03   3.2037670031246662E+03   2.9985727134526746E-01   3.7522318086695387E+06
   2.7700000000000000E+04   1.0740744072862540E+03   1.6185556060107406E+03   3.1928543304311670E+03   2.9503628913293634E-01   3.7483710354254427E+06
   2.7800000000000000E+04   1.0720830717264146E+03   1.6167530206584931E+03   3.1822823124516858E+03   2.9020132819429162E-01   3.7444468372249142E+06
   2.7900000000000000E+04   1.0700067402558252E+03   1.6149253853539021E+03   3.1710807895514404E+03   2.8535245244956969E-01   3.7404600646434478E+06
   2.8000000000000000E+04   1.0678833135193483E+03   1.6130731011397495E+03   3.1595856843037959E+03   2.8048972571200298E-01   3.7364116218486154E+06
   2.8100000000000000E+04   1.0657061737168690E+03   1.6111965651708945E+03   3.1477403699030174E+03   2.7561321170727554E-01   3.7323023857319653E+06
   2.8200000000000000E+04   1.0634823966100516E+03   1.6092961707290319E+03   3.1356082049501629E+03   2.7072297404433948E-01   3.7281332170175472E+06
   2.8300000000000000E+04   1.0608203479404158E+03   1.6073723072439941E+03   3.1198008189615862E+03   2.6581907624459827E-01   3.7239049836598965E+06
   2.8400000000000000E+04   1.0587036876771565E+03   1.6054253603070947E+03   3.1088391668680219E+03   2.6090158169326916E-01   3.7196185491162930E+06
   2.8500000000000000E+04   1.0565956314687203E+03   1.6034557116920241E+03   3.0980580983997816E+03   2.5597055365883720E-01   3.7152747842938905E+06
   2.8600000000000000E+04   1.0548386872407827E+03   1.6014637393750122E+03   3.0903924031846800E+03   2.5102605530278416E-01   3.7108745073923529E+06
   2.8700000000000000E+04   1.0526053062124597E+03   1.5994498175490623E+03   3.0787350518662938E+03   2.4606814963094920E-01   3.7064186040004087E+06
   2.8800000000000000E+04   1.0503523020667099E+03   1.5974143166498468E+03   3.0670157315272786E+03   2.4109689955189567E-01   3.7019078702527205E+06
   2.8900000000000000E+04   1.0480692951590709E+03   1.5953576033684139E+03   3.0551453298165920E+03   2.3611236780881686E-01   3.6973431577739627E+06
   2.9000000000000000E+04   1.0458094202519958E+03   1.5932800406744993E+03   3.0435738713265628E+03   2.3111461700871969E-01   3.6927253135345154E+06
   2.9100000000000000E+04   1.0434589182580116E+03   1.5911819878369693E+03   3.0313366881849947E+03   2.2610370962242393E-01   3.6880551426204010E+06
   2.9200000000000000E+04   1.0409677350299544E+03   1.5890638004424350E+03   3.0180186459097808E+03   2.2107970796510762E-01   3.6833334695051280E+06
   2.9300000000000000E+04   1.0386507144274940E+03   1.5869258304182226E+03   3.0062674730895560E+03   2.1604267421576187E-01   3.6785610885645002E+06
   2.9400000000000000E+04   1.0363177208674749E+03   1.5847684260462706E+03   2.9944780595142220E+03   2.1099267034909769E-01   3.6737388388458216E+06
   2.9500000000000000E+04   1.0339926249761938E+03   1.5825919319968189E+03   2.9828480734300588E+03   2.0592975825227730E-01   3.6688674915456800E+06
   2.9600000000000000E+04   1.0316337310886706E+03   1.5803966893344702E+03   2.9710287633663938E+03   2.0085399957900016E-01   3.6639478499800945E+06
   2.9700000000000000E+04   1.0293282374417529E+03   1.5781830355512202E+03   2.9597415708852350E+03   1.9576545585650623E-01   3.6589807122066207E+06
   2.9800000000000000E+04   1.0269908394083982E+03   1.5759513045821557E+03   2.9482770724614984E+03   1.9066418842721086E-01   3.6539668453307152E+06
   2.9900000000000000E+04   1.0246854925470875E+03   1.5737018268285317E+03   2.9371611204547494E+03   1.8555025845843198E-01   3.6489070492612286E+06
   3.0000000000000000E+04   1.0220461308798511E+03   1.5714349291809963E+03   2.9233923120844652E+03   1.8042372695211781E-01   3.6438020670004403E+06
   3.0100000000000000E+04   1.0204367374930487E+03   1.5691509350388671E+03   2.9181298168460912E+03   1.7528465471566412E-01   3.6386526744008698E+06
   3.0200000000000000E+04   1.0179986883740986E+03   1.5668501643336519E+03   2.9061621987656708E+03   1.7013310237164178E-01   3.6334596549204499E+06
   3.0300000000000000E+04   1.0155561990741852E+03   1.5645329335537228E+03   2.8942412665858178E+03   1.6496913037725205E-01   3.6282237080388749E+06
   3.0400000000000000E+04   1.0132621433581559E+03   1.5621995557609323E+03   2.8836031840038513E+03   1.5979279896596049E-01   3.6229456319674575E+06
   3.0500000000000000E+04   1.0108580298531760E+03   1.5598503406216594E+03   2.8721481362451473E+03   1.5460416822531864E-01   3.6176261274033929E+06
   3.0600000000000000E+04   1.0084543299532714E+03   1.5574855944195772E+03   2.8607716776549046E+03   1.4940329799968707E-01   3.6122659550179336E+06
   3.0700000000000000E+04   1.0060091564611814E+03   1.5551056200858907E+03   2.8491359837638720E+03   1.4419024795832924E-01   3.6068658300452624E+06
   3.0800000000000000E+04   1.0032547216519583E+03   1.5527107172214783E+03   2.8351030309486378E+03   1.3896507758568363E-01   3.6014264750507274E+06
   3.0900000000000000E+04   1.0011466266336859E+03   1.5503011821150778E+03   2.8263059702384958E+03   1.3372784613272565E-01   3.5959486202028333E+06
   3.1000000000000000E+04   9.9850332040997603E+02   1.5478773077727342E+03   2.8133123645291525E+03   1.2847861267533342E-01   3.5904329494007211E+06
   3.1100000000000000E+04   9.9657621070073719E+02   1.5454393839351276E+03   2.8060693451772836E+03   1.2321743605592218E-01   3.5848801945579462E+06
   3.1200000000000000E+04   9.9412475186116035E+02   1.5429876971061303E+03   2.7947273081549179E+03   1.1794437493208206E-01   3.5792910138527416E+06
   3.1300000000000000E+04   9.9168065942613077E+02   1.5405225305712952E+03   2.7835092023685756E+03   1.1265948772794021E-01   3.5736661411268483E+06
   3.1400000000000000E+04   9.8918964764187638E+02   1.5380441644265075E+03   2.7719865985246151E+03   1.0736283268279893E-01   3.5680062361098169E+06
   3.1500000000000000E+04   9.8670266393993438E+02   1.5355528755945754E+03   2.7605603146294825E+03   1.0205446778304214E-01   3.5623119797759987E+06
   3.1600000000000000E+04   9.8421667678507799E+02   1.5330489378569821E+03   2.7492048809587254E+03   9.6734450839956465E-02   3.5565840332565154E+06
   3.1700000000000000E+04   9.8174658557693988E+02   1.5305326218685548E+03   2.7380346369365775E+03   9.1402839402182662E-02   3.5508230933362925E+06
   3.1800000000000000E+04   9.7928567383059465E+02   1.5280041951892670E+03   2.7269949157116193E+03   8.6059690833536623E-02   3.5450297952667382E+06
   3.1900000000000000E+04   9.7680745289159381E+02   1.5254639223029890E+03   2.7158788996352901E+03   8.0705062264371047E-02   3.5392047819324262E+06
   3.2000000000000000E+04   9.7431931114943598E+02   1.5229120646412946E+03   2.7047434081436359E+03   7.5339010591575648E-02   3.5333487323947800E+06
   3.2100000000000000E+04   9.7185487142314923E+02   1.5203488806102685E+03   2.6938461334766394E+03   6.9961592507760059E-02   3.5274622634786414E+06
   3.2200000000000000E+04   9.6937943574192730E+02   1.5177746256103267E+03   2.6829183357910679E+03   6.4572864462343130E-02   3.5215459998203688E+06
   3.2300000000000000E+04   9.6688913949404275E+02   1.5151895520600492E+03   2.6719300014849809E+03   5.9172882661553190E-02   3.5156006170568974E+06
   3.2400000000000000E+04   9.6439835105244401E+02   1.5125939094269497E+03   2.6609903159170867E+03   5.3761703136521045E-02   3.5096266563610900E+06
   3.2500000000000000E+04   9.6182150082641454E+02   1.5099879442383667E+03   2.6494486997732770E+03   4.8339381616821303E-02   3.5036248245267160E+06
   3.2600000000000000E+04   9.5948239892135496E+02   1.5073719001191532E+03   2.6397600312308705E+03   4.2905973666658728E-02   3.4975956646137056E+06
   3.2700000000000000E+04   9.5690365965101614E+02   1.5047460178025719E+03   2.6283052959593147E+03   3.7461534558409400E-02   3.4915398142862641E+06
   3.2800000000000000E+04   9.5446382784394109E+02   1.5021105351659176E+03   2.6179472131770813E+03   3.2006119389352106E-02   3.4854578474113713E+06
   3.2900000000000000E+04   9.5165813814687624E+02   1.4994656872423909E+03   2.6048905797160060E+03   2.6539782964936746E-02   3.4793503754001777E+06
   3.3000000000000000E+04   9.4981539962401177E+02   1.4968117062546630E+03   2.5990939823623776E+03   2.1062579896060765E-02   3.4732179599030316E+06
   3.3100000000000000E+04   9.4731079560115131E+02   1.4941488216326122E+03   2.5883776211383661E+03   1.5574564540703268E-02   3.4670612004848849E+06
   3.3200000000000000E+04   9.4480331954220071E+02   1.4914772600379431E+03   2.5776839939136071E+03   1.0075791013652698E-02   3.4608806614416502E+06
   3.3300000000000000E+04   9.4208787569991682E+02   1.4887972453897103E+03   2.5654907561816844E+03   4.5663132059620771E-03   3.4546769158499478E+06
   3.3400000000000000E+04   9.4006917435491823E+02   1.4861089988839394E+03   2.5585043376410140E+03  -9.5381525396149799E-04   3.4484505309383026E+06
   3.3500000000000000E+04   9.3750727132787779E+02   1.4834127390239291E+03   2.5475294011703418E+03  -6.4845409322634691E-03   3.4422020082087279E+06
   3.3600000000000000E+04   9.3498663912781683E+02   1.4807086816329506E+03   2.5369010703912500E+03  -1.2025810696645722E-02   3.4359319777385318E+06
   3.3700000000000000E+04   9.3245871720767013E+02   1.4779970398892901E+03   2.5262592315741153E+03  -1.7577571599635015E-02   3.4296408989768489E+06
   3.3800000000000000E+04   9.3002535408686958E+02   1.4752780243398213E+03   2.5163489182486805E+03  -2.3139770975859366E-02   3.4233293756862772E+06
   3.3900000000000000E+04   9.2739667758905193E+02   1.4725518429300325E+03   2.5050476883159959E+03  -2.8712356373954480E-02   3.4169979003872387E+06
   3.4000000000000000E+04   9.2486993547649342E+02   1.4698187010223442E+03   2.4945301524172428E+03  -3.4295275605202048E-02   3.4106470049623372E+06
   3.4100000000000000E+04   9.2234146011136681E+02   1.4670788014220989E+03   2.4840368030327895E+03  -3.9888476714346852E-02   3.4042772155877328E+06
   3.4200000000000000E+04   9.1984536246205630E+02   1.4643323443996035E+03   2.4738136278410834E+03  -4.5491907989324246E-02   3.3978890373938493E+06
   3.4300000000000000E+04   9.1732848212363558E+02   1.4615795277121108E+03   2.4634744214582752E+03  -5.1105517970987939E-02   3.3914830004603993E+06
   3.4400000000000000E+04   9.1483118115533568E+02   1.4588205466304917E+03   2.4533099513846932E+03  -5.6729255414199431E-02   3.3850595675735334E+06
   3.4500000000000000E+04   9.1230572446201097E+02   1.4560555939553087E+03   2.4429759491036252E+03  -6.2363069355921404E-02   3.3786192573453798E+06
   3.4600000000000000E+04   9.0980427014543500E+02   1.4532848600452357E+03   2.4328463536308373E+03  -6.8006909056851916E-02   3.3721625518659204E+06
   3.4700000000000000E+04   9.0729883528250843E+02   1.4505085328367768E+03   2.4227194550013924E+03  -7.3660724030607430E-02   3.3656899430788904E+06
   3.4800000000000000E+04   9.0475786194064892E+02   1.4477267978696159E+03   2.4123704242374074E+03  -7.9324464014539742E-02   3.3592018860277575E+06
   3.4900000000000000E+04   9.0226274804965135E+02   1.4449398383042703E+03   2.4023777909311389E+03  -8.4998079018374140E-02   3.3526988927685260E+06
   3.5000000000000000E+04   8.9977838033678302E+02   1.4421478349472527E+03   2.3924899016796303E+03  -9.0681519295026700E-02   3.3461814229338723E+06
   3.5100000000000000E+04   8.9722711826539694E+02   1.4393509662770280E+03   2.3821581071960986E+03  -9.6374735301693701E-02   3.3396498829650697E+06
   3.5200000000000000E+04   8.9420432241043443E+02   1.4365494084576401E+03   2.3685449051660908E+03  -1.0207767778740004E-01   3.3331048002019874E+06
   3.5300000000000000E+04   8.9202083469175159E+02   1.4337433353672993E+03   2.3608562043356210E+03  -1.0779029772490616E-01   3.3265465857962659E+06
   3.5400000000000000E+04   8.9016071998004122E+02   1.4309329186183920E+03   2.3554470445924962E+03  -1.1351254633016318E-01   3.3199756929094549E+06
   3.5500000000000000E+04   8.8765004329964677E+02   1.4281183275792553E+03   2.3455017291207469E+03  -1.1924437506231292E-01   3.3133925533176023E+06
   3.5600000000000000E+04   8.8515218747462961E+02   1.4252997293949238E+03   2.3356714145097058E+03  -1.2498573563341540E-01   3.3067976254983866E+06
   3.5700000000000000E+04   8.8263463959365504E+02   1.4224772890096249E+03   2.3257290447012028E+03  -1.3073657999872143E-01   3.3001913143929476E+06
   3.5800000000000000E+04   8.7979481053841346E+02   1.4196511691891476E+03   2.3135815877931668E+03  -1.3649686034694464E-01   3.2935740679186843E+06
   3.5900000000000000E+04   8.7759459712899036E+02   1.4168215305412430E+03   2.3058843007539735E+03  -1.4226652910998963E-01   3.2869462802074882E+06
   3.6000000000000000E+04   8.7480081566577803E+02   1.4139885315359131E+03   2.2941144323614326E+03  -1.4804553897267919E-01   3.2803083887430178E+06
   3.6100000000000000E+04   8.7243941534020666E+02   1.4111523285283597E+03   2.2853450925674379E+03  -1.5383384285329901E-01   3.2736607606124734E+06
   3.6200000000000000E+04   8.7036649367999837E+02   1.4083130757790263E+03   2.2785692010286675E+03  -1.5963139391332562E-01   3.2670038228429183E+06
   3.6300000000000000E+04   8.6787248081678297E+02   1.4054709254726315E+03   2.2689231171169877E+03  -1.6543814557688166E-01   3.2603380140586919E+06
   3.6400000000000000E+04   8.6538533625754803E+02   1.4026260277452973E+03   2.2593448632913746E+03  -1.7125405146264155E-01   3.2536636360998377E+06
   3.6500000000000000E+04   8.6289475512775834E+02   1.3997785306960170E+03   2.2497635567392313E+03  -1.7707906548110949E-01   3.2469811668387786E+06
   3.6600000000000000E+04   8.6038880549535440E+02   1.3969285804144454E+03   2.2400980670004383E+03  -1.8291314175679679E-01   3.2402909472270575E+06
   3.6700000000000000E+04   8.5792147925244376E+02   1.3940763209994134E+03   2.2307138281277703E+03  -1.8875623464767821E-01   3.2335933460087930E+06
   3.6800000000000000E+04   8.5544305715656503E+02   1.3912218945773473E+03   2.2212730842627925E+03  -1.9460829876464639E-01   3.2268887435388481E+06
   3.6900000000000000E+04   8.5296252401790912E+02   1.3883654413223783E+03   2.2118364559006282E+03  -2.0046928897151281E-01   3.2201775320708021E+06
   3.7000000000000000E+04   8.5046747085260574E+02   1.3855070994817179E+03   2.2023204557084505E+03  -2.0633916032664104E-01   3.2134600319373086E+06
   3.7100000000000000E+04   8.4801956147965086E+02   1.3826470053873841E+03   2.1931378954652318E+03  -2.1221786817049584E-01   3.2067366424207911E+06
   3.7200000000000000E+04   8.4553949231182537E+02   1.3797852934822135E+03   2.1837569036470295E+03  -2.1810536805755029E-01   3.2000076738313399E+06
   3.7300000000000000E+04   8.4308968589301787E+02   1.3769220963358459E+03   2.1745941141639796E+03  -2.2400161579519509E-01   3.1932735329702757E+06
   3.7400000000000000E+04   8.4060718346901217E+02   1.3740575446677403E+03   2.1652298443513532E+03  -2.2990656740482909E-01   3.1865345204177308E+06
   3.7500000000000000E+04   8.3816483209921864E+02   1.3711917673629125E+03   2.1561475442118208E+03  -2.3582017916076947E-01   3.1797909827034054E+06
   3.7600000000000000E+04   8.3570637862285560E+02   1.3683248914937813E+03   2.1469735133425584E+03  -2.4174240756106849E-01   3.1730432617297713E+06
   3.7700000000000000E+04   8.3422945006891689E+02   1.3654570423374362E+03   2.1442871080124664E+03  -2.4767320934696968E-01   3.1662916776405862E+06
   3.7800000000000000E+04   8.3095545342379944E+02   1.3625883433963061E+03   2.1297595315734047E+03  -2.5361254148345136E-01   3.1595365630417177E+06
   3.7900000000000000E+04   8.2803569236702674E+02   1.3597189164142922E+03   2.1176063931585732E+03  -2.5956036118841053E-01   3.1527782632827833E+06
   3.8000000000000000E+04   8.2580704012431943E+02   1.3568488813997913E+03   2.1099944892355697E+03  -2.6551662588402425E-01   3.1460170501701124E+06
   3.8100000000000000E+04   8.2398967619276823E+02   1.3539783566406745E+03   2.1050717285461478E+03  -2.7148129323566023E-01   3.1392532425622279E+06
   3.8200000000000000E+04   8.2155690081184980E+02   1.3511074587226603E+03   2.0961391502091792E+03  -2.7745432115187679E-01   3.1324871897211582E+06
   3.8300000000000000E+04   8.1914170780569782E+02   1.3482363025510192E+03   2.0873329615640482E+03  -2.8343566774551282E-01   3.1257191496308427E+06
   3.8400000000000000E+04   8.1672795002836028E+02   1.3453650013634406E+03   2.0785474586551159E+03  -2.8942529139205242E-01   3.1189494628779613E+06
   3.8500000000000000E+04   8.1431756485949381E+02   1.3424936667540533E+03   2.0697948461301139E+03  -2.9542315066153296E-01   3.1121784134692508E+06
   3.8600000000000000E+04   8.1191320850230909E+02   1.3396224086877576E+03   2.0610918430776696E+03  -3.0142920435745435E-01   3.1054062457475034E+06
   3.8700000000000000E+04   8.0949809911847660E+02   1.3367513355161857E+03   2.0523300577299956E+03  -3.0744341153623483E-01   3.0986333051316878E+06
   3.8800000000000000E+04   8.0683024286478735E+02   1.3338805539995408E+03   2.0419590854978269E+03  -3.1346573145857309E-01   3.0918598626328316E+06
   3.8900000000000000E+04   8.0469594986199706E+02   1.3310101693231136E+03   2.0350172062158563E+03  -3.1949612359917573E-01   3.0850861671653087E+06
   3.9000000000000000E+04   8.0230557017088461E+02   1.3281402851111225E+03   2.0264435162560644E+03  -3.2553454768566709E-01   3.0783125520775886E+06
   3.9100000000000000E+04   7.9991781516825836E+02   1.3252710034489514E+03   2.0178955971583857E+03  -3.3158096364022405E-01   3.0715392045084555E+06
   3.9200000000000000E+04   7.9753448573037588E+02   1.3224024248950259E+03   2.0093845692800287E+03  -3.3763533163794274E-01   3.0647664675347465E+06
   3.9300000000000000E+04   7.9515444197996771E+02   1.3195346485035841E+03   2.0009028259476188E+03  -3.4369761203874316E-01   3.0579945554618253E+06
   3.9400000000000000E+04   7.9277365570016013E+02   1.3166677718354551E+03   1.9924245962537452E+03  -3.4976776545546417E-01   3.0512237499443213E+06
   3.9500000000000000E+04   7.9039429772321262E+02   1.3138018909780135E+03   1.9839634280228718E+03  -3.5584575271495200E-01   3.0444543288676357E+06
   3.9600000000000000E+04   7.8802342808596870E+02   1.3109371005632695E+03   1.9755634674780695E+03  -3.6193153483860591E-01   3.0376864941210053E+06
   3.9700000000000000E+04   7.8565155712603087E+02   1.3080734937799621E+03   1.9671646711579212E+03  -3.6802507309101545E-01   3.0309205337157291E+06
   3.9800000000000000E+04   7.8328145005670467E+02   1.3052111623930614E+03   1.9587842342468221E+03  -3.7412632894105041E-01   3.0241566413952722E+06
   3.9900000000000000E+04   7.8081266732155177E+02   1.3023501967572827E+03   1.9497955056408141E+03  -3.8023526409104397E-01   3.0173951157566481E+06
   4.0000000000000000E+04   7.7844144635698888E+02   1.2994906858371121E+03   1.9414238278512373E+03  -3.8635184042815357E-01   3.0106361609249641E+06
   4.0100000000000000E+04   7.7607623027532952E+02   1.2966327172175713E+03   1.9330963237838250E+03  -3.9247602008272792E-01   3.0038800135028986E+06
   4.0200000000000000E+04   7.7369355113383460E+02   1.2937763771231344E+03   1.9246673598294503E+03  -3.9860776538939557E-01   2.9971269247197453E+06
   4.0300000000000000E+04   7.7140962350530208E+02   1.2909217504340063E+03   1.9168550835652889E+03  -4.0474703887733787E-01   2.9903770687790564E+06
   4.0400000000000000E+04   7.6861271943864597E+02   1.2880689206973484E+03   1.9058895698282984E+03  -4.1089380331892661E-01   2.9836307446937859E+06
   4.0500000000000000E+04   7.6646235453587974E+02   1.2852179701473963E+03   1.8989118610885416E+03  -4.1704802167135818E-01   2.9768881008093813E+06
   4.0600000000000000E+04   7.6472469473473336E+02   1.2823689797180552E+03   1.8944654756186044E+03  -4.2320965710583769E-01   2.9701493737640553E+06
   4.0700000000000000E+04   7.6239451294422361E+02   1.2795220290562097E+03   1.8863830365825377E+03  -4.2937867302703259E-01   2.9634148153943708E+06
   4.0800000000000000E+04   7.6008796418866496E+02   1.2766771965430059E+03   1.8784498601024916E+03  -4.3555503299525261E-01   2.9566845627545402E+06
   4.0900000000000000E+04   7.5778396771122459E+02   1.2738345592987848E+03   1.8705363820696791E+03  -4.4173870084318040E-01   2.9499588979068235E+06
   4.1000000000000000E+04   7.5548350890408642E+02   1.2709941932089232E+03   1.8626484030627614E+03  -4.4792964053968631E-01   2.9432379693291681E+06
   4.1100000000000000E+04   7.5318877286924396E+02   1.2681561729277398E+03   1.8547989476333910E+03  -4.5412781631628635E-01   2.9365219965104559E+06
   4.1200000000000000E+04   7.5055048862189403E+02   1.2653205719008013E+03   1.8448760026113093E+03  -4.6033319256986593E-01   2.9298111393994098E+06
   4.1300000000000000E+04   7.4858839027848239E+02   1.2624874623734377E+03   1.8390448796729308E+03  -4.6654573393077359E-01   2.9231056671900586E+06
   4.1400000000000000E+04   7.4630736053182557E+02   1.2596569154095339E+03   1.8312886780215510E+03  -4.7276540520445548E-01   2.9164057143988535E+06
   4.1500000000000000E+04   7.4403120313392174E+02   1.2568290009029911E+03   1.8235647612834994E+03  -4.7899217140063710E-01   2.9097114684710097E+06
   4.1600000000000000E+04   7.4175926811211195E+02   1.2540037875898918E+03   1.8158689772626128E+03  -4.8522599775278052E-01   2.9030231325590746E+06
   4.1700000000000000E+04   7.3949299419957515E+02   1.2511813430676370E+03   1.8082097036575371E+03  -4.9146684964998888E-01   2.8963408497872525E+06
   4.1800000000000000E+04   7.3722909537003898E+02   1.2483617338005372E+03   1.8005670593260027E+03  -4.9771469273428387E-01   2.8896648549422207E+06
   4.1900000000000000E+04   7.3496352612316173E+02   1.2455450251418204E+03   1.7929168318532063E+03  -5.0396949279360193E-01   2.8829952656940199E+06
   4.2000000000000000E+04   7.3265081009465598E+02   1.2427312813405642E+03   1.7849890974657419E+03  -5.1023121583961473E-01   2.8763322916898760E+06
   4.2100000000000000E+04   7.3039635834618491E+02   1.2399205655579315E+03   1.7774100874969708E+03  -5.1649982806881867E-01   2.8696761015002658E+06
   4.2200000000000000E+04   7.2813563328354223E+02   1.2371129398793535E+03   1.7697960247914341E+03  -5.2277529587226290E-01   2.8630268222279511E+06
   4.2300000000000000E+04   7.2587721697803727E+02   1.2343084653266026E+03   1.7621977339391728E+03  -5.2905758584527618E-01   2.8563846930936514E+06
   4.2400000000000000E+04   7.2363680336608127E+02   1.2315072018736034E+03   1.7547073771280700E+03  -5.3534666474855797E-01   2.8497497773921704E+06
   4.2500000000000000E+04   7.2139625295253029E+02   1.2287092084543938E+03   1.7472177860516190E+03  -5.4164249956654253E-01   2.8431223085916922E+06
   4.2600000000000000E+04   7.1915761824744743E+02   1.2259145429809896E+03   1.7397409682535354E+03  -5.4794505743930566E-01   2.8365024016560777E+06
   4.2700000000000000E+04   7.1694306813775336E+02   1.2231232623511178E+03   1.7324062743771335E+03  -5.5425430572093215E-01   2.8298902071428201E+06
   4.2800000000000000E+04   7.1470222226563499E+02   1.2203354224635145E+03   1.7249192458145944E+03  -5.6057021194060319E-01   2.8232858921808666E+06
   4.2900000000000000E+04   7.1250840903306744E+02   1.2175510782284998E+03   1.7177071059106668E+03  -5.6689274382205257E-01   2.8166896017239266E+06
   4.3000000000000000E+04   7.1034759813682865E+02   1.2147702835814832E+03   1.7106866485781386E+03  -5.7322186926411201E-01   2.8101014779096730E+06
   4.3100000000000000E+04   7.0785488482433277E+02   1.2119930914925585E+03   1.7017461062040627E+03  -5.7955755636989170E-01   2.8035216600822853E+06
   4.3200000000000000E+04   7.0621636211654709E+02   1.2092195539820239E+03   1.6977439670835420E+03  -5.8589977339814647E-01   2.7969502848302145E+06
   4.3300000000000000E+04   7.0402928557112511E+02   1.2064497221282375E+03   1.6905680464908257E+03  -5.9224848881190928E-01   2.7903874860065924E+06
   4.3400000000000000E+04   7.0185388626183419E+02   1.2036836460821391E+03   1.6834594367920163E+03  -5.9860367123958302E-01   2.7838334144624369E+06
   4.3500000000000000E+04   6.9968523381757177E+02   1.2009213750756446E+03   1.6763893980336343E+03  -6.0496528951385198E-01   2.7772881790577988E+06
   4.3600000000000000E+04   6.9752134321259291E+02   1.1981629574366655E+03   1.6693463182322296E+03  -6.1133331262304125E-01   2.7707519253991507E+06
   4.3700000000000000E+04   6.9536378509279518E+02   1.1954084405980200E+03   1.6623390107954660E+03  -6.1770770974030098E-01   2.7642247768174638E+06
   4.3800000000000000E+04   6.9287074412237848E+02   1.1926578711084937E+03   1.6534194300312802E+03  -6.2408845022360593E-01   2.7577068540525101E+06
   4.3900000000000000E+04   6.9104487180825242E+02   1.1899112946452476E+03   1.6483011492236633E+03  -6.3047550359630189E-01   2.7511982553833220E+06
   4.4000000000000000E+04   6.8890374397100572E+02   1.1871687560224332E+03   1.6413855698638611E+03  -6.3686883957628626E-01   2.7446991561362646E+06
   4.4100000000000000E+04   6.8676774854575558E+02   1.1844302992055732E+03   1.6344981731422558E+03  -6.4326842802737039E-01   2.7382096297234334E+06
   4.4200000000000000E+04   6.8458730802036848E+02   1.1816959673177603E+03   1.6273586187534661E+03  -6.4967423901764709E-01   2.7317297867923109E+06
   4.4300000000000000E+04   6.8244269208098945E+02   1.1789658026538084E+03   1.6204212434468184E+03  -6.5608624277084981E-01   2.7252597956857421E+06
   4.4400000000000000E+04   6.8031745028153000E+02   1.1762398466891664E+03   1.6135921652575505E+03  -6.6250440968580981E-01   2.7187997223289912E+06
   4.4500000000000000E+04   6.7818114686301203E+02   1.1735181400916326E+03   1.6066998608855520E+03  -6.6892871031700107E-01   2.7123496701880735E+06
   4.4600000000000000E+04   6.7606207631814107E+02   1.1708007227279070E+03   1.5999032485257344E+03  -6.7535911542317617E-01   2.7059097605236815E+06
   4.4700000000000000E+04   6.7394757132842926E+02   1.1680876336794158E+03   1.5931309436267620E+03  -6.8179559588954863E-01   2.6994800719764624E+06
   4.4800000000000000E+04   6.7182832473694202E+02   1.1653789112457873E+03   1.5863309314738040E+03  -6.8823812281533903E-01   2.6930607616961515E+06
   4.4900000000000000E+04   6.6973368671407502E+02   1.1626745929618623E+03   1.5796667140497229E+03  -6.9468666741649876E-01   2.6866518835605634E+06
   4.5000000000000000E+04   6.6762412026547770E+02   1.1599747156002836E+03   1.5729179701838586E+03  -7.0114120112298783E-01   2.6802535701575079E+06
   4.5100000000000000E+04   6.6554070161959930E+02   1.1572793151882549E+03   1.5663128055179754E+03  -7.0760169548149765E-01   2.6738658503232822E+06
   4.5200000000000000E+04   6.6344912320185620E+02   1.1545884270099698E+03   1.5596607186991753E+03  -7.1406812225272709E-01   2.6674888929950809E+06
   4.5300000000000000E+04   6.6139267634449845E+02   1.1519020856224233E+03   1.5532007926578856E+03  -7.2054045332383510E-01   2.6611227633349313E+06
   4.5400000000000000E+04   6.5936008665403244E+02   1.1492203248611929E+03   1.5468698087404291E+03  -7.2701866075707633E-01   2.6547675651143095E+06
   4.5500000000000000E+04   6.5700177119636589E+02   1.1465431778510795E+03   1.5387480780202482E+03  -7.3350271677034895E-01   2.6484233385722036E+06
   4.5600000000000000E+04   6.5547551674434396E+02   1.1438706770138363E+03   1.5351897072252416E+03  -7.3999259375664750E-01   2.6420902447963655E+06
   4.5700000000000000E+04   6.5342697024746337E+02   1.1412028540799895E+03   1.5287609496398825E+03  -7.4648826424515402E-01   2.6357682992700869E+06
   4.5800000000000000E+04   6.5139287834118431E+02   1.1385397400956688E+03   1.5224088188430464E+03  -7.5298970093041939E-01   2.6294576180525697E+06
   4.5900000000000000E+04   6.4935877636833538E+02   1.1358813654307573E+03   1.5160540335385651E+03  -7.5949687668209198E-01   2.6231582947742334E+06
   4.6000000000000000E+04   6.4733249646983666E+02   1.1332277597910877E+03   1.5097392590334427E+03  -7.6600976449628055E-01   2.6168703797855303E+06
   4.6100000000000000E+04   6.4530739630786775E+02   1.1305789522229356E+03   1.5034282374200168E+03  -7.7252833755391670E-01   2.6105939420020087E+06
   4.6200000000000000E+04   6.4327642227442198E+02   1.1279349711243340E+03   1.4970827905642889E+03  -7.7905256918184795E-01   2.6043291106453426E+06
   4.6300000000000000E+04   6.4126066657889965E+02   1.1252958442548747E+03   1.4908171894655320E+03  -7.8558243283338025E-01   2.5980759093813668E+06
   4.6400000000000000E+04   6.3925566355310275E+02   1.1226615987399666E+03   1.4846068966254727E+03  -7.9211790214664490E-01   2.5918344221532419E+06
   4.6500000000000000E+04   6.3725501957756956E+02   1.1200322610811684E+03   1.4784172059143527E+03  -7.9865895091541472E-01   2.5856047311202516E+06
   4.6600000000000000E+04   6.3525897723722039E+02   1.1174078571670618E+03   1.4722493446507076E+03  -8.0520555305019492E-01   2.5793868957644133E+06
   4.6700000000000000E+04   6.3326913915465491E+02   1.1147884122765975E+03   1.4661118206232302E+03  -8.1175768264631476E-01   2.5731810155756162E+06
   4.6800000000000000E+04   6.3128295966389760E+02   1.1121739510918139E+03   1.4599908836337036E+03  -8.1831531391583545E-01   2.5669870835467600E+06
   4.6900000000000000E+04   6.2929789465554268E+02   1.1095644977017023E+03   1.4538729071717396E+03  -8.2487842124591448E-01   2.5608052165085156E+06
   4.7000000000000000E+04   6.2731225992082284E+02   1.1069600756127138E+03   1.4477489607099576E+03  -8.3144697915989862E-01   2.5546354667375698E+06
   4.7100000000000000E+04   6.2534796746301572E+02   1.1043607077564782E+03   1.4417356071123202E+03  -8.3802096231731849E-01   2.5484779057881567E+06
   4.7200000000000000E+04   6.2337452287181020E+02   1.1017664164947876E+03   1.4356704688225809E+03  -8.4460034555280405E-01   2.5423325824543475E+06
   4.7300000000000000E+04   6.2139833253332336E+02   1.0991772236304828E+03   1.4295878420959621E+03  -8.5118510382744283E-01   2.5361995860793437E+06
   4.7400000000000000E+04   6.1945667525844215E+02   1.0965931504155612E+03   1.4236847997083360E+03  -8.5777521221905584E-01   2.5300789197685039E+06
   4.7500000000000000E+04   6.1756709136355710E+02   1.0940142175546036E+03   1.4180527934901645E+03  -8.6437064598055913E-01   2.5239706483090711E+06
   4.7600000000000000E+04   6.1555765674249358E+02   1.0914404452134195E+03   1.4117857153192729E+03  -8.7097138052051259E-01   2.5178748349263081E+06
   4.7700000000000000E+04   6.1362771546201316E+02   1.0888718530301826E+03   1.4059341184612890E+03  -8.7757739134475143E-01   2.5117915625924161E+06
   4.7800000000000000E+04   6.1167913508069194E+02   1.0863084601173384E+03   1.3999813839233541E+03  -8.8418865413420877E-01   2.5057208488973556E+06
   4.7900000000000000E+04   6.0976414056100953E+02   1.0837502850725723E+03   1.3942012204618466E+03  -8.9080514468654859E-01   2.4996627310098596E+06
   4.8000000000000000E+04   6.0823281067906851E+02   1.0811973459825401E+03   1.3904207431192622E+03  -8.9742683896480469E-01   2.4936173086739839E+06
   4.8100000000000000E+04   6.0593160704559602E+02   1.0786496604336503E+03   1.3826167998056508E+03  -9.0405371303901538E-01   2.4875845732588596E+06
   4.8200000000000000E+04   6.0406506861055766E+02   1.0761072455156429E+03   1.3770777885922469E+03  -9.1068574313485973E-01   2.4815646216123947E+06
   4.8300000000000000E+04   6.0176086125378220E+02   1.0735701178309046E+03   1.3692662229840089E+03  -9.1732290559474960E-01   2.4755574419047055E+06
   4.8400000000000000E+04   6.0001451147510488E+02   1.0710382934979261E+03   1.3643441010228062E+03  -9.2396517692646596E-01   2.4695631281633186E+06
   4.8500000000000000E+04   5.9859677756305871E+02   1.0685117881617248E+03   1.3611136030042915E+03  -9.3061253374479402E-01   2.4635816654291297E+06
   4.8600000000000000E+04   5.9672731138671145E+02   1.0659906169984281E+03   1.3555411370077759E+03  -9.3726495280070510E-01   2.4576131233720770E+06
   4.8700000000000000E+04   5.9485810045129097E+02   1.0634747947198207E+03   1.3499659828643516E+03  -9.4392241101054064E-01   2.4516575920603443E+06
   4.8800000000000000E+04   5.9299648728899740E+02   1.0609643355847579E+03   1.3444259609541343E+03  -9.5058488537819119E-01   2.4457150304631097E+06
   4.8900000000000000E+04   5.9081238012440610E+02   1.0584592534016510E+03   1.3372287221434954E+03  -9.5725235305346035E-01   2.4397855041907281E+06
   4.9000000000000000E+04   5.8926986727720862E+02   1.0559595615353187E+03   1.3333166734379915E+03  -9.6392479132233966E-01   2.4338690559346201E+06
   4.9100000000000000E+04   5.8742443389689311E+02   1.0534652729137513E+03   1.3278476686224733E+03  -9.7060217759727885E-01   2.4279657053146954E+06
   4.9200000000000000E+04   5.8558476604535008E+02   1.0509764000329401E+03   1.3224040235946409E+03  -9.7728448943664437E-01   2.4220755577407856E+06
   4.9300000000000000E+04   5.8375097886429023E+02   1.0484929549678295E+03   1.3169862424013593E+03  -9.8397170446689264E-01   2.4161985212336867E+06
   4.9400000000000000E+04   5.8192291960296689E+02   1.0460149493695644E+03   1.3115934647522729E+03  -9.9066380051876290E-01   2.4103346985802697E+06
   4.9500000000000000E+04   5.8009986674953893E+02   1.0435423944794034E+03   1.3062219536698490E+03  -9.9736075550081416E-01   2.4044841260173330E+06
   4.9600000000000000E+04   5.7828283005724052E+02   1.0410753011307866E+03   1.3008767624158922E+03  -1.0040625474577922E+00   2.3986468166287313E+06
   4.9700000000000000E+04   5.7646745913720383E+02   1.0386136797562863E+03   1.2955358332092480E+03  -1.0107691545511752E+00   2.3928227821622151E+06
   4.9800000000000000E+04   5.7465954527345173E+02   1.0361575403914285E+03   1.2902284024891148E+03  -1.0174805550883541E+00   2.3870120770260170E+06
   4.9900000000000000E+04   5.7285534157821405E+02   1.0337068926833258E+03   1.2849354931753262E+03  -1.0241967274739987E+00   2.3812146885119709E+06
   5.0000000000000000E+04   5.7105784989347387E+02   1.0312617458937627E+03   1.2796721635905330E+03  -1.0309176502489634E+00   2.3754306686540386E+06


