#Te   kappa_tot   kappa_e_ph  kappa_e_e mu Ce
#[K]  [W/(K*m)]   [W/(K*m)]   [W/(K*m)]   [eV]  [J/(m^3*K)]
   3.0000000000000000E+02   6.8649252140066395E+01   6.8698939050923116E+01   9.4916965199573664E+04   2.3148189035604996E+00   3.9332368214388838E+05
   4.0000000000000000E+02   8.6826186730403805E+01   8.6911946434637159E+01   8.7992757877332711E+04   2.3177455418604325E+00   4.7193840047032235E+05
   5.0000000000000000E+02   1.0193768127110427E+02   1.0206673749211821E+02   8.0619488724449810E+04   2.3209969322244461E+00   5.2754796593934612E+05
   6.0000000000000000E+02   1.1535283135929171E+02   1.1553358875984776E+02   7.3729355144250148E+04   2.3244912511243219E+00   5.6817781082846504E+05
   7.0000000000000000E+02   1.2794970456422597E+02   1.2819331888881953E+02   6.7328952459164779E+04   2.3282339684419391E+00   5.9918347217211011E+05
   8.0000000000000000E+02   1.4015617018481461E+02   1.4047601459160745E+02   6.1556743809934611E+04   2.3322540096171682E+00   6.2365337356439629E+05
   9.0000000000000000E+02   1.5216202077402829E+02   1.5257300927882474E+02   5.6487753639094510E+04   2.3365766138726132E+00   6.4343325397319265E+05
   1.0000000000000000E+03   1.6406009354373947E+02   1.6457800664071664E+02   5.2133617246425114E+04   2.3412163691298069E+00   6.5976713926339138E+05
   1.1000000000000000E+03   1.7590971224983599E+02   1.7655358884758104E+02   4.8235160463389715E+04   2.3461776556160441E+00   6.7359620421924058E+05
   1.2000000000000000E+03   1.8776389687317820E+02   1.8855531072188521E+02   4.4734976491901449E+04   2.3514570235008359E+00   6.8568062620234303E+05
   1.3000000000000000E+03   1.9967515859800216E+02   2.0063689710068343E+02   4.1656026183311602E+04   2.3570456214163640E+00   6.9664749098815932E+05
   1.4000000000000000E+03   2.1169329446495587E+02   2.1284887454775551E+02   3.8992260378015038E+04   2.3629311721686941E+00   7.0701240772388177E+05
   1.5000000000000000E+03   2.2385678567586262E+02   2.2523602742543574E+02   3.6556762535257491E+04   2.3690994487184267E+00   7.1719336280716676E+05
   1.6000000000000000E+03   2.3621163256784303E+02   2.3783558105933642E+02   3.4594404427867841E+04   2.3755353275442772E+00   7.2752279097190208E+05
   1.7000000000000000E+03   2.4876876371008220E+02   2.5067648495790920E+02   3.2688465007767398E+04   2.3822235134838325E+00   7.3825914397317381E+05
   1.8000000000000000E+03   2.6155237604452878E+02   2.6377959993649387E+02   3.0976760515348346E+04   2.3891490179789798E+00   7.4959792560705449E+05
   1.9000000000000000E+03   2.7457315838265561E+02   2.7715845250594469E+02   2.9435827433123784E+04   2.3962974558818759E+00   7.6168189657699422E+05
   2.0000000000000000E+03   2.8783551407006962E+02   2.9082025084008478E+02   2.8045487040425789E+04   2.4036552110746641E+00   7.7461022486812610E+05
   2.1000000000000000E+03   3.0129073996023243E+02   3.0476694177824629E+02   2.6414881014085626E+04   2.4112095094152273E+00   7.8844648770020204E+05
   2.2000000000000000E+03   3.1496963438403390E+02   3.1899617691729219E+02   2.4952948685789434E+04   2.4189484282878548E+00   8.0322565726053889E+05
   2.3000000000000000E+03   3.2886244601539931E+02   3.3350212814610700E+02   2.3638758545026049E+04   2.4268608647547731E+00   8.1895994971526193E+05
   2.4000000000000000E+03   3.4295676690526182E+02   3.4827614368402317E+02   2.2454446299988940E+04   2.4349364789951484E+00   8.3564383554830356E+05
   2.5000000000000000E+03   3.5723809103692105E+02   3.6330726585283458E+02   2.1384652452719845E+04   2.4431656249195655E+00   8.5325813000383461E+05
   2.6000000000000000E+03   3.7167099402532608E+02   3.7858264570568906E+02   2.0358113336345508E+04   2.4515392768837327E+00   8.7177340847435046E+05
   2.7000000000000000E+03   3.8627554212988827E+02   3.9408789170888798E+02   1.9485368963246823E+04   2.4600489581900558E+00   8.9115272310788464E+05
   2.8000000000000000E+03   4.0101418103705242E+02   4.0980738472311168E+02   1.8689271696073400E+04   2.4686866754325956E+00   9.1135383877201343E+05
   2.9000000000000000E+03   4.1587100107104709E+02   4.2572458288143440E+02   1.7967731112438687E+04   2.4774448607596495E+00   9.3233092789956462E+05
   3.0000000000000000E+03   4.3082384492338326E+02   4.4182233050760493E+02   1.7306709523297246E+04   2.4863163231684311E+00   9.5403592379982129E+05
   3.1000000000000000E+03   4.4581279514953462E+02   4.5808317651671325E+02   1.6643275805603716E+04   2.4952942090408521E+00   9.7641954782441305E+05
   3.2000000000000000E+03   4.6085539594188003E+02   4.7448970075398438E+02   1.6038304990598976E+04   2.5043719713476467E+00   9.9943208595431200E+05
   3.3000000000000000E+03   4.7596627171788219E+02   4.9102484190960718E+02   1.5520149678819307E+04   2.5135433468088064E+00   1.0230239291737038E+06
   3.4000000000000000E+03   4.9106635785031335E+02   5.0767221782034051E+02   1.5012817609976402E+04   2.5228023398726114E+00   1.0471459894248550E+06
   3.5000000000000000E+03   5.0616665010245663E+02   5.2441642799785916E+02   1.4544949979103159E+04   2.5321432124219507E+00   1.0717500003726827E+06
   3.6000000000000000E+03   5.2125533782843968E+02   5.4124332861691153E+02   1.4114774070654244E+04   2.5415604778999761E+00   1.0967886685799856E+06
   3.7000000000000000E+03   5.3632008531808901E+02   5.5814027166362712E+02   1.3718573864485303E+04   2.5510488988566391E+00   1.1222158436642592E+06
   3.8000000000000000E+03   5.5135091250397386E+02   5.7509630194588578E+02   1.3353323668630215E+04   2.5606034867397307E+00   1.1479866067332453E+06
   3.9000000000000000E+03   5.6628495287902967E+02   5.9210230801024750E+02   1.2987334523113532E+04   2.5702195030480759E+00   1.1740572912276248E+06
   4.0000000000000000E+03   5.8122070924229990E+02   6.0915112533311378E+02   1.2676189568772743E+04   2.5798924611271197E+00   1.2003855615174079E+06
   4.1000000000000000E+03   5.9606949528963594E+02   6.2623759226040954E+02   1.2373373299339659E+04   2.5896181278252079E+00   1.2269304432966653E+06
   4.2000000000000000E+03   6.1077657239342852E+02   6.4335856101430056E+02   1.2060293227914262E+04   2.5993925246158232E+00   1.2536523730227121E+06
   4.3000000000000000E+03   6.2549649991083425E+02   6.6051286748136170E+02   1.1798724865551110E+04   2.6092119276517702E+00   1.2805131636397205E+06
   4.4000000000000000E+03   6.4015884130061659E+02   6.7770126455467800E+02   1.1555899131214206E+04   2.6190728666816221E+00   1.3074761535640687E+06
   4.5000000000000000E+03   6.5476341946273794E+02   6.9492632439065687E+02   1.1329168974438422E+04   2.6289721224492171E+00   1.3345060817271003E+06
   4.6000000000000000E+03   6.6931173276618290E+02   7.1219231527158001E+02   1.1116422509819780E+04   2.6389067227774277E+00   1.3615693447908924E+06
   4.7000000000000000E+03   6.8383837244726590E+02   7.2950505869867300E+02   1.0924014702669090E+04   2.6488739369646805E+00   1.3886337678229320E+06
   4.8000000000000000E+03   6.9836677881423611E+02   7.4687177216984344E+02   1.0753334814285412E+04   2.6588712690050684E+00   1.4156688764125411E+06
   4.9000000000000000E+03   7.1279466505636435E+02   7.6430090262159933E+02   1.0577157867460995E+04   2.6688964493843743E+00   1.4426458135044440E+06
   5.0000000000000000E+03   7.2719480125828568E+02   7.8180195503826519E+02   1.0411132570799298E+04   2.6789474257770709E+00   1.4695373195579255E+06
   5.1000000000000000E+03   7.4155119709961537E+02   7.9938532013004135E+02   1.0249747208485074E+04   2.6890223527681241E+00   1.4963178650406909E+06
   5.2000000000000000E+03   7.5589572762456339E+02   8.1706210438365133E+02   1.0097275441703767E+04   2.6991195808782540E+00   1.5229635618734267E+06
   5.3000000000000000E+03   7.7023924832737248E+02   8.3484396517910136E+02   9.9532916410109756E+03   2.7092376448771169E+00   1.5494522588168201E+06
   5.4000000000000000E+03   7.8459122469761382E+02   8.5274295312085303E+02   9.8171338192092990E+03   2.7193752517250220E+00   1.5757634219138254E+06
   5.5000000000000000E+03   7.9895646246016702E+02   8.7077136320610521E+02   9.6875216804935353E+03   2.7295312683598314E+00   1.6018782354096894E+06
   5.6000000000000000E+03   8.1334730031593733E+02   8.8894159598695387E+02   9.5644551062566625E+03   2.7397047092826461E+00   1.6277794633796965E+06
   5.7000000000000000E+03   8.2767623768286182E+02   9.0726602949943560E+02   9.4349101402874894E+03   2.7498947243601934E+00   1.6534515706276484E+06
   5.8000000000000000E+03   8.4212076425798637E+02   9.2575690237784761E+02   9.3213188422243184E+03   2.7601005866581687E+00   1.6788805266590316E+06
   5.9000000000000000E+03   8.5657261785037360E+02   9.4442620830891553E+02   9.2081567229676621E+03   2.7703216807699227E+00   1.7040538344360963E+06
   6.0000000000000000E+03   8.7115093420269920E+02   9.6328560173968685E+02   9.1080499261871282E+03   2.7805574913773312E+00   1.7289604784234439E+06
   6.1000000000000000E+03   8.8576724798921828E+02   9.8234631458744946E+02   9.0095112977661738E+03   2.7908075924927402E+00   1.7535908937940011E+06
   6.2000000000000000E+03   9.0051091846376926E+02   1.0016190835548450E+03   8.9208316664666963E+03   2.8010716369950388E+00   1.7779368090930714E+06
   6.3000000000000000E+03   9.1534606796224125E+02   1.0211140875628723E+03   8.8370073347383532E+03   2.8113493470170638E+00   1.8019913274196915E+06
   6.4000000000000000E+03   9.3029962143638875E+02   1.0408408947394155E+03   8.7595688146020111E+03   2.8216405046580824E+00   1.8257487519248053E+06
   6.5000000000000000E+03   9.4537815089015726E+02   1.0608084183618523E+03   8.6880600986699974E+03   2.8319449436095452E+00   1.8492045572046225E+06
   6.6000000000000000E+03   9.6040836630089075E+02   1.0810248811279798E+03   8.6076549426344664E+03   2.8422625411368583E+00   1.8723552846276236E+06
   6.7000000000000000E+03   9.7552905263394518E+02   1.1014977871221072E+03   8.5302364679276652E+03   2.8525932109125063E+00   1.8951985524187349E+06
   6.8000000000000000E+03   9.9075111293535826E+02   1.1222339008502163E+03   8.4562740406837474E+03   2.8629368963754867E+00   1.9177329699208031E+06
   6.9000000000000000E+03   1.0060639001143071E+03   1.1432392327337859E+03   8.3846833048212120E+03   2.8732935646015330E+00   1.9399579476475208E+06
   7.0000000000000000E+03   1.0214745907414617E+03   1.1645190304699279E+03   8.3157835587173486E+03   2.8836632009628036E+00   1.9618738239150324E+06
   7.1000000000000000E+03   1.0369610380121483E+03   1.1860777756995635E+03   8.2480106561260927E+03   2.8940458040816441E+00   1.9834816514799630E+06
   7.2000000000000000E+03   1.0525336908332536E+03   1.2079191854461860E+03   8.1820741482529402E+03   2.9044413815273868E+00   2.0047832434159862E+06
   7.3000000000000000E+03   1.0680606630231819E+03   1.2300462178274020E+03   8.1103773762403825E+03   2.9148499458846233E+00   2.0257810341495704E+06
   7.4000000000000000E+03   1.0837378770607668E+03   1.2524610815693682E+03   8.0447708280221996E+03   2.9252715112703873E+00   2.0464780185481168E+06
   7.5000000000000000E+03   1.0995768323978004E+03   1.2751652488854129E+03   7.9853910252222950E+03   2.9357060904085830E+00   2.0668778826764298E+06
   7.6000000000000000E+03   1.1155355667402939E+03   1.2981594713185341E+03   7.9296468055537871E+03   2.9461536918592053E+00   2.0869846004316970E+06
   7.7000000000000000E+03   1.1315439981178822E+03   1.3214437981660501E+03   7.8740040710186040E+03   2.9566143178977025E+00   2.1068027315454544E+06
   7.8000000000000000E+03   1.1476174676073638E+03   1.3450175971475935E+03   7.8194765744127235E+03   2.9670879625026627E+00   2.1263371846826398E+06
   7.9000000000000000E+03   1.1637704481784963E+03   1.3688795769938570E+03   7.7668975926205821E+03   2.9775746097614642E+00   2.1455932585050771E+06
   8.0000000000000000E+03   1.1799878594672323E+03   1.3930278116660875E+03   7.7157166470441134E+03   2.9880742325081080E+00   2.1645765507408273E+06
   8.1000000000000000E+03   1.1962512698140579E+03   1.4174597659381284E+03   7.6653386945986958E+03   2.9985867911932340E+00   2.1832929086195063E+06
   8.2000000000000000E+03   1.2125743913967178E+03   1.4421723220942324E+03   7.6165373983988457E+03   3.0091122330791964E+00   2.2017484697037926E+06
   8.3000000000000000E+03   1.2286613142195126E+03   1.4671618075219849E+03   7.5582441346000869E+03   3.0196504914661131E+00   2.2199495433261208E+06
   8.4000000000000000E+03   1.2448321895139188E+03   1.4924240229906550E+03   7.5035490392989468E+03   3.0302014853048820E+00   2.2379026504474571E+06
   8.5000000000000000E+03   1.2612494431229597E+03   1.5179542714339184E+03   7.4580559786471940E+03   3.0407651187328000E+00   2.2556144719801671E+06
   8.6000000000000000E+03   1.2777605300623286E+03   1.5437473870608692E+03   7.4159283726716403E+03   3.0513412809806977E+00   2.2730917475110767E+06
   8.7000000000000000E+03   1.2941809079310892E+03   1.5697977646457709E+03   7.3711104630315513E+03   3.0619298462181375E+00   2.2903413859337396E+06
   8.8000000000000000E+03   1.3106436809659551E+03   1.5960993888517071E+03   7.3283438390006204E+03   3.0725306736617712E+00   2.3073703644299377E+06
   8.9000000000000000E+03   1.3271194948252123E+03   1.6226458634643855E+03   7.2868115576865921E+03   3.0831436076217864E+00   2.3241857207255377E+06
   9.0000000000000000E+03   1.3435220888132944E+03   1.6494304404173361E+03   7.2441508021661084E+03   3.0937684777495567E+00   2.3407944717735769E+06
   9.1000000000000000E+03   1.3602415927848645E+03   1.6764460485058173E+03   7.2116999048547532E+03   3.1044050993472405E+00   2.3572037279490782E+06
   9.2000000000000000E+03   1.3769933839521821E+03   1.7036853216971160E+03   7.1809651395345854E+03   3.1150532735999610E+00   2.3734205380150429E+06
   9.3000000000000000E+03   1.3934824665974709E+03   1.7311406269483900E+03   7.1442494040720967E+03   3.1257127881021067E+00   2.3894520301795909E+06
   9.4000000000000000E+03   1.4099751488993934E+03   1.7588040914628798E+03   7.1091293128404968E+03   3.1363834171669009E+00   2.4053052297896920E+06
   9.5000000000000000E+03   1.4264220883963803E+03   1.7866676293125420E+03   7.0744586167336274E+03   3.1470649223217579E+00   2.4209871510308706E+06
   9.6000000000000000E+03   1.4428234980493614E+03   1.8147229673696067E+03   7.0404105296425505E+03   3.1577570528345524E+00   2.4365047128301761E+06
   9.7000000000000000E+03   1.4591882183174921E+03   1.8429616704963303E+03   7.0073319067046614E+03   3.1684595461780156E+00   2.4518648854544908E+06
   9.8000000000000000E+03   1.4755039943378704E+03   1.8713751659460961E+03   6.9750508000890914E+03   3.1791721285560106E+00   2.4670744253642429E+06
   9.9000000000000000E+03   1.4917672988616264E+03   1.8999547669367421E+03   6.9435997239163662E+03   3.1898945154917615E+00   2.4821401525807022E+06
   1.0000000000000000E+04   1.5079730918749208E+03   1.9286916953664247E+03   6.9129702252254347E+03   3.2006264122767294E+00   2.4970686831281171E+06
   1.0100000000000000E+04   1.5232295396514289E+03   1.9575771036394287E+03   6.8650995599718508E+03   3.2113675146052794E+00   2.5118665782666975E+06
   1.0200000000000000E+04   1.5394007049403745E+03   1.9866020955844297E+03   6.8384775413473999E+03   3.2221175091009528E+00   2.5265403659165511E+06
   1.0300000000000000E+04   1.5553746349681337E+03   2.0157577464471610E+03   6.8101074754721230E+03   3.2328760738118243E+00   2.5410963197488259E+06
   1.0400000000000000E+04   1.5712685879522655E+03   2.0450351219411136E+03   6.7824534192211195E+03   3.2436428788451304E+00   2.5555407748646964E+06
   1.0500000000000000E+04   1.5870931051144316E+03   2.0744252963547747E+03   6.7557738727256001E+03   3.2544175868161753E+00   2.5698798256838578E+06
   1.0600000000000000E+04   1.6026803126448540E+03   2.1039193697055171E+03   6.7271496618650581E+03   3.2651998533901025E+00   2.5841194263696978E+06
   1.0700000000000000E+04   1.6191529541858995E+03   2.1335084839397286E+03   6.7161260348557071E+03   3.2759893278701036E+00   2.5982655512478878E+06
   1.0800000000000000E+04   1.6352245501856339E+03   2.1631838381890011E+03   6.6999319817797832E+03   3.2867856535998761E+00   2.6123238586178012E+06
   1.0900000000000000E+04   1.6507552146433350E+03   2.1929367030787839E+03   6.6767342212958192E+03   3.2975884685363530E+00   2.6263000451688333E+06
   1.1000000000000000E+04   1.6661537455165162E+03   2.2227584341065117E+03   6.6536580921491668E+03   3.3083974057140848E+00   2.6401995635272753E+06
   1.1100000000000000E+04   1.6814339441081570E+03   2.2526404840991449E+03   6.6309923095353433E+03   3.3192120936941305E+00   2.6540277564128865E+06
   1.1200000000000000E+04   1.6966010612351229E+03   2.2825744147636069E+03   6.6088639545071510E+03   3.3300321570284375E+00   2.6677898530135546E+06
   1.1300000000000000E+04   1.7116554205866405E+03   2.3125519073481023E+03   6.5873109508987336E+03   3.3408572167087338E+00   2.6814908792262110E+06
   1.1400000000000000E+04   1.7265917188274616E+03   2.3425647724327682E+03   6.5662822638521184E+03   3.3516868906154271E+00   2.6951358254569247E+06
   1.1500000000000000E+04   1.7414225021418997E+03   2.3726049588738060E+03   6.5459798826937913E+03   3.3625207939045927E+00   2.7087294423231706E+06
   1.1600000000000000E+04   1.7561249893910538E+03   2.4026645619232954E+03   6.5260959384004227E+03   3.3733585393639776E+00   2.7222763513546353E+06
   1.1700000000000000E+04   1.7707040448437444E+03   2.4327358305402649E+03   6.5067195688223483E+03   3.3841997378928772E+00   2.7357810716645517E+06
   1.1800000000000000E+04   1.7851968126915579E+03   2.4628111739351939E+03   6.4883551905557460E+03   3.3950439987962153E+00   2.7492479293352044E+06
   1.1900000000000000E+04   1.7997023289028741E+03   2.4928831673591885E+03   6.4722614836991779E+03   3.4058909301870335E+00   2.7626811721633044E+06
   1.2000000000000000E+04   1.8140817324460320E+03   2.5229445571770452E+03   6.4565773143566348E+03   3.4167401392960448E+00   2.7760848493961995E+06
   1.2100000000000000E+04   1.8283480732187274E+03   2.5529882652468000E+03   6.4414743027849909E+03   3.4275912327967148E+00   2.7894628379722503E+06
   1.2200000000000000E+04   1.8423165930297262E+03   2.5830073926330551E+03   6.4247016189681590E+03   3.4384438171612870E+00   2.8028189904129305E+06
   1.2300000000000000E+04   1.8548035666582393E+03   2.6129952226970031E+03   6.3923057186368624E+03   3.4492974988774732E+00   2.8161568328888393E+06
   1.2400000000000000E+04   1.8684776192572872E+03   2.6429452235681124E+03   6.3763596716926450E+03   3.4601518848509314E+00   2.8294799546852931E+06
   1.2500000000000000E+04   1.8822723041382826E+03   2.6728510500623211E+03   6.3637348342054111E+03   3.4710065825600469E+00   2.8427916446074336E+06
   1.2600000000000000E+04   1.8956977244361481E+03   2.7027065450418327E+03   6.3487715579231644E+03   3.4818612003964771E+00   2.8560951623033937E+06
   1.2700000000000000E+04   1.9090003908205881E+03   2.7325057402724601E+03   6.3343298614534178E+03   3.4927153478818656E+00   2.8693935545120533E+06
   1.2800000000000000E+04   1.9221684483135150E+03   2.7622428567955208E+03   6.3202687908394546E+03   3.5035686359154981E+00   2.8826897452989649E+06
   1.2900000000000000E+04   1.9350851203194125E+03   2.7919123048531615E+03   6.3053414456007249E+03   3.5144206769600648E+00   2.8959865355244116E+06
   1.3000000000000000E+04   1.9477010504521563E+03   2.8215086833800601E+03   6.2890906641149049E+03   3.5252710853202815E+00   2.9092866337355832E+06
   1.3100000000000000E+04   1.9604260638260514E+03   2.8510267791133870E+03   6.2757946524180161E+03   3.5361194772976754E+00   2.9225924994890378E+06
   1.3200000000000000E+04   1.9713875140881762E+03   2.8804615653354945E+03   6.2464723934446674E+03   3.5469654713608700E+00   2.9359065611785008E+06
   1.3300000000000000E+04   1.9843585502426595E+03   2.9098082002638384E+03   6.2392403321213769E+03   3.5578086884241960E+00   2.9492311546217799E+06
   1.3400000000000000E+04   1.9968125359461942E+03   2.9390620251598816E+03   6.2284521912133605E+03   3.5686487518786629E+00   2.9625683328427677E+06
   1.3500000000000000E+04   2.0091694494873896E+03   2.9682185621209078E+03   6.2182989128040717E+03   3.5794852878705696E+00   2.9759201821451974E+06
   1.3600000000000000E+04   2.0214273937584410E+03   2.9972735116373055E+03   6.2087358570219867E+03   3.5903179253789186E+00   2.9892886011069822E+06
   1.3700000000000000E+04   2.0335518917588647E+03   3.0262227499016562E+03   6.1994174075582696E+03   3.6011462963856689E+00   3.0026752995071048E+06
   1.3800000000000000E+04   2.0455677596582600E+03   3.0550623259066488E+03   6.1905603126184187E+03   3.6119700360305429E+00   3.0160820234723133E+06
   1.3900000000000000E+04   2.0574732143199894E+03   3.0837884583674318E+03   6.1821279460863470E+03   3.6227887826729339E+00   3.0295102347040442E+06
   1.4000000000000000E+04   2.0692553683306846E+03   3.1123975324537728E+03   6.1739861774480078E+03   3.6336021780931445E+00   3.0429614658219637E+06
   1.4100000000000000E+04   2.0809023304190073E+03   3.1408860964095707E+03   6.1660163177041713E+03   3.6444098674768912E+00   3.0564368672299962E+06
   1.4200000000000000E+04   2.0923334775539579E+03   3.1692508579922010E+03   6.1575101204562234E+03   3.6552114997094303E+00   3.0699378584552803E+06
   1.4300000000000000E+04   2.1041132624277748E+03   3.1974886808766541E+03   6.1533104058986301E+03   3.6660067272362298E+00   3.0834653792899121E+06
   1.4400000000000000E+04   2.1165115128894749E+03   3.2255965808893034E+03   6.1555353113727024E+03   3.6767952063725589E+00   3.0970205442053145E+06
   1.4500000000000000E+04   2.1279987736986764E+03   3.2535717222476160E+03   6.1511754027220904E+03   3.6875765971641741E+00   3.1106040851930054E+06
   1.4600000000000000E+04   2.1390858162890786E+03   3.2814114136595981E+03   6.1446759387390503E+03   3.6983505636814242E+00   3.1242169794102521E+06
   1.4700000000000000E+04   2.1500821369437931E+03   3.3091131044516865E+03   6.1386323355158638E+03   3.7091167739263784E+00   3.1378597893687496E+06
   1.4800000000000000E+04   2.1609524404977092E+03   3.3366743806277773E+03   6.1327380223644577E+03   3.7198748999411753E+00   3.1515331604880746E+06
   1.4900000000000000E+04   2.1717140202542018E+03   3.3640929609050204E+03   6.1271191561369415E+03   3.7306246179318565E+00   3.1652376240257695E+06
   1.5000000000000000E+04   2.1823665336925515E+03   3.3913666927896929E+03   6.1217569891395988E+03   3.7413656081755007E+00   3.1789735642734421E+06
   1.5100000000000000E+04   2.1929274604184698E+03   3.4184935485947376E+03   6.1167720356330483E+03   3.7520975552214391E+00   3.1927413541153208E+06
   1.5200000000000000E+04   2.2033916808857293E+03   3.4454716215326339E+03   6.1121053960978725E+03   3.7628201478138728E+00   3.2065411205248637E+06
   1.5300000000000000E+04   2.2137688841694298E+03   3.4722991217840822E+03   6.1078133227086337E+03   3.7735330790311754E+00   3.2203731511806371E+06
   1.5400000000000000E+04   2.2240433196503636E+03   3.4989743726455717E+03   6.1037579725022615E+03   3.7842360462239806E+00   3.2342374907702706E+06
   1.5500000000000000E+04   2.2342384814659654E+03   3.5254958066892573E+03   6.1000996808981763E+03   3.7949287510771010E+00   3.2481341792068803E+06
   1.5600000000000000E+04   2.2443523487294283E+03   3.5518619619732194E+03   6.0968039209597500E+03   3.8056108996559614E+00   3.2620630144260786E+06
   1.5700000000000000E+04   2.2542595844510856E+03   3.5780714783210010E+03   6.0929365880503119E+03   3.8162822023911258E+00   3.2760239638709147E+06
   1.5800000000000000E+04   2.2641980820743174E+03   3.6041230936369257E+03   6.0902278304782485E+03   3.8269423741556809E+00   3.2900167560869041E+06
   1.5900000000000000E+04   2.2740558077019491E+03   3.6300156403261676E+03   6.0878338357241928E+03   3.8375911341878601E+00   3.3040411908595916E+06
   1.6000000000000000E+04   2.2838214814091184E+03   3.6557480417435418E+03   6.0856580444933097E+03   3.8482282061684159E+00   3.3180967616821914E+06
   1.6100000000000000E+04   2.2934757814169407E+03   3.6813193087392137E+03   6.0835508557265312E+03   3.8588533182051625E+00   3.3321831752480841E+06
   1.6200000000000000E+04   2.3030581158027276E+03   3.7067285362811258E+03   6.0817775412338624E+03   3.8694662028174776E+00   3.3462999039593847E+06
   1.6300000000000000E+04   2.3125738297094354E+03   3.7319749001296614E+03   6.0803585871731202E+03   3.8800665970137174E+00   3.3604463599869376E+06
   1.6400000000000000E+04   2.3220104516891997E+03   3.7570576536419030E+03   6.0791917697791014E+03   3.8906542421983263E+00   3.3746221069250992E+06
   1.6500000000000000E+04   2.3313596919608094E+03   3.7819761246335697E+03   6.0782068190715763E+03   3.9012288841718399E+00   3.3888263025245764E+06
   1.6600000000000000E+04   2.3406548801492145E+03   3.8067297123062972E+03   6.0776164238552747E+03   3.9117902731928069E+00   3.4030583293493697E+06
   1.6700000000000000E+04   2.3498414683537758E+03   3.8313178842875782E+03   6.0770387878700376E+03   3.9223381639468315E+00   3.4173174119092133E+06
   1.6800000000000000E+04   2.3589757909242162E+03   3.8557401737675327E+03   6.0768400359268044E+03   3.9328723154846448E+00   3.4316027583829877E+06
   1.6900000000000000E+04   2.3680227822054717E+03   3.8799961766890624E+03   6.0767731593636454E+03   3.9433924912685576E+00   3.4459135627146228E+06
   1.7000000000000000E+04   2.3769991696423308E+03   3.9040855490585650E+03   6.0769372534593231E+03   3.9538984591105342E+00   3.4602487935216217E+06
   1.7100000000000000E+04   2.3859009095302017E+03   3.9280080043139951E+03   6.0772937896694038E+03   3.9643899912031522E+00   3.4746076564265606E+06
   1.7200000000000000E+04   2.3947152333512076E+03   3.9517633108142313E+03   6.0777492589852127E+03   3.9748668640422058E+00   3.4889890637363805E+06
   1.7300000000000000E+04   2.4034745970843987E+03   3.9753512893631923E+03   6.0785021404061217E+03   3.9853288585041113E+00   3.5033921338465386E+06
   1.7400000000000000E+04   2.4115864438112030E+03   3.9987718108960016E+03   6.0757767120568178E+03   3.9957757596910990E+00   3.5178156938073449E+06
   1.7500000000000000E+04   2.4202131314155981E+03   4.0220247941662847E+03   6.0769673789267636E+03   4.0062073570240964E+00   3.5322586732500703E+06
   1.7600000000000000E+04   2.4295884002413100E+03   4.0451102035839135E+03   6.0834541557970069E+03   4.0166234441343853E+00   3.5467199634542521E+06
   1.7700000000000000E+04   2.4380907196883713E+03   4.0680280470755465E+03   6.0850323888870153E+03   4.0270238189254934E+00   3.5611983467986961E+06
   1.7800000000000000E+04   2.4465298352372211E+03   4.0907783740785030E+03   6.0867995957467301E+03   4.0374082834803389E+00   3.5756927865285915E+06
   1.7900000000000000E+04   2.4549065078066292E+03   4.1133612735863117E+03   6.0887505452941969E+03   4.0477766440457472E+00   3.5902019959993670E+06
   1.8000000000000000E+04   2.4646821035981980E+03   4.1357768722818591E+03   6.0998187730656691E+03   4.0581287109860060E+00   3.6047247281244532E+06
   1.8100000000000000E+04   2.4729225528270285E+03   4.1580253327055043E+03   6.1019866225697469E+03   4.0684642988447957E+00   3.6192597049524360E+06
   1.8200000000000000E+04   2.4811020639303074E+03   4.1801068515752495E+03   6.1043216666084845E+03   4.0787832261903878E+00   3.6338057645154758E+06
   1.8300000000000000E+04   2.4892212757983875E+03   4.2020216581163086E+03   6.1068188801975903E+03   4.0890853156311149E+00   3.6483613895955230E+06
   1.8400000000000000E+04   2.4972806979980710E+03   4.2237700124469075E+03   6.1094726950187069E+03   4.0993703938618324E+00   3.6629254002359379E+06
   1.8500000000000000E+04   2.5052808771981008E+03   4.2453522040951420E+03   6.1122780023371306E+03   4.1096382915400662E+00   3.6774965923868013E+06
   1.8600000000000000E+04   2.5132225200788107E+03   4.2667685505708496E+03   6.1152308652255651E+03   4.1198888431931380E+00   3.6920732991140061E+06
   1.8700000000000000E+04   2.5211068174029433E+03   4.2880193958865293E+03   6.1183303938010886E+03   4.1301218874194117E+00   3.7066544166830163E+06
   1.8800000000000000E+04   2.5289331442590783E+03   4.3091051093425522E+03   6.1215651896874615E+03   4.1403372665632059E+00   3.7212384172512782E+06
   1.8900000000000000E+04   2.5367022814220418E+03   4.3300260841676036E+03   6.1249323906304744E+03   4.1505348269160418E+00   3.7358240102364719E+06
   1.9000000000000000E+04   2.5444147559767575E+03   4.3507827363730512E+03   6.1284278256791686E+03   4.1607144185154104E+00   3.7504096657249210E+06
   1.9100000000000000E+04   2.5520488459432495E+03   4.3713755035403938E+03   6.1319190604995429E+03   4.1708758952531113E+00   3.7649942053604210E+06
   1.9200000000000000E+04   2.5596266743136871E+03   4.3918048437850539E+03   6.1355282001726509E+03   4.1810191146740525E+00   3.7795759548742166E+06
   1.9300000000000000E+04   2.5671490677482825E+03   4.4120712346473747E+03   6.1392533300747746E+03   4.1911439380845783E+00   3.7941535572654326E+06
   1.9400000000000000E+04   2.5746155390535710E+03   4.4321751721067994E+03   6.1430851892261244E+03   4.2012502304750843E+00   3.8087256422526664E+06
   1.9500000000000000E+04   2.5820267978626061E+03   4.4521171696376132E+03   6.1470215625555729E+03   4.2113378604581051E+00   3.8232907529452774E+06
   1.9600000000000000E+04   2.5893831496865369E+03   4.4718977573168231E+03   6.1510580863398673E+03   4.2214067001909017E+00   3.8378474580189520E+06
   1.9700000000000000E+04   2.5966848805169616E+03   4.4915174809112068E+03   6.1551904536754882E+03   4.2314566254528794E+00   3.8523943158643483E+06
   1.9800000000000000E+04   2.6039322576762793E+03   4.5109769010827349E+03   6.1594144148508985E+03   4.2414875155372176E+00   3.8669299874904901E+06
   1.9900000000000000E+04   2.6111255306611793E+03   4.5302765926218799E+03   6.1637257777230434E+03   4.2514992531734777E+00   3.8814528269013804E+06
   2.0000000000000000E+04   2.6182649319849374E+03   4.5494171436668339E+03   6.1681204082094673E+03   4.2614917245740429E+00   3.8959615915972269E+06
   2.0100000000000000E+04   2.6253295663275226E+03   4.5683991550245300E+03   6.1724775284627158E+03   4.2714648193257627E+00   3.9104547337068287E+06
   2.0200000000000000E+04   2.6323404119356569E+03   4.5872232394608336E+03   6.1769088877259755E+03   4.2814184304363909E+00   3.9249308870915337E+06
   2.0300000000000000E+04   2.6392976589742575E+03   4.6058900211034452E+03   6.1814105374790697E+03   4.2913524541952706E+00   3.9393886061823848E+06
   2.0400000000000000E+04   2.6462014839028216E+03   4.6244001348173015E+03   6.1859785887817661E+03   4.3012667901733384E+00   3.9538264416109202E+06
   2.0500000000000000E+04   2.6530520502468903E+03   4.6427542256031002E+03   6.1906092125689938E+03   4.3111613412385967E+00   3.9682431295209224E+06
   2.0600000000000000E+04   2.6598495093413412E+03   4.6609529480920301E+03   6.1952986397272489E+03   4.3210360134168093E+00   3.9826370274515180E+06
   2.0700000000000000E+04   2.6665940010746908E+03   4.6789969659737562E+03   6.2000431614043555E+03   4.3308907159688914E+00   3.9970069817300094E+06
   2.0800000000000000E+04   2.6732856545958830E+03   4.6968869515588103E+03   6.2048391289851943E+03   4.3407253612206400E+00   4.0113514611581629E+06
   2.0900000000000000E+04   2.6799245890243014E+03   4.7146235852574237E+03   6.2096829543418462E+03   4.3505398646401359E+00   4.0256691992819426E+06
   2.1000000000000000E+04   2.6865109141260841E+03   4.7322075551635717E+03   6.2145711098246265E+03   4.3603341447293698E+00   4.0399587036918164E+06
   2.1100000000000000E+04   2.6930246727275321E+03   4.7496395566068641E+03   6.2193931458756388E+03   4.3701081230397492E+00   4.0542187108968431E+06
   2.1200000000000000E+04   2.6994857378457473E+03   4.7669202917946313E+03   6.2242518470866444E+03   4.3798617240327689E+00   4.0684478081606692E+06
   2.1300000000000000E+04   2.7058941986064565E+03   4.7840504693569455E+03   6.2291438777116355E+03   4.3895948752038372E+00   4.0826448137273011E+06
   2.1400000000000000E+04   2.7122501373463451E+03   4.8010308040767814E+03   6.2340659625809167E+03   4.3993075068346350E+00   4.0968082073963280E+06
   2.1500000000000000E+04   2.7185536302202581E+03   4.8178620164443428E+03   6.2390148873091730E+03   4.4089995521788321E+00   4.1109368153839153E+06
   2.1600000000000000E+04   2.7248047477505615E+03   4.8345448324090339E+03   6.2439874979640308E+03   4.4186709472454133E+00   4.1250293547384907E+06
   2.1700000000000000E+04   2.7310035553844123E+03   4.8510799830226752E+03   6.2489807010625218E+03   4.4283216308605713E+00   4.1390845478873113E+06
   2.1800000000000000E+04   2.7371501140166233E+03   4.8674682041677415E+03   6.2539914633428889E+03   4.4379515445748332E+00   4.1531010847825506E+06
   2.1900000000000000E+04   2.7432444805028667E+03   4.8837102362582455E+03   6.2590168116297928E+03   4.4475606326630732E+00   4.1670778145736661E+06
   2.2000000000000000E+04   2.7492867081442464E+03   4.8998068239965205E+03   6.2640538325536281E+03   4.4571488420316241E+00   4.1810134020332778E+06
   2.2100000000000000E+04   2.7552609951689151E+03   4.9157587160725361E+03   6.2690176069204408E+03   4.4667161222802072E+00   4.1949066720996331E+06
   2.2200000000000000E+04   2.7611800529527177E+03   4.9315666649741643E+03   6.2739713881900152E+03   4.4762624255471284E+00   4.2087565341451541E+06
   2.2300000000000000E+04   2.7670468932584627E+03   4.9472314267244319E+03   6.2789278335930121E+03   4.4857877065402381E+00   4.2225616756172180E+06
   2.2400000000000000E+04   2.7728615629358228E+03   4.9627537606577489E+03   6.2838842768416771E+03   4.4952919225059800E+00   4.2363210224249512E+06
   2.2500000000000000E+04   2.7786241074614713E+03   4.9781344292348713E+03   6.2888381101586938E+03   4.5047750331365117E+00   4.2500333557205992E+06
   2.2600000000000000E+04   2.7843345713274516E+03   4.9933741978036333E+03   6.2937867840321642E+03   4.5142370006161441E+00   4.2636976963836011E+06
   2.2700000000000000E+04   2.7899929983909419E+03   5.0084738344540519E+03   6.2987278067041761E+03   4.5236777894820221E+00   4.2773128440755894E+06
   2.2800000000000000E+04   2.7955994322264100E+03   5.0234341098038230E+03   6.3036587438640254E+03   4.5330973666550909E+00   4.2908777619926007E+06
   2.2900000000000000E+04   2.8011539164504761E+03   5.0382557968345291E+03   6.3085772181996135E+03   4.5424957013781748E+00   4.3043912692253552E+06
   2.3000000000000000E+04   2.8066564950395050E+03   5.0529396706997759E+03   6.3134809090326262E+03   4.5518727652314572E+00   4.3178525034671621E+06
   2.3100000000000000E+04   2.8120892786028353E+03   5.0674865085975252E+03   6.3182770160293048E+03   4.5612285320241313E+00   4.3312603044694802E+06
   2.3200000000000000E+04   2.8174700561317109E+03   5.0818970896134915E+03   6.3230533228149179E+03   4.5705629777634300E+00   4.3446137541246992E+06
   2.3300000000000000E+04   2.8227988772163671E+03   5.0961721945565196E+03   6.3278076852447684E+03   4.5798760806546372E+00   4.3579117907627402E+06
   2.3400000000000000E+04   2.8280757928955727E+03   5.1103126057998488E+03   6.3325380139671861E+03   4.5891678211010811E+00   4.3711535958117908E+06
   2.3500000000000000E+04   2.8333008558708493E+03   5.1243191072136624E+03   6.3372422736982053E+03   4.5984381815183948E+00   4.3843379750262424E+06
   2.3600000000000000E+04   2.8384741207541570E+03   5.1381924839313824E+03   6.3419184829846063E+03   4.6076871465202416E+00   4.3974642099202154E+06
   2.3700000000000000E+04   2.8435956442460788E+03   5.1519335223209109E+03   6.3465647133665307E+03   4.6169147026706758E+00   4.4105313613808481E+06
   2.3800000000000000E+04   2.8486654853444525E+03   5.1655430098032439E+03   6.3511790889879312E+03   4.6261208385770107E+00   4.4235385018806830E+06
   2.3900000000000000E+04   2.8536837055201518E+03   5.1790217347468879E+03   6.3557597859854304E+03   4.6353055448278866E+00   4.4364848707676353E+06
   2.4000000000000000E+04   2.8586503688799553E+03   5.1923704863662942E+03   6.3603050318647684E+03   4.6444688139313692E+00   4.4493694864830738E+06
   2.4100000000000000E+04   2.8635486481911630E+03   5.2055900545955092E+03   6.3647296427434649E+03   4.6536106403149446E+00   4.4621916121491799E+06
   2.4200000000000000E+04   2.8683953502561376E+03   5.2186812300082165E+03   6.3691149674964599E+03   4.6627310202326537E+00   4.4749503675887510E+06
   2.4300000000000000E+04   2.8731905504718075E+03   5.2316448036555757E+03   6.3734593931582594E+03   4.6718299518579407E+00   4.4876450400826074E+06
   2.4400000000000000E+04   2.8779343273996842E+03   5.2444815670497364E+03   6.3777613555938178E+03   4.6809074350669775E+00   4.5002748512259806E+06
   2.4500000000000000E+04   2.8826267629006043E+03   5.2571923119793501E+03   6.3820193391192934E+03   4.6899634715934315E+00   4.5128390347570190E+06
   2.4600000000000000E+04   2.8872679422159499E+03   5.2697778304702852E+03   6.3862318756903005E+03   4.6989980648736882E+00   4.5253369922508625E+06
   2.4700000000000000E+04   2.8918579540561141E+03   5.2822389146919531E+03   6.3903975442531137E+03   4.7080112200158855E+00   4.5377679037500024E+06
   2.4800000000000000E+04   2.8963968906928953E+03   5.2945763568235661E+03   6.3945149702171284E+03   4.7170029438618233E+00   4.5501311172084231E+06
   2.4900000000000000E+04   2.9008848480114648E+03   5.3067909490220563E+03   6.3985828246231677E+03   4.7259732448322005E+00   4.5624259926783191E+06
   2.5000000000000000E+04   2.9053219255848253E+03   5.3188834832929033E+03   6.4025998236051291E+03   4.7349221329884887E+00   4.5746518632825306E+06
   2.5100000000000000E+04   2.9096923414741445E+03   5.3308547514197890E+03   6.4064877184614152E+03   4.7438496199710505E+00   4.5868081522062374E+06
   2.5200000000000000E+04   2.9140119585225566E+03   5.3427055449101681E+03   6.4103219673295935E+03   4.7527557189062506E+00   4.5988941384643484E+06
   2.5300000000000000E+04   2.9182808897905147E+03   5.3544366548299768E+03   6.4141014255429009E+03   4.7616404445612455E+00   4.6109095035280101E+06
   2.5400000000000000E+04   2.9224992521492118E+03   5.3660488718514680E+03   6.4178249905532521E+03   4.7705038130344102E+00   4.6228534329899512E+06
   2.5500000000000000E+04   2.9266671663391021E+03   5.3775429860632266E+03   6.4214916015858817E+03   4.7793458419720327E+00   4.6347254366866592E+06
   2.5600000000000000E+04   2.9307847569657915E+03   5.3889197869508243E+03   6.4251002387785766E+03   4.7881665504135320E+00   4.6465251144332830E+06
   2.5700000000000000E+04   2.9348521525174765E+03   5.4001800632945806E+03   6.4286499225761563E+03   4.7969659588224118E+00   4.6582518431377383E+06
   2.5800000000000000E+04   2.9388694853524112E+03   5.4113246031387816E+03   6.4321397129100105E+03   4.8057440889624337E+00   4.6699052458674237E+06
   2.5900000000000000E+04   2.9428368917090497E+03   5.4223541936783768E+03   6.4355687086338412E+03   4.8145009639595280E+00   4.6814847223933199E+06
   2.6000000000000000E+04   2.9467545116964061E+03   5.4332696211891025E+03   6.4389360468308223E+03   4.8232366082708253E+00   4.6929899186086208E+06
   2.6100000000000000E+04   2.9506075734692054E+03   5.4440716709865746E+03   6.4421697986009358E+03   4.8319510475918115E+00   4.7044204134251624E+06
   2.6200000000000000E+04   2.9544110339574918E+03   5.4547611273172397E+03   6.4453399965657400E+03   4.8406443089182112E+00   4.7157757968680169E+06
   2.6300000000000000E+04   2.9581650465785683E+03   5.4653387733611917E+03   6.4484458952171390E+03   4.8493164203602568E+00   4.7270555131472657E+06
   2.6400000000000000E+04   2.9618697685371794E+03   5.4758053910566259E+03   6.4514867846573388E+03   4.8579674113593931E+00   4.7382594876740323E+06
   2.6500000000000000E+04   2.9655253607567406E+03   5.4861617611325073E+03   6.4544619896098229E+03   4.8665973124405992E+00   4.7493871862946916E+06
   2.6600000000000000E+04   2.9691319878508857E+03   5.4964086630178799E+03   6.4573708688182169E+03   4.8752061552433767E+00   4.7604383206186034E+06
   2.6700000000000000E+04   2.9726898180915887E+03   5.5065468747526456E+03   6.4602128144479984E+03   4.8837939725526676E+00   4.7714124558459688E+06
   2.6800000000000000E+04   2.9761990233688530E+03   5.5165771729133839E+03   6.4629872514481394E+03   4.8923607982988866E+00   4.7823094813753171E+06
   2.6900000000000000E+04   2.9796597791111867E+03   5.5265003326352453E+03   6.4656936366166929E+03   4.9009066673411974E+00   4.7931289043850526E+06
   2.7000000000000000E+04   2.9830722642743167E+03   5.5363171274443002E+03   6.4683314582689291E+03   4.9094316156842233E+00   4.8038706345387809E+06
   2.7100000000000000E+04   2.9864566859747524E+03   5.5460283292745435E+03   6.4709942493402605E+03   4.9179356802768233E+00   4.8145343166549727E+06
   2.7200000000000000E+04   2.9897598713931766E+03   5.5556347083636738E+03   6.4734309997739892E+03   4.9264188990894802E+00   4.8251197230281876E+06
   2.7300000000000000E+04   2.9930152646526494E+03   5.5651370332242732E+03   6.4757976445158301E+03   4.9348813110214245E+00   4.8356266355182808E+06
   2.7400000000000000E+04   2.9962230596482323E+03   5.5745360705486546E+03   6.4780937965269395E+03   4.9433229559625698E+00   4.8460549240293596E+06
   2.7500000000000000E+04   2.9993834534542839E+03   5.5838325852284852E+03   6.4803190966640486E+03   4.9517438745922524E+00   4.8564042711990373E+06
   2.7600000000000000E+04   3.0024966463022342E+03   5.5930273401881814E+03   6.4824732133944235E+03   4.9601441086114448E+00   4.8666746045829561E+06
   2.7700000000000000E+04   3.0055628414750722E+03   5.6021210964262882E+03   6.4845558418556575E+03   4.9685237004950835E+00   4.8768657034554686E+06
   2.7800000000000000E+04   3.0085822452633874E+03   5.6111146128977962E+03   6.4865667034323278E+03   4.9768826936158881E+00   4.8869774344594358E+06
   2.7900000000000000E+04   3.0115550668722212E+03   5.6200086465168188E+03   6.4885055449556630E+03   4.9852211320895856E+00   4.8970095942087099E+06
   2.8000000000000000E+04   3.0144815183799064E+03   5.6288039520282091E+03   6.4903721383341272E+03   4.9935390609296988E+00   4.9069622629404431E+06
   2.8100000000000000E+04   3.0173486975995907E+03   5.6375012820380934E+03   6.4921055560277455E+03   5.0018365258308339E+00   4.9168351360679753E+06
   2.8200000000000000E+04   3.0201698665600111E+03   5.6461013869137341E+03   6.4937661702627147E+03   5.0101135732615525E+00   4.9266282315403726E+06
   2.8300000000000000E+04   3.0229452467717128E+03   5.6546050147241331E+03   6.4953538294699729E+03   5.0183702504643852E+00   4.9363414180857763E+06
   2.8400000000000000E+04   3.0256750622781792E+03   5.6630129112398190E+03   6.4968684044949950E+03   5.0266066053165011E+00   4.9459746113894489E+06
   2.8500000000000000E+04   3.0283595396022192E+03   5.6713258198296744E+03   6.4983097881958211E+03   5.0348226864380763E+00   4.9555278134682477E+06
   2.8600000000000000E+04   3.0310413638523901E+03   5.6795444814303146E+03   6.4998731309019722E+03   5.0430185431303709E+00   4.9650010337623013E+06
   2.8700000000000000E+04   3.0336366526255551E+03   5.6876696345287082E+03   6.5011713075844909E+03   5.0511942252828561E+00   4.9743942103176173E+06
   2.8800000000000000E+04   3.0361873025315126E+03   5.6957020150879425E+03   6.5023961159403561E+03   5.0593497834196421E+00   4.9837071701960079E+06
   2.8900000000000000E+04   3.0386935491323497E+03   5.7036423564871866E+03   6.5035475305878736E+03   5.0674852687149814E+00   4.9929401408115961E+06
   2.9000000000000000E+04   3.0411556300671396E+03   5.7114913895070067E+03   6.5046255452620235E+03   5.0756007329003587E+00   5.0020929629376931E+06
   2.9100000000000000E+04   3.0435614920964426E+03   5.7192498422647404E+03   6.5055740077130977E+03   5.0836962282954836E+00   5.0111657199847326E+06
   2.9200000000000000E+04   3.0459236097022890E+03   5.7269184401887678E+03   6.5064489828371379E+03   5.0917718077463539E+00   5.0201585017662533E+06
   2.9300000000000000E+04   3.0482422274128717E+03   5.7344979059559919E+03   6.5072505233105840E+03   5.0998275246562130E+00   5.0290713257047627E+06
   2.9400000000000000E+04   3.0505175915080381E+03   5.7419889594802653E+03   6.5079786987799862E+03   5.1078634328926906E+00   5.0379040579167055E+06
   2.9500000000000000E+04   3.0527499499680180E+03   5.7493923178147488E+03   6.5086335955517607E+03   5.1158795869116167E+00   5.0466570425920272E+06
   2.9600000000000000E+04   3.0550203006686934E+03   5.7567086951793553E+03   6.5095819208988778E+03   5.1238760415712870E+00   5.0553302362663792E+06
   2.9700000000000000E+04   3.0571687175793609E+03   5.7639388028835820E+03   6.5100961082318918E+03   5.1318528522098497E+00   5.0639237191120712E+06
   2.9800000000000000E+04   3.0592748886161903E+03   5.7710833492999209E+03   6.5105373873539766E+03   5.1398100745988708E+00   5.0724374980618088E+06
   2.9900000000000000E+04   3.0613390676161212E+03   5.7781430397955282E+03   6.5109059052980956E+03   5.1477477650052501E+00   5.0808718214265164E+06
   3.0000000000000000E+04   3.0633615097026714E+03   5.7851185767620855E+03   6.5112018231170132E+03   5.1556659800054732E+00   5.0892267065749178E+06
   3.0100000000000000E+04   3.0653309513518484E+03   5.7920106595068864E+03   6.5113733351393639E+03   5.1635647766558810E+00   5.0975023725979114E+06
   3.0200000000000000E+04   3.0672591203166071E+03   5.7988199842722042E+03   6.5114725132195535E+03   5.1714442123378737E+00   5.1056987680340428E+06
   3.0300000000000000E+04   3.0691462761417010E+03   5.8055472441590673E+03   6.5114995622463302E+03   5.1793043448507952E+00   5.1138162001698939E+06
   3.0400000000000000E+04   3.0709926793686873E+03   5.8121931291300380E+03   6.5114546994143693E+03   5.1871452323035721E+00   5.1218547447914882E+06
   3.0500000000000000E+04   3.0727985914794435E+03   5.8187583259471885E+03   6.5113381539061411E+03   5.1949669331766293E+00   5.1298145607513739E+06
   3.0600000000000000E+04   3.0746831243163110E+03   5.8252435181762667E+03   6.5116832120289246E+03   5.2027695062135404E+00   5.1376958504632013E+06
   3.0700000000000000E+04   3.0764105825892279E+03   5.8316493861092549E+03   6.5114311915381268E+03   5.2105530105293809E+00   5.1454987418070063E+06
   3.0800000000000000E+04   3.0780983461531118E+03   5.8379766067703440E+03   6.5111082595945700E+03   5.2183175055023687E+00   5.1532234059435828E+06
   3.0900000000000000E+04   3.0797466793918534E+03   5.8442258538757069E+03   6.5107146884006497E+03   5.2260630507893513E+00   5.1608700178576726E+06
   3.1000000000000000E+04   3.0813558472857571E+03   5.8503977978002431E+03   6.5102507601410898E+03   5.2337897063257994E+00   5.1684388348551784E+06
   3.1100000000000000E+04   3.0829153183050612E+03   5.8564931055625739E+03   6.5096686271559474E+03   5.2414975322793715E+00   5.1759299998182720E+06
   3.1200000000000000E+04   3.0844361142646844E+03   5.8625124407821995E+03   6.5090166602233594E+03   5.2491865890808782E+00   5.1833436984074386E+06
   3.1300000000000000E+04   3.0858293324164524E+03   5.8684564636663154E+03   6.5078985568060843E+03   5.2568569373778331E+00   5.1906801981553743E+06
   3.1400000000000000E+04   3.0873524589352373E+03   5.8743258309803477E+03   6.5074587654045254E+03   5.2645086380344548E+00   5.1979396911161672E+06
   3.1500000000000000E+04   3.0887679856183554E+03   5.8801211960307328E+03   6.5066398742036845E+03   5.2721417521007234E+00   5.2051224509789217E+06
   3.1600000000000000E+04   3.0901378503225956E+03   5.8858432086150187E+03   6.5057166435859563E+03   5.2797563408742807E+00   5.2122285972128287E+06
   3.1700000000000000E+04   3.0914693290477799E+03   5.8914925150511954E+03   6.5047205693292835E+03   5.2873524657456361E+00   5.2192584877063846E+06
   3.1800000000000000E+04   3.0942883123116389E+03   5.8970697580962633E+03   6.5104020353807746E+03   5.2949301883529820E+00   5.2262122473995779E+06
   3.1900000000000000E+04   3.0955488986228238E+03   5.9025755769770285E+03   6.5092759777624051E+03   5.3024895704273751E+00   5.2330901608326090E+06
   3.2000000000000000E+04   3.0967685273678935E+03   5.9080106073222396E+03   6.5080632644799853E+03   5.3100306739165797E+00   5.2398925150078712E+06
   3.2100000000000000E+04   3.1036629766695801E+03   5.9133754811837462E+03   6.5320293512624476E+03   5.3175535608612421E+00   5.2466195991721284E+06
   3.2200000000000000E+04   3.1047957250295212E+03   5.9186708270141353E+03   6.5305897438765933E+03   5.3250582933948820E+00   5.2532716262536366E+06
   3.2300000000000000E+04   3.1001581946475030E+03   5.9238972696027076E+03   6.5037944998158655E+03   5.3325449338677222E+00   5.2598488898292910E+06
   3.2400000000000000E+04   3.1012178287856386E+03   5.9290554301413722E+03   6.5022448244543502E+03   5.3400135445990351E+00   5.2663515284276763E+06
   3.2500000000000000E+04   3.1079597881388922E+03   5.9341459261301616E+03   6.5257863476994171E+03   5.3474641880938414E+00   5.2727799179539206E+06
   3.2600000000000000E+04   3.1032398902170212E+03   5.9391693713860550E+03   6.4989864629648055E+03   5.3548969269655098E+00   5.2791343968197079E+06
   3.2700000000000000E+04   3.1098675248873324E+03   5.9441263760623206E+03   6.5221444304845318E+03   5.3623118238274179E+00   5.2854152265578182E+06
   3.2800000000000000E+04   3.1108360817459143E+03   5.9490175466000264E+03   6.5205197990587912E+03   5.3697089413858130E+00   5.2916225527242552E+06
   3.2900000000000000E+04   3.1117043698677057E+03   5.9538434857125840E+03   6.5185411539902198E+03   5.3770883424398175E+00   5.2977568360360740E+06
   3.3000000000000000E+04   3.1125612169346050E+03   5.9586047923968608E+03   6.5165981096557207E+03   5.3844500898040382E+00   5.3038182641065307E+06
   3.3100000000000000E+04   3.1133311552257192E+03   5.9633020619137160E+03   6.5143591654952425E+03   5.3917942463240358E+00   5.3098071826461097E+06
   3.3200000000000000E+04   3.1140495587325163E+03   5.9679358857645784E+03   6.5119790986686858E+03   5.3991208749072888E+00   5.3157238993654875E+06
   3.3300000000000000E+04   3.1147507735394192E+03   5.9725068516843730E+03   6.5096074778813891E+03   5.4064300385077129E+00   5.3215686839200370E+06
   3.3400000000000000E+04   3.1151991758166796E+03   5.9770155436652349E+03   6.5062154597526414E+03   5.4137218000173064E+00   5.3273418852619752E+06
   3.3500000000000000E+04   3.1157779119186662E+03   5.9814625418952182E+03   6.5034751814816736E+03   5.4209962224209445E+00   5.3330436967071081E+06
   3.3600000000000000E+04   3.1163356378320050E+03   5.9858484227887011E+03   6.5007247433743114E+03   5.4282533686725429E+00   5.3386747039193762E+06
   3.3700000000000000E+04   3.1168204613346006E+03   5.9901737589817967E+03   6.4977377318104136E+03   5.4354933016795792E+00   5.3442349060728708E+06
   3.3800000000000000E+04   3.1172791495341630E+03   5.9944391192893781E+03   6.4947171085876444E+03   5.4427160844114537E+00   5.3497247728532851E+06
   3.3900000000000000E+04   3.1177068798394735E+03   5.9986450687466522E+03   6.4916411856933209E+03   5.4499217797446837E+00   5.3551445396525655E+06
   3.4000000000000000E+04   3.1182105224908055E+03   6.0027921685533865E+03   6.4889720593828124E+03   5.4571104506177033E+00   5.3604947554358905E+06
   3.4100000000000000E+04   3.1186148655254306E+03   6.0068809761260518E+03   6.4859495594375876E+03   5.4642821598451192E+00   5.3657754219729211E+06
   3.4200000000000000E+04   3.1189962302895947E+03   6.0109120450534683E+03   6.4829037945749733E+03   5.4714369702415340E+00   5.3709870889776731E+06
   3.4300000000000000E+04   3.1193587113439694E+03   6.0148859251019539E+03   6.4798516550137429E+03   5.4785749445905907E+00   5.3761299936880013E+06
   3.4400000000000000E+04   3.1196948480640604E+03   6.0188031622208573E+03   6.4767601558734113E+03   5.4856961456140212E+00   5.3812045299428198E+06
   3.4500000000000000E+04   3.1199252146573049E+03   6.0226642985391718E+03   6.4732866652624780E+03   5.4928006359716317E+00   5.3862110135824243E+06
   3.4600000000000000E+04   3.1201521990992492E+03   6.0264698723721485E+03   6.4698719613510411E+03   5.4998884782303650E+00   5.3911497605799930E+06
   3.4700000000000000E+04   3.1203457203761009E+03   6.0302204181915040E+03   6.4663858168720753E+03   5.5069597349571486E+00   5.3960210870170053E+06
   3.4800000000000000E+04   3.1205467360053040E+03   6.0339164666704892E+03   6.4630033521691594E+03   5.5140144685641346E+00   5.4008253089892687E+06
   3.4900000000000000E+04   3.1207171683650913E+03   6.0375585446371670E+03   6.4595602484696356E+03   5.5210527414634605E+00   5.4055628205864308E+06
   3.5000000000000000E+04   3.1208711248414011E+03   6.0411471751202607E+03   6.4561162900848612E+03   5.5280746159124838E+00   5.4102338597116144E+06
   3.5100000000000000E+04   3.1209174508035253E+03   6.0446828773223124E+03   6.4522810569212588E+03   5.5350801541066375E+00   5.4148388981776964E+06
   3.5200000000000000E+04   3.1210055025576694E+03   6.0481661666212394E+03   6.4486927957699818E+03   5.5420694181794392E+00   5.4193782515263157E+06
   3.5300000000000000E+04   3.1210129686016357E+03   6.0515975545990505E+03   6.4448282908829306E+03   5.5490424701096153E+00   5.4238521570415255E+06
   3.5400000000000000E+04   3.1209115714957179E+03   6.0549775490262509E+03   6.4405673364603690E+03   5.5559993717830176E+00   5.4282610076938355E+06
   3.5500000000000000E+04   3.1201586748089894E+03   6.0583066538563771E+03   6.4336031389445961E+03   5.5629401850235833E+00   5.4326052739748927E+06
   3.5600000000000000E+04   3.1256192649515028E+03   6.0615853692560131E+03   6.4531426226335334E+03   5.5698649715004489E+00   5.4368851141861212E+06
   3.5700000000000000E+04   3.1257947232600100E+03   6.0648141916000286E+03   6.4502343049680640E+03   5.5767737927589280E+00   5.4411009978920380E+06
   3.5800000000000000E+04   3.1256019155260574E+03   6.0679936134677992E+03   6.4458217697263080E+03   5.5836667102514497E+00   5.4452532382961931E+06
   3.5900000000000000E+04   3.1252390088489828E+03   6.0711241236741207E+03   6.4407514887072239E+03   5.5905437852447015E+00   5.4493420702254046E+06
   3.6000000000000000E+04   3.1247768497818997E+03   6.0742062072326053E+03   6.4353258331867637E+03   5.5974050789744023E+00   5.4533679615285778E+06
   3.6100000000000000E+04   3.1242332497345005E+03   6.0772403454045789E+03   6.4296209723236771E+03   5.6042506524905340E+00   5.4573313014564803E+06
   3.6200000000000000E+04   3.1243634317486185E+03   6.0802270156972090E+03   6.4268320932448014E+03   5.6110805666882744E+00   5.4612323229875136E+06
   3.6300000000000000E+04   3.1252533048887358E+03   6.0831666918624906E+03   6.4273135554462442E+03   5.6178948823389714E+00   5.4650713363061603E+06
   3.6400000000000000E+04   3.1247201677553417E+03   6.0860598439134201E+03   6.4218347153996092E+03   5.6246936600591848E+00   5.4688488062640671E+06
   3.6500000000000000E+04   3.1251635938376676E+03   6.0889069381160934E+03   6.4205391894009954E+03   5.6314769603725940E+00   5.4725650414839489E+06
   3.6600000000000000E+04   3.1190699738773164E+03   6.0917084370310477E+03   6.3917846421864178E+03   5.6382448435861701E+00   5.4762204274103288E+06
   3.6700000000000000E+04   3.1151403167369722E+03   6.0944647994980451E+03   6.3722877839262128E+03   5.6449973698830540E+00   5.4798151933421744E+06
   3.6800000000000000E+04   3.1181258466424970E+03   6.0971764806539486E+03   6.3818195497628913E+03   5.6517345992915908E+00   5.4833497230750844E+06
   3.6900000000000000E+04   3.1182863828992395E+03   6.0998439319428453E+03   6.3795717365540422E+03   5.6584565916853382E+00   5.4868244770372128E+06
   3.7000000000000000E+04   3.1183481177438621E+03   6.1024676011344300E+03   6.3769626060578930E+03   5.6651634067520940E+00   5.4902396818594737E+06
   3.7100000000000000E+04   3.1181448665983312E+03   6.1050479323116297E+03   6.3732981793060617E+03   5.6718551040867977E+00   5.4935957184912488E+06
   3.7200000000000000E+04   3.1194234187664879E+03   6.1075853659360973E+03   6.3758742529543160E+03   5.6785317429747897E+00   5.4968928892167099E+06
   3.7300000000000000E+04   3.1195832781379077E+03   6.1100803387828792E+03   6.3738248412908770E+03   5.6851933827014092E+00   5.5001316504567126E+06
   3.7400000000000000E+04   3.1196514255806937E+03   6.1125332840217843E+03   6.3714419998323965E+03   5.6918400822733854E+00   5.5033122249939665E+06
   3.7500000000000000E+04   3.1200832352928237E+03   6.1149446311916045E+03   6.3706241145757549E+03   5.6984719005735975E+00   5.5064350670013456E+06
   3.7600000000000000E+04   3.1211466199838251E+03   6.1173148062430055E+03   6.3724848686550813E+03   5.7050888962372674E+00   5.5095003971855380E+06
   3.7700000000000000E+04   3.1241542324044603E+03   6.1196442315144450E+03   6.3824991678743418E+03   5.7116911278067386E+00   5.5125085901120743E+06
   3.7800000000000000E+04   3.1243574293530628E+03   6.1219333257755980E+03   6.3808585768314979E+03   5.7182786536076469E+00   5.5154600191202331E+06
   3.7900000000000000E+04   3.1242909517730818E+03   6.1241825042264945E+03   6.3781398928616736E+03   5.7248515318108284E+00   5.5183550563955046E+06
   3.8000000000000000E+04   3.1252688983965031E+03   6.1263921785333978E+03   6.3798188703786464E+03   5.7314098203394632E+00   5.5211939955622451E+06
   3.8100000000000000E+04   3.1255279243898390E+03   6.1285627568144009E+03   6.3785454054603179E+03   5.7379535769928944E+00   5.5239772064368278E+06
   3.8200000000000000E+04   3.1250738293631921E+03   6.1306946436758926E+03   6.3743481198741038E+03   5.7444828593537522E+00   5.5267049803111516E+06
   3.8300000000000000E+04   3.1252127836106915E+03   6.1327882402204332E+03   6.3726641223223678E+03   5.7509977248189221E+00   5.5293776073272638E+06
   3.8400000000000000E+04   3.1246529620213923E+03   6.1348439440552811E+03   6.3681203005861398E+03   5.7574982306304925E+00   5.5319956080569010E+06
   3.8500000000000000E+04   3.1240687616924097E+03   6.1368621493289193E+03   6.3635227739832317E+03   5.7639844337828823E+00   5.5345591156784743E+06
   3.8600000000000000E+04   3.1143010150217492E+03   6.1388432467328794E+03   6.3210245682512841E+03   5.7704563910847710E+00   5.5370685709903678E+06
   3.8700000000000000E+04   3.1158277423730187E+03   6.1407876235045978E+03   6.3252529584554313E+03   5.7769141592209960E+00   5.5395243362651216E+06
   3.8800000000000000E+04   3.1150953835995515E+03   6.1426956634777935E+03   6.3202144058878848E+03   5.7833577945977686E+00   5.5419266952935187E+06
   3.8900000000000000E+04   3.1143241733959744E+03   6.1445677470719693E+03   6.3150619428791815E+03   5.7897873534665143E+00   5.5442759307136601E+06
   3.9000000000000000E+04   3.1136415275644972E+03   6.1464042513227914E+03   6.3103187638766485E+03   5.7962028918619390E+00   5.5465724778911183E+06
   3.9100000000000000E+04   3.1131698403634359E+03   6.1482055498990285E+03   6.3064853010344068E+03   5.8026044656020535E+00   5.5488165397672197E+06
   3.9200000000000000E+04   3.1124096836400809E+03   6.1499720131004960E+03   6.3015110050728290E+03   5.8089921303810268E+00   5.5510086260366859E+06
   3.9300000000000000E+04   3.1119269242571381E+03   6.1517040079080907E+03   6.2977161829501892E+03   5.8153659416144015E+00   5.5531488600374628E+06
   3.9400000000000000E+04   3.1048249622430467E+03   6.1534018979756074E+03   6.2669357599654932E+03   5.8217259545629281E+00   5.5552377486353870E+06
   3.9500000000000000E+04   3.1042664917803772E+03   6.1550660436730614E+03   6.2629369609733103E+03   5.8280722242087384E+00   5.5572754895091020E+06
   3.9600000000000000E+04   3.1043641772614983E+03   6.1566968020670229E+03   6.2616468622304974E+03   5.8344048054410811E+00   5.5592624329324663E+06
   3.9700000000000000E+04   3.1039390946743601E+03   6.1582945269705378E+03   6.2582667808287479E+03   5.8407237529015390E+00   5.5611990813822253E+06
   3.9800000000000000E+04   3.1038218344300576E+03   6.1598595689672093E+03   6.2561749192795896E+03   5.8470291209530743E+00   5.5630853980763853E+06
   3.9900000000000000E+04   3.1038463204910695E+03   6.1613922753991292E+03   6.2546941322014391E+03   5.8533209638348112E+00   5.5649219595742868E+06
   4.0000000000000000E+04   3.1049251394707085E+03   6.1628929904042079E+03   6.2575286303067041E+03   5.8595993355691647E+00   5.5667090336970147E+06
   4.0100000000000000E+04   3.1166517700077979E+03   6.1643620549349944E+03   6.3038045330286359E+03   5.8658642899618449E+00   5.5684468869707519E+06
   4.0200000000000000E+04   3.1037854903576022E+03   6.1657998067717836E+03   6.2499119857542082E+03   5.8721158806328084E+00   5.5701360146077462E+06
   4.0300000000000000E+04   3.1042501247013329E+03   6.1672065805592774E+03   6.2503506245235085E+03   5.8783541609233856E+00   5.5717764502421003E+06
   4.0400000000000000E+04   3.1039507122436917E+03   6.1685827077966869E+03   6.2477245937467551E+03   5.8845791840510708E+00   5.5733686862910930E+06
   4.0500000000000000E+04   3.1031084120919863E+03   6.1699285168804909E+03   6.2429345147580607E+03   5.8907910029857025E+00   5.5749130602977881E+06
   4.0600000000000000E+04   3.1000706399433629E+03   6.1712443331180248E+03   6.2293101206008623E+03   5.8969896704803944E+00   5.5764098317733509E+06
   4.0700000000000000E+04   3.1003094338050478E+03   6.1725304787469959E+03   6.2289640601267674E+03   5.9031752390715644E+00   5.5778592589353146E+06
   4.0800000000000000E+04   3.0998908569958921E+03   6.1737872729441842E+03   6.2259959773345909E+03   5.9093477611408352E+00   5.5792616751721343E+06
   4.0900000000000000E+04   3.0985283357851504E+03   6.1750150318674123E+03   6.2192562296810311E+03   5.9155072887911970E+00   5.5806174123770567E+06
   4.1000000000000000E+04   3.0962926647477620E+03   6.1762140686480006E+03   6.2090436114538470E+03   5.9216538740018132E+00   5.5819268774822131E+06
   4.1100000000000000E+04   3.0952290559316161E+03   6.1773846934486419E+03   6.2035869831131558E+03   5.9277875684113033E+00   5.5831901701686466E+06
   4.1200000000000000E+04   3.0935643975086573E+03   6.1785272134349898E+03   6.1957543597754948E+03   5.9339084235963675E+00   5.5844076946086399E+06
   4.1300000000000000E+04   3.0922972611054684E+03   6.1796419328386810E+03   6.1895550563202059E+03   5.9400164908241280E+00   5.5855798533166377E+06
   4.1400000000000000E+04   3.0907537717999508E+03   6.1807291529611402E+03   6.1822861303217742E+03   5.9461118211449921E+00   5.5867067420115676E+06
   4.1500000000000000E+04   3.0895171962551776E+03   6.1817891721785263E+03   6.1762820669636458E+03   5.9521944654855359E+00   5.5877887605007915E+06
   4.1600000000000000E+04   3.0825273436295161E+03   6.1828222859878906E+03   6.1473889135405243E+03   5.9582644744937134E+00   5.5888262307273755E+06
   4.1700000000000000E+04   3.0815712780399062E+03   6.1838287870169133E+03   6.1425942634502653E+03   5.9643218986007573E+00   5.5898193969447911E+06
   4.1800000000000000E+04   3.0786364645533286E+03   6.1848089650294742E+03   6.1299809985174052E+03   5.9703667881140836E+00   5.5907687307457486E+06
   4.1900000000000000E+04   3.0757646494369355E+03   6.1857631069807994E+03   6.1176723249144497E+03   5.9763991930005522E+00   5.5916742449779026E+06
   4.2000000000000000E+04   3.0820425261138676E+03   6.1866914970030721E+03   6.1416432158671232E+03   5.9824191631032004E+00   5.5925364083745442E+06
   4.2100000000000000E+04   3.0810642071118800E+03   6.1875944164409020E+03   6.1368711713700304E+03   5.9884267480483446E+00   5.5933554596641650E+06
   4.2200000000000000E+04   3.0804517437049776E+03   6.1884721438763781E+03   6.1335793694991089E+03   5.9944219972146442E+00   5.5941316362764388E+06
   4.2300000000000000E+04   3.0798786047645049E+03   6.1893249551306608E+03   6.1304706238128992E+03   6.0004049598569216E+00   5.5948654024690306E+06
   4.2400000000000000E+04   3.0738112603763607E+03   6.1901531233172982E+03   6.1056723590492757E+03   6.0063756848894547E+00   5.5955568407341735E+06
   4.2500000000000000E+04   3.0698623486676211E+03   6.1909569188207752E+03   6.0893334438048114E+03   6.0123342211646076E+00   5.5962063364973711E+06
   4.2600000000000000E+04   3.0689086727534536E+03   6.1917366093585642E+03   6.0848290605863094E+03   6.0182806171941996E+00   5.5968141975974729E+06
   4.2700000000000000E+04   3.0697299953701918E+03   6.1924924599695069E+03   6.0873281480636851E+03   6.0242149213662142E+00   5.5973806546207555E+06
   4.2800000000000000E+04   3.0691872494640461E+03   6.1932247330524879E+03   6.0844872968413420E+03   6.0301371818209804E+00   5.5979059368555723E+06
   4.2900000000000000E+04   3.0681079962437097E+03   6.1939336883779170E+03   6.0795640413783067E+03   6.0360474465130576E+00   5.5983904239684995E+06
   4.3000000000000000E+04   3.0665410134268463E+03   6.1946195831083751E+03   6.0727550766453223E+03   6.0419457632112659E+00   5.5988344183151228E+06
   4.3100000000000000E+04   3.0657408841157580E+03   6.1952826718360402E+03   6.0689815519406202E+03   6.0478321793748444E+00   5.5992379934892831E+06
   4.3200000000000000E+04   3.0649084625894234E+03   6.1959232065648275E+03   6.0651063703531099E+03   6.0537067424320652E+00   5.5996016765876459E+06
   4.3300000000000000E+04   3.0644807152084950E+03   6.1965414367814819E+03   6.0628395877556368E+03   6.0595694994087479E+00   5.5999256143103745E+06
   4.3400000000000000E+04   3.0639302016691227E+03   6.1971376094297211E+03   6.0601149602803789E+03   6.0654204972687928E+00   5.6002100279733697E+06
   4.3500000000000000E+04   3.0631811668526902E+03   6.1977119689557294E+03   6.0566367917473799E+03   6.0712597827284309E+00   5.6004552888949635E+06
   4.3600000000000000E+04   3.0619394762460283E+03   6.1982647573241502E+03   6.0512573932227242E+03   6.0770874022871864E+00   5.6006616912801405E+06
   4.3700000000000000E+04   3.0609135820250649E+03   6.1987962140382033E+03   6.0467460860963274E+03   6.0829034022278705E+00   5.6008293768163947E+06
   4.3800000000000000E+04   3.0594133112700720E+03   6.1993065761559492E+03   6.0404094852010694E+03   6.0887078286475562E+00   5.6009585616354700E+06
   4.3900000000000000E+04   3.0579262255651483E+03   6.1997960783067801E+03   6.0341516070332573E+03   6.0945007274885086E+00   5.6010497626790078E+06
   4.4000000000000000E+04   3.0564672351707577E+03   6.2002649527268904E+03   6.0280299115806383E+03   6.1002821444143800E+00   5.6011031177606573E+06
   4.4100000000000000E+04   3.0499601148974953E+03   6.2007134292675973E+03   6.0023514239978877E+03   6.1060521249030666E+00   5.6011187636060128E+06
   4.4200000000000000E+04   3.0453656236003594E+03   6.2011417354118739E+03   5.9841836679777516E+03   6.1118107142776710E+00   5.6010971375133246E+06
   4.4300000000000000E+04   3.0437171877510636E+03   6.2015500963053883E+03   5.9774424947219313E+03   6.1175579576136290E+00   5.6010384490336301E+06
   4.4400000000000000E+04   3.0442816328368699E+03   6.2019387347724723E+03   5.9792585352836140E+03   6.1232938997696698E+00   5.6009428311728761E+06
   4.4500000000000000E+04   3.0426293455684504E+03   6.2023078713218583E+03   5.9725455566826413E+03   6.1290185855116528E+00   5.6008107171960752E+06
   4.4600000000000000E+04   3.0409217852478737E+03   6.2026577241947525E+03   5.9656458869940798E+03   6.1347320592648806E+00   5.6006422375488058E+06
   4.4700000000000000E+04   3.0393623287797145E+03   6.2029885093563189E+03   5.9593417569185895E+03   6.1404343653617950E+00   5.6004377474691151E+06
   4.4800000000000000E+04   3.0377695067473974E+03   6.2033004405327674E+03   5.9529340618096803E+03   6.1461255478871601E+00   5.6001974502891926E+06
   4.4900000000000000E+04   3.0361558995846503E+03   6.2035937292239614E+03   5.9464711582845803E+03   6.1518056507399956E+00   5.5999215481715575E+06
   4.5000000000000000E+04   3.0346229928063963E+03   6.2038685847261650E+03   5.9403418591347527E+03   6.1574747176026117E+00   5.5996103172891615E+06
   4.5100000000000000E+04   3.0247923710387440E+03   6.2041252141449104E+03   5.9025561470878647E+03   6.1631327920025250E+00   5.5992640325163389E+06
   4.5200000000000000E+04   3.0268462913761800E+03   6.2043638224177748E+03   5.9101658583384060E+03   6.1687799172814994E+00   5.5988829674618486E+06
   4.5300000000000000E+04   3.0255653030086432E+03   6.2045846123398114E+03   5.9050839570478020E+03   6.1744161365336376E+00   5.5984673193902429E+06
   4.5400000000000000E+04   3.0243128601785247E+03   6.2047877845762314E+03   5.9001312500918784E+03   6.1800414926672884E+00   5.5980172844488127E+06
   4.5500000000000000E+04   3.0230825302959802E+03   6.2049735376785075E+03   5.8952827294155140E+03   6.1856560284360071E+00   5.5975332076247809E+06
   4.5600000000000000E+04   3.0219541795821315E+03   6.2051420681095269E+03   5.8908414031128314E+03   6.1912597863766488E+00   5.5970152076854846E+06
   4.5700000000000000E+04   3.0210117817963928E+03   6.2052935702622917E+03   5.8871250192650914E+03   6.1968528088093411E+00   5.5964636270970767E+06
   4.5800000000000000E+04   3.0177182198079299E+03   6.2054282364671253E+03   5.8745098371661243E+03   6.2024351379613538E+00   5.5958786572976727E+06
   4.5900000000000000E+04   3.0160478739329187E+03   6.2055462570306991E+03   5.8680777812252099E+03   6.2080068157503678E+00   5.5952606381953089E+06
   4.6000000000000000E+04   3.0133777088269376E+03   6.2056478202399812E+03   5.8578880100043234E+03   6.2135678839392705E+00   5.5946095344253182E+06
   4.6100000000000000E+04   3.0147983625262336E+03   6.2057331123783151E+03   5.8631828890704355E+03   6.2191183841671194E+00   5.5939259080012478E+06
   4.6200000000000000E+04   3.0132934716852105E+03   6.2058023177549330E+03   5.8574320424142970E+03   6.2246583578252954E+00   5.5932097961104158E+06
   4.6300000000000000E+04   3.0114911895714267E+03   6.2058556187202130E+03   5.8505783964381144E+03   6.2301878460884783E+00   5.5924614591835234E+06
   4.6400000000000000E+04   3.0097565926948096E+03   6.2058931956734541E+03   5.8440017682069156E+03   6.2357068900384753E+00   5.5916811565088332E+06
   4.6500000000000000E+04   3.0082869655657928E+03   6.2059152270942386E+03   5.8384441092443094E+03   6.2412155305094243E+00   5.5908691461315034E+06
   4.6600000000000000E+04   3.0065220410110146E+03   6.2059218895550721E+03   5.8317940329436478E+03   6.2467138081496989E+00   5.5900256103227753E+06
   4.6700000000000000E+04   3.0045383035027780E+03   6.2059133577392677E+03   5.8243423765273619E+03   6.2522017634219438E+00   5.5891507303264793E+06
   4.6800000000000000E+04   3.0026255449760633E+03   6.2058898044564021E+03   5.8171795227379271E+03   6.2576794366340032E+00   5.5882447608659025E+06
   4.6900000000000000E+04   3.0006595456232972E+03   6.2058514006648775E+03   5.8098385639018788E+03   6.2631468678770030E+00   5.5873078810062855E+06
   4.7000000000000000E+04   2.9982181517476879E+03   6.2057983154824242E+03   5.8007395624682995E+03   6.2686040971182528E+00   5.5863404921547892E+06
   4.7100000000000000E+04   2.9963044322836486E+03   6.2057307162129773E+03   5.7936393627906018E+03   6.2740511640773828E+00   5.5853426221918138E+06
   4.7200000000000000E+04   2.9944660708830902E+03   6.2056487683569849E+03   5.7868413090543236E+03   6.2794881083192315E+00   5.5843145957697388E+06
   4.7300000000000000E+04   2.9925217552327367E+03   6.2055526356310493E+03   5.7796678452918095E+03   6.2849149692228927E+00   5.5832565132586798E+06
   4.7400000000000000E+04   2.9906203777983828E+03   6.2054424799808530E+03   5.7726748616316199E+03   6.2903317860436214E+00   5.5821687714097463E+06
   4.7500000000000000E+04   2.9887181304934952E+03   6.2053184616088556E+03   5.7656985271979875E+03   6.2957385977580520E+00   5.5810513941705860E+06
   4.7600000000000000E+04   2.9868314532805839E+03   6.2051807389785090E+03   5.7587997321591702E+03   6.3011354432499385E+00   5.5799047759852540E+06
   4.7700000000000000E+04   2.9849643121207928E+03   6.2050294688375798E+03   5.7519927761409126E+03   6.3065223612172883E+00   5.5787290131039098E+06
   4.7800000000000000E+04   2.9830988018439402E+03   6.2048648062405573E+03   5.7452107768970018E+03   6.3118993900794802E+00   5.5775242750617787E+06
   4.7900000000000000E+04   2.9812705949492952E+03   6.2046869045477088E+03   5.7385856627683270E+03   6.3172665682558975E+00   5.5762909529232383E+06
   4.8000000000000000E+04   2.9719509703252247E+03   6.2044959154610697E+03   5.7043159396994934E+03   6.3226239338563346E+00   5.5750290657919627E+06
   4.8100000000000000E+04   2.9626299599114263E+03   6.2042919890292178E+03   5.6702460532996256E+03   6.3279715248667525E+00   5.5737389283974543E+06
   4.8200000000000000E+04   2.9651030864911509E+03   6.2040752736656195E+03   5.6794938887131802E+03   6.3333093791183259E+00   5.5724207802279228E+06
   4.8300000000000000E+04   2.9632301336936216E+03   6.2038459161700011E+03   5.6728178832539688E+03   6.3386375341945520E+00   5.5710746376602668E+06
   4.8400000000000000E+04   2.9615752435297318E+03   6.2036040617339786E+03   5.6669577107794794E+03   6.3439560276170255E+00   5.5697009602298616E+06
   4.8500000000000000E+04   2.9602396165153446E+03   6.2033498539673847E+03   5.6622811586097050E+03   6.3492648966596583E+00   5.5682997624080032E+06
   4.8600000000000000E+04   2.9591267691008793E+03   6.2030834349088682E+03   5.6584326284867657E+03   6.3545641784415814E+00   5.5668713535737041E+06
   4.8700000000000000E+04   2.9582170342042009E+03   6.2028049450432227E+03   5.6553385984625575E+03   6.3598539098961728E+00   5.5654157465250399E+06
   4.8800000000000000E+04   2.9547573297390277E+03   6.2025145233124222E+03   5.6429480894800727E+03   6.3651341278639322E+00   5.5639333963391623E+06
   4.8900000000000000E+04   2.9536413659909040E+03   6.2022123071373635E+03   5.6391290702593560E+03   6.3704048689686541E+00   5.5624243877037382E+06
   4.9000000000000000E+04   2.9543760811214988E+03   6.2018984324328776E+03   5.6420675223145809E+03   6.3756661696174186E+00   5.5608888782787202E+06
   4.9100000000000000E+04   2.9529024867503103E+03   6.2015730336158676E+03   5.6369644654785652E+03   6.3809180661553979E+00   5.5593271723020859E+06
   4.9200000000000000E+04   2.9512494204384216E+03   6.2012362436290214E+03   5.6312212527818529E+03   6.3861605946800895E+00   5.5577393517835615E+06
   4.9300000000000000E+04   2.9494399877626010E+03   6.2008881939501680E+03   5.6249235537804516E+03   6.3913937911651582E+00   5.5561256453099363E+06
   4.9400000000000000E+04   2.9516802624884199E+03   6.2005290146086763E+03   5.6333736981332231E+03   6.3966176914294826E+00   5.5544862804261222E+06
   4.9500000000000000E+04   2.9496969958007512E+03   6.2001588342026689E+03   5.6264588836787098E+03   6.4018323310752239E+00   5.5528214100910602E+06
   4.9600000000000000E+04   2.9475050282592492E+03   6.1997777799098849E+03   5.6188018582081586E+03   6.4070377455807144E+00   5.5511311864347747E+06
   4.9700000000000000E+04   2.9462089748143903E+03   6.1993859775024857E+03   5.6144152593493127E+03   6.4122339703004574E+00   5.5494159077315591E+06
   4.9800000000000000E+04   2.9440601781813107E+03   6.1989835513648995E+03   5.6069463168111852E+03   6.4174210403722380E+00   5.5476757241720371E+06
   4.9900000000000000E+04   2.9418855140644068E+03   6.1985706245047268E+03   5.5994007740189818E+03   6.4225989908100098E+00   5.5459107851335108E+06
   5.0000000000000000E+04   2.9397434602057851E+03   6.1981473185700997E+03   5.5919903846127954E+03   6.4277678564110232E+00   5.5441212391092516E+06


