#Te   kappa_tot   kappa_e_ph  kappa_e_e mu Ce
#[K]  [W/(K*m)]   [W/(K*m)]   [W/(K*m)]   [eV]  [J/(m^3*K)]
   3.0000000000000000E+02   4.9777909178763736E+01   5.1449150778266564E+01   1.5324122828961104E+03   5.2927887124140263E+00   1.7414688770119421E+04
   4.0000000000000000E+02   6.9322975678701823E+01   7.2449830225760422E+01   1.6062268785067133E+03   5.2970969806314345E+00   2.4095466703177597E+04
   5.0000000000000000E+02   8.7671686840786094E+01   9.2628378103763396E+01   1.6383683644651942E+03   5.3010817245430957E+00   3.0268959701581018E+04
   6.0000000000000000E+02   1.0463268413124480E+02   1.1178359193132437E+02   1.6356269151555985E+03   5.3044245825991689E+00   3.5973562045082850E+04
   7.0000000000000000E+02   1.2078606446324164E+02   1.3052828775551046E+02   1.6183162411833787E+03   5.3068724223065109E+00   4.1491509057828152E+04
   8.0000000000000000E+02   1.3653726143974802E+02   1.4934329718477204E+02   1.5922901683227296E+03   5.3083039375444061E+00   4.7027706285727829E+04
   9.0000000000000000E+02   1.5204203817902982E+02   1.6841380149233638E+02   1.5640329722798692E+03   5.3087085302155090E+00   5.2657652531275256E+04
   1.0000000000000000E+03   1.6729543598968957E+02   1.8775170006297157E+02   1.5354711108205224E+03   5.3081361389731301E+00   5.8383400650312302E+04
   1.1000000000000000E+03   1.8221555243076543E+02   2.0731447410918327E+02   1.5050814497413785E+03   5.3066576878471698E+00   6.4185186428333589E+04
   1.2000000000000000E+03   1.9685096644357236E+02   2.2706289488939274E+02   1.4794669722129518E+03   5.3043441726656289E+00   7.0045280956684932E+04
   1.3000000000000000E+03   2.1113861415292297E+02   2.4697732385340981E+02   1.4550314540173918E+03   5.3012589337346219E+00   7.5953776269657770E+04
   1.4000000000000000E+03   2.2512442105217042E+02   2.6705627720395501E+02   1.4337760192695318E+03   5.2974567772877892E+00   8.1907162257595744E+04
   1.5000000000000000E+03   2.3869145701352790E+02   2.8731033253985493E+02   1.4105328670516878E+03   5.2929859595732980E+00   8.7905398120306927E+04
   1.6000000000000000E+03   2.5197883566038578E+02   3.0775654735501729E+02   1.3903068826834203E+03   5.2878909995448771E+00   9.3949590179254883E+04
   1.7000000000000000E+03   2.6501956066757253E+02   3.2841467904978026E+02   1.3729182337639102E+03   5.2822153822948641E+00   1.0004072712494341E+05
   1.8000000000000000E+03   2.7772768560501839E+02   3.4930502442176095E+02   1.3553406372264869E+03   5.2760037575509076E+00   1.0617931973916331E+05
   1.9000000000000000E+03   2.9024894274701319E+02   3.7044733060099901E+02   1.3406995941882819E+03   5.2693034949547197E+00   1.1236564090021372E+05
   2.0000000000000000E+03   3.0245138530535218E+02   3.9186028018955204E+02   1.3255804664958205E+03   5.2621655828418650E+00   1.1860027465826560E+05
   2.1000000000000000E+03   3.1336235421821556E+02   4.1356121565204285E+02   1.2933731411275296E+03   5.2546449151768542E+00   1.2488474444253530E+05
   2.2000000000000000E+03   3.2391584474432568E+02   4.3556592368883270E+02   1.2636507331413043E+03   5.2468000415520679E+00   1.3122205668156917E+05
   2.3000000000000000E+03   3.3412947881752564E+02   4.5788841277595265E+02   1.2362260389929238E+03   5.2386924679030775E+00   1.3761705673997465E+05
   2.4000000000000000E+03   3.4402092578552612E+02   4.8054068243321609E+02   1.2109313297042186E+03   5.2303856055620770E+00   1.4407654458054542E+05
   2.5000000000000000E+03   3.5360784238999230E+02   5.0353250951712209E+02   1.1876167389625509E+03   5.2219434729172027E+00   1.5060914007839357E+05
   2.6000000000000000E+03   3.6293204361837195E+02   5.2687127722128264E+02   1.1663984585221760E+03   5.2134292598084633E+00   1.5722492274278149E+05
   2.7000000000000000E+03   3.7196483477696984E+02   5.5056185900107823E+02   1.1466576882090810E+03   5.2049038672301764E+00   1.6393489645788592E+05
   2.8000000000000000E+03   3.8074546102908732E+02   5.7460655304949091E+02   1.1285340171721359E+03   5.1964245303670094E+00   1.7075034694827034E+05
   2.9000000000000000E+03   3.8928932434834314E+02   5.9900505083678911E+02   1.1119159989861121E+03   5.1880436213100110E+00   1.7768216541648022E+05
   3.0000000000000000E+03   3.9748940469744605E+02   6.2375441932902936E+02   1.0957760006344740E+03   5.1798077058015473E+00   1.8474020935325022E+05
   3.1000000000000000E+03   4.0476813316828225E+02   6.4884908076184161E+02   1.0760095522296181E+03   5.1717569008006086E+00   1.9193275634873286E+05
   3.2000000000000000E+03   4.1215314911744161E+02   6.7428078344327503E+02   1.0601970639237290E+03   5.1639245482640739E+00   1.9926609119735219E+05
   3.3000000000000000E+03   4.1926260253257971E+02   7.0003856794625403E+02   1.0453173633929300E+03   5.1563371914489746E+00   2.0674424159470736E+05
   3.4000000000000000E+03   4.2619489580981428E+02   7.2610874165767723E+02   1.0318424566979497E+03   5.1490148151569963E+00   2.1436886403764528E+05
   3.5000000000000000E+03   4.3299045431405909E+02   7.5247487876902505E+02   1.0198132199212831E+03   5.1419712963719082E+00   2.2213926087118895E+05
   3.6000000000000000E+03   4.3988413474034104E+02   7.7911786214935694E+02   1.0102815815807515E+03   5.1352150037743076E+00   2.3005250455181792E+05
   3.7000000000000000E+03   4.4639530403045546E+02   8.0601597908098381E+02   1.0005035110528814E+03   5.1287494861172851E+00   2.3810363985616594E+05
   3.8000000000000000E+03   4.5277451145137655E+02   8.3314507638677628E+02   9.9173513858310457E+02   5.1225741955109223E+00   2.4628593388175443E+05
   3.9000000000000000E+03   4.5903577306691608E+02   8.6047877369701075E+02   9.8392683013955218E+02   5.1166852023600082E+00   2.5459115033248861E+05
   4.0000000000000000E+03   4.6551360722020223E+02   8.8798872790006078E+02   9.7845012797541347E+02   5.1110758695747691E+00   2.6300982912319771E+05
   4.1000000000000000E+03   4.7129912494105685E+02   9.1564493778948099E+02   9.7118650712727492E+02   5.1057374654897041E+00   2.7153155223235622E+05
   4.2000000000000000E+03   4.7696613445216406E+02   9.4341607589040632E+02   9.6468555127271520E+02   5.1006597035409715E+00   2.8014519254686363E+05
   4.3000000000000000E+03   4.8252077787057317E+02   9.7126983403533291E+02   9.5889264629692582E+02   5.0958312048534014E+00   2.8883913692240883E+05
   4.4000000000000000E+03   4.8796807253226302E+02   9.9917327014414707E+02   9.5375527681579877E+02   5.0912398854825724E+00   2.9760148022057192E+05
   4.5000000000000000E+03   4.9330954924672318E+02   1.0270931454255037E+03   9.4921398902365922E+02   5.0868732731007338E+00   3.0642019260861038E+05
   4.6000000000000000E+03   4.9853664430243725E+02   1.0549962433283683E+03   9.4517964614371363E+02   5.0827187603768742E+00   3.1528326143249683E+05
   4.7000000000000000E+03   5.0365673020742366E+02   1.0828496637912792E+03   9.4162840971947548E+02   5.0787638033082132E+00   3.2417880807398353E+05
   4.8000000000000000E+03   5.0868281674685153E+02   1.1106210884525899E+03   9.3855780595505826E+02   5.0749960726932803E+00   3.3309518297895713E+05
   4.9000000000000000E+03   5.1360046836786000E+02   1.1382790143571522E+03   9.3587436075827816E+02   5.0714035662877972E+00   3.4202104323635111E+05
   5.0000000000000000E+03   5.1838884384742232E+02   1.1657929551707382E+03   9.3347269754149306E+02   5.0679746891845179E+00   3.5094541221734020E+05
   5.1000000000000000E+03   5.2254837526952576E+02   1.1931336101916393E+03   9.2974016876097664E+02   5.0646983083695032E+00   3.5985772590491635E+05
   5.2000000000000000E+03   5.2671292824297723E+02   1.2202730023498643E+03   9.2671650275026150E+02   5.0615637867023224E+00   3.6874786865323148E+05
   5.3000000000000000E+03   5.3097737733481938E+02   1.2471845869807671E+03   9.2463017982578663E+02   5.0585610012767370E+00   3.7760619638337195E+05
   5.4000000000000000E+03   5.3516373033969626E+02   1.2738433336813907E+03   9.2288286726382455E+02   5.0556803493059999E+00   3.8642355402272544E+05
   5.5000000000000000E+03   5.3913287364730240E+02   1.3002257837140558E+03   9.2103664860390393E+02   5.0529127449788058E+00   3.9519128485226893E+05
   5.6000000000000000E+03   5.4318716529394044E+02   1.3263100855831722E+03   9.1995087491834340E+02   5.0502496095460749E+00   4.0390123396097764E+05
   5.7000000000000000E+03   5.4728495699309929E+02   1.3520760114014131E+03   9.1945711585382082E+02   5.0476828565182696E+00   4.1254574791052914E+05
   5.8000000000000000E+03   5.5160667004829986E+02   1.3775049565664578E+03   9.2001755478874736E+02   5.0452048736515138E+00   4.2111767011587054E+05
   5.9000000000000000E+03   5.5507601149080938E+02   1.4025799251708170E+03   9.1862522177667245E+02   5.0428085027295699E+00   4.2961033315839991E+05
   6.0000000000000000E+03   5.5852825719342957E+02   1.4272855033787016E+03   9.1760878912950784E+02   5.0404870181485864E+00   4.3801754885851132E+05
   6.1000000000000000E+03   5.6173621603680920E+02   1.4516078228326091E+03   9.1633520986644601E+02   5.0382341049536299E+00   4.4633359625545779E+05
   6.2000000000000000E+03   5.6482531042255846E+02   1.4755345159571257E+03   9.1513211456502574E+02   5.0360438368192355E+00   4.5455320870846091E+05
   6.3000000000000000E+03   5.6778060427148091E+02   1.4990546648298127E+03   9.1394595799518800E+02   5.0339106543656653E+00   4.6267155867524369E+05
   6.4000000000000000E+03   5.7072867538859998E+02   1.5221587450999252E+03   9.1308827834886415E+02   5.0318293440905082E+00   4.7068424378711591E+05
   6.5000000000000000E+03   5.7339857765740317E+02   1.5448385662605981E+03   9.1185070307616922E+02   5.0297950180163644E+00   4.7858727029084897E+05
   6.6000000000000000E+03   5.7586630847500635E+02   1.5670872093958417E+03   9.1042544148819991E+02   5.0278030942896033E+00   4.8637703603179252E+05
   6.7000000000000000E+03   5.7798615132859481E+02   1.5888989633821052E+03   9.0844787576656574E+02   5.0258492786853699E+00   4.9405031635784358E+05
   6.8000000000000000E+03   5.7976120583188958E+02   1.6102692603678399E+03   9.0593338304889028E+02   5.0239295471084047E+00   5.0160424647880928E+05
   6.9000000000000000E+03   5.8203675163452021E+02   1.6311946112274650E+03   9.0493075386284067E+02   5.0220401291232504E+00   5.0903630554869812E+05
   7.0000000000000000E+03   5.8404761181093056E+02   1.6516725415742512E+03   9.0355271454178546E+02   5.0201774924130635E+00   5.1634430127696361E+05
   7.1000000000000000E+03   5.8585764445509164E+02   1.6717015288037335E+03   9.0195205223670303E+02   5.0183383282342895E+00   5.2352635243947007E+05
   7.2000000000000000E+03   5.8765381023839814E+02   1.6912809405559397E+03   9.0056474836325640E+02   5.0165195377328295E+00   5.3058087643137912E+05
   7.3000000000000000E+03   5.8929805281709548E+02   1.7104109748962669E+03   8.9905471355559041E+02   5.0147182192112636E+00   5.3750657191167667E+05
   7.4000000000000000E+03   5.9066785244256732E+02   1.7290926024542155E+03   8.9713388096623112E+02   5.0129316561345298E+00   5.4430240427493688E+05
   7.5000000000000000E+03   5.9204277634079278E+02   1.7473275106899189E+03   8.9544386751403499E+02   5.0111573059859413E+00   5.5096759284519986E+05
   7.6000000000000000E+03   5.9330285279885641E+02   1.7651180504139888E+03   8.9369857718924277E+02   5.0093927898280990E+00   5.5750159622566984E+05
   7.7000000000000000E+03   5.9476294828938239E+02   1.7824671846387801E+03   8.9260053599149001E+02   5.0076358825351273E+00   5.6390409804052196E+05
   7.8000000000000000E+03   5.9580776262152312E+02   1.7993784398035250E+03   8.9075254378819216E+02   5.0058845036850554E+00   5.7017499560269143E+05
   7.9000000000000000E+03   5.9657478537037230E+02   1.8158558593857151E+03   8.8846931414186315E+02   5.0041367090451638E+00   5.7631438718064642E+05
   8.0000000000000000E+03   5.9795868654083279E+02   1.8319039598854006E+03   8.8772404205007513E+02   5.0023906826056326E+00   5.8232255909887003E+05
   8.1000000000000000E+03   5.9875385613691753E+02   1.8475276891505155E+03   8.8584041317476408E+02   5.0006447291725937E+00   5.8819997323536302E+05
   8.2000000000000000E+03   5.9929025426454575E+02   1.8627323869884115E+03   8.8355242944004976E+02   4.9988972673192098E+00   5.9394725985846797E+05
   8.3000000000000000E+03   5.9975215791058486E+02   1.8775237480107285E+03   8.8125994357845366E+02   4.9971468229633729E+00   5.9956520116242231E+05
   8.4000000000000000E+03   6.0008998141855454E+02   1.8919077866257164E+03   8.7885064282712869E+02   4.9953920231467421E+00   6.0505472701300972E+05
   8.5000000000000000E+03   6.0032988872140675E+02   1.9058908041184095E+03   8.7637673651070759E+02   4.9936315904515780E+00   6.1041689920293970E+05
   8.6000000000000000E+03   6.0051840371768481E+02   1.9194793577101439E+03   8.7393237561127444E+02   4.9918643375070610E+00   6.1565290662741615E+05
   8.7000000000000000E+03   6.0059793382888950E+02   1.9326802315347384E+03   8.7139042070509072E+02   4.9900891620438994E+00   6.2076405282753310E+05
   8.8000000000000000E+03   6.0050981734789332E+02   1.9455004094223336E+03   8.6862473417791500E+02   4.9883050421055195E+00   6.2575174967223662E+05
   8.9000000000000000E+03   6.0032079693161143E+02   1.9579470494176603E+03   8.6577313226225021E+02   4.9865110316509043E+00   6.3061750719239714E+05
   9.0000000000000000E+03   5.9999185154081897E+02   1.9700274599330960E+03   8.6275160735316967E+02   4.9847062563588347E+00   6.3536292662027187E+05
   9.1000000000000000E+03   5.9955430496250960E+02   1.9817490774553933E+03   8.5962283636836742E+02   4.9828899097006172E+00   6.3998969177136873E+05
   9.2000000000000000E+03   5.9888768905463814E+02   1.9931194457217016E+03   8.5613793628656447E+02   4.9810612492590103E+00   6.4449956253103318E+05
   9.3000000000000000E+03   5.9825372045118320E+02   2.0041461962814244E+03   8.5283045386909419E+02   4.9792195932597014E+00   6.4889436649182497E+05
   9.4000000000000000E+03   5.9785040305251982E+02   2.0148370303573429E+03   8.5009350651066609E+02   4.9773643172370816E+00   6.5317599465445592E+05
   9.5000000000000000E+03   5.9727421070313972E+02   2.0251997019494340E+03   8.4710271012974408E+02   4.9754948510020860E+00   6.5734639188050036E+05
   9.6000000000000000E+03   5.9640988894946656E+02   2.0352420020866787E+03   8.4362758195823642E+02   4.9736106756883744E+00   6.6140755283628881E+05
   9.7000000000000000E+03   5.9561987923265576E+02   2.0449717441762243E+03   8.4039345638670056E+02   4.9717113210334620E+00   6.6536151650762884E+05
   9.8000000000000000E+03   5.9482615695374864E+02   2.0543967503687459E+03   8.3723865731012245E+02   4.9697963627493689E+00   6.6921035732210672E+05
   9.9000000000000000E+03   5.9442435785726900E+02   2.0635248388881955E+03   8.3493909580499155E+02   4.9678654200611154E+00   6.7295618435165752E+05
   1.0000000000000000E+04   5.9350729335491519E+02   2.0723638122695916E+03   8.3169869513065487E+02   4.9659181534129981E+00   6.7660113304811146E+05
   1.0100000000000000E+04   5.9285889038742675E+02   2.0809214464371198E+03   8.2905975605834101E+02   4.9639542622420638E+00   6.8014736197420862E+05
   1.0200000000000000E+04   5.9178157030118621E+02   2.0892054805854036E+03   8.2565350499045348E+02   4.9619734829193680E+00   6.8359704651265626E+05
   1.0300000000000000E+04   5.9057958901634015E+02   2.0972236078056549E+03   8.2207704071231512E+02   4.9599755867807538E+00   6.8695237681958068E+05
   1.0400000000000000E+04   5.8937639830826652E+02   2.1049834664132604E+03   8.1856808406435368E+02   4.9579603782583419E+00   6.9021555144080345E+05
   1.0500000000000000E+04   5.8806735013095943E+02   2.1124926319312949E+03   8.1492216054294204E+02   4.9559276930903362E+00   6.9338877526458621E+05
   1.0600000000000000E+04   5.8681740306063932E+02   2.1197586097034541E+03   8.1145397949463018E+02   4.9538773966874565E+00   6.9647425476930488E+05
   1.0700000000000000E+04   5.8585276691303977E+02   2.1267888280766865E+03   8.0858975980324271E+02   4.9518093825105742E+00   6.9947419597536651E+05
   1.0800000000000000E+04   5.8448214168253162E+02   2.1335906321446414E+03   8.0500857740291917E+02   4.9497235706161868E+00   7.0239079746776191E+05
   1.0900000000000000E+04   5.8307259375700903E+02   2.1401712779805707E+03   8.0141048912300005E+02   4.9476199061347508E+00   7.0522625202490622E+05
   1.1000000000000000E+04   5.8153823153244150E+02   2.1465379273847684E+03   7.9763202096266696E+02   4.9454983580063336E+00   7.0798274003271351E+05
   1.1100000000000000E+04   5.8046387593391376E+02   2.1526976430635850E+03   7.9476935537883708E+02   4.9433589176491823E+00   7.1066242971746053E+05
   1.1200000000000000E+04   5.7860073007296262E+02   2.1586573842400589E+03   7.9047845227871437E+02   4.9412015977177486E+00   7.1326747216246813E+05
   1.1300000000000000E+04   5.7710454772288574E+02   2.1644240026785542E+03   7.8692347104209762E+02   4.9390264309838381E+00   7.1579999916814046E+05
   1.1400000000000000E+04   5.7511716221395886E+02   2.1700042390722037E+03   7.8250472906577511E+02   4.9368334691841547E+00   7.1826212282561418E+05
   1.1500000000000000E+04   5.7326927840111887E+02   2.1754047198022599E+03   7.7839404941993541E+02   4.9346227820021324E+00   7.2065593242444564E+05
   1.1600000000000000E+04   5.7159185170026421E+02   2.1806319540227332E+03   7.7464287849478410E+02   4.9323944560385717E+00   7.2298349140176724E+05
   1.1700000000000000E+04   5.6986863976668690E+02   2.1856923310723728E+03   7.7084989059060297E+02   4.9301485938829739E+00   7.2524683671246294E+05
   1.1800000000000000E+04   5.6785808680957848E+02   2.1905921181797194E+03   7.6657383475181280E+02   4.9278853131960609E+00   7.2744797767598135E+05
   1.1900000000000000E+04   5.6612798024590745E+02   2.1953374584509756E+03   7.6284969976991420E+02   4.9256047458370640E+00   7.2958889256899280E+05
   1.2000000000000000E+04   5.6427187081427189E+02   2.1999343691274821E+03   7.5893473342840753E+02   4.9233070370469356E+00   7.3167152932696196E+05
   1.2100000000000000E+04   5.6284838203816616E+02   2.2043887400962353E+03   7.5583681488897446E+02   4.9209923446763346E+00   7.3369780406251573E+05
   1.2200000000000000E+04   5.6096115578315892E+02   2.2087063326331777E+03   7.5193572073327084E+02   4.9186608384247847E+00   7.3566959625068097E+05
   1.2300000000000000E+04   5.5974702786909165E+02   2.2128927783729087E+03   7.4927462101252411E+02   4.9163126991246013E+00   7.3758875503631099E+05
   1.2400000000000000E+04   5.5778395009328744E+02   2.2169535784905825E+03   7.4530120550628931E+02   4.9139481180583786E+00   7.3945709041365248E+05
   1.2500000000000000E+04   5.5589975019492397E+02   2.2208941030956494E+03   7.4150069936835609E+02   4.9115672963659867E+00   7.4127637546902779E+05
   1.2600000000000000E+04   5.5398814726651983E+02   2.2247195907844725E+03   7.3768186327486023E+02   4.9091704443284874E+00   7.4304834994922031E+05
   1.2700000000000000E+04   5.5197779752946781E+02   2.2284351484059289E+03   7.3371787508419595E+02   4.9067577808534573E+00   7.4477471226619300E+05
   1.2800000000000000E+04   5.5004260247996922E+02   2.2320457509793232E+03   7.2991555028798200E+02   4.9043295329043630E+00   7.4645712316853087E+05
   1.2900000000000000E+04   5.4838423047559570E+02   2.2355562417686892E+03   7.2662643827741158E+02   4.9018859349411219E+00   7.4809720320929622E+05
   1.3000000000000000E+04   5.4626481938054178E+02   2.2389713325070547E+03   7.2255365065684282E+02   4.8994272283830433E+00   7.4969653787386022E+05
   1.3100000000000000E+04   5.4409080366781211E+02   2.2422956037845561E+03   7.1841300710024541E+02   4.8969536612060356E+00   7.5125666854321922E+05
   1.3200000000000000E+04   5.4188146925311753E+02   2.2455335055326309E+03   7.1423798365095627E+02   4.8944654873719795E+00   7.5277909870962845E+05
   1.3300000000000000E+04   5.3991510885055038E+02   2.2486893576699786E+03   7.1051009819247270E+02   4.8919629664594995E+00   7.5426529175377404E+05
   1.3400000000000000E+04   5.3745109533658479E+02   2.2517673508433236E+03   7.0594607340765936E+02   4.8894463631940397E+00   7.5571667065969377E+05
   1.3500000000000000E+04   5.3515215096353893E+02   2.2547715472872442E+03   7.0169355267903347E+02   4.8869159470338728E+00   7.5713461882363143E+05
   1.3600000000000000E+04   5.3307003207175114E+02   2.2577058818006749E+03   6.9783737071755411E+02   4.8843719918344499E+00   7.5852047785580996E+05
   1.3700000000000000E+04   5.3101925697626803E+02   2.2605741627990496E+03   6.9405626165897513E+02   4.8818147754120353E+00   7.5987555057776463E+05
   1.3800000000000000E+04   5.2862050273629200E+02   2.2633800734754486E+03   6.8970313379743948E+02   4.8792445792080334E+00   7.6120110108340450E+05
   1.3900000000000000E+04   5.2698436075988172E+02   2.2661271730495587E+03   6.8666792126051564E+02   4.8766616879757239E+00   7.6249835158733244E+05
   1.4000000000000000E+04   5.2542643667341520E+02   2.2688188980821005E+03   6.8378030504580192E+02   4.8740663893998315E+00   7.6376848458062403E+05
   1.4100000000000000E+04   5.2331885597629207E+02   2.2714585638877838E+03   6.7997831733451471E+02   4.8714589738503769E+00   7.6501264407204499E+05
   1.4200000000000000E+04   5.2120848169206226E+02   2.2740493659889917E+03   6.7619019384941419E+02   4.8688397339910692E+00   7.6623193918259256E+05
   1.4300000000000000E+04   5.1915630269395172E+02   2.2765943816744980E+03   6.7251776097258346E+02   4.8662089646114781E+00   7.6742743324337574E+05
   1.4400000000000000E+04   5.1702412730807612E+02   2.2790965715814173E+03   6.6872841681526199E+02   4.8635669622689948E+00   7.6860015398967743E+05
   1.4500000000000000E+04   5.1497473423305337E+02   2.2815587813523516E+03   6.6509438312881571E+02   4.8609140250426757E+00   7.6975109401709994E+05
   1.4600000000000000E+04   5.1292370230314316E+02   2.2839837433405528E+03   6.6147356413067121E+02   4.8582504522759038E+00   7.7088120891501184E+05
   1.4700000000000000E+04   5.1071229518936434E+02   2.2863740783767853E+03   6.5760234538202440E+02   4.8555765444085655E+00   7.7199141054839117E+05
   1.4800000000000000E+04   5.0857827961958611E+02   2.2887322975467218E+03   6.5387574483666879E+02   4.8528926026301855E+00   7.7308258265627990E+05
   1.4900000000000000E+04   5.0634197277851973E+02   2.2910608040461798E+03   6.4999608170902206E+02   4.8501989287568570E+00   7.7415556962727127E+05
   1.5000000000000000E+04   5.0418189868518721E+02   2.2933618950456225E+03   6.4625781473549796E+02   4.8474958249627127E+00   7.7521118165170646E+05
   1.5100000000000000E+04   5.0205467658072746E+02   2.2956377636088941E+03   6.4258839375254900E+02   4.8447835936456656E+00   7.7625019033403217E+05
   1.5200000000000000E+04   5.0022365177421148E+02   2.2978905006173086E+03   6.3941724148487515E+02   4.8420625371588670E+00   7.7727333894954587E+05
   1.5300000000000000E+04   4.9786899031251340E+02   2.3001220967375430E+03   6.3540435126216732E+02   4.8393329576540758E+00   7.7828133571721753E+05
   1.5400000000000000E+04   4.9565590121965175E+02   2.3023344444143872E+03   6.3163735366964897E+02   4.8365951569473857E+00   7.7927485300354322E+05
   1.5500000000000000E+04   4.9367569718145108E+02   2.3045293398696440E+03   6.2826177760360963E+02   4.8338494363066440E+00   7.8025453412369324E+05
   1.5600000000000000E+04   4.9137049538102525E+02   2.3067084851244922E+03   6.2437325580092568E+02   4.8310960962836207E+00   7.8122099148158985E+05
   1.5700000000000000E+04   4.8935224666247694E+02   2.3088734900451923E+03   6.2096138405755198E+02   4.8283354366133038E+00   7.8217480588702718E+05
   1.5800000000000000E+04   4.8706645723909526E+02   2.3110258743856048E+03   6.1713170514827482E+02   4.8255677560236983E+00   7.8311652450906322E+05
   1.5900000000000000E+04   4.8500555458322532E+02   2.3131670698433863E+03   6.1367601723822054E+02   4.8227933520791817E+00   7.8404667188119818E+05
   1.6000000000000000E+04   4.8327789835869748E+02   2.3152984221362731E+03   6.1076420323939305E+02   4.8200125211245597E+00   7.8496573752472352E+05
   1.6100000000000000E+04   4.8182845362493902E+02   2.3174211930621882E+03   6.0830457969295469E+02   4.8172255580948509E+00   7.8587418569151254E+05
   1.6200000000000000E+04   4.8015092866255617E+02   2.3195365625691929E+03   6.0548892741916552E+02   4.8144327563810352E+00   7.8677245610407798E+05
   1.6300000000000000E+04   4.7789646574575528E+02   2.3216456308378915E+03   6.0176636968730963E+02   4.8116344077964808E+00   7.8766095520507835E+05
   1.6400000000000000E+04   4.7592741630567673E+02   2.3237494203339816E+03   5.9850789488943940E+02   4.8088308023419808E+00   7.8854007158323890E+05
   1.6500000000000000E+04   4.7414584545734937E+02   2.3258488778914639E+03   5.9555531491689874E+02   4.8060222282393168E+00   7.8941016040552850E+05
   1.6600000000000000E+04   4.7217600096633481E+02   2.3279448767597264E+03   5.9231497882975168E+02   4.8032089717410544E+00   7.9027155762478767E+05
   1.6700000000000000E+04   4.7021498398801054E+02   2.3300382186557372E+03   5.8909839561844262E+02   4.8003913170410373E+00   7.9112457662857661E+05
   1.6800000000000000E+04   4.6814374876531787E+02   2.3321296358111344E+03   5.8571897883070415E+02   4.7975695462296208E+00   7.9196950331801386E+05
   1.6900000000000000E+04   4.6604801925590391E+02   2.3342197929969170E+03   5.8231182288751916E+02   4.7947439391594111E+00   7.9280660508085997E+05
   1.7000000000000000E+04   4.6429013702607688E+02   2.3363092895478444E+03   5.7944137949563628E+02   4.7919147734228957E+00   7.9363612303910416E+05
   1.7100000000000000E+04   4.6207592629379565E+02   2.3383986613560064E+03   5.7586986891912443E+02   4.7890823241846103E+00   7.9445828255135915E+05
   1.7200000000000000E+04   4.6001613994572233E+02   2.3404883828703414E+03   5.7254896238262620E+02   4.7862468642146947E+00   7.9527328539216332E+05
   1.7300000000000000E+04   4.5809690706507439E+02   2.3425788690583436E+03   5.6945524346465459E+02   4.7834086637322573E+00   7.9608131606863160E+05
   1.7400000000000000E+04   4.5596495212030891E+02   2.3446704773645611E+03   5.6604248129743621E+02   4.7805679903941902E+00   7.9688253961245413E+05
   1.7500000000000000E+04   4.5430974787356172E+02   2.3467635096432796E+03   5.6337309789165033E+02   4.7777251092280331E+00   7.9767710072803532E+05
   1.7600000000000000E+04   4.5221912120978163E+02   2.3488582140676476E+03   5.6004255180226312E+02   4.7748802825312726E+00   7.9846512876388873E+05
   1.7700000000000000E+04   4.5037961736930481E+02   2.3509547870270962E+03   5.5710615098925325E+02   4.7720337698825332E+00   7.9924673395492590E+05
   1.7800000000000000E+04   4.4875034875558310E+02   2.3530533749908818E+03   5.5449868435864539E+02   4.7691858280296886E+00   8.0002201687668101E+05
   1.7900000000000000E+04   4.4718661114114195E+02   2.3551540763584821E+03   5.5199755201382573E+02   4.7663367109010535E+00   8.0079105131864303E+05
   1.8000000000000000E+04   4.4559519349939217E+02   2.3572569432753357E+03   5.4946036551166503E+02   4.7634866694934930E+00   8.0155390856654837E+05
   1.8100000000000000E+04   4.4398630643987491E+02   2.3593619834346246E+03   5.4690284791721706E+02   4.7606359519059946E+00   8.0231063420925965E+05
   1.8200000000000000E+04   4.4198203789152598E+02   2.3614691618419151E+03   5.4375303670745507E+02   4.7577848032277679E+00   8.0306126961001917E+05
   1.8300000000000000E+04   4.3992715393521553E+02   2.3635784025628413E+03   5.4053577564230068E+02   4.7549334655606401E+00   8.0380583750662266E+05
   1.8400000000000000E+04   4.3838917549102388E+02   2.3656895904382577E+03   5.3810641090341869E+02   4.7520821779742848E+00   8.0454434701807552E+05
   1.8500000000000000E+04   4.3635701648442915E+02   2.3678025727698437E+03   5.3493988630209412E+02   4.7492311764279096E+00   8.0527680335680908E+05
   1.8600000000000000E+04   4.3454990005107982E+02   2.3699171609850368E+03   5.3211981323813939E+02   4.7463806938261985E+00   8.0600319008620316E+05
   1.8700000000000000E+04   4.3267049878194143E+02   2.3720331322637858E+03   5.2919899597182325E+02   4.7435309599186120E+00   8.0672348641332146E+05
   1.8800000000000000E+04   4.3068342414503735E+02   2.3741502311428712E+03   5.2612534842458126E+02   4.7406822013217642E+00   8.0743766008869349E+05
   1.8900000000000000E+04   4.2887425057983683E+02   2.3762681710867423E+03   5.2332515795585402E+02   4.7378346414746666E+00   8.0814566944485437E+05
   1.9000000000000000E+04   4.2704163986056057E+02   2.3783866360307752E+03   5.2049746778064252E+02   4.7349885006499308E+00   8.0884745921421435E+05
   1.9100000000000000E+04   4.2531224642766455E+02   2.3805052818915674E+03   5.1783022479619274E+02   4.7321439959089826E+00   8.0954297346329701E+05
   1.9200000000000000E+04   4.2348814048645062E+02   2.3826237380477942E+03   5.1502963733634203E+02   4.7293013410797222E+00   8.1023214363826741E+05
   1.9300000000000000E+04   4.2178054055625410E+02   2.3847416087917645E+03   5.1240833102580109E+02   4.7264607467900621E+00   8.1091489367895608E+05
   1.9400000000000000E+04   4.1991044427403904E+02   2.3868584747473574E+03   5.0955428766932727E+02   4.7236224204343706E+00   8.1159114047348220E+05
   1.9500000000000000E+04   4.1814521235914049E+02   2.3889738942576173E+03   5.0686191321943249E+02   4.7207865661622854E+00   8.1226079113398353E+05
   1.9600000000000000E+04   4.1642681638087987E+02   2.3910874047408547E+03   5.0424509483507200E+02   4.7179533848563358E+00   8.1292375291542080E+05
   1.9700000000000000E+04   4.1477581348886736E+02   2.3931985240163208E+03   5.0173345633228456E+02   4.7151230741655006E+00   8.1357992416933016E+05
   1.9800000000000000E+04   4.1286536979254868E+02   2.3953067515970911E+03   4.9884915480553934E+02   4.7122958284828433E+00   8.1422919470016879E+05
   1.9900000000000000E+04   4.1115521310124427E+02   2.3974115699519048E+03   4.9626437269047631E+02   4.7094718389343200E+00   8.1487145734328812E+05
   2.0000000000000000E+04   4.0973489778109990E+02   2.3995124457358129E+03   4.9410748839167064E+02   4.7066512934011433E+00   8.1550659238685120E+05
   2.0100000000000000E+04   4.0857984129078159E+02   2.4016088309889537E+03   4.9234053296766558E+02   4.7038343765309847E+00   8.1613447750426934E+05
   2.0200000000000000E+04   4.0692896856659473E+02   2.4037001643040649E+03   4.8985844281590380E+02   4.7010212696820419E+00   8.1675499137289170E+05
   2.0300000000000000E+04   4.0527926399260645E+02   2.4057858719628666E+03   4.8738410741976224E+02   4.6982121510125125E+00   8.1736800598680717E+05
   2.0400000000000000E+04   4.0365107972362273E+02   2.4078653690410774E+03   4.8494687480426489E+02   4.6954071954358785E+00   8.1797338696288608E+05
   2.0500000000000000E+04   4.0199061049182757E+02   2.4099380604828575E+03   4.8246903681932639E+02   4.6926065746208820E+00   8.1857100196087314E+05
   2.0600000000000000E+04   4.0032781569919854E+02   2.4120033421436824E+03   4.7999392383431393E+02   4.6898104570474759E+00   8.1916071779426711E+05
   2.0700000000000000E+04   3.9874209081155936E+02   2.4140606018037674E+03   4.7763545387926393E+02   4.6870190079620713E+00   8.1974239586323104E+05
   2.0800000000000000E+04   3.9700072588817193E+02   2.4161092201493279E+03   4.7505971915361744E+02   4.6842323894558549E+00   8.2031589405284333E+05
   2.0900000000000000E+04   3.9531491722370640E+02   2.4181485717263331E+03   4.7256985285903943E+02   4.6814507603976550E+00   8.2088107355379011E+05
   2.1000000000000000E+04   3.9367850245348103E+02   2.4201780258612930E+03   4.7015656795699158E+02   4.6786742765234646E+00   8.2143779262137343E+05
   2.1100000000000000E+04   3.9313411083113630E+02   2.4221969475543797E+03   4.6930446213902377E+02   4.6759030904252334E+00   8.2198590354595310E+05
   2.1200000000000000E+04   3.9058333662526451E+02   2.4242046983445821E+03   4.6559992807193748E+02   4.6731373515173056E+00   8.2252526931814058E+05
   2.1300000000000000E+04   3.8902723030667624E+02   2.4262006371416596E+03   4.6331751183710992E+02   4.6703772061371405E+00   8.2305574254617572E+05
   2.1400000000000000E+04   3.8763864273479862E+02   2.4281841210326356E+03   4.6127763727787658E+02   4.6676227975340918E+00   8.2357718046715832E+05
   2.1500000000000000E+04   3.8661667131682555E+02   2.4301545060620938E+03   4.5976063175577411E+02   4.6648742658246753E+00   8.2408944190781633E+05
   2.1600000000000000E+04   3.8483452932522437E+02   2.4321111479761330E+03   4.5717336893868048E+02   4.6621317481492000E+00   8.2459237758688466E+05
   2.1700000000000000E+04   3.8282879084205433E+02   2.4340534029511109E+03   4.5427775953734482E+02   4.6593953785375115E+00   8.2508585179393913E+05
   2.1800000000000000E+04   3.8107832359006915E+02   2.4359806282836457E+03   4.5174868508536792E+02   4.6566652880432455E+00   8.2556971781419322E+05
   2.1900000000000000E+04   3.7955629263470217E+02   2.4378921830607583E+03   4.4954631707564994E+02   4.6539416047214637E+00   8.2604383960771142E+05
   2.2000000000000000E+04   3.7802387912284530E+02   2.4397874288018434E+03   4.4733447160535007E+02   4.6512244536510181E+00   8.2650807545368106E+05
   2.2100000000000000E+04   3.7675755412135101E+02   2.4416657300733705E+03   4.4549971720667020E+02   4.6485139569793210E+00   8.2696228804972465E+05
   2.2200000000000000E+04   3.7611883139738927E+02   2.4435264550806910E+03   4.4454528668911468E+02   4.6458102339223277E+00   8.2740634469601361E+05
   2.2300000000000000E+04   3.7354512104873390E+02   2.4453689762321937E+03   4.4089445536120968E+02   4.6431134008093027E+00   8.2784010582406842E+05
   2.2400000000000000E+04   3.7192362589699638E+02   2.4471926706801478E+03   4.3857868628451496E+02   4.6404235711051962E+00   8.2826344175204134E+05
   2.2500000000000000E+04   3.7051275010495027E+02   2.4489969208390908E+03   4.3656073830870207E+02   4.6377408554106445E+00   8.2867622120430565E+05
   2.2600000000000000E+04   3.6905206612089944E+02   2.4507811148759060E+03   4.3447817313014724E+02   4.6350653615290982E+00   8.2907831975851429E+05
   2.2700000000000000E+04   3.6764404543031941E+02   2.4525446471812857E+03   4.3247310444006661E+02   4.6323971944668250E+00   8.2946960999124683E+05
   2.2800000000000000E+04   3.6614083602928537E+02   2.4542869188152667E+03   4.3034089986263746E+02   4.6297364564776577E+00   8.2984996658643603E+05
   2.2900000000000000E+04   3.6477417202680738E+02   2.4560073379330202E+03   4.2840179554921008E+02   4.6270832470742000E+00   8.3021927477678494E+05
   2.3000000000000000E+04   3.6330300086497397E+02   2.4577053201871640E+03   4.2632292269174638E+02   4.6244376630613750E+00   8.3057741379677260E+05
   2.3100000000000000E+04   3.6181069869991114E+02   2.4593802891057398E+03   4.2421958481862652E+02   4.6217997986035702E+00   8.3092426530496916E+05
   2.3200000000000000E+04   3.6038968094426860E+02   2.4610316764608733E+03   4.2221874196862012E+02   4.6191697451574871E+00   8.3125972514934198E+05
   2.3300000000000000E+04   3.5897067361470459E+02   2.4626589225987641E+03   4.2022497048004362E+02   4.6165475916176248E+00   8.3158368011447531E+05
   2.3400000000000000E+04   3.5798259600352202E+02   2.4642614767651235E+03   4.1882522240591135E+02   4.6139334242826848E+00   8.3189602467618533E+05
   2.3500000000000000E+04   3.5660256306422491E+02   2.4658387974088114E+03   4.1689234280219210E+02   4.6113273268555828E+00   8.3219665940390085E+05
   2.3600000000000000E+04   3.5519497948764217E+02   2.4673903524546977E+03   4.1492594711872897E+02   4.6087293805665288E+00   8.3248548269803007E+05
   2.3700000000000000E+04   3.5378796140728514E+02   2.4689156195738569E+03   4.1296449439500020E+02   4.6061396641282641E+00   8.3276239751896274E+05
   2.3800000000000000E+04   3.5194943181160278E+02   2.4704140864286596E+03   4.1042026930353200E+02   4.6035582537696316E+00   8.3302731644067157E+05
   2.3900000000000000E+04   3.5031037098101416E+02   2.4718852508943455E+03   4.0815294688004110E+02   4.6009852233250887E+00   8.3328014671320224E+05
   2.4000000000000000E+04   3.4937213952604890E+02   2.4733286212785511E+03   4.0684078020944702E+02   4.5984206441787530E+00   8.3352080696036050E+05
   2.4100000000000000E+04   3.4777856092301306E+02   2.4747437165043643E+03   4.0464358624808625E+02   4.5958645853986830E+00   8.3374921057876362E+05
   2.4200000000000000E+04   3.4617873910236244E+02   2.4761300662986255E+03   4.0244280386118072E+02   4.5933171136697304E+00   8.3396528407512303E+05
   2.4300000000000000E+04   3.4480220860369002E+02   2.4774872113478632E+03   4.0054816400967167E+02   4.5907782933830541E+00   8.3416894881012698E+05
   2.4400000000000000E+04   3.4344911338017505E+02   2.4788147034461385E+03   3.9868897208651703E+02   4.5882481866585110E+00   8.3436013597931305E+05
   2.4500000000000000E+04   3.4231939915988738E+02   2.4801121056296056E+03   3.9713414835729571E+02   4.5857268533558235E+00   8.3453877999317995E+05
   2.4600000000000000E+04   3.4074366412654172E+02   2.4813789922916258E+03   3.9498281598708110E+02   4.5832143511305397E+00   8.3470481683801266E+05
   2.4700000000000000E+04   3.3940675707050707E+02   2.4826149492864961E+03   3.9315652676787334E+02   4.5807107354675889E+00   8.3485818409648095E+05
   2.4800000000000000E+04   3.3780962459085885E+02   2.4838195740253273E+03   3.9098521331368346E+02   4.5782160596700976E+00   8.3499882759199967E+05
   2.4900000000000000E+04   3.3710879914837062E+02   2.4849924755467396E+03   3.9001778286662068E+02   4.5757303749489013E+00   8.3512669806565798E+05
   2.5000000000000000E+04   3.3578076727834065E+02   2.4861332745858299E+03   3.8821343740608944E+02   4.5732537304225396E+00   8.3524174127463624E+05
   2.5100000000000000E+04   3.3446831206694418E+02   2.4872416036284867E+03   3.8643339924793810E+02   4.5707861731396449E+00   8.3534391452597838E+05
   2.5200000000000000E+04   3.3355915482816721E+02   2.4883171069526320E+03   3.8519451816908617E+02   4.5683277481124875E+00   8.3543318169607525E+05
   2.5300000000000000E+04   3.3184632870278432E+02   2.4893594406507382E+03   3.8288749515673487E+02   4.5658784984065051E+00   8.3550950003909471E+05
   2.5400000000000000E+04   3.3096239592438167E+02   2.4903682726589568E+03   3.8168750911229529E+02   4.5634384650955395E+00   8.3557283503664727E+05
   2.5500000000000000E+04   3.2941752337071443E+02   2.4913432827643596E+03   3.7961161733170718E+02   4.5610076873065948E+00   8.3562316200083459E+05
   2.5600000000000000E+04   3.2872500937837145E+02   2.4922841625988822E+03   3.7867055009999228E+02   4.5585862022869641E+00   8.3566045290674781E+05
   2.5700000000000000E+04   3.2709522029053886E+02   2.4931906156310388E+03   3.7648883581045811E+02   4.5561740454154256E+00   8.3568468133221462E+05
   2.5800000000000000E+04   3.2578552360934560E+02   2.4940623571485198E+03   3.7473508842122180E+02   4.5537712502134227E+00   8.3569583553708030E+05
   2.5900000000000000E+04   3.2452551977884974E+02   2.4948991142240830E+03   3.7305025914043995E+02   4.5513778484122085E+00   8.3569389550463937E+05
   2.6000000000000000E+04   3.2365371287409755E+02   2.4957006256806003E+03   3.7188090596075102E+02   4.5489938699640184E+00   8.3567884930966410E+05
   2.6100000000000000E+04   3.2239534601662592E+02   2.4964666420480730E+03   3.7020369495297859E+02   4.5466193430532762E+00   8.3565069306063617E+05
   2.6200000000000000E+04   3.2109507530929517E+02   2.4971969255047652E+03   3.6847431327034042E+02   4.5442542941637161E+00   8.3560941946031561E+05
   2.6300000000000000E+04   3.1984580602308461E+02   2.4978912498204536E+03   3.6681513805510912E+02   4.5418987480783803E+00   8.3555502919084893E+05
   2.6400000000000000E+04   3.1915363247379014E+02   2.4985494002810724E+03   3.6589091747076748E+02   4.5395527279579531E+00   8.3548752112444839E+05
   2.6500000000000000E+04   3.1749518847529038E+02   2.4991711736280445E+03   3.6369966402114113E+02   4.5372162552736057E+00   8.3540690366340138E+05
   2.6600000000000000E+04   3.1664890692336979E+02   2.4997563779612719E+03   3.6257725978091179E+02   4.5348893499412926E+00   8.3531318980779918E+05
   2.6700000000000000E+04   3.1540423094971328E+02   2.5003048326608300E+03   3.6093482800436732E+02   4.5325720302881569E+00   8.3520638743402518E+05
   2.6800000000000000E+04   3.1416418098920502E+02   2.5008163682911600E+03   3.5930127832446982E+02   4.5302643130972990E+00   8.3508651703951729E+05
   2.6900000000000000E+04   3.1292925370068622E+02   2.5012908264978323E+03   3.5767721447597154E+02   4.5279662136637189E+00   8.3495359394801292E+05
   2.7000000000000000E+04   3.1169925658508993E+02   2.5017280599128430E+03   3.5606233820669615E+02   4.5256777457607464E+00   8.3480764278136054E+05
   2.7100000000000000E+04   3.1043270807580006E+02   2.5021279320394669E+03   3.5440253799995946E+02   4.5233989217071775E+00   8.3464868936143536E+05
   2.7200000000000000E+04   3.0921196525693694E+02   2.5024903171321171E+03   3.5280517328559961E+02   4.5211297524344083E+00   8.3447676227903191E+05
   2.7300000000000000E+04   3.0795279151711156E+02   2.5028151000947619E+03   3.5116047768155164E+02   4.5188702474081017E+00   8.3429189765111648E+05
   2.7400000000000000E+04   3.0667366156010360E+02   2.5031021763398344E+03   3.4949259878561696E+02   4.5166204147736648E+00   8.3409412628807616E+05
   2.7500000000000000E+04   3.0546931626179679E+02   2.5033514516750920E+03   3.4792450604380173E+02   4.5143802613002730E+00   8.3388348645272187E+05
   2.7600000000000000E+04   3.0421343514766079E+02   2.5035628421709007E+03   3.4629215798670180E+02   4.5121497924256539E+00   8.3366002217764908E+05
   2.7700000000000000E+04   3.0303906031884554E+02   2.5037362740221561E+03   3.4476795946367326E+02   4.5099290123120186E+00   8.3342377686881134E+05
   2.7800000000000000E+04   3.0182576864241486E+02   2.5038716834160618E+03   3.4319583908708529E+02   4.5077179238460579E+00   8.3317479802752926E+05
   2.7900000000000000E+04   3.0067240515150894E+02   2.5039690163915334E+03   3.4170360120491432E+02   4.5055165286725174E+00   8.3291313404523768E+05
   2.8000000000000000E+04   2.9948741613746773E+02   2.5040282286976890E+03   3.4017285589602363E+02   4.5033248272165673E+00   8.3263883888962981E+05
   2.8100000000000000E+04   2.9830943283074009E+02   2.5040492856516998E+03   3.3865350042420033E+02   4.5011428186949960E+00   8.3235196732598974E+05
   2.8200000000000000E+04   2.9870543564501997E+02   2.5040321619868905E+03   3.3916426481446683E+02   4.4989705011721535E+00   8.3205257958126033E+05
   2.8300000000000000E+04   2.9717876945666785E+02   2.5039768417061164E+03   3.3719838979545005E+02   4.4968078715711384E+00   8.3174073501972435E+05
   2.8400000000000000E+04   2.9520049879057831E+02   2.5038833179314165E+03   3.3465538734723600E+02   4.4946549256961754E+00   8.3141649525132857E+05
   2.8500000000000000E+04   2.9395862825812418E+02   2.5037515927557488E+03   3.3306259705324743E+02   4.4925116582326163E+00   8.3107992875171767E+05
   2.8600000000000000E+04   2.9215942417477288E+02   2.5035816770799061E+03   3.3075771946731669E+02   4.4903780628252594E+00   8.3073110300631670E+05
   2.8700000000000000E+04   2.9083976476322948E+02   2.5033735904651207E+03   3.2907094016263676E+02   4.4882541320559763E+00   8.3037008604975278E+05
   2.8800000000000000E+04   2.8965606592745735E+02   2.5031273609769555E+03   3.2756061735137604E+02   4.4861398574660836E+00   8.2999695570571255E+05
   2.8900000000000000E+04   2.8849841828983142E+02   2.5028430250223687E+03   3.2608576449722676E+02   4.4840352296122843E+00   8.2961178558356338E+05
   2.9000000000000000E+04   2.8734085300414921E+02   2.5025206271915977E+03   3.2461311720917865E+02   4.4819402380890603E+00   8.2921465125320898E+05
   2.9100000000000000E+04   2.8833158422702331E+02   2.5021602201110368E+03   3.2588422091955033E+02   4.4798548714839068E+00   8.2880563633716118E+05
   2.9200000000000000E+04   2.8543634841508543E+02   2.5017618642703615E+03   3.2219715291500449E+02   4.4777791174780210E+00   8.2838481862603466E+05
   2.9300000000000000E+04   2.8431241857347356E+02   2.5013256278646472E+03   3.2077298227978645E+02   4.4757129628575125E+00   8.2795228537609696E+05
   2.9400000000000000E+04   2.8319246863622482E+02   2.5008515866460625E+03   3.1935581477043598E+02   4.4736563934686346E+00   8.2750812100836576E+05
   2.9500000000000000E+04   2.8171293842106860E+02   2.5003398237499837E+03   3.1748379299721660E+02   4.4716093943184791E+00   8.2705241318338504E+05
   2.9600000000000000E+04   2.8060365349742796E+02   2.4997904295445446E+03   3.1608440311524782E+02   4.4695719495414226E+00   8.2658525576792040E+05
   2.9700000000000000E+04   2.8056920199262925E+02   2.4992035014626072E+03   3.1605007287143354E+02   4.4675440424662529E+00   8.2610673665629630E+05
   2.9800000000000000E+04   2.7949722225979895E+02   2.4985791438536580E+03   3.1470038285101975E+02   4.4655256555714136E+00   8.2561694986990246E+05
   2.9900000000000000E+04   2.7955661454385375E+02   2.4979174678123063E+03   3.1478618534162302E+02   4.4635167705745138E+00   8.2511599395041540E+05
   3.0000000000000000E+04   2.7804120608151652E+02   2.4972185910249596E+03   3.1287704786855534E+02   4.4615173684211378E+00   8.2460396289353608E+05
   3.0100000000000000E+04   2.7667258941733269E+02   2.4964826376171236E+03   3.1115649573038417E+02   4.4595274292736597E+00   8.2408095664228848E+05
   3.0200000000000000E+04   2.7498015047958529E+02   2.4957097379853180E+03   3.0902935826390774E+02   4.4575469325895662E+00   8.2354707502328232E+05
   3.0300000000000000E+04   2.7427056478853706E+02   2.4949000286496707E+03   3.0814579878575978E+02   4.4555758570878865E+00   8.2300242366802832E+05
   3.0400000000000000E+04   2.7276514090224731E+02   2.4940536520933147E+03   3.0625958420242387E+02   4.4536141807939487E+00   8.2244710354184883E+05
   3.0500000000000000E+04   2.7133340651600975E+02   2.4931707566066430E+03   3.0446896321577401E+02   4.4516618810617485E+00   8.2188122132345231E+05
   3.0600000000000000E+04   2.6994371192375087E+02   2.4922514961345273E+03   3.0273377283471137E+02   4.4497189345851602E+00   8.2130488046336488E+05
   3.0700000000000000E+04   2.6903440067287323E+02   2.4912960301286043E+03   3.0160460203261999E+02   4.4477853173867254E+00   8.2071819002234063E+05
   3.0800000000000000E+04   2.6798655793834882E+02   2.4903045233845405E+03   3.0030272347014517E+02   4.4458610048959821E+00   8.2012126163337706E+05
   3.0900000000000000E+04   2.6693681815245259E+02   2.4892771459086975E+03   2.9899998327410498E+02   4.4439459718711518E+00   8.1951420652880054E+05
   3.1000000000000000E+04   2.6588816681047473E+02   2.4882140727436108E+03   2.9770011530150850E+02   4.4420401925557655E+00   8.1889713114478218E+05
   3.1100000000000000E+04   2.6484358907541878E+02   2.4871154838493285E+03   2.9640684055661768E+02   4.4401436405332202E+00   8.1827015604905400E+05
   3.1200000000000000E+04   2.6380337224242220E+02   2.4859815639335106E+03   2.9512049139456093E+02   4.4382562888722390E+00   8.1763339109789697E+05
   3.1300000000000000E+04   2.6276738033161411E+02   2.4848125023152916E+03   2.9384087001156234E+02   4.4363781100932895E+00   8.1698695000277250E+05
   3.1400000000000000E+04   2.6173555635413732E+02   2.4836084927865536E+03   2.9256787819248990E+02   4.4345090761574033E+00   8.1633095313028258E+05
   3.1500000000000000E+04   2.6078738455052570E+02   2.4823697334665862E+03   2.9140072642096629E+02   4.4326491584997463E+00   8.1566551733658824E+05
   3.1600000000000000E+04   2.5976057332676442E+02   2.4810964266501278E+03   2.9013668928153930E+02   4.4307983281079260E+00   8.1499075885250932E+05
   3.1700000000000000E+04   2.5962588597442669E+02   2.4797887786935589E+03   2.8998654144212139E+02   4.4289565553989361E+00   8.1430680040750105E+05
   3.1800000000000000E+04   2.5861469750535093E+02   2.4784469998498698E+03   2.8874380306667911E+02   4.4271238103869672E+00   8.1361375972357986E+05
   3.1900000000000000E+04   2.5824202271606237E+02   2.4770713041520153E+03   2.8829793682105577E+02   4.4253000625939070E+00   8.1291175524842413E+05
   3.2000000000000000E+04   2.5694926106444046E+02   2.4756619092755832E+03   2.8670657227587361E+02   4.4234852810829111E+00   8.1220091458844964E+05
   3.2100000000000000E+04   2.5666875586030301E+02   2.4742190364031749E+03   2.8637669565896601E+02   4.4216794344919519E+00   8.1148135885962471E+05
   3.2200000000000000E+04   2.5482882638536151E+02   2.4727429100965951E+03   2.8410756681712809E+02   4.4198824910338459E+00   8.1075321258462570E+05
   3.2300000000000000E+04   2.5375537882774648E+02   2.4712337581626766E+03   2.8279367425560343E+02   4.4180944185409743E+00   8.1001659522358153E+05
   3.2400000000000000E+04   2.5228014423120200E+02   2.4696918115391791E+03   2.8098265000027459E+02   4.4163151844093695E+00   8.0927163657560153E+05
   3.2500000000000000E+04   2.5145571541780370E+02   2.4681173041621396E+03   2.7998058233359535E+02   4.4145447556546475E+00   8.0851846129559842E+05
   3.2600000000000000E+04   2.5069526197972152E+02   2.4665104728370675E+03   2.7905868961174139E+02   4.4127830989567531E+00   8.0775719172162318E+05
   3.2700000000000000E+04   2.4926025462615624E+02   2.4648715571323078E+03   2.7730248137685851E+02   4.4110301805928467E+00   8.0698796032872389E+05
   3.2800000000000000E+04   2.4837699042727436E+02   2.4632007992477916E+03   2.7623073171722524E+02   4.4092859665156121E+00   8.0621089163578965E+05
   3.2900000000000000E+04   2.4736222886490444E+02   2.4614984439019290E+03   2.7499741763669829E+02   4.4075504223420685E+00   8.0542611329249840E+05
   3.3000000000000000E+04   2.4645111281632538E+02   2.4597647382182931E+03   2.7389329286316547E+02   4.4058235133535737E+00   8.0463375327098439E+05
   3.3100000000000000E+04   2.4530159597517556E+02   2.4579999316101271E+03   2.7249593693837841E+02   4.4041052045182045E+00   8.0383393847191345E+05
   3.3200000000000000E+04   2.4442127400223546E+02   2.4562042756707724E+03   2.7143195232818675E+02   4.4023954604907454E+00   8.0302680287799472E+05
   3.3300000000000000E+04   2.4354890580551213E+02   2.4543780240578681E+03   2.7037869062667062E+02   4.4006942456574638E+00   8.0221246979525418E+05
   3.3400000000000000E+04   2.4259301022242886E+02   2.4525214323956366E+03   2.6922345128934177E+02   4.3990015240913323E+00   8.0139107362001424E+05
   3.3500000000000000E+04   2.4157948486216029E+02   2.4506347581628315E+03   2.6799831114126323E+02   4.3973172595967975E+00   8.0056274347639468E+05
   3.3600000000000000E+04   2.4040896353179900E+02   2.4487182605846151E+03   2.6658123470032075E+02   4.3956414157433406E+00   7.9972760596338345E+05
   3.3700000000000000E+04   2.3903760650921711E+02   2.4467722005424680E+03   2.6491887750985387E+02   4.3939739558095390E+00   7.9888579587409482E+05
   3.3800000000000000E+04   2.3825335561363187E+02   2.4447968404637427E+03   2.6397895850833834E+02   4.3923148428501912E+00   7.9803744137541438E+05
   3.3900000000000000E+04   2.3813825006656774E+02   2.4427924442292456E+03   2.6386102613499571E+02   4.3906640396739496E+00   7.9718267339372134E+05
   3.4000000000000000E+04   2.3778888968602183E+02   2.4407592770746023E+03   2.6345585115849912E+02   4.3890215088656834E+00   7.9632162422231841E+05
   3.4100000000000000E+04   2.3651487840432699E+02   2.4386976054975157E+03   2.6191662505250440E+02   4.3873872127864963E+00   7.9545442483822419E+05
   3.4200000000000000E+04   2.3557255620826578E+02   2.4366076971628404E+03   2.6078543364302993E+02   4.3857611135960894E+00   7.9458120489960525E+05
   3.4300000000000000E+04   2.3429713431580592E+02   2.4344898208135278E+03   2.5924728867523214E+02   4.3841431732527658E+00   7.9370209667934361E+05
   3.4400000000000000E+04   2.3352830192626163E+02   2.4323442461873710E+03   2.5833049964676678E+02   4.3825333534910582E+00   7.9281723369342077E+05
   3.4500000000000000E+04   2.3224370488995794E+02   2.4301712439155867E+03   2.5678370336730762E+02   4.3809316159112299E+00   7.9192674284142000E+05
   3.4600000000000000E+04   2.3129694725185246E+02   2.4279710854511986E+03   2.5565116387311235E+02   4.3793379219121524E+00   7.9103075877313258E+05
   3.4700000000000000E+04   2.3050073736882152E+02   2.4257440429831963E+03   2.5470333477189209E+02   4.3777522327136689E+00   7.9012941080531816E+05
   3.4800000000000000E+04   2.2961659849142012E+02   2.4234903893524925E+03   2.5364887533542057E+02   4.3761745093789912E+00   7.8922282942915417E+05
   3.4900000000000000E+04   2.2873531296183859E+02   2.4212103979775979E+03   2.5259868260892134E+02   4.3746047127923031E+00   7.8831115269521892E+05
   3.5000000000000000E+04   2.2786077735944707E+02   2.4189043427602496E+03   2.5155749187427409E+02   4.3730428037594731E+00   7.8739450173645641E+05
   3.5100000000000000E+04   2.2699635560451230E+02   2.4165724980363557E+03   2.5052937848468562E+02   4.3714887428625859E+00   7.8647301293436845E+05
   3.5200000000000000E+04   2.2613805956437255E+02   2.4142151384791327E+03   2.4950945834932907E+02   4.3699424905942275E+00   7.8554681728823401E+05
   3.5300000000000000E+04   2.2515837786451630E+02   2.4118325390336877E+03   2.4834257970987673E+02   4.3684040073239014E+00   7.8461604175803927E+05
   3.5400000000000000E+04   2.2434782128641308E+02   2.4094249748531925E+03   2.4738222299337417E+02   4.3668732532644672E+00   7.8368082193555427E+05
   3.5500000000000000E+04   2.2358757299534875E+02   2.4069927212190396E+03   2.4648364559947399E+02   4.3653501885392840E+00   7.8274128551874566E+05
   3.5600000000000000E+04   2.2277583977126000E+02   2.4045360534783986E+03   2.4552310341370350E+02   4.3638347731598097E+00   7.8179755994986265E+05
   3.5700000000000000E+04   2.2124797686059316E+02   2.4020552469813938E+03   2.4369409942060918E+02   4.3623269670144387E+00   7.8084978114275588E+05
   3.5800000000000000E+04   2.2060938388497462E+02   2.3995505770062450E+03   2.4294523232904933E+02   4.3608267299356154E+00   7.7989807215044624E+05
   3.5900000000000000E+04   2.1950628664622266E+02   2.3970223187152478E+03   2.4163379761174755E+02   4.3593340215991399E+00   7.7894256694300484E+05
   3.6000000000000000E+04   2.1928683085270069E+02   2.3944707470714325E+03   2.4139379561410499E+02   4.3578488016584425E+00   7.7798339164487110E+05
   3.6100000000000000E+04   2.1850107459243949E+02   2.3918961367957049E+03   2.4046795968771153E+02   4.3563710296550617E+00   7.7702067697703559E+05
   3.6200000000000000E+04   2.1774714061970892E+02   2.3892987623060285E+03   2.3958121390378776E+02   4.3549006650410211E+00   7.7605454833372054E+05
   3.6300000000000000E+04   2.1720634257750012E+02   2.3866788976504822E+03   2.3895291648348220E+02   4.3534376672459754E+00   7.7508513441328728E+05
   3.6400000000000000E+04   2.1626174243067456E+02   2.3840368164745419E+03   2.3783646288905965E+02   4.3519819955541257E+00   7.7411256714798941E+05
   3.6500000000000000E+04   2.1511882714945821E+02   2.3813727919398284E+03   2.3648110070847588E+02   4.3505336092720386E+00   7.7313696825702151E+05
   3.6600000000000000E+04   2.1430071771035878E+02   2.3786870966980887E+03   2.3551910924018057E+02   4.3490924675832172E+00   7.7215846756743372E+05
   3.6700000000000000E+04   2.1330890532386735E+02   2.3759800028205991E+03   2.3434802178643679E+02   4.3476585296711647E+00   7.7117718957885460E+05
   3.6800000000000000E+04   2.1269428492203792E+02   2.3732517817672192E+03   2.3363279681285974E+02   4.3462317546186773E+00   7.7019326195593481E+05
   3.6900000000000000E+04   2.1174001072051396E+02   2.3705027043187270E+03   2.3250831113300373E+02   4.3448121015309278E+00   7.6920680706335464E+05
   3.7000000000000000E+04   2.1065594875075581E+02   2.3677330405561102E+03   2.3122819853851874E+02   4.3433995293900285E+00   7.6821795517107996E+05
   3.7100000000000000E+04   2.1005473306140431E+02   2.3649430597881383E+03   2.3053049987226288E+02   4.3419939972228310E+00   7.6722682764278201E+05
   3.7200000000000000E+04   2.0928855980024980E+02   2.3621330305275997E+03   2.2963452619905061E+02   4.3405954639890600E+00   7.6623354774140357E+05
   3.7300000000000000E+04   2.0852787161832529E+02   2.3593032204498227E+03   2.2874563786029628E+02   4.3392038885813058E+00   7.6523824057579786E+05
   3.7400000000000000E+04   2.0806093767888132E+02   2.3564538963300865E+03   2.2821058191109532E+02   4.3378192299592921E+00   7.6424102833595290E+05
   3.7500000000000000E+04   2.0730172024041329E+02   2.3535853240347337E+03   2.2732423876436917E+02   4.3364414469708601E+00   7.6324203619629471E+05
   3.7600000000000000E+04   2.0656296714324421E+02   2.3506977684573894E+03   2.2646295634582120E+02   4.3350704985086006E+00   7.6224138405930391E+05
   3.7700000000000000E+04   2.0580860812381556E+02   2.3477914934975006E+03   2.2558336144565300E+02   4.3337063434203476E+00   7.6123919361731422E+05
   3.7800000000000000E+04   2.0505453782276672E+02   2.3448667620176921E+03   2.2470456272040849E+02   4.3323489405539419E+00   7.6023558597929473E+05
   3.7900000000000000E+04   2.0404015011498657E+02   2.3419238358134526E+03   2.2351379273523258E+02   4.3309982487348400E+00   7.5923068166506581E+05
   3.8000000000000000E+04   2.0304209629942778E+02   2.3389629755729061E+03   2.2234341652608754E+02   4.3296542268108782E+00   7.5822460174468346E+05
   3.8100000000000000E+04   2.0230717590991458E+02   2.3359844408488038E+03   2.2148917409548238E+02   4.3283168336298976E+00   7.5721746207426977E+05
   3.8200000000000000E+04   2.0186425741824968E+02   2.3329884900352040E+03   2.2098523488139020E+02   4.3269860279949768E+00   7.5620938709220791E+05
   3.8300000000000000E+04   2.0133000630147217E+02   2.3299753803196832E+03   2.2037205620424010E+02   4.3256617687763308E+00   7.5520048913721391E+05
   3.8400000000000000E+04   2.0066470537119358E+02   2.3269453676731468E+03   2.1960215078731980E+02   4.3243440147994194E+00   7.5419088794658543E+05
   3.8500000000000000E+04   2.0030959179684595E+02   2.3238987068078814E+03   2.1920398727203212E+02   4.3230327249344578E+00   7.5318070032242779E+05
   3.8600000000000000E+04   1.9928867619853736E+02   2.3208356511620709E+03   2.1800896706631232E+02   4.3217278580292833E+00   7.5217004467768711E+05
   3.8700000000000000E+04   1.9857149104498558E+02   2.3177564528636176E+03   2.1717800145641772E+02   4.3204293729764878E+00   7.5115903649349208E+05
   3.8800000000000000E+04   1.9812756308368878E+02   2.3146613627094375E+03   2.1667417512476376E+02   4.3191372286910372E+00   7.5014778611659480E+05
   3.8900000000000000E+04   1.9702903116357328E+02   2.3115506301456612E+03   2.1538800141005555E+02   4.3178513840879074E+00   7.4913641221254563E+05
   3.9000000000000000E+04   1.9670393696366290E+02   2.3084245032416170E+03   2.1502664472854613E+02   4.3165717981044374E+00   7.4812502715837315E+05
   3.9100000000000000E+04   1.9603504180631393E+02   2.3052832286683370E+03   2.1425467942666245E+02   4.3152984297003556E+00   7.4711374488273927E+05
   3.9200000000000000E+04   1.9499739835212677E+02   2.3021270516744648E+03   2.1304279261827699E+02   4.3140312378801422E+00   7.4610267640881811E+05
   3.9300000000000000E+04   1.9440179241935712E+02   2.2989562160736546E+03   2.1235906473842479E+02   4.3127701816482773E+00   7.4509193428762467E+05
   3.9400000000000000E+04   1.9360979881938277E+02   2.2957709642151976E+03   2.1144133087121946E+02   4.3115152200763696E+00   7.4408162816769618E+05
   3.9500000000000000E+04   1.9294919447804156E+02   2.2925715369801369E+03   2.1068066498876172E+02   4.3102663122136526E+00   7.4307187138388783E+05
   3.9600000000000000E+04   1.9230358597161214E+02   2.2893581737466470E+03   2.0993816229266895E+02   4.3090234171988726E+00   7.4206277216658799E+05
   3.9700000000000000E+04   1.9190436719661028E+02   2.2861311123860337E+03   2.0948951466630336E+02   4.3077864941819621E+00   7.4105443697145383E+05
   3.9800000000000000E+04   1.9100613310357070E+02   2.2828905892454732E+03   2.0844655280555835E+02   4.3065555023352315E+00   7.4004697913259454E+05
   3.9900000000000000E+04   1.9036421524720166E+02   2.2796368391264145E+03   2.0770926348671662E+02   4.3053304008981250E+00   7.3904050150277023E+05
   4.0000000000000000E+04   1.8973525967960117E+02   2.2763700952793101E+03   2.0698766443749415E+02   4.3041111491212698E+00   7.3803511378380505E+05
   4.0100000000000000E+04   1.8910977908029744E+02   2.2730905893835479E+03   2.0627044983455210E+02   4.3028977063112421E+00   7.3703092169917165E+05
   4.0200000000000000E+04   1.8872265437244135E+02   2.2697985515333612E+03   2.0583699427804927E+02   4.3016900318417521E+00   7.3602802811188961E+05
   4.0300000000000000E+04   1.8759575615362775E+02   2.2664942102397536E+03   2.0452403259622182E+02   4.3004880850641314E+00   7.3502654261401342E+05
   4.0400000000000000E+04   1.8699632141190995E+02   2.2631777923973523E+03   2.0383859878999928E+02   4.2992918254527792E+00   7.3402656340923591E+05
   4.0500000000000000E+04   1.8638409801772963E+02   2.2598495232928085E+03   2.0313819074115855E+02   4.2981012124821065E+00   7.3302819646688283E+05
   4.0600000000000000E+04   1.8616942952714322E+02   2.2565096265883139E+03   2.0291018379528725E+02   4.2969162056712724E+00   7.3203154696972168E+05
   4.0700000000000000E+04   1.8584877929568171E+02   2.2531583243059094E+03   2.0255637339984577E+02   4.2957367646289493E+00   7.3103671093738393E+05
   4.0800000000000000E+04   1.8527975573582324E+02   2.2497958368342133E+03   2.0190766587894134E+02   4.2945628489526193E+00   7.3004379623002058E+05
   4.0900000000000000E+04   1.8448293942977585E+02   2.2464223829022785E+03   2.0098873694404909E+02   4.2933944183516468E+00   7.2905289738227392E+05
   4.1000000000000000E+04   1.8391453738942931E+02   2.2430381795858352E+03   2.0034121346172583E+02   4.2922314325577879E+00   7.2806411446149193E+05
   4.1100000000000000E+04   1.8319568693287729E+02   2.2396434422990255E+03   1.9951541089534354E+02   4.2910738513363489E+00   7.2707754986132716E+05
   4.1200000000000000E+04   1.8266149898152773E+02   2.2362383847785482E+03   1.9890886884673205E+02   4.2899216345533437E+00   7.2609330001446907E+05
   4.1300000000000000E+04   1.8199305243116149E+02   2.2328232190898175E+03   1.9814332741330449E+02   4.2887747420971634E+00   7.2511146060975268E+05
   4.1400000000000000E+04   1.8127999295009107E+02   2.2293981556138860E+03   1.9732517844917575E+02   4.2876331339345128E+00   7.2413212760659296E+05
   4.1500000000000000E+04   1.8106663354068129E+02   2.2259634030512848E+03   1.9709928920847898E+02   4.2864967700544856E+00   7.2315539823701815E+05
   4.1600000000000000E+04   1.8029413243382527E+02   2.2225191684084502E+03   1.9621107283826638E+02   4.2853656105356785E+00   7.2218136690818693E+05
   4.1700000000000000E+04   1.7972878685488126E+02   2.2190656570041606E+03   1.9556846361312219E+02   4.2842396154790645E+00   7.2121013130477304E+05
   4.1800000000000000E+04   1.7920477048132801E+02   2.2156030724522284E+03   1.9497494163703169E+02   4.2831187451086956E+00   7.2024177820787032E+05
   4.1900000000000000E+04   1.7866595177789978E+02   2.2121316166816850E+03   1.9436403946909923E+02   4.2820029596150571E+00   7.1927640676765295E+05
   4.2000000000000000E+04   1.7838278170068060E+02   2.2086514899076660E+03   1.9405578925807660E+02   4.2808922193452759E+00   7.1831410325324989E+05
   4.2100000000000000E+04   1.7787088564271147E+02   2.2051628906555929E+03   1.9347695121249185E+02   4.2797864846241049E+00   7.1735496121014864E+05
   4.2200000000000000E+04   1.7736140957861883E+02   2.2016660157410765E+03   1.9290110133842214E+02   4.2786857158881730E+00   7.1639907237262558E+05
   4.2300000000000000E+04   1.7679087561593343E+02   2.1981610602773785E+03   1.9225316646113222E+02   4.2775898736300704E+00   7.1544652469994046E+05
   4.2400000000000000E+04   1.7627476517179244E+02   2.1946482176768468E+03   1.9166973224183855E+02   4.2764989183871291E+00   7.1449740538996598E+05
   4.2500000000000000E+04   1.7592360677692980E+02   2.1911276796511611E+03   1.9128141387845173E+02   4.2754128107414395E+00   7.1355180678082956E+05
   4.2600000000000000E+04   1.7552051861051032E+02   2.1875996361995731E+03   1.9083177162436644E+02   4.2743315114093550E+00   7.1260981153669616E+05
   4.2700000000000000E+04   1.7495434015712902E+02   2.1840642756317911E+03   1.9018945526922710E+02   4.2732549810848557E+00   7.1167150746451109E+05
   4.2800000000000000E+04   1.7448855506669685E+02   2.1805217845507291E+03   1.8966589879250077E+02   4.2721831805738129E+00   7.1073698156352516E+05
   4.2900000000000000E+04   1.7397055313711846E+02   2.1769723478605811E+03   1.8908075096048762E+02   4.2711160707492146E+00   7.0980631614413357E+05
   4.3000000000000000E+04   1.7347194237958544E+02   2.1734161487750680E+03   1.8851861953023567E+02   4.2700536125064410E+00   7.0887959760329919E+05
   4.3100000000000000E+04   1.7281703967603514E+02   2.1698533688091961E+03   1.8777206516390490E+02   4.2689957668415657E+00   7.0795690862418467E+05
   4.3200000000000000E+04   1.7229149547083244E+02   2.1662841877897326E+03   1.8717839025531364E+02   4.2679424947954159E+00   7.0703833207268314E+05
   4.3300000000000000E+04   1.7189007587471914E+02   2.1627087838522689E+03   1.8673130579978468E+02   4.2668937574983348E+00   7.0612394810350100E+05
   4.3400000000000000E+04   1.7139908169953779E+02   2.1591273334492380E+03   1.8617858950277252E+02   4.2658495161365986E+00   7.0521383705989597E+05
   4.3500000000000000E+04   1.7089143157503764E+02   2.1555400113566207E+03   1.8560631948178218E+02   4.2648097319300620E+00   7.0430808136423375E+05
   4.3600000000000000E+04   1.7049732049279316E+02   2.1519469906704599E+03   1.8516806218900578E+02   4.2637743661880751E+00   7.0340675977267802E+05
   4.3700000000000000E+04   1.7004944913146241E+02   2.1483484428112447E+03   1.8466645861400093E+02   4.2627433803095158E+00   7.0250994931452896E+05
   4.3800000000000000E+04   1.6963257879980725E+02   2.1447445375388884E+03   1.8420148040710802E+02   4.2617167357044332E+00   7.0161772908600827E+05
   4.3900000000000000E+04   1.6916717624600267E+02   2.1411354429456760E+03   1.8367934360807740E+02   4.2606943938835906E+00   7.0073017643711239E+05
   4.4000000000000000E+04   1.6874134589313442E+02   2.1375213254658570E+03   1.8320392785214335E+02   4.2596763164248692E+00   6.9984736605412036E+05
   4.4100000000000000E+04   1.6832749891886715E+02   2.1339023498839024E+03   1.8274269500176885E+02   4.2586624649509153E+00   6.9896937466256297E+05
   4.4200000000000000E+04   1.6791459111971071E+02   2.1302786793371365E+03   1.8228262306658135E+02   4.2576528011515018E+00   6.9809627632393537E+05
   4.4300000000000000E+04   1.6744484057240120E+02   2.1266504753186587E+03   1.8175562762663918E+02   4.2566472868059178E+00   6.9722814432237425E+05
   4.4400000000000000E+04   1.6676270120477113E+02   2.1230178976891966E+03   1.8097853488694543E+02   4.2556458837381994E+00   6.9636505302097765E+05
   4.4500000000000000E+04   1.6638759809128396E+02   2.1193811046775604E+03   1.8056318685039773E+02   4.2546485538618990E+00   6.9550707136765751E+05
   4.4600000000000000E+04   1.6599240114028834E+02   2.1157402528985613E+03   1.8012421680633500E+02   4.2536552590905679E+00   6.9465427585749025E+05
   4.4700000000000000E+04   1.6597217206032170E+02   2.1120954973424427E+03   1.8012685667899953E+02   4.2526659614720197E+00   6.9380673480276740E+05
   4.4800000000000000E+04   1.6557269606076079E+02   2.1084469913932103E+03   1.7968288206028177E+02   4.2516806230988209E+00   6.9296451759637194E+05
   4.4900000000000000E+04   1.6518614490057564E+02   2.1047948868327730E+03   1.7925416897017834E+02   4.2506992061306779E+00   6.9212769377375836E+05
   4.5000000000000000E+04   1.6487315987508097E+02   2.1011393338509411E+03   1.7891211754141105E+02   4.2497216727720462E+00   6.9129633118155994E+05
   4.5100000000000000E+04   1.6437338233318957E+02   2.0974804810499377E+03   1.7835016035939859E+02   4.2487479852945151E+00   6.9047049871242547E+05
   4.5200000000000000E+04   1.6408830469412584E+02   2.0938184754463746E+03   1.7804101795190550E+02   4.2477781060815625E+00   6.8965026085197018E+05
   4.5300000000000000E+04   1.6365640244078557E+02   2.0901534624928736E+03   1.7755905436548468E+02   4.2468119975166676E+00   6.8883568675463402E+05
   4.5400000000000000E+04   1.6314557438705964E+02   2.0864855860747043E+03   1.7698424996201888E+02   4.2458496220728126E+00   6.8802684117181541E+05
   4.5500000000000000E+04   1.6283290924164066E+02   2.0828149885205585E+03   1.7664270289453475E+02   4.2448909422901187E+00   6.8722378719545936E+05
   4.5600000000000000E+04   1.6246577323120243E+02   2.0791418106079313E+03   1.7623707675714329E+02   4.2439359207982141E+00   6.8642658716733498E+05
   4.5700000000000000E+04   1.6204283163059864E+02   2.0754661915795646E+03   1.7576581622067019E+02   4.2429845202491032E+00   6.8563530802946619E+05
   4.5800000000000000E+04   1.6190723764928279E+02   2.0717882691462819E+03   1.7563267560636555E+02   4.2420367033619311E+00   6.8485000880349835E+05
   4.5900000000000000E+04   1.6145810286898688E+02   2.0681081794941288E+03   1.7513062689510244E+02   4.2410924329341526E+00   6.8407075310479966E+05
   4.6000000000000000E+04   1.6123831932927664E+02   2.0644260572943372E+03   1.7489845127607413E+02   4.2401516718303620E+00   6.8329759845910978E+05
   4.6100000000000000E+04   1.6095482835558397E+02   2.0607420357120272E+03   1.7459133283917001E+02   4.2392143829822846E+00   6.8253060872249422E+05
   4.6200000000000000E+04   1.6067845632042284E+02   2.0570562464203263E+03   1.7429260349104223E+02   4.2382805293440198E+00   6.8176983991884207E+05
   4.6300000000000000E+04   1.6007361417652658E+02   2.0533688195998998E+03   1.7360745817620315E+02   4.2373500739703722E+00   6.8101535348896298E+05
   4.6400000000000000E+04   1.5954617181365194E+02   2.0496798839519874E+03   1.7301346292481557E+02   4.2364229799832742E+00   6.8026720309177833E+05
   4.6500000000000000E+04   1.5926240623470417E+02   2.0459895667114149E+03   1.7270606389279351E+02   4.2354992105382223E+00   6.7952544952984992E+05
   4.6600000000000000E+04   1.5939265753501002E+02   2.0422979936504555E+03   1.7288564562568442E+02   4.2345787288690424E+00   6.7879014672525844E+05
   4.6700000000000000E+04   1.5901936287022025E+02   2.0386052890894080E+03   1.7247294188191046E+02   4.2336614982766836E+00   6.7806135134851106E+05
   4.6800000000000000E+04   1.5892905522678768E+02   2.0349115759110769E+03   1.7239317033275677E+02   4.2327474820844762E+00   6.7733911758268555E+05
   4.6900000000000000E+04   1.5874989905839021E+02   2.0312169755584732E+03   1.7220889695871884E+02   4.2318366437388288E+00   6.7662349800809775E+05
   4.7000000000000000E+04   1.5839589280870470E+02   2.0275216080546563E+03   1.7181888445341878E+02   4.2309289467197146E+00   6.7591454706307279E+05
   4.7100000000000000E+04   1.5800679529186542E+02   2.0238255920134327E+03   1.7138759486483227E+02   4.2300243545294798E+00   6.7521231843684090E+05
   4.7200000000000000E+04   1.5775667328066595E+02   2.0201290446361243E+03   1.7111982683006576E+02   4.2291228308047444E+00   6.7451685992640117E+05
   4.7300000000000000E+04   1.5734232634668570E+02   2.0164320817390476E+03   1.7065884728838819E+02   4.2282243391597447E+00   6.7382822718511627E+05
   4.7400000000000000E+04   1.5714827424112607E+02   2.0127348177453541E+03   1.7045704724522815E+02   4.2273288433429803E+00   6.7314646655954316E+05
   4.7500000000000000E+04   1.5683571444469487E+02   2.0090373657099371E+03   1.7011582425810278E+02   4.2264363071029587E+00   6.7247163051234325E+05
   4.7600000000000000E+04   1.5667486468939649E+02   2.0053398373190546E+03   1.6995310254691563E+02   4.2255466942776856E+00   6.7180376735647640E+05
   4.7700000000000000E+04   1.5626278908508621E+02   2.0016423429001813E+03   1.6949478745754504E+02   4.2246599687946862E+00   6.7114292129682226E+05
   4.7800000000000000E+04   1.5608728371660521E+02   1.9979449914442368E+03   1.6931482026072067E+02   4.2237760945591090E+00   6.7048914599252387E+05
   4.7900000000000000E+04   1.5580031247192835E+02   1.9942478905980258E+03   1.6900370083891806E+02   4.2228950356103576E+00   6.6984248252374504E+05
   4.8000000000000000E+04   1.5561682904550972E+02   1.9905511466889698E+03   1.6881435728907098E+02   4.2220167559878448E+00   6.6920297971467534E+05
   4.8100000000000000E+04   1.5544061326820449E+02   1.9868548647226751E+03   1.6863357834096547E+02   4.2211412198428686E+00   6.6857068229156581E+05
   4.8200000000000000E+04   1.5527398017642668E+02   1.9831591484026815E+03   1.6846409153513156E+02   4.2202683913490970E+00   6.6794563427440450E+05
   4.8300000000000000E+04   1.5494609254162523E+02   1.9794641001354732E+03   1.6810479609730004E+02   4.2193982347473442E+00   6.6732788064780168E+05
   4.8400000000000000E+04   1.5442339031247161E+02   1.9757698210404517E+03   1.6751622266620819E+02   4.2185307143455439E+00   6.6671746067826066E+05
   4.8500000000000000E+04   1.5421218804303282E+02   1.9720764109658901E+03   1.6729424259977125E+02   4.2176657944628255E+00   6.6611442211151833E+05
   4.8600000000000000E+04   1.5411403875607061E+02   1.9683839684880818E+03   1.6720533049412856E+02   4.2168034395302092E+00   6.6551880198383343E+05
   4.8700000000000000E+04   1.5356875941018794E+02   1.9646925909285551E+03   1.6659015720550758E+02   4.2159436140234554E+00   6.6493064329947671E+05
   4.8800000000000000E+04   1.5333571146568582E+02   1.9610023743663751E+03   1.6634244599989444E+02   4.2150862824407218E+00   6.6434998504245561E+05
   4.8900000000000000E+04   1.5345263195530302E+02   1.9573134136421766E+03   1.6650669382807635E+02   4.2142314093584679E+00   6.6377686963977769E+05
   4.9000000000000000E+04   1.5360168698928300E+02   1.9536258023693620E+03   1.6670899929935825E+02   4.2133789594203011E+00   6.6321133386316733E+05
   4.9100000000000000E+04   1.5360634321938940E+02   1.9499396329464319E+03   1.6674138269795864E+02   4.2125288973145762E+00   6.6265341545794741E+05
   4.9200000000000000E+04   1.5299155971006405E+02   1.9462549965669191E+03   1.6604397401877469E+02   4.2116811877744018E+00   6.6210315148693661E+05
   4.9300000000000000E+04   1.5275857914812516E+02   1.9425719832293323E+03   1.6579635361676205E+02   4.2108357955776459E+00   6.6156058161006658E+05
   4.9400000000000000E+04   1.5289226981768181E+02   1.9388906817424936E+03   1.6598077315224518E+02   4.2099926855916836E+00   6.6102573824708012E+05
   4.9500000000000000E+04   1.5272106532168178E+02   1.9352111797401283E+03   1.6580597592192876E+02   4.2091518227286473E+00   6.6049865969514800E+05
   4.9600000000000000E+04   1.5248251617242184E+02   1.9315335636930283E+03   1.6555179699529467E+02   4.2083131719230407E+00   6.5997937867137126E+05
   4.9700000000000000E+04   1.5234083182408531E+02   1.9278579189121117E+03   1.6541180095731769E+02   4.2074766981988887E+00   6.5946792886211025E+05
   4.9800000000000000E+04   1.5213714661655902E+02   1.9241843295673909E+03   1.6519871269861216E+02   4.2066423665802022E+00   6.5896434815787489E+05
   4.9900000000000000E+04   1.5209895324189822E+02   1.9205128786820496E+03   1.6518078394028697E+02   4.2058101422476453E+00   6.5846866403067263E+05
   5.0000000000000000E+04   1.5187544110954576E+02   1.9168436481670378E+03   1.6494431652610319E+02   4.2049799902923679E+00   6.5798091141647496E+05


