#Te   kappa_tot   kappa_e_ph  kappa_e_e mu Ce
#[K]  [W/(K*m)]   [W/(K*m)]   [W/(K*m)]   [eV]  [J/(m^3*K)]
   3.0000000000000000E+02   5.7391486089185996E+01   5.7511610231533446E+01   2.7477214105912117E+04   2.6748947586119072E+00   1.4103754625143288E+05
   4.0000000000000000E+02   7.5338918580441046E+01   7.5550334752035965E+01   2.6922635461938364E+04   2.6837273422702661E+00   1.7587539077759528E+05
   5.0000000000000000E+02   8.9905619239206530E+01   9.0219455649556153E+01   2.5845426980767585E+04   2.6944013322341083E+00   2.0081202152453974E+05
   6.0000000000000000E+02   1.0271445627014681E+02   1.0314572628836905E+02   2.4565948813162711E+04   2.7060241134462402E+00   2.2103890178697632E+05
   7.0000000000000000E+02   1.1451552354356851E+02   1.1508257861832507E+02   2.3240673310046088E+04   2.7175764587012914E+00   2.4112338611435174E+05
   8.0000000000000000E+02   1.2533961892693506E+02   1.2606005020433217E+02   2.1931749981215915E+04   2.7281904285090417E+00   2.6307771126144473E+05
   9.0000000000000000E+02   1.3511718992156648E+02   1.3600655187891934E+02   2.0662929135735383E+04   2.7374079732619165E+00   2.8629724347283156E+05
   1.0000000000000000E+03   1.4395062435793920E+02   1.4502388924005155E+02   1.9451190242836012E+04   2.7452023721114709E+00   3.0918362563812622E+05
   1.1000000000000000E+03   1.5206571364089984E+02   1.5334085742329154E+02   1.8286476581209121E+04   2.7518000714800128E+00   3.3054721234271605E+05
   1.2000000000000000E+03   1.5970931488530576E+02   1.6120539348832889E+02   1.7208990822950043E+04   2.7574994202391925E+00   3.4993240105557931E+05
   1.3000000000000000E+03   1.6709084814386460E+02   1.6882804291556383E+02   1.6238605676689514E+04   2.7625738159920838E+00   3.6739088310796954E+05
   1.4000000000000000E+03   1.7436654754328717E+02   1.7636966231574942E+02   1.5352574666288709E+04   2.7672413686094832E+00   3.8321060068775143E+05
   1.5000000000000000E+03   1.8165061912274845E+02   1.8394763761189770E+02   1.4546771136676247E+04   2.7716654772327698E+00   3.9774553075362154E+05
   1.6000000000000000E+03   1.8902415601832530E+02   1.9164627823555210E+02   1.3815441461703245E+04   2.7759650274401224E+00   4.1133293607787491E+05
   1.7000000000000000E+03   1.9654443969208234E+02   1.9952612831861146E+02   1.3152195284710730E+04   2.7802254156137067E+00   4.2426137438423641E+05
   1.8000000000000000E+03   2.0425193102169936E+02   2.0763097220673583E+02   1.2550609682101642E+04   2.7845077075254734E+00   4.3676359241866448E+05
   1.9000000000000000E+03   2.1217514213226545E+02   2.1599270768670996E+02   1.2004583234885451E+04   2.7888555609699037E+00   4.4902020158117480E+05
   2.0000000000000000E+03   2.2034492350611575E+02   2.2463460470258329E+02   1.1538641806476700E+04   2.7933002476030282E+00   4.6116717283329531E+05
   2.1000000000000000E+03   2.2868739578586781E+02   2.3357345128515112E+02   1.0932193526445431E+04   2.7978642283649511E+00   4.7330396221121302E+05
   2.2000000000000000E+03   2.3727340674025055E+02   2.4282097584589113E+02   1.0385622796183985E+04   2.8025636785595864E+00   4.8550101838841016E+05
   2.3000000000000000E+03   2.4610563217029403E+02   2.5238481822586840E+02   9.8919389694657457E+03   2.8074102661051543E+00   4.9780619078539079E+05
   2.4000000000000000E+03   2.5518334961225722E+02   2.6226922803853211E+02   9.4450872686334806E+03   2.8124124035140157E+00   5.1025001786222402E+05
   2.5000000000000000E+03   2.6450302672022980E+02   2.7247560133068544E+02   9.0398177227296219E+03   2.8175761303053775E+00   5.2284998996574973E+05
   2.6000000000000000E+03   2.7404646814375235E+02   2.8300292119417958E+02   8.6592259894591007E+03   2.8229057358347784E+00   5.3561395617201028E+05
   2.7000000000000000E+03   2.8381771257819400E+02   2.9384813901887759E+02   8.3146321998263593E+03   2.8284041998202283E+00   5.4854277620713250E+05
   2.8000000000000000E+03   2.9381993177188406E+02   3.0500651546248622E+02   8.0111136734671918E+03   2.8340735044989898E+00   5.6163242138510651E+05
   2.9000000000000000E+03   3.0402935719155585E+02   3.1647193007182153E+02   7.7328666984550709E+03   2.8399148564914860E+00   5.7487560146664805E+05
   3.0000000000000000E+03   3.1443620467657763E+02   3.2823716300061216E+02   7.4784406520508601E+03   2.8459288448515285E+00   5.8826297345686227E+05
   3.1000000000000000E+03   3.2497632217918112E+02   3.4029414966258173E+02   7.2195317081536004E+03   2.8521155544854220E+00   6.0178412577334349E+05
   3.2000000000000000E+03   3.3568326199408614E+02   3.5263420811158693E+02   6.9832916964667556E+03   2.8584746479527823E+00   6.1542824355547351E+05
   3.3000000000000000E+03   3.4658563625616358E+02   3.6524823885105945E+02   6.7830728651029203E+03   2.8650054252678303E+00   6.2918465951095591E+05
   3.4000000000000000E+03   3.5758914385378881E+02   3.7812689708117011E+02   6.5836838089511930E+03   2.8717068683381441E+00   6.4304317376026174E+05
   3.5000000000000000E+03   3.6872113687628337E+02   3.9126073789942888E+02   6.4005615691771463E+03   2.8785776748777079E+00   6.5699436758747825E+05
   3.6000000000000000E+03   3.7997002975787598E+02   4.0464033547556892E+02   6.2322373330632236E+03   2.8856162849272491E+00   6.7102970699749689E+05
   3.7000000000000000E+03   3.9132457380680574E+02   4.1825637772984987E+02   6.0773500068840276E+03   2.8928209025789342E+00   6.8514168928796169E+05
   3.8000000000000000E+03   4.0277408516680237E+02   4.3209973840159194E+02   5.9346871301421079E+03   2.9001895143344854E+00   6.9932382153256552E+05
   3.9000000000000000E+03   4.1422735880675685E+02   4.4616152870649876E+02   5.7872902980569461E+03   2.9077199053883942E+00   7.1357065470578417E+05
   4.0000000000000000E+03   4.2583614242495969E+02   4.6043313094748811E+02   5.6672293370173220E+03   2.9154096745232825E+00   7.2787774014540389E+05
   4.1000000000000000E+03   4.3746690823834325E+02   4.7490621653664397E+02   5.5491344176592120E+03   2.9232562481395736E+00   7.4224156706687517E+05
   4.2000000000000000E+03   4.4915116741797311E+02   4.8957275088500768E+02   5.4399692870854660E+03   2.9312568937217840E+00   7.5665949971322715E+05
   4.3000000000000000E+03   4.6088164254090373E+02   5.0442498755364380E+02   5.3390527699325339E+03   2.9394087330162284E+00   7.7112965784296708E+05
   4.4000000000000000E+03   4.7265350570058155E+02   5.1945545392378460E+02   5.2459876281526431E+03   2.9477087549751659E+00   7.8565087448689039E+05
   4.5000000000000000E+03   4.8446559887030281E+02   5.3465693047577724E+02   5.1607096629580819E+03   2.9561538284810487E+00   8.0022256489457842E+05
   4.6000000000000000E+03   4.9637863044757029E+02   5.5002242557445243E+02   5.0894866344995280E+03   2.9647407149471299E+00   8.1484463413761521E+05
   4.7000000000000000E+03   5.0824091493564742E+02   5.6554514743354787E+02   5.0159154156645127E+03   2.9734660807531528E+00   8.2951740508733969E+05
   4.8000000000000000E+03   5.2010401402720879E+02   5.8121847470322928E+02   4.9463589856816470E+03   2.9823265093925060E+00   8.4424149076428881E+05
   4.9000000000000000E+03   5.3197554371174147E+02   5.9703592691627000E+02   4.8817497867829834E+03   2.9913185134956786E+00   8.5901775930869090E+05
   5.0000000000000000E+03   5.4385064919380454E+02   6.1299113578496963E+02   4.8217136381753926E+03   3.0004385464140237E+00   8.7384717711409845E+05
   5.1000000000000000E+03   5.5569032404628183E+02   6.2907781816681370E+02   4.7633791127042123E+03   3.0096830136248758E+00   8.8873081592855440E+05
   5.2000000000000000E+03   5.6742027902358188E+02   6.4528975129933008E+02   4.7021057165602269E+03   3.0190482836694659E+00   9.0366970192930754E+05
   5.3000000000000000E+03   5.7915771738152796E+02   6.6162075075438895E+02   4.6467216655320390E+03   3.0285306987198455E+00   9.1866483582746796E+05
   5.4000000000000000E+03   5.9094890183981124E+02   6.7806465140405260E+02   4.5996454501964845E+03   3.0381265847335537E+00   9.3371706385898660E+05
   5.5000000000000000E+03   6.0272001334096581E+02   6.9461529155815936E+02   4.5558220826675943E+03   3.0478322610998854E+00   9.4882704466474894E+05
   5.6000000000000000E+03   6.1446831942677829E+02   7.1126650033142175E+02   4.5150717403848366E+03   3.0576440499013828E+00   9.6399523931640678E+05
   5.7000000000000000E+03   6.2619091954714975E+02   7.2801208819427757E+02   4.4772080796646278E+03   3.0675582845982379E+00   9.7922184786313761E+05
   5.8000000000000000E+03   6.3789024664332590E+02   7.4484584059896383E+02   4.4423099288102521E+03   3.0775713182454547E+00   9.9450678064943280E+05
   5.9000000000000000E+03   6.4956419886052117E+02   7.6176151450767645E+02   4.4102036224295534E+03   3.0876795311741394E+00   1.0098496436748230E+06
   6.0000000000000000E+03   6.6128178419867515E+02   7.7875283760921252E+02   4.3838464962450680E+03   3.0978793381643541E+00   1.0252497058501242E+06
   6.1000000000000000E+03   6.7289655795390797E+02   7.9581350997874972E+02   4.3566014517647072E+03   3.1081671951370362E+00   1.0407058787145917E+06
   6.2000000000000000E+03   6.8438862150642615E+02   8.1293720791366820E+02   4.3280520668874087E+03   3.1185396052825398E+00   1.0562167433017353E+06
   6.3000000000000000E+03   6.9582805225254720E+02   8.3011758967088088E+02   4.3012964127048190E+03   3.1289931246669940E+00   1.0717804992353194E+06
   6.4000000000000000E+03   7.0721201257167365E+02   8.4734830282762766E+02   4.2762292158398122E+03   3.1395243673852344E+00   1.0873950279714488E+06
   6.5000000000000000E+03   7.1853738146456101E+02   8.6462299298986068E+02   4.2527387526415832E+03   3.1501300101915430E+00   1.1030578421447396E+06
   6.6000000000000000E+03   7.2980111430192608E+02   8.8193531358361372E+02   4.2307211503693388E+03   3.1608067965395459E+00   1.1187660972635506E+06
   6.7000000000000000E+03   7.4065062227607962E+02   8.9927893647635472E+02   4.1988185227768599E+03   3.1715515404159653E+00   1.1345166535091808E+06
   6.8000000000000000E+03   7.5180849313133922E+02   9.1664756319237870E+02   4.1807043861688117E+03   3.1823611293774268E+00   1.1503060162613164E+06
   6.9000000000000000E+03   7.6286306689570597E+02   9.3403493650301198E+02   4.1627211169866841E+03   3.1932325274223285E+00   1.1661304612799180E+06
   7.0000000000000000E+03   7.7385077327176941E+02   9.5143485219553452E+02   4.1460281831081165E+03   3.2041627772306609E+00   1.1819859064460075E+06
   7.1000000000000000E+03   7.8474146582985077E+02   9.6884117084028810E+02   4.1297721825160597E+03   3.2151490021289724E+00   1.1978680437184069E+06
   7.2000000000000000E+03   7.9555784553376350E+02   9.8624782939955219E+02   4.1146219765359410E+03   3.2261884076431175E+00   1.2137723660762513E+06
   7.3000000000000000E+03   8.0630441369122582E+02   1.0036488525455269E+03   4.1006805375501708E+03   3.2372782825563253E+00   1.2296940987017183E+06
   7.4000000000000000E+03   8.1693148564230262E+02   1.0210383635631415E+03   4.0866745684431485E+03   3.2484159998023685E+00   1.2456283248561795E+06
   7.5000000000000000E+03   8.2751585423145673E+02   1.0384105947470507E+03   4.0745503100470278E+03   3.2595990169190263E+00   1.2615699600809973E+06
   7.6000000000000000E+03   8.3816158920632995E+02   1.0557598972140001E+03   4.0666556710450418E+03   3.2708248761442578E+00   1.2775137856274524E+06
   7.7000000000000000E+03   8.4858212571604804E+02   1.0730807500613314E+03   4.0561368543243229E+03   3.2820912043475117E+00   1.2934544635086302E+06
   7.8000000000000000E+03   8.5885254449515503E+02   1.0903677688341052E+03   4.0449397458529274E+03   3.2933957125762601E+00   1.3093865731401290E+06
   7.9000000000000000E+03   8.6902735563039425E+02   1.1076157132611702E+03   4.0343475428067850E+03   3.3047361954239132E+00   1.3253046394946193E+06
   8.0000000000000000E+03   8.7910483702575232E+02   1.1248194942421844E+03   4.0243193848146107E+03   3.3161105301778688E+00   1.3412031411521081E+06
   8.1000000000000000E+03   8.8905413484713802E+02   1.1419741800791371E+03   4.0142206433528490E+03   3.3275166757339614E+00   1.3570766152604071E+06
   8.2000000000000000E+03   8.9860381471003984E+02   1.1590750019568441E+03   3.9987118318256366E+03   3.3389526712635842E+00   1.3729195067883751E+06
   8.3000000000000000E+03   9.0817208784532579E+02   1.1761173586703096E+03   3.9863250949945527E+03   3.3504166348395610E+00   1.3887264037570274E+06
   8.4000000000000000E+03   9.1780586163379746E+02   1.1930968206319026E+03   3.9777232767028295E+03   3.3619067617872322E+00   1.4044918413247005E+06
   8.5000000000000000E+03   9.2733913515993504E+02   1.2100091331639508E+03   3.9696070718758770E+03   3.3734213230355166E+00   1.4202105310438159E+06
   8.6000000000000000E+03   9.3678025766877261E+02   1.2268502191187374E+03   3.9621098945996373E+03   3.3849586632755910E+00   1.4358772171915993E+06
   8.7000000000000000E+03   9.4611595951597951E+02   1.2436161808586787E+03   3.9549722380452959E+03   3.3965171989547032E+00   1.4514867984393935E+06
   8.8000000000000000E+03   9.5535188862650659E+02   1.2603033016084821E+03   3.9482786049758383E+03   3.4080954163798909E+00   1.4670342705881128E+06
   8.9000000000000000E+03   9.6448992797874132E+02   1.2769080462465622E+03   3.9420407381881132E+03   3.4196918695743714E+00   1.4825147817111656E+06
   9.0000000000000000E+03   9.7352470034410317E+02   1.2934270615487615E+03   3.9361484790843620E+03   3.4313051781888975E+00   1.4979236895694609E+06
   9.1000000000000000E+03   9.8270456757488353E+02   1.3098571759381484E+03   3.9345632489528180E+03   3.4429340253031731E+00   1.5132564186948747E+06
   9.2000000000000000E+03   9.9144234560406619E+02   1.3261953987639140E+03   3.9278096628799472E+03   3.4545771552822382E+00   1.5285086450739517E+06
   9.3000000000000000E+03   1.0000672200595669E+03   1.3424389191614250E+03   3.9212620713317897E+03   3.4662333715504237E+00   1.5436762112586035E+06
   9.4000000000000000E+03   1.0085790181016461E+03   1.3585851045135664E+03   3.9149045799883202E+03   3.4779015344477235E+00   1.5587552316467275E+06
   9.5000000000000000E+03   1.0169776302448979E+03   1.3746314985808870E+03   3.9087218331817276E+03   3.4895805588938122E+00   1.5737419061988874E+06
   9.6000000000000000E+03   1.0245705637274827E+03   1.3905758192752669E+03   3.8926846799735604E+03   3.5012694123818475E+00   1.5886327468532098E+06
   9.7000000000000000E+03   1.0328395726830520E+03   1.4064159561942572E+03   3.8883669292942132E+03   3.5129671125875044E+00   1.6034243880829634E+06
   9.8000000000000000E+03   1.0409071931683372E+03   1.4221499678413818E+03   3.8828962268458677E+03   3.5246727254727199E+00   1.6181137921640640E+06
   9.9000000000000000E+03   1.0488906113403434E+03   1.4377760786661001E+03   3.8779279680805002E+03   3.5363853630321391E+00   1.6326980811474295E+06
   1.0000000000000000E+04   1.0567510635919723E+03   1.4532926758803269E+03   3.8729064828389032E+03   3.5481041812594327E+00   1.6471746170952488E+06
   1.0100000000000000E+04   1.0644999623650019E+03   1.4686983061002327E+03   3.8679755021296182E+03   3.5598283781410993E+00   1.6615409819844903E+06
   1.0200000000000000E+04   1.0721232332548036E+03   1.4839916718415855E+03   3.8629372884146565E+03   3.5715571916502595E+00   1.6757950083609275E+06
   1.0300000000000000E+04   1.0796335509553021E+03   1.4991716278711378E+03   3.8579477695767250E+03   3.5832898978778691E+00   1.6899347055129309E+06
   1.0400000000000000E+04   1.0871458345795393E+03   1.5142371774574817E+03   3.8544369196189559E+03   3.5950258091364451E+00   1.7039583676319693E+06
   1.0500000000000000E+04   1.0947390952941637E+03   1.5291874685331302E+03   3.8533031976996749E+03   3.6067642720912714E+00   1.7178644189222686E+06
   1.0600000000000000E+04   1.1018828905553455E+03   1.5440217897458479E+03   3.8479563681922227E+03   3.6185046661664311E+00   1.7316516558364686E+06
   1.0700000000000000E+04   1.1089163013811367E+03   1.5587395665080792E+03   3.8426463211518876E+03   3.6302464016210627E+00   1.7453189292203246E+06
   1.0800000000000000E+04   1.1158421254923996E+03   1.5733403569257875E+03   3.8373906768875836E+03   3.6419889181477454E+00   1.7588654141616146E+06
   1.0900000000000000E+04   1.1226615530240999E+03   1.5878238477622324E+03   3.8321867593781985E+03   3.6537316830861757E+00   1.7722904503964682E+06
   1.1000000000000000E+04   1.1293757309241912E+03   1.6021898503255279E+03   3.8270310869350033E+03   3.6654741900215670E+00   1.7855935698434117E+06
   1.1100000000000000E+04   1.1354669811076551E+03   1.6164382963505846E+03   3.8160535864326275E+03   3.6772159573830487E+00   1.7987745531807884E+06
   1.1200000000000000E+04   1.1417278029361541E+03   1.6305692339199093E+03   3.8083233355082211E+03   3.6889565268497102E+00   1.8118332632205191E+06
   1.1300000000000000E+04   1.1481149017910434E+03   1.6445828233230334E+03   3.8032065412409452E+03   3.7006954621963413E+00   1.8247698967476934E+06
   1.1400000000000000E+04   1.1544173234411694E+03   1.6584793329697450E+03   3.7982971070167323E+03   3.7124323479468049E+00   1.8375847040327117E+06
   1.1500000000000000E+04   1.1606487386987073E+03   1.6722591353127577E+03   3.7937177763068948E+03   3.7241667881373361E+00   1.8502782142534663E+06
   1.1600000000000000E+04   1.1667766894367494E+03   1.6859227027898885E+03   3.7890983638727535E+03   3.7358984051622883E+00   1.8628510648523250E+06
   1.1700000000000000E+04   1.1728107768547841E+03   1.6994706038061663E+03   3.7845252990518579E+03   3.7476268386198890E+00   1.8753040570163839E+06
   1.1800000000000000E+04   1.1787432105165810E+03   1.7129034987248292E+03   3.7799016773872031E+03   3.7593517443503472E+00   1.8876381841372901E+06
   1.1900000000000000E+04   1.1845729608808031E+03   1.7262221359381379E+03   3.7752038789494559E+03   3.7710727933090906E+00   1.8998545432568844E+06
   1.2000000000000000E+04   1.1904201053998743E+03   1.7394273479447420E+03   3.7716247189700407E+03   3.7827896706873441E+00   1.9119544213862892E+06
   1.2100000000000000E+04   1.1963452848449506E+03   1.7525200475043307E+03   3.7697127525221676E+03   3.7945020749227520E+00   1.9239391758801520E+06
   1.2200000000000000E+04   1.2018637166036722E+03   1.7655012238147001E+03   3.7646392146997823E+03   3.8062097169024018E+00   1.9358103510707263E+06
   1.2300000000000000E+04   1.2072856544205151E+03   1.7783719387504752E+03   3.7595070811348023E+03   3.8179123191658486E+00   1.9475696177384874E+06
   1.2400000000000000E+04   1.2126218227360334E+03   1.7911333231830372E+03   3.7544065302819918E+03   3.8296096150256664E+00   1.9592187407926440E+06
   1.2500000000000000E+04   1.2178745882330720E+03   1.8037865733292786E+03   3.7493444171363512E+03   3.8413013478804103E+00   1.9707595765501908E+06
   1.2600000000000000E+04   1.2230458729129218E+03   1.8163329471629652E+03   3.7443231300319649E+03   3.8529872705550252E+00   1.9821941625820568E+06
   1.2700000000000000E+04   1.2273399502522759E+03   1.8287737609074609E+03   3.7319602871838979E+03   3.8646671445863321E+00   1.9935245007099556E+06
   1.2800000000000000E+04   1.2323762738172254E+03   1.8411103855778831E+03   3.7273100239152832E+03   3.8763407396183966E+00   2.0047527691773179E+06
   1.2900000000000000E+04   1.2373631771602907E+03   1.8533442435845755E+03   3.7229389775333784E+03   3.8880078328528933E+00   2.0158812914897220E+06
   1.3000000000000000E+04   1.2422700608800997E+03   1.8654768054218000E+03   3.7185508740698301E+03   3.8996682084445040E+00   2.0269123149005373E+06
   1.3100000000000000E+04   1.2470799395081540E+03   1.8775095864142211E+03   3.7139822864331295E+03   3.9113216569787430E+00   2.0378482891363485E+06
   1.3200000000000000E+04   1.2518209017601910E+03   1.8894441435156111E+03   3.7094721720769498E+03   3.9229679750597293E+00   2.0486916762440628E+06
   1.3300000000000000E+04   1.2564894570646043E+03   1.9012820722240631E+03   3.7049755572412805E+03   3.9346069647055826E+00   2.0594450107403239E+06
   1.3400000000000000E+04   1.2610839003166307E+03   1.9130250034982396E+03   3.7004646908154200E+03   3.9462384331010751E+00   2.0701108652664912E+06
   1.3500000000000000E+04   1.2656220638665127E+03   1.9246746008201251E+03   3.6960796051572984E+03   3.9578621920205146E+00   2.0806918800556383E+06
   1.3600000000000000E+04   1.2705378361188439E+03   1.9362325572824443E+03   3.6954727825578043E+03   3.9694780574979496E+00   2.0911907283816114E+06
   1.3700000000000000E+04   1.2749535170303218E+03   1.9477005927411126E+03   3.6911757932409737E+03   3.9810858495523425E+00   2.1016101466219169E+06
   1.3800000000000000E+04   1.2792802571691104E+03   1.9590804510801058E+03   3.6866905389569033E+03   3.9926853917478757E+00   2.1119528995050737E+06
   1.3900000000000000E+04   1.2835470606247873E+03   1.9703738975299254E+03   3.6822492782931936E+03   4.0042765108641376E+00   2.1222217113067978E+06
   1.4000000000000000E+04   1.2877584043785264E+03   1.9815827160272204E+03   3.6778760180247773E+03   4.0158590367312508E+00   2.1324194281956414E+06
   1.4100000000000000E+04   1.2918998478302140E+03   1.9927087066983872E+03   3.6734411136173253E+03   4.0274328018451158E+00   2.1425488845561123E+06
   1.4200000000000000E+04   1.2953181869539767E+03   2.0037536833898698E+03   3.6637048839714475E+03   4.0389976411200497E+00   2.1526128999256562E+06
   1.4300000000000000E+04   1.2989102754206467E+03   2.0147194712564096E+03   3.6559181392598930E+03   4.0505533917239376E+00   2.1626143435709993E+06
   1.4400000000000000E+04   1.3031488134610740E+03   2.0256079044723815E+03   3.6537273460778442E+03   4.0620998926934320E+00   2.1725559974405323E+06
   1.4500000000000000E+04   1.3101490521063479E+03   2.0364208239286638E+03   3.6735763603552291E+03   4.0736369849614702E+00   2.1824408247434488E+06
   1.4600000000000000E+04   1.3118815132672526E+03   2.0471600750872726E+03   3.6525360545778794E+03   4.0851645109999986E+00   2.1922716636342676E+06
   1.4700000000000000E+04   1.3157463368660553E+03   2.0578275058799172E+03   3.6486291740319525E+03   4.0966823146000957E+00   2.2020513255064194E+06
   1.4800000000000000E+04   1.3195717850918761E+03   2.0684249646259796E+03   3.6448202364557142E+03   4.1081902408994759E+00   2.2117826617992385E+06
   1.4900000000000000E+04   1.3233597369515264E+03   2.0789542981061982E+03   3.6411119858668303E+03   4.1196881360252178E+00   2.2214684936945946E+06
   1.5000000000000000E+04   1.3271120525506881E+03   2.0894173496187022E+03   3.6375071223466684E+03   4.1311758471487172E+00   2.2311117146511842E+06
   1.5100000000000000E+04   1.3308149157772471E+03   2.0998159571948845E+03   3.6338915628390937E+03   4.1426532221284278E+00   2.2407150801160042E+06
   1.5200000000000000E+04   1.3344855008828474E+03   2.1101519517843690E+03   3.6303841439100693E+03   4.1541201096197833E+00   2.2502813441144302E+06
   1.5300000000000000E+04   1.3381256039621480E+03   2.1204271555920172E+03   3.6269873967689209E+03   4.1655763588003927E+00   2.2598132934344504E+06
   1.5400000000000000E+04   1.3417369973699808E+03   2.1306433804356498E+03   3.6237037918528144E+03   4.1770218193150441E+00   2.2693136406887299E+06
   1.5500000000000000E+04   1.3453214286442067E+03   2.1408024261594410E+03   3.6205357354883208E+03   4.1884563412757378E+00   2.2787850932423091E+06
   1.5600000000000000E+04   1.3488806194890544E+03   2.1509060791605198E+03   3.6174855667415895E+03   4.1998797750418104E+00   2.2882302805742458E+06
   1.5700000000000000E+04   1.3524162647963390E+03   2.1609561109280971E+03   3.6145555545743055E+03   4.2112919712474186E+00   2.2976519319558446E+06
   1.5800000000000000E+04   1.3559300317248551E+03   2.1709542766877030E+03   3.6117478951764829E+03   4.2226927806366428E+00   2.3070525526897819E+06
   1.5900000000000000E+04   1.3594235588193769E+03   2.1809023140622689E+03   3.6090647095837944E+03   4.2340820541184687E+00   2.3164347093413086E+06
   1.6000000000000000E+04   1.3628984551857425E+03   2.1908019418303261E+03   3.6065080414624326E+03   4.2454596426568401E+00   2.3258009577896972E+06
   1.6100000000000000E+04   1.3663418360120204E+03   2.2006548587450316E+03   3.6039792238610198E+03   4.2568253971607364E+00   2.3351536964325835E+06
   1.6200000000000000E+04   1.3697694476641739E+03   2.2104627423677057E+03   3.6015802062070698E+03   4.2681791685941013E+00   2.3444954567269883E+06
   1.6300000000000000E+04   1.3731828058941578E+03   2.2202272480175175E+03   3.5993127757414045E+03   4.2795208078109406E+00   2.3538285370186828E+06
   1.6400000000000000E+04   1.3765833941662142E+03   2.2299500077447260E+03   3.5971786353460266E+03   4.2908501655553586E+00   2.3631552941750055E+06
   1.6500000000000000E+04   1.3799726630674793E+03   2.2396326293554116E+03   3.5951794023513253E+03   4.3021670924889790E+00   2.3724780704934113E+06
   1.6600000000000000E+04   1.3833520297678135E+03   2.2492766955143275E+03   3.5933166074749979E+03   4.3134714391085609E+00   2.3817990444730194E+06
   1.6700000000000000E+04   1.3867228775222975E+03   2.2588837628854694E+03   3.5915916939482654E+03   4.3247630557459473E+00   2.3911203777163322E+06
   1.6800000000000000E+04   1.3900865552180917E+03   2.2684553613208300E+03   3.5900060168070822E+03   4.3360417925955828E+00   2.4004442525755367E+06
   1.6900000000000000E+04   1.3934443769672509E+03   2.2779929931179631E+03   3.5885608423021745E+03   4.3473074996595367E+00   2.4097727221410628E+06
   1.7000000000000000E+04   1.3967976217408909E+03   2.2874981323123716E+03   3.5872573474787851E+03   4.3585600267749811E+00   2.4191078219119697E+06
   1.7100000000000000E+04   1.4001340474442884E+03   2.2969722240361275E+03   3.5860081571555133E+03   4.3697992235592293E+00   2.4284514940646673E+06
   1.7200000000000000E+04   1.4034681072923483E+03   2.3064166838934948E+03   3.5849021105454913E+03   4.3810249395196701E+00   2.4378057008072278E+06
   1.7300000000000000E+04   1.4068009722650211E+03   2.3158328974269798E+03   3.5839401032292085E+03   4.3922370239438342E+00   2.4471722341809878E+06
   1.7400000000000000E+04   1.4101337771723900E+03   2.3252222195877844E+03   3.5831229412294142E+03   4.4034353260093146E+00   2.4565529441049597E+06
   1.7500000000000000E+04   1.4134676204989105E+03   2.3345859742936095E+03   3.5824513411773783E+03   4.4146196946738598E+00   2.4659494706508252E+06
   1.7600000000000000E+04   1.4168035642837358E+03   2.3439254539792237E+03   3.5819259306927574E+03   4.4257899788402426E+00   2.4753635890180017E+06
   1.7700000000000000E+04   1.4201426340409118E+03   2.3532419192418715E+03   3.5815472487559523E+03   4.4369460272463561E+00   2.4847969026600332E+06
   1.7800000000000000E+04   1.4234858187150121E+03   2.3625365984929736E+03   3.5813157462529762E+03   4.4480876885476279E+00   2.4942509191292091E+06
   1.7900000000000000E+04   1.4268340706731756E+03   2.3718106876613815E+03   3.5812317865895616E+03   4.4592148113445376E+00   2.5037272055602381E+06
   1.8000000000000000E+04   1.4301883057319158E+03   2.3810653499463710E+03   3.5812956463682845E+03   4.4703272441551123E+00   2.5132271558526270E+06
   1.8100000000000000E+04   1.4335367187207282E+03   2.3903017155898506E+03   3.5814283437753429E+03   4.4814248354973758E+00   2.5227521460001315E+06
   1.8200000000000000E+04   1.4368926167192894E+03   2.3995208817058983E+03   3.5817084995264786E+03   4.4925074338618733E+00   2.5323035349278348E+06
   1.8300000000000000E+04   1.4402568056392911E+03   2.4087239121323773E+03   3.5821361242892353E+03   4.5035748877666322E+00   2.5418825073827347E+06
   1.8400000000000000E+04   1.4436300553159881E+03   2.4179118373139313E+03   3.5827111457351070E+03   4.5146270458396094E+00   2.5514903101128447E+06
   1.8500000000000000E+04   1.4470130996963035E+03   2.4270856542473616E+03   3.5834334095700278E+03   4.5256637567362432E+00   2.5611280950769386E+06
   1.8600000000000000E+04   1.4504066370584653E+03   2.4362463264232906E+03   3.5843026807231749E+03   4.5366848692768613E+00   2.5707969192535020E+06
   1.8700000000000000E+04   1.4538113302564893E+03   2.4453947838368340E+03   3.5853186444927364E+03   4.5476902323642410E+00   2.5804977444803319E+06
   1.8800000000000000E+04   1.4572278069968631E+03   2.4545319229803663E+03   3.5864809078835074E+03   4.5586796952034732E+00   2.5902315976834130E+06
   1.8900000000000000E+04   1.4606566601340367E+03   2.4636586069289801E+03   3.5877890008154268E+03   4.5696531071370421E+00   2.5999993720825450E+06
   1.9000000000000000E+04   1.4640984479962287E+03   2.4727756654061732E+03   3.5892423775173165E+03   4.5806103177822655E+00   2.6098019072788795E+06
   1.9100000000000000E+04   1.4675416734508140E+03   2.4818838948957714E+03   3.5907684481845363E+03   4.5915511770587623E+00   2.6196399089984572E+06
   1.9200000000000000E+04   1.4709986451515256E+03   2.4909840587769186E+03   3.5924378198026352E+03   4.6024755352434257E+00   2.6295141916249073E+06
   1.9300000000000000E+04   1.4744698195075446E+03   2.5000768874935711E+03   3.5942497201158662E+03   4.6133832429704071E+00   2.6394253967337548E+06
   1.9400000000000000E+04   1.4779556199720746E+03   2.5091630787487020E+03   3.5962033072012237E+03   4.6242741512311341E+00   2.6493741142897853E+06
   1.9500000000000000E+04   1.4814564374828315E+03   2.5182432976912314E+03   3.5982976710977828E+03   4.6351481115941633E+00   2.6593609241842292E+06
   1.9600000000000000E+04   1.4849726309035555E+03   2.5273181771974077E+03   3.6005318352127238E+03   4.6460049759303521E+00   2.6693862337137000E+06
   1.9700000000000000E+04   1.4885045275092266E+03   2.5363883180727416E+03   3.6029047581149202E+03   4.6568445968525731E+00   2.6794506050757775E+06
   1.9800000000000000E+04   1.4920524234575159E+03   2.5454542893876446E+03   3.6054153349421531E+03   4.6676668273584516E+00   2.6895543473134171E+06
   1.9900000000000000E+04   1.4956165843027304E+03   2.5545166287376492E+03   3.6080623991813868E+03   4.6784715211601613E+00   2.6996978032417330E+06
   2.0000000000000000E+04   1.4991972455065195E+03   2.5635758425839649E+03   3.6108447242379975E+03   4.6892585325744705E+00   2.7098812685517855E+06
   2.0100000000000000E+04   1.5027831533972490E+03   2.5726324065862000E+03   3.6136947602455848E+03   4.7000277166052138E+00   2.7201049098116290E+06
   2.0200000000000000E+04   1.5063857579848388E+03   2.5816867659534632E+03   3.6166767695652629E+03   4.7107789290257207E+00   2.7303690134309856E+06
   2.0300000000000000E+04   1.5100052074786752E+03   2.5907393358328382E+03   3.6197893503048845E+03   4.7215120262963746E+00   2.7406735722944411E+06
   2.0400000000000000E+04   1.5136416222476871E+03   2.5997905016763066E+03   3.6230310475775491E+03   4.7322268657844822E+00   2.7510187843079520E+06
   2.0500000000000000E+04   1.5172950953863692E+03   2.6088406196667552E+03   3.6264003551063174E+03   4.7429233056268396E+00   2.7614045544608710E+06
   2.0600000000000000E+04   1.5209656933043207E+03   2.6178900171245523E+03   3.6298957169837040E+03   4.7536012048671727E+00   2.7718309537451328E+06
   2.0700000000000000E+04   1.5246534563196258E+03   2.6269389929381905E+03   3.6335155293886069E+03   4.7642604235110602E+00   2.7822978865184598E+06
   2.0800000000000000E+04   1.5283583992504466E+03   2.6359878180224941E+03   3.6372581422249650E+03   4.7749008224435343E+00   2.7928051741924011E+06
   2.0900000000000000E+04   1.5320805120317536E+03   2.6450367357551913E+03   3.6411218609309908E+03   4.7855222636489065E+00   2.8033527243573484E+06
   2.1000000000000000E+04   1.5358197603147235E+03   2.6540859624637492E+03   3.6451049480815241E+03   4.7961246100733659E+00   2.8139402795456853E+06
   2.1100000000000000E+04   1.5395651176963661E+03   2.6631356878924576E+03   3.6491440035279484E+03   4.8067077257623936E+00   2.8245675862190239E+06
   2.1200000000000000E+04   1.5433273014020774E+03   2.6721860756859305E+03   3.6532981972424964E+03   4.8172714759432003E+00   2.8352344385131421E+06
   2.1300000000000000E+04   1.5471062080520323E+03   2.6812372639026694E+03   3.6575656709559057E+03   4.8278157268873221E+00   2.8459403401402668E+06
   2.1400000000000000E+04   1.5509017125218950E+03   2.6902893655014091E+03   3.6619445306650132E+03   4.8383403461304884E+00   2.8566850988026620E+06
   2.1500000000000000E+04   1.5547136685571627E+03   2.6993424688668229E+03   3.6664328482113478E+03   4.8488452023626669E+00   2.8674681054058494E+06
   2.1600000000000000E+04   1.5585419094114338E+03   2.7083966383137172E+03   3.6710286630300843E+03   4.8593301656204506E+00   2.8782890150228264E+06
   2.1700000000000000E+04   1.5623862484611225E+03   2.7174519146246907E+03   3.6757299837035685E+03   4.8697951071771604E+00   2.8891473653990077E+06
   2.1800000000000000E+04   1.5662464798321616E+03   2.7265083155775819E+03   3.6805347896002791E+03   4.8802398995977470E+00   2.9000425342147364E+06
   2.1900000000000000E+04   1.5701223790330030E+03   2.7355658364715582E+03   3.6854410325509766E+03   4.8906644168762545E+00   2.9109739537267019E+06
   2.2000000000000000E+04   1.5740137035672678E+03   2.7446244506752646E+03   3.6904466383735453E+03   4.9010685343533487E+00   2.9219411124115256E+06
   2.2100000000000000E+04   1.5779096702571169E+03   2.7536841101627224E+03   3.6954917871900307E+03   4.9114521288262667E+00   2.9329432981397621E+06
   2.2200000000000000E+04   1.5818203719026749E+03   2.7627447460627618E+03   3.7006314860740922E+03   4.9218150785212993E+00   2.9439798997767083E+06
   2.2300000000000000E+04   1.5857455160808479E+03   2.7718062692060766E+03   3.7058635919421913E+03   4.9321572631213142E+00   2.9550501065940801E+06
   2.2400000000000000E+04   1.5896847948714935E+03   2.7808685706704305E+03   3.7111859422076186E+03   4.9424785638481730E+00   2.9661532975248722E+06
   2.2500000000000000E+04   1.5936378854617831E+03   2.7899315223311428E+03   3.7165963562811403E+03   4.9527788634902237E+00   2.9772886968927062E+06
   2.2600000000000000E+04   1.5976044507371350E+03   2.7989949774168667E+03   3.7220926369965796E+03   4.9630580463473377E+00   2.9884554611468641E+06
   2.2700000000000000E+04   1.6015841398859422E+03   2.8080587710535110E+03   3.7276725721407006E+03   4.9733159983683208E+00   2.9996528100090134E+06
   2.2800000000000000E+04   1.6055765889792699E+03   2.8171227208195428E+03   3.7333339358354347E+03   4.9835526070959446E+00   3.0108798973284867E+06
   2.2900000000000000E+04   1.6095814215524440E+03   2.8261866272949401E+03   3.7390744899514448E+03   4.9937677616944356E+00   3.0221358552827514E+06
   2.3000000000000000E+04   1.6135982491860857E+03   2.8352502746062241E+03   3.7448919855354043E+03   5.0039613530319178E+00   3.0334197516326131E+06
   2.3100000000000000E+04   1.6176165656862493E+03   2.8443134309741940E+03   3.7507298291397733E+03   5.0141332736803994E+00   3.0447307215280812E+06
   2.3200000000000000E+04   1.6216459289351831E+03   2.8533758492589786E+03   3.7566395468061787E+03   5.0242834179158047E+00   3.0560678814176032E+06
   2.3300000000000000E+04   1.6256859185892172E+03   2.8624372675030495E+03   3.7626188665260302E+03   5.0344116816904654E+00   3.0674301104925270E+06
   2.3400000000000000E+04   1.6297361046166677E+03   2.8714974094634699E+03   3.7686655110365191E+03   5.0445179627980128E+00   3.0788165333857145E+06
   2.3500000000000000E+04   1.6337960478192772E+03   2.8805559851520111E+03   3.7747771989945845E+03   5.0546021607634790E+00   3.0902260828724639E+06
   2.3600000000000000E+04   1.6378653003705606E+03   2.8896126913626504E+03   3.7809516462760344E+03   5.0646641769531806E+00   3.1016578519234974E+06
   2.3700000000000000E+04   1.6419434063195279E+03   2.8986672122023547E+03   3.7871865670968446E+03   5.0747039144648332E+00   3.1131106546626529E+06
   2.3800000000000000E+04   1.6460299021254539E+03   2.9077192196070127E+03   3.7934796753385276E+03   5.0847212783473745E+00   3.1245835553898867E+06
   2.3900000000000000E+04   1.6501243171302299E+03   2.9167683738654991E+03   3.7998286855403371E+03   5.0947161753811301E+00   3.1360754731254084E+06
   2.4000000000000000E+04   1.6542261740719857E+03   2.9258143241266839E+03   3.8062313141538029E+03   5.1046885142701797E+00   3.1475852701961403E+06
   2.4100000000000000E+04   1.6583252840752550E+03   2.9348567089079456E+03   3.8126339789542008E+03   5.1146382055873980E+00   3.1591118413361590E+06
   2.4200000000000000E+04   1.6624307411769416E+03   2.9438951565960047E+03   3.8190852186298648E+03   5.1245651617744414E+00   3.1706541146932449E+06
   2.4300000000000000E+04   1.6665420518630469E+03   2.9529292859405473E+03   3.8255827645296408E+03   5.1344692972242063E+00   3.1822109640793549E+06
   2.4400000000000000E+04   1.6706587179051185E+03   2.9619587065438900E+03   3.8321243542942461E+03   5.1443505282258686E+00   3.1937812539214739E+06
   2.4500000000000000E+04   1.6747802367980917E+03   2.9709830193428797E+03   3.8387077328205401E+03   5.1542087729373858E+00   3.2053638399442229E+06
   2.4600000000000000E+04   1.6789061022107428E+03   2.9800018170828262E+03   3.8453306533188747E+03   5.1640439515229195E+00   3.2169575254299203E+06
   2.4700000000000000E+04   1.6830358043968390E+03   2.9890146847867304E+03   3.8519908781849063E+03   5.1738559860703921E+00   3.2285611508224937E+06
   2.4800000000000000E+04   1.6871688306111137E+03   2.9980212002160806E+03   3.8586861799244411E+03   5.1836448006189570E+00   3.2401736392507302E+06
   2.4900000000000000E+04   1.6913046655115570E+03   3.0070209343245238E+03   3.8654143420316323E+03   5.1934103211590097E+00   3.2517936850523837E+06
   2.5000000000000000E+04   1.6954427915597241E+03   3.0160134517042598E+03   3.8721731598818665E+03   5.2031524756871450E+00   3.2634202003616313E+06
   2.5100000000000000E+04   1.6995733762738978E+03   3.0249983110243256E+03   3.8789119307299893E+03   5.2128711941237071E+00   3.2750519588828241E+06
   2.5200000000000000E+04   1.7037051042323599E+03   3.0339750654613017E+03   3.8856765587376399E+03   5.2225664083677694E+00   3.2866877302645724E+06
   2.5300000000000000E+04   1.7078374543561172E+03   3.0429432631228683E+03   3.8924648833954461E+03   5.2322380523520868E+00   3.2983263703635372E+06
   2.5400000000000000E+04   1.7119699048515463E+03   3.0519024474618591E+03   3.8992747593241934E+03   5.2418860619606491E+00   3.3099666876741285E+06
   2.5500000000000000E+04   1.7161019335524293E+03   3.0608521576824187E+03   3.9061040569933907E+03   5.2515103750286807E+00   3.3216073988300669E+06
   2.5600000000000000E+04   1.7202330182691735E+03   3.0697919291402741E+03   3.9129506634984527E+03   5.2611109314525786E+00   3.3332473983881385E+06
   2.5700000000000000E+04   1.7243626370864708E+03   3.0787212937297681E+03   3.9198124831038317E+03   5.2706876730250114E+00   3.3448853555001286E+06
   2.5800000000000000E+04   1.7284902687102740E+03   3.0876397802701299E+03   3.9266874380542426E+03   5.2802405436547772E+00   3.3565201634778371E+06
   2.5900000000000000E+04   1.7326153927374421E+03   3.0965469148739880E+03   3.9335734690258132E+03   5.2897694891469405E+00   3.3681506259949682E+06
   2.6000000000000000E+04   1.7367374899622696E+03   3.1054422213135440E+03   3.9404685357829403E+03   5.2992744572852999E+00   3.3797754573772307E+06
   2.6100000000000000E+04   1.7408471173503765E+03   3.1143252213785440E+03   3.9473247285325679E+03   5.3087553978873174E+00   3.3913935080821123E+06
   2.6200000000000000E+04   1.7449525901946506E+03   3.1231954352225912E+03   3.9541855660896158E+03   5.3182122627492019E+00   3.4030035853293422E+06
   2.6300000000000000E+04   1.7490533953920915E+03   3.1320523817001449E+03   3.9610490730600663E+03   5.3276450055908882E+00   3.4146044533393737E+06
   2.6400000000000000E+04   1.7531490221419976E+03   3.1408955787008586E+03   3.9679132954245447E+03   5.3370535821660212E+00   3.4261949240782065E+06
   2.6500000000000000E+04   1.7572389621799027E+03   3.1497245434687497E+03   3.9747763009471996E+03   5.3464379501794586E+00   3.4377738125568368E+06
   2.6600000000000000E+04   1.7613227100159022E+03   3.1585387929154208E+03   3.9816361796260717E+03   5.3557980692873173E+00   3.4493399373704600E+06
   2.6700000000000000E+04   1.7653997631688262E+03   3.1673378439260805E+03   3.9884910441425932E+03   5.3651339011244223E+00   3.4608921210537744E+06
   2.6800000000000000E+04   1.7694696223686119E+03   3.1761212136507411E+03   3.9953390301808663E+03   5.3744454091943821E+00   3.4724291452439809E+06
   2.6900000000000000E+04   1.7735317918059723E+03   3.1848884198024853E+03   4.0021782969855776E+03   5.3837325590894780E+00   3.4839498868756713E+06
   2.7000000000000000E+04   1.7775857792897882E+03   3.1936389809237676E+03   4.0090070275078551E+03   5.3929953182157888E+00   3.4954531827729200E+06
   2.7100000000000000E+04   1.7816225558834687E+03   3.2023724166637630E+03   4.0157800379679247E+03   5.4022336559306510E+00   3.5069378300132933E+06
   2.7200000000000000E+04   1.7856500962898383E+03   3.2110882480397395E+03   4.0225386364664678E+03   5.4114475435151457E+00   3.5184026767931678E+06
   2.7300000000000000E+04   1.7896679212179051E+03   3.2197859976931636E+03   4.0292810838810019E+03   5.4206369542016004E+00   3.5298466682847706E+06
   2.7400000000000000E+04   1.7936755557323115E+03   3.2284651901260677E+03   4.0360056660909750E+03   5.4298018630086746E+00   3.5412685748518547E+06
   2.7500000000000000E+04   1.7976725294557218E+03   3.2371253519520442E+03   4.0427106944130105E+03   5.4389422469612354E+00   3.5526673552016169E+06
   2.7600000000000000E+04   1.8016583766858955E+03   3.2457660121128333E+03   4.0493945056641292E+03   5.4480580848705022E+00   3.5640418391365544E+06
   2.7700000000000000E+04   1.8056326365588111E+03   3.2543867021049941E+03   4.0560554624489873E+03   5.4571493574164691E+00   3.5753909092982905E+06
   2.7800000000000000E+04   1.8095948532000514E+03   3.2629869561978744E+03   4.0626919534070284E+03   5.4662160472028987E+00   3.5867135470168251E+06
   2.7900000000000000E+04   1.8135445758191447E+03   3.2715663116246274E+03   4.0693023932196279E+03   5.4752581385374413E+00   3.5980085599458585E+06
   2.8000000000000000E+04   1.8174813588817194E+03   3.2801243087977832E+03   4.0758852229772629E+03   5.4842756176789917E+00   3.6092749458139334E+06
   2.8100000000000000E+04   1.8213966031922321E+03   3.2886604914824688E+03   4.0823979217662054E+03   5.4932684725903433E+00   3.6205116200430100E+06
   2.8200000000000000E+04   1.8252979627975847E+03   3.2971744069916381E+03   4.0888797098492805E+03   5.5022366931030691E+00   3.6317175068758540E+06
   2.8300000000000000E+04   1.8291850093383684E+03   3.3056656063516562E+03   4.0953291125230139E+03   5.5111802707801330E+00   3.6428916305316170E+06
   2.8400000000000000E+04   1.8330573201333339E+03   3.3141336444772310E+03   4.1017446819294191E+03   5.5200991989983175E+00   3.6540329335829066E+06
   2.8500000000000000E+04   1.8369144782427111E+03   3.3225780803193998E+03   4.1081249970042227E+03   5.5289934727833483E+00   3.6651403224741975E+06
   2.8600000000000000E+04   1.8407560725925653E+03   3.3309984770354777E+03   4.1144686637015693E+03   5.5378630890022498E+00   3.6762128953858535E+06
   2.8700000000000000E+04   1.8445816980261156E+03   3.3393944021229422E+03   4.1207743149123262E+03   5.5467080461984599E+00   3.6872496238013692E+06
   2.8800000000000000E+04   1.8483909553747701E+03   3.3477654275570985E+03   4.1270406104796039E+03   5.5555283445643582E+00   3.6982494891800652E+06
   2.8900000000000000E+04   1.8521834515500614E+03   3.3561111299344975E+03   4.1332662373134935E+03   5.5643239860511811E+00   3.7092115742462715E+06
   2.9000000000000000E+04   1.8559587995881097E+03   3.3644310905905472E+03   4.1394499093117629E+03   5.5730949742590994E+00   3.7201349720599367E+06
   2.9100000000000000E+04   1.8597088371281429E+03   3.3727248957122474E+03   4.1455516999785368E+03   5.5818413143547732E+00   3.7310186039727326E+06
   2.9200000000000000E+04   1.8634409111155426E+03   3.3809921364704983E+03   4.1516088300646561E+03   5.5905630132637123E+00   3.7418616752123609E+06
   2.9300000000000000E+04   1.8671546540400743E+03   3.3892324091022733E+03   4.1576200987315269E+03   5.5992600793954805E+00   3.7526631739755054E+06
   2.9400000000000000E+04   1.8708497047441952E+03   3.3974453150364170E+03   4.1635843321360908E+03   5.6079325228910166E+00   3.7634222815526691E+06
   2.9500000000000000E+04   1.8745257084036659E+03   3.4056304609600725E+03   4.1695003831275071E+03   5.6165803553203304E+00   3.7741380534591717E+06
   2.9600000000000000E+04   1.8781823166060790E+03   3.4137874589305434E+03   4.1753671313638961E+03   5.6252035899023687E+00   3.7848096473962241E+06
   2.9700000000000000E+04   1.8818191873601274E+03   3.4219159264490777E+03   4.1811834831455753E+03   5.6338022413950801E+00   3.7954361866497896E+06
   2.9800000000000000E+04   1.8854359851111462E+03   3.4300154865340060E+03   4.1869483712831170E+03   5.6423763260404565E+00   3.8060168512525880E+06
   2.9900000000000000E+04   1.8890323807688110E+03   3.4380857677970357E+03   4.1926607550231993E+03   5.6509258615920066E+00   3.8165508325130097E+06
   3.0000000000000000E+04   1.8926080517199207E+03   3.4461264045085968E+03   4.1983196199194163E+03   5.6594508672872834E+00   3.8270372875519232E+06
   3.0100000000000000E+04   1.8961552720631996E+03   3.4541370366579267E+03   4.2038875558928057E+03   5.6679513638203991E+00   3.8374753848655494E+06
   3.0200000000000000E+04   1.8996810908355274E+03   3.4621173100110968E+03   4.2093998509281864E+03   5.6764273733420083E+00   3.8478643955136472E+06
   3.0300000000000000E+04   1.9031852056112502E+03   3.4700668761579786E+03   4.2148555729043210E+03   5.6848789194043841E+00   3.8582035565097984E+06
   3.0400000000000000E+04   1.9066673204602848E+03   3.4779853925604766E+03   4.2202538154289496E+03   5.6933060269613671E+00   3.8684920707751559E+06
   3.0500000000000000E+04   1.9101271459477609E+03   3.4858725225962630E+03   4.2255936976864805E+03   5.7017087223684078E+00   3.8787291528391284E+06
   3.0600000000000000E+04   1.9135643991190400E+03   3.4937279355915566E+03   4.2308743642319450E+03   5.7100870333275751E+00   3.8889142109694341E+06
   3.0700000000000000E+04   1.9169788034984824E+03   3.5015513068591708E+03   4.2360949848462251E+03   5.7184409889150567E+00   3.8990464828222394E+06
   3.0800000000000000E+04   1.9203700890567632E+03   3.5093423177158193E+03   4.2412547542696057E+03   5.7267706194712220E+00   3.9091252176208203E+06
   3.0900000000000000E+04   1.9237379922149291E+03   3.5171006555183285E+03   4.2463528920887611E+03   5.7350759566830618E+00   3.9191498128131679E+06
   3.1000000000000000E+04   1.9270822558115274E+03   3.5248260136760259E+03   4.2513886424796901E+03   5.7433570335017512E+00   3.9291195408100039E+06
   3.1100000000000000E+04   1.9303955838506047E+03   3.5325180916656218E+03   4.2563270229089312E+03   5.7516138841151649E+00   3.9390337311114785E+06
   3.1200000000000000E+04   1.9336847339715555E+03   3.5401765950563358E+03   4.2612014434989851E+03   5.7598465440303359E+00   3.9488918613711521E+06
   3.1300000000000000E+04   1.9369494687813244E+03   3.5478012355001515E+03   4.2660112248821406E+03   5.7680550499085319E+00   3.9586932386353994E+06
   3.1400000000000000E+04   1.9401895572024107E+03   3.5553917307461002E+03   4.2707557114185629E+03   5.7762394396202481E+00   3.9684372270052480E+06
   3.1500000000000000E+04   1.9434047744443146E+03   3.5629478046444406E+03   4.2754342709784441E+03   5.7843997522451902E+00   3.9781233385242526E+06
   3.1600000000000000E+04   1.9465949019437176E+03   3.5704691871293389E+03   4.2800462946050238E+03   5.7925360279348856E+00   3.9877508237124449E+06
   3.1700000000000000E+04   1.9497597273779745E+03   3.5779556142455672E+03   4.2845911964702318E+03   5.8006483081325086E+00   3.9973192629173184E+06
   3.1800000000000000E+04   1.9528990445662698E+03   3.5854068281029199E+03   4.2890684133919649E+03   5.8087366352705985E+00   4.0068281112847175E+06
   3.1900000000000000E+04   1.9560126534675469E+03   3.5928225768896391E+03   4.2934774047357541E+03   5.8168010529359551E+00   4.0162768352690320E+06
   3.2000000000000000E+04   1.9591003601242694E+03   3.6002026148500781E+03   4.2978176521069663E+03   5.8248416057871779E+00   4.0256648217117335E+06
   3.2100000000000000E+04   1.9621552871435215E+03   3.6075467022668358E+03   4.3020565018199886E+03   5.8328583395271885E+00   4.0349916503368355E+06
   3.2200000000000000E+04   1.9651839057634572E+03   3.6148546054440212E+03   4.3062255355987509E+03   5.8408513009032399E+00   4.0442568211201765E+06
   3.2300000000000000E+04   1.9681860405991617E+03   3.6221260966842210E+03   4.3103243038072851E+03   5.8488205376794182E+00   4.0534598450648785E+06
   3.2400000000000000E+04   1.9711615221700208E+03   3.6293609542707973E+03   4.3143523780257092E+03   5.8567660986641465E+00   4.0626002895629401E+06
   3.2500000000000000E+04   1.9741101868233852E+03   3.6365589624243821E+03   4.3183093506809328E+03   5.8646880335727447E+00   4.0716776421022993E+06
   3.2600000000000000E+04   1.9770318767100482E+03   3.6437199112922617E+03   4.3221948348802216E+03   5.8725863931373850E+00   4.0806915824932167E+06
   3.2700000000000000E+04   1.9799264397111831E+03   3.6508435969042562E+03   4.3260084640604227E+03   5.8804612289971558E+00   4.0896416197709660E+06
   3.2800000000000000E+04   1.9827937293876546E+03   3.6579298211421528E+03   4.3297498917262446E+03   5.8883125936980472E+00   4.0985273190460107E+06
   3.2900000000000000E+04   1.9856336049342549E+03   3.6649783917113923E+03   4.3334187912096668E+03   5.8961405407204586E+00   4.1073483013388063E+06
   3.3000000000000000E+04   1.9884459311150126E+03   3.6719891220988061E+03   4.3370148553594472E+03   5.9039451244242036E+00   4.1161042886921586E+06
   3.3100000000000000E+04   1.9912242343285527E+03   3.6789618315324656E+03   4.3405076525246814E+03   5.9117264000210588E+00   4.1247948323311210E+06
   3.3200000000000000E+04   1.9939747038666474E+03   3.6858963449439557E+03   4.3439269848295298E+03   5.9194844235747430E+00   4.1334195843696832E+06
   3.3300000000000000E+04   1.9966972213817992E+03   3.6927924929206952E+03   4.3472726051905793E+03   5.9272192519459592E+00   4.1419782523465864E+06
   3.3400000000000000E+04   1.9993916738612488E+03   3.6996501116692266E+03   4.3505442849075225E+03   5.9349309428198866E+00   4.1504704634015565E+06
   3.3500000000000000E+04   2.0020579535638694E+03   3.7064690429687685E+03   4.3537418133701540E+03   5.9426195546786698E+00   4.1588959451356740E+06
   3.3600000000000000E+04   2.0046959579562933E+03   3.7132491341233294E+03   4.3568649977646301E+03   5.9502851467739672E+00   4.1672543897940735E+06
   3.3700000000000000E+04   2.0073055896424692E+03   3.7199902379081527E+03   4.3599136627574289E+03   5.9579277790719800E+00   4.1755454994091536E+06
   3.3800000000000000E+04   2.0098867563226290E+03   3.7266922125363735E+03   4.3628876502912226E+03   5.9655475123358821E+00   4.1837690308885504E+06
   3.3900000000000000E+04   2.0124393706916785E+03   3.7333549215814837E+03   4.3657868191564776E+03   5.9731444079334670E+00   4.1919246603456419E+06
   3.4000000000000000E+04   2.0149633504212834E+03   3.7399782339591220E+03   4.3686110448771942E+03   5.9807185280294979E+00   4.2000122088365806E+06
   3.4100000000000000E+04   2.0174526085096131E+03   3.7465620238604729E+03   4.3713320052951312E+03   5.9882699354758060E+00   4.2080314615708524E+06
   3.4200000000000000E+04   2.0199130567652919E+03   3.7531061706797582E+03   4.3739777735792177E+03   5.9957986936738648E+00   4.2159821227538306E+06
   3.4300000000000000E+04   2.0223446278175625E+03   3.7596105589937151E+03   4.3765482763595301E+03   6.0033048667671656E+00   4.2238640410547955E+06
   3.4400000000000000E+04   2.0247472589842469E+03   3.7660750784875281E+03   4.3790434557415274E+03   6.0107885195038069E+00   4.2316769839579854E+06
   3.4500000000000000E+04   2.0271208922040332E+03   3.7724996238974040E+03   4.3814632690148819E+03   6.0182497172090228E+00   4.2394207729096469E+06
   3.4600000000000000E+04   2.0294654739806990E+03   3.7788840949614232E+03   4.3838076884077655E+03   6.0256885258126340E+00   4.2470951931190845E+06
   3.4700000000000000E+04   2.0317809553272168E+03   3.7852283963699506E+03   4.3860767008418206E+03   6.0331050118765797E+00   4.2547001734740129E+06
   3.4800000000000000E+04   2.0340672916612350E+03   3.7915324376790854E+03   4.3882703075110003E+03   6.0404992424024977E+00   4.2622354713775385E+06
   3.4900000000000000E+04   2.0363244427914240E+03   3.7977961332916129E+03   4.3903885237942386E+03   6.0478712850516061E+00   4.2697010325850686E+06
   3.5000000000000000E+04   2.0385523728128410E+03   3.8040194023693571E+03   4.3924313788369700E+03   6.0552212079523136E+00   4.2770966313495515E+06
   3.5100000000000000E+04   2.0407453626338904E+03   3.8102021687859833E+03   4.3943725439428636E+03   6.0625490797551933E+00   4.2844222298258608E+06
   3.5200000000000000E+04   2.0429090515200951E+03   3.8163443610610866E+03   4.3962384175982597E+03   6.0698549695780288E+00   4.2916776634812066E+06
   3.5300000000000000E+04   2.0450434165126310E+03   3.8224459123171523E+03   4.3980290713058212E+03   6.0771389470882227E+00   4.2988628655408993E+06
   3.5400000000000000E+04   2.0471484386638654E+03   3.8285067601896690E+03   4.3997445891869693E+03   6.0844010823104657E+00   4.3059777321471591E+06
   3.5500000000000000E+04   2.0492241030179230E+03   3.8345268468022164E+03   4.4013850678794588E+03   6.0916414458190937E+00   4.3130222119998783E+06
   3.5600000000000000E+04   2.0512703985064472E+03   3.8405061186759581E+03   4.4029506161304089E+03   6.0988601085456970E+00   4.3199961270296723E+06
   3.5700000000000000E+04   2.0532873179112989E+03   3.8464445266904513E+03   4.4044413546316910E+03   6.1060571418890790E+00   4.3268995752703585E+06
   3.5800000000000000E+04   2.0552748577849738E+03   3.8523420260114731E+03   4.4058574157045005E+03   6.1132326176327876E+00   4.3337324382404322E+06
   3.5900000000000000E+04   2.0572330183955378E+03   3.8581985760375856E+03   4.4071989430731446E+03   6.1203866079726001E+00   4.3404946942037381E+06
   3.6000000000000000E+04   2.0591618036353266E+03   3.8640141403179837E+03   4.4084660915108316E+03   6.1275191853791151E+00   4.3471862391242338E+06
   3.6100000000000000E+04   2.0610558429377593E+03   3.8697886865373257E+03   4.4096344087219768E+03   6.1346304228451061E+00   4.3538071547405133E+06
   3.6200000000000000E+04   2.0629205085650196E+03   3.8755221863999764E+03   4.4107286766239095E+03   6.1417203935557074E+00   4.3603573955077725E+06
   3.6300000000000000E+04   2.0647558153686359E+03   3.8812146156101544E+03   4.4117490841021518E+03   6.1487891711082971E+00   4.3668369227903439E+06
   3.6400000000000000E+04   2.0665617815935293E+03   3.8868659537994404E+03   4.4126958301507320E+03   6.1558368294300365E+00   4.3732457491962742E+06
   3.6500000000000000E+04   2.0683384288065172E+03   3.8924761844590257E+03   4.4135691235944378E+03   6.1628634427228999E+00   4.3795839828575989E+06
   3.6600000000000000E+04   2.0700857818313038E+03   3.8980452948768111E+03   4.4143691828354040E+03   6.1698690854362175E+00   4.3858515156073701E+06
   3.6700000000000000E+04   2.0718038687202611E+03   3.9035732761041108E+03   4.4150962357298431E+03   6.1768538324040625E+00   4.3920484237698745E+06
   3.6800000000000000E+04   2.0770006979060599E+03   3.9090601228688065E+03   4.4316906388123052E+03   6.1838177586803624E+00   4.3981748341531986E+06
   3.6900000000000000E+04   2.0787499788010464E+03   3.9145058335079411E+03   4.4326585681626166E+03   6.1907609394839449E+00   4.4042306572842998E+06
   3.7000000000000000E+04   2.0804759737186396E+03   3.9199104099549922E+03   4.4335798364889679E+03   6.1976834504458633E+00   4.4102160763623705E+06
   3.7100000000000000E+04   2.0821995332100119E+03   3.9252738576237434E+03   4.4345489955568983E+03   6.2045853672796261E+00   4.4161310582279544E+06
   3.7200000000000000E+04   2.0838941910310232E+03   3.9305961853861891E+03   4.4354457747120714E+03   6.2114667659735625E+00   4.4219756643416313E+06
   3.7300000000000000E+04   2.0855418635177589E+03   3.9358774055113449E+03   4.4361884169525547E+03   6.2183277227633331E+00   4.4277501389964847E+06
   3.7400000000000000E+04   2.0872533255851813E+03   3.9411175335842686E+03   4.4372778993205957E+03   6.2251683139945291E+00   4.4334544216130786E+06
   3.7500000000000000E+04   2.0888922994314908E+03   3.9463165884702589E+03   4.4380976287546655E+03   6.2319886162326190E+00   4.4390885900869993E+06
   3.7600000000000000E+04   2.0867719755968737E+03   3.9514745922495144E+03   4.4220597792647459E+03   6.2387887062079388E+00   4.4446527718124073E+06
   3.7700000000000000E+04   2.0871948068205775E+03   3.9565915701722256E+03   4.4175626811118618E+03   6.2455686608706902E+00   4.4501471434925273E+06
   3.7800000000000000E+04   2.0886970180997851E+03   3.9616675505686603E+03   4.4179676381069530E+03   6.2523285571985650E+00   4.4555717541206256E+06
   3.7900000000000000E+04   2.0902847397779315E+03   3.9667025648403383E+03   4.4188121258376859E+03   6.2590684724440715E+00   4.4609267461378537E+06
   3.8000000000000000E+04   2.0920648370680638E+03   3.9716966473607199E+03   4.4205715470152500E+03   6.2657884838871940E+00   4.4662122666748231E+06
   3.8100000000000000E+04   2.0942214217659994E+03   3.9766498354419959E+03   4.4240647940401723E+03   6.2724886689453427E+00   4.4714283793996396E+06
   3.8200000000000000E+04   2.0962433072601821E+03   3.9815621692821346E+03   4.4270087240557305E+03   6.2791691051733256E+00   4.4765752849041969E+06
   3.8300000000000000E+04   2.0966781553540654E+03   3.9864336919021866E+03   4.4229363417271497E+03   6.2858298702084046E+00   4.4816531000995962E+06
   3.8400000000000000E+04   2.1000196649389700E+03   3.9912644490941520E+03   4.4318609104921543E+03   6.2924710417702832E+00   4.4866620343026528E+06
   3.8500000000000000E+04   2.1013797361704237E+03   3.9960544893693705E+03   4.4320155290061593E+03   6.2990926976611163E+00   4.4916021691615162E+06
   3.8600000000000000E+04   2.1026897669889076E+03   4.0008038639073552E+03   4.4320040391803259E+03   6.3056949157654998E+00   4.4964737224471522E+06
   3.8700000000000000E+04   2.1039489390443146E+03   4.0055126264896876E+03   4.4318231866076685E+03   6.3122777739680354E+00   4.5012768280954668E+06
   3.8800000000000000E+04   2.1052498057703342E+03   4.0101808334755501E+03   4.4318835159866831E+03   6.3188413502907359E+00   4.5060116680173222E+06
   3.8900000000000000E+04   2.1065126240107061E+03   4.0148085437263021E+03   4.4318309298727236E+03   6.3253857227556125E+00   4.5106784280010378E+06
   3.9000000000000000E+04   2.1039912763771008E+03   4.0193958185562274E+03   4.4151371432625692E+03   6.3319109693846709E+00   4.5152773413543757E+06
   3.9100000000000000E+04   2.1041318972402746E+03   4.0239427216993631E+03   4.4102815368702013E+03   6.3384171682823682E+00   4.5198085137055870E+06
   3.9200000000000000E+04   2.1055464821273222E+03   4.0284493192354184E+03   4.4110847042593023E+03   6.3449043974982047E+00   4.5242721857116884E+06
   3.9300000000000000E+04   2.1072396952992617E+03   4.0329156795680601E+03   4.4131619634896806E+03   6.3513727351641078E+00   4.5286685139992675E+06
   3.9400000000000000E+04   2.1093646778576267E+03   4.0373418733622261E+03   4.4171820911382256E+03   6.3578222594120293E+00   4.5329977898038542E+06
   3.9500000000000000E+04   2.1113462974895128E+03   4.0417279734766280E+03   4.4206218378528738E+03   6.3642530482639703E+00   4.5372601327814497E+06
   3.9600000000000000E+04   2.1124375788917000E+03   4.0460740549541501E+03   4.4202097894163990E+03   6.3706651798243916E+00   4.5414558405919839E+06
   3.9700000000000000E+04   2.1133788720689217E+03   4.0503801949502426E+03   4.4191957056183737E+03   6.3770587321427872E+00   4.5455850830434822E+06
   3.9800000000000000E+04   2.1143171610179911E+03   4.0546464726878658E+03   4.4182235291220431E+03   6.3834337832136843E+00   4.5496480331208743E+06
   3.9900000000000000E+04   2.1152367185055055E+03   4.0588729694234908E+03   4.4172242293891632E+03   6.3897904110316111E+00   4.5536449539880641E+06
   4.0000000000000000E+04   2.1162636922332149E+03   4.0630597683926931E+03   4.4167470710057960E+03   6.3961286935361308E+00   4.5575761550543075E+06
   4.0100000000000000E+04   2.1171249029392079E+03   4.0672069547667425E+03   4.4156014467568421E+03   6.4024487086118436E+00   4.5614417745017502E+06
   4.0200000000000000E+04   2.1120772852402852E+03   4.0713146155992081E+03   4.3889175585984731E+03   6.4087505340334214E+00   4.5652421271326877E+06
   4.0300000000000000E+04   2.1144170018685277E+03   4.0753828398099608E+03   4.3942931584485777E+03   6.4150342476030149E+00   4.5689774000756647E+06
   4.0400000000000000E+04   2.1155021468355480E+03   4.0794117181065421E+03   4.3942981763133603E+03   6.4212999269578814E+00   4.5726478264571587E+06
   4.0500000000000000E+04   2.1170203984873024E+03   4.0834013429639813E+03   4.3962203572745821E+03   6.4275476496803199E+00   4.5762536419324828E+06
   4.0600000000000000E+04   2.1184665926457728E+03   4.0873518085947176E+03   4.3978786517145154E+03   6.4337774933526219E+00   4.5797951712151282E+06
   4.0700000000000000E+04   2.1201544430107533E+03   4.0912632108661605E+03   4.4006246715050011E+03   6.4399895353372338E+00   4.5832726545197405E+06
   4.0800000000000000E+04   2.1207768853414973E+03   4.0951356472980729E+03   4.3988302381888780E+03   6.4461838529691002E+00   4.5866862911611805E+06
   4.0900000000000000E+04   2.1213946316039464E+03   4.0989692170023436E+03   4.3970686902344178E+03   6.4523605234457699E+00   4.5900363691719472E+06
   4.1000000000000000E+04   2.1220030735419359E+03   4.1027640206603637E+03   4.3953198262132510E+03   6.4585196239098206E+00   4.5933232217509355E+06
   4.1100000000000000E+04   2.1226039168758812E+03   4.1065201604584954E+03   4.3935906092378355E+03   6.4646612313114540E+00   4.5965469682399631E+06
   4.1200000000000000E+04   2.1232383050435828E+03   4.1102377400824798E+03   4.3920567156115239E+03   6.4707854225734014E+00   4.5997080751891658E+06
   4.1300000000000000E+04   2.1237968811863484E+03   4.1139168646379703E+03   4.3902497734958461E+03   6.4768922743710382E+00   4.6028066227683881E+06
   4.1400000000000000E+04   2.1206857546916040E+03   4.1175576406620148E+03   4.3728623223267186E+03   6.4829818633797434E+00   4.6058430378584210E+06
   4.1500000000000000E+04   2.1203865624951281E+03   4.1211601760446119E+03   4.3675369367114708E+03   6.4890542660550450E+00   4.6088175335564082E+06
   4.1600000000000000E+04   2.1210434416137837E+03   4.1247245800039736E+03   4.3663234889307523E+03   6.4951095586875747E+00   4.6117303248377796E+06
   4.1700000000000000E+04   2.1218868815566916E+03   4.1282509630783934E+03   4.3659481561722096E+03   6.5011478175404775E+00   4.6145818002210846E+06
   4.1800000000000000E+04   2.1230040866753370E+03   4.1317394370385691E+03   4.3667771905962554E+03   6.5071691185746019E+00   4.6173721777791027E+06
   4.1900000000000000E+04   2.1239420135074279E+03   4.1351901149125379E+03   4.3668923852643456E+03   6.5131735377507889E+00   4.6201018487856034E+06
   4.2000000000000000E+04   2.1252233033475341E+03   4.1386031108882835E+03   4.3685030224424590E+03   6.5191611507000999E+00   4.6227709485119944E+06
   4.2100000000000000E+04   2.1255244488887220E+03   4.1419785403450978E+03   4.3660188900791500E+03   6.5251320330535902E+00   4.6253799137190757E+06
   4.2200000000000000E+04   2.1257860493141980E+03   4.1453165197624930E+03   4.3634182086624787E+03   6.5310862601400137E+00   4.6279288825483210E+06
   4.2300000000000000E+04   2.1260275902619233E+03   4.1486171667365770E+03   4.3607831566547884E+03   6.5370239072331620E+00   4.6304182940522730E+06
   4.2400000000000000E+04   2.1262880599191576E+03   4.1518805999059641E+03   4.3582773788491249E+03   6.5429450493319914E+00   4.6328484171142150E+06
   4.2500000000000000E+04   2.1264969318066583E+03   4.1551069389477498E+03   4.3556041456451339E+03   6.5488497612980714E+00   4.6352194791563312E+06
   4.2600000000000000E+04   2.1267498316215692E+03   4.1582963045311508E+03   4.3531644899209878E+03   6.5547381177730930E+00   4.6375317941115843E+06
   4.2700000000000000E+04   2.1269485746522391E+03   4.1614488183145031E+03   4.3505463615327117E+03   6.5606101933163083E+00   4.6397857195250839E+06
   4.2800000000000000E+04   2.1214588623490722E+03   4.1645646028676692E+03   4.3242756893905580E+03   6.5664660621571809E+00   4.6419815284517044E+06
   4.2900000000000000E+04   2.1231048573172238E+03   4.1676437816860798E+03   4.3277947174310220E+03   6.5723057984152495E+00   4.6441195375052774E+06
   4.3000000000000000E+04   2.1233995523651338E+03   4.1706864791355329E+03   4.3257413931823057E+03   6.5781294759627045E+00   4.6462000640559094E+06
   4.3100000000000000E+04   2.1240016324975368E+03   4.1736928204457272E+03   4.3250077944883324E+03   6.5839371685343391E+00   4.6482233837690577E+06
   4.3200000000000000E+04   2.1248735919049332E+03   4.1766629316506132E+03   4.3254346797867029E+03   6.5897289495626286E+00   4.6501897730532866E+06
   4.3300000000000000E+04   2.1235171574848291E+03   4.1795969395989596E+03   4.3166835692939121E+03   6.5955048923701245E+00   4.6520995939459652E+06
   4.3400000000000000E+04   2.1234202723468334E+03   4.1824949719009555E+03   4.3131969006497657E+03   6.6012650700320394E+00   4.6539531665354241E+06
   4.3500000000000000E+04   2.1259560770463213E+03   4.1853571569074920E+03   4.3206180521846791E+03   6.6070095554037280E+00   4.6557508114628475E+06
   4.3600000000000000E+04   2.1258640603887393E+03   4.1881836236791014E+03   4.3172305603709765E+03   6.6127384210931996E+00   4.6574928075019056E+06
   4.3700000000000000E+04   2.1257730143576782E+03   4.1909745019714992E+03   4.3138940939103459E+03   6.6184517395161020E+00   4.6591794340320705E+06
   4.3800000000000000E+04   2.1256607132537470E+03   4.1937299222054144E+03   4.3105167365978023E+03   6.6241495828682009E+00   4.6608110132089527E+06
   4.3900000000000000E+04   2.1255413705851415E+03   4.1964500154529715E+03   4.3071567350607220E+03   6.6298320231804047E+00   4.6623879941624785E+06
   4.4000000000000000E+04   2.1254275071185639E+03   4.1991349133707572E+03   4.3038650602643074E+03   6.6354991320988344E+00   4.6639105306743421E+06
   4.4100000000000000E+04   2.1253033802371938E+03   4.2017847482407888E+03   4.3005766707412968E+03   6.6411509812146665E+00   4.6653789880855186E+06
   4.4200000000000000E+04   2.1217332236299048E+03   4.2043996528829093E+03   4.2832660591448084E+03   6.6467876417343197E+00   4.6667936896438478E+06
   4.4300000000000000E+04   2.1207962131575732E+03   4.2069797606912061E+03   4.2767793638544281E+03   6.6524091847817726E+00   4.6681550430246135E+06
   4.4400000000000000E+04   2.1206536179884265E+03   4.2095252055525852E+03   4.2735728276999116E+03   6.6580156810962450E+00   4.6694632034712620E+06
   4.4500000000000000E+04   2.1207814261314029E+03   4.2120361218732423E+03   4.2715064748698842E+03   6.6636072012795484E+00   4.6707185789180333E+06
   4.4600000000000000E+04   2.1210911495931236E+03   4.2145126445249125E+03   4.2702176756054450E+03   6.6691838156311940E+00   4.6719214511889685E+06
   4.4700000000000000E+04   2.1214923627799967E+03   4.2169549088452295E+03   4.2693378844215667E+03   6.6747455942583125E+00   4.6730721861507688E+06
   4.4800000000000000E+04   2.1202196848566227E+03   4.2193630506062482E+03   4.2617273042984170E+03   6.6802926070207027E+00   4.6741711076294975E+06
   4.4900000000000000E+04   2.1219189970726593E+03   4.2217372059779682E+03   4.2661713952291329E+03   6.6858249234483571E+00   4.6752184975096919E+06
   4.5000000000000000E+04   2.1215223840682397E+03   4.2240775115459383E+03   4.2621831293120422E+03   6.6913426129338802E+00   4.6762146377579132E+06
   4.5100000000000000E+04   2.1212395877284157E+03   4.2263841042594122E+03   4.2586973029645496E+03   6.6968457445675602E+00   4.6771599775759848E+06
   4.5200000000000000E+04   2.1208151315159344E+03   4.2286571214228279E+03   4.2546832504756612E+03   6.7023343871923453E+00   4.6780547149849338E+06
   4.5300000000000000E+04   2.1204496592961541E+03   4.2308967006661842E+03   4.2509493446568094E+03   6.7078086093488869E+00   4.6788991734221885E+06
   4.5400000000000000E+04   2.1200767002916996E+03   4.2331029799586750E+03   4.2472273459657008E+03   6.7132684794404147E+00   4.6796937595706191E+06
   4.5500000000000000E+04   2.1142160791078727E+03   4.2352760975475667E+03   4.2216103019486036E+03   6.7187140655128967E+00   4.6804387545507988E+06
   4.5600000000000000E+04   2.1153174464071681E+03   4.2374161919671797E+03   4.2238752637267035E+03   6.7241454353924413E+00   4.6811344809934534E+06
   4.5700000000000000E+04   2.1152116111612213E+03   4.2395234020106245E+03   4.2213620262103595E+03   6.7295626566303373E+00   4.6817811780083552E+06
   4.5800000000000000E+04   2.1151489816890808E+03   4.2415978667179916E+03   4.2190581074800502E+03   6.7349657965305250E+00   4.6823792509251283E+06
   4.5900000000000000E+04   2.1154535843868453E+03   4.2436397253648474E+03   4.2182507887886231E+03   6.7403549221770982E+00   4.6829291044732938E+06
   4.6000000000000000E+04   2.1132484574415153E+03   4.2456491174189141E+03   4.2075167282674483E+03   6.7457301002968801E+00   4.6834308521428583E+06
   4.6100000000000000E+04   2.1151917554199945E+03   4.2476261825560032E+03   4.2132802618063888E+03   6.7510913974243048E+00   4.6838849394746935E+06
   4.6200000000000000E+04   2.1145392472223866E+03   4.2495710606280400E+03   4.2087826210068506E+03   6.7564388798190027E+00   4.6842916454033367E+06
   4.6300000000000000E+04   2.1138757186712378E+03   4.2514838916528306E+03   4.2042824688265300E+03   6.7617726134932488E+00   4.6846513727500839E+06
   4.6400000000000000E+04   2.1132228593781874E+03   4.2533648157773996E+03   4.1998652150619573E+03   6.7670926641020648E+00   4.6849643166894047E+06
   4.6500000000000000E+04   2.1125430556402080E+03   4.2552139733111089E+03   4.1953818738311056E+03   6.7723990971905312E+00   4.6852308790194429E+06
   4.6600000000000000E+04   2.1118541823973214E+03   4.2570315046468504E+03   4.1909028659029718E+03   6.7776919778640181E+00   4.6854513367342334E+06
   4.6700000000000000E+04   2.1110037330652663E+03   4.2588175503054144E+03   4.1858282477625862E+03   6.7829713710904818E+00   4.6856260077080047E+06
   4.6800000000000000E+04   2.1103938445914828E+03   4.2605722508893368E+03   4.1817392577184055E+03   6.7882373415355772E+00   4.6857552917178348E+06
   4.6900000000000000E+04   2.1064473734515018E+03   4.2622957470637530E+03   4.1646257645811493E+03   6.7934899535351727E+00   4.6858393815708496E+06
   4.7000000000000000E+04   2.1050665166428321E+03   4.2639881795695201E+03   4.1576213247147471E+03   6.7987292712327578E+00   4.6858786345751360E+06
   4.7100000000000000E+04   2.1044700033793006E+03   4.2656496891886136E+03   4.1537183949885293E+03   6.8039553584695174E+00   4.6858734072343698E+06
   4.7200000000000000E+04   2.1042590894534528E+03   4.2672804167311433E+03   4.1513523195143398E+03   6.8091682787843357E+00   4.6858239318794813E+06
   4.7300000000000000E+04   2.1039123124159255E+03   4.2688805030492204E+03   4.1484906288486045E+03   6.8143680955512043E+00   4.6857306458560703E+06
   4.7400000000000000E+04   2.1038017751358693E+03   4.2704500889712890E+03   4.1465799596719298E+03   6.8195548717043994E+00   4.6855936980155520E+06
   4.7500000000000000E+04   2.1012881446289280E+03   4.2719893153537269E+03   4.1353828999580419E+03   6.8247286700682634E+00   4.6854135241077580E+06
   4.7600000000000000E+04   2.1028844267470076E+03   4.2734983230210328E+03   4.1401527404926728E+03   6.8298895531098731E+00   4.6851904357920280E+06
   4.7700000000000000E+04   2.1019612866854609E+03   4.2749772527700688E+03   4.1351912857660900E+03   6.8350375830214816E+00   4.6849246620447729E+06
   4.7800000000000000E+04   2.1010241911847561E+03   4.2764262453691936E+03   4.1302135281409019E+03   6.8401728217754840E+00   4.6846166358883847E+06
   4.7900000000000000E+04   2.1000960028577256E+03   4.2778454415258211E+03   4.1253075092449726E+03   6.8452953310144968E+00   4.6842665438343314E+06
   4.8000000000000000E+04   2.0991585406926679E+03   4.2792349818913417E+03   4.1204026107125965E+03   6.8504051721337769E+00   4.6838747353693619E+06
   4.8100000000000000E+04   2.0981895695568046E+03   4.2805950070450617E+03   4.1154130396667942E+03   6.8555024062537910E+00   4.6834415589954164E+06
   4.8200000000000000E+04   2.0972336466800834E+03   4.2819256574836809E+03   4.1105100934361535E+03   6.8605870942201497E+00   4.6829672398600429E+06
   4.8300000000000000E+04   2.0957265737370594E+03   4.2832270736109858E+03   4.1035294849230477E+03   6.8656592966036589E+00   4.6824521655092640E+06
   4.8400000000000000E+04   2.0917958853149044E+03   4.2844993957277784E+03   4.0873278872664400E+03   6.8707190737003012E+00   4.6818965594412191E+06
   4.8500000000000000E+04   2.0911366875963013E+03   4.2857427640220149E+03   4.0836822716006786E+03   6.8757664855312433E+00   4.6813008072823128E+06
   4.8600000000000000E+04   2.0905565759333790E+03   4.2869573185644313E+03   4.0803695970048393E+03   6.8808015918702958E+00   4.6806652121479912E+06
   4.8700000000000000E+04   2.0900294043697322E+03   4.2881431992832886E+03   4.0772890818432920E+03   6.8858244521614926E+00   4.6799899949518908E+06
   4.8800000000000000E+04   2.0893358886542287E+03   4.2893005459762462E+03   4.0736061545831358E+03   6.8908351256290130E+00   4.6792754977290733E+06
   4.8900000000000000E+04   2.0865011097648044E+03   4.2904294982855117E+03   4.0618315713737907E+03   6.8958336711947181E+00   4.6785220208208458E+06
   4.9000000000000000E+04   2.0878804694718083E+03   4.2915301957048068E+03   4.0660736473203024E+03   6.9008201475606272E+00   4.6777299446931696E+06
   4.9100000000000000E+04   2.0867206647264716E+03   4.2926027775339717E+03   4.0607169663939671E+03   6.9057946130165231E+00   4.6768993650375195E+06
   4.9200000000000000E+04   2.0855619029717245E+03   4.2936473829387915E+03   4.0553988909817690E+03   6.9107571257972173E+00   4.6760308223583940E+06
   4.9300000000000000E+04   2.0843839304262174E+03   4.2946641508587836E+03   4.0500425511095123E+03   6.9157077436428418E+00   4.6751244105628394E+06
   4.9400000000000000E+04   2.0832054608974877E+03   4.2956532200725751E+03   4.0447184386914550E+03   6.9206465241836099E+00   4.6741805464196242E+06
   4.9500000000000000E+04   2.0819964033814117E+03   4.2966147291376346E+03   4.0393129185028001E+03   6.9255735246649710E+00   4.6731994837771356E+06
   4.9600000000000000E+04   2.0808120022298313E+03   4.2975488164244534E+03   4.0340337653631336E+03   6.9304888021674902E+00   4.6721814756000713E+06
   4.9700000000000000E+04   2.0796154128065868E+03   4.2984556200776351E+03   4.0287419208852293E+03   6.9353924134419440E+00   4.6711269351168582E+06
   4.9800000000000000E+04   2.0753172547624949E+03   4.2993352780138266E+03   4.0118760698833107E+03   6.9402844149368059E+00   4.6700360324905459E+06
   4.9900000000000000E+04   2.0722387575514394E+03   4.3001879279302002E+03   3.9996496363051519E+03   6.9451648628806790E+00   4.6689090981322760E+06
   5.0000000000000000E+04   2.0726355681958830E+03   4.3010137072870193E+03   4.0004134992353424E+03   6.9500338132273622E+00   4.6677464210601160E+06


