#Te   kappa_tot   kappa_e_ph  kappa_e_e mu Ce
#[K]  [W/(K*m)]   [W/(K*m)]   [W/(K*m)]   [eV]  [J/(m^3*K)]
   3.0000000000000000E+02   7.2581050133964524E+01   7.2790460397001709E+01   2.5228983425759354E+04  -3.7364050332756973E+00   1.2668104975198583E+05
   4.0000000000000000E+02   9.1881968436089480E+01   9.2234530151599415E+01   2.4037465825945463E+04  -3.7304076021476695E+00   1.5797978143033184E+05
   5.0000000000000000E+02   1.0946635699474733E+02   1.0999583296937092E+02   2.2741056623616390E+04  -3.7260138683639781E+00   1.8707637476851293E+05
   6.0000000000000000E+02   1.2568102058273931E+02   1.2641742517711836E+02   2.1575464271918816E+04  -3.7223443933292875E+00   2.1381461954551795E+05
   7.0000000000000000E+02   1.4081961412576979E+02   1.4179979454722422E+02   2.0371955931973971E+04  -3.7189747046805697E+00   2.3840987535247958E+05
   8.0000000000000000E+02   1.5506219714102721E+02   1.5631748135523662E+02   1.9309517188312650E+04  -3.7157007167219960E+00   2.6109071465696261E+05
   9.0000000000000000E+02   1.6851830209895391E+02   1.7007734140854200E+02   1.8383849992367504E+04  -3.7124209501906269E+00   2.8204063520011347E+05
   1.0000000000000000E+03   1.8126855113542473E+02   1.8316053425075191E+02   1.7548383175228719E+04  -3.7090833171555913E+00   3.0141156959823758E+05
   1.1000000000000000E+03   1.9338663968311528E+02   1.9563913392827786E+02   1.6796488950928957E+04  -3.7056608023141693E+00   3.1933858277377958E+05
   1.2000000000000000E+03   2.0494020004067352E+02   2.0758034568346224E+02   1.6113337415713537E+04  -3.7021400266481193E+00   3.3594800291356025E+05
   1.3000000000000000E+03   2.1598700045800331E+02   2.1904685379312627E+02   1.5461941383749005E+04  -3.6985156617586195E+00   3.5136133024642314E+05
   1.4000000000000000E+03   2.2658189579526046E+02   2.3009677679490957E+02   1.4832867430725069E+04  -3.6947875204829144E+00   3.6569697582912573E+05
   1.5000000000000000E+03   2.3676242461045479E+02   2.4078408919651406E+02   1.4175380255081960E+04  -3.6909588672296616E+00   3.7907083390795987E+05
   1.6000000000000000E+03   2.4663994713150871E+02   2.5115940101983915E+02   1.3706510326184194E+04  -3.6870352869510370E+00   3.9159611854220869E+05
   1.7000000000000000E+03   2.5618078673336299E+02   2.6127079554608792E+02   1.3149792154802997E+04  -3.6830238261104351E+00   4.0338270726770518E+05
   1.8000000000000000E+03   2.6548019798550058E+02   2.7116450625105608E+02   1.2664479729643208E+04  -3.6789322928218811E+00   4.1453618732928863E+05
   1.9000000000000000E+03   2.7456646337727040E+02   2.8088533935288712E+02   1.2204970399521017E+04  -3.6747686796783623E+00   4.2515678683991946E+05
   2.0000000000000000E+03   2.8350234623437427E+02   2.9047684212967067E+02   1.1807429168615705E+04  -3.6705407012701849E+00   4.3533836636488221E+05
   2.1000000000000000E+03   2.9216212505998868E+02   2.9998126789796339E+02   1.1208794432250077E+04  -3.6662554451877001E+00   4.4516758558196924E+05
   2.2000000000000000E+03   3.0069124822783567E+02   3.0943940617866826E+02   1.0636035816647376E+04  -3.6619191322835603E+00   4.5472333647208120E+05
   2.3000000000000000E+03   3.0918951155844900E+02   3.1889034416577016E+02   1.0163823430878403E+04  -3.6575369771367283E+00   4.6407646081253997E+05
   2.4000000000000000E+03   3.1763714040737665E+02   3.2837121328938434E+02   9.7169913347776801E+03  -3.6531131344395971E+00   4.7328976162166888E+05
   2.5000000000000000E+03   3.2607170486315727E+02   3.3791695924422743E+02   9.3020508853761585E+03  -3.6486507148281713E+00   4.8241823989907751E+05
   2.6000000000000000E+03   3.3453749325485876E+02   3.4756015900246092E+02   8.9284257617801886E+03  -3.6441518522912486E+00   4.9150954058221373E+05
   2.7000000000000000E+03   3.4302685268950250E+02   3.5733089604481711E+02   8.5691919126791327E+03  -3.6396178065737241E+00   5.0060451011196320E+05
   2.8000000000000000E+03   3.5162256704939040E+02   3.6725669582256393E+02   8.2598617438017918E+03  -3.6350490857082538E+00   5.0973783944173489E+05
   2.9000000000000000E+03   3.6024943143774254E+02   3.7736251731655352E+02   7.9438993803874573E+03  -3.6304455768080151E+00   5.1893873692953889E+05
   3.0000000000000000E+03   3.6898791233693464E+02   3.8767079291675299E+02   7.6565193435362335E+03  -3.6258066756852529E+00   5.2823158942231233E+05
   3.1000000000000000E+03   3.7776612222669775E+02   3.9820150725029981E+02   7.3611061932542325E+03  -3.6211314088797693E+00   5.3763658377478365E+05
   3.2000000000000000E+03   3.8662963298668450E+02   4.0897230535681558E+02   7.0770769808721880E+03  -3.6164185439248584E+00   5.4717029643093294E+05
   3.3000000000000000E+03   3.9556729127486585E+02   4.1999862126959727E+02   6.8001912704146634E+03  -3.6116666854395119E+00   5.5684620792213373E+05
   3.4000000000000000E+03   4.0487392318377096E+02   4.3129381925724999E+02   6.6093984685610731E+03  -3.6068743563129866E+00   5.6667516202060133E+05
   3.5000000000000000E+03   4.1418478117112920E+02   4.4286934134498466E+02   6.3947203694467507E+03  -3.6020400641495298E+00   5.7666576090898179E+05
   3.6000000000000000E+03   4.2358548667345627E+02   4.5473485613541629E+02   6.1837234162551249E+03  -3.5971623539586832E+00   5.8682470981085056E+05
   3.7000000000000000E+03   4.3308380731651118E+02   4.6689840521170538E+02   5.9798475080441776E+03  -3.5922398483911304E+00   5.9715710386626492E+05
   3.8000000000000000E+03   4.4271529273570388E+02   4.7936654450069409E+02   5.7903315673121424E+03  -3.5872712770087674E+00   6.0766667637465126E+05
   3.9000000000000000E+03   4.5252615625244368E+02   4.9214447890489134E+02   5.6213447326734167E+03  -3.5822554963921411E+00   6.1835598118648701E+05
   4.0000000000000000E+03   4.6250895304143540E+02   5.0523618916216526E+02   5.4690235574274684E+03  -3.5771915024061931E+00   6.2922658697426657E+05
   4.1000000000000000E+03   4.7276310764571167E+02   5.1864455047037734E+02   5.3441215957592458E+03  -3.5720784362597580E+00   6.4027919703249971E+05
   4.2000000000000000E+03   4.8305678809961609E+02   5.3237144274462173E+02   5.2147914460599422E+03  -3.5669155854910102E+00   6.5151376496844250E+05
   4.3000000000000000E+03   4.9325660346528656E+02   5.4641785266774059E+02   5.0699375602190166E+03  -3.5617023811578834E+00   6.6292960739732650E+05
   4.4000000000000000E+03   5.0389785292369169E+02   5.6078396783785354E+02   4.9674307653795349E+03  -3.5564383922188725E+00   6.7452544801409298E+05
   4.5000000000000000E+03   5.1474370549985554E+02   5.7546926335427440E+02   4.8779985147340440E+03  -3.5511233175865184E+00   6.8629951363170228E+05
   4.6000000000000000E+03   5.2549293928434179E+02   5.9047258134272772E+02   4.7751751549785349E+03  -3.5457569770486614E+00   6.9824957259225857E+05
   4.7000000000000000E+03   5.3625726486175756E+02   6.0579220379830190E+02   4.6719027190045072E+03  -3.5403393012042228E+00   7.1037297408415680E+05
   4.8000000000000000E+03   5.4714320482276742E+02   6.2142591917108405E+02   4.5772286588892794E+03  -3.5348703208957923E+00   7.2266669513845886E+05
   4.9000000000000000E+03   5.5811053154654667E+02   6.3737108311130419E+02   4.4880272337874703E+03  -3.5293501566212604E+00   7.3512737723763974E+05
   5.0000000000000000E+03   5.6914629398840339E+02   6.5362467373484060E+02   4.4035889636159018E+03  -3.5237790081341158E+00   7.4775134394801082E+05
   5.1000000000000000E+03   5.8024252587790647E+02   6.7018334172406765E+02   4.3236084901476524E+03  -3.5181571442744302E+00   7.6053463554811466E+05
   5.2000000000000000E+03   5.9161301854659689E+02   6.8704345562312790E+02   4.2592684798029140E+03  -3.5124848934497837E+00   7.7347300244724099E+05
   5.3000000000000000E+03   6.0294539632724195E+02   7.0420114255055637E+02   4.1932912730979160E+03  -3.5067626344307135E+00   7.8656198923935893E+05
   5.4000000000000000E+03   6.1434056310990445E+02   7.2165232470009300E+02   4.1313299582099226E+03  -3.5009907880896742E+00   7.9979687952368043E+05
   5.5000000000000000E+03   6.2589107806499760E+02   7.3939275180917025E+02   4.0772907682962418E+03  -3.4951698096012978E+00   8.1317277198098809E+05
   5.6000000000000000E+03   6.3722564283493648E+02   7.5741802989372036E+02   4.0156136574419133E+03  -3.4893001813764575E+00   8.2668456386299699E+05
   5.7000000000000000E+03   6.4922848927250448E+02   7.7572364649342035E+02   3.9813531377042141E+03  -3.4833824066882904E+00   8.4032698975658068E+05
   5.8000000000000000E+03   6.6086490695377972E+02   7.9430499266855225E+02   3.9338126340450403E+03  -3.4774170039481720E+00   8.5409461401810416E+05
   5.9000000000000000E+03   6.7253776266733439E+02   8.1315738198749921E+02   3.8890664689765526E+03  -3.4714045015897517E+00   8.6798187758367718E+05
   6.0000000000000000E+03   6.8365446704336841E+02   8.3227606675836569E+02   3.8284425140340181E+03  -3.4653454336029554E+00   8.8198307171370334E+05
   6.1000000000000000E+03   6.9528162828608845E+02   8.5165625170330486E+02   3.7866818316449867E+03  -3.4592403354873453E+00   8.9609241337161162E+05
   6.2000000000000000E+03   7.0719764588046144E+02   8.7129310538973755E+02   3.7549877056084388E+03  -3.4530897410022061E+00   9.1030400044342619E+05
   6.3000000000000000E+03   7.1862605457704865E+02   8.9118176953935540E+02   3.7114183039081331E+03  -3.4468941791263314E+00   9.2461186407738540E+05
   6.4000000000000000E+03   7.3086229037592773E+02   9.1131736652292761E+02   3.6909324579694230E+03  -3.4406541716258294E+00   9.3900996321125701E+05
   6.5000000000000000E+03   7.4258278433047963E+02   9.3169500520073882E+02   3.6584662161173478E+03  -3.4343702309154946E+00   9.5349221366930252E+05
   6.6000000000000000E+03   7.5399872505114627E+02   9.5230978538075419E+02   3.6207781998511950E+03  -3.4280428584862572E+00   9.6805250534689950E+05
   6.7000000000000000E+03   7.6578359480050608E+02   9.7315680099725887E+02   3.5936538140090329E+03  -3.4216725434165292E+00   9.8268469788599305E+05
   6.8000000000000000E+03   7.7771586957244062E+02   9.9423114230303042E+02   3.5712461649499082E+03  -3.4152597614286875E+00   9.9738262268117152E+05
   6.9000000000000000E+03   7.8918472476440877E+02   1.0155278971334478E+03   3.5408141345794179E+03  -3.4088049739245849E+00   1.0121401627783955E+06
   7.0000000000000000E+03   8.0138380731034511E+02   1.0370421515682872E+03   3.5265833271554002E+03  -3.4023086276920047E+00   1.0269511815164635E+06
   7.1000000000000000E+03   8.1333051887635554E+02   1.0587689899344784E+03   3.5085336387614561E+03  -3.3957711543385618E+00   1.0418095801499747E+06
   7.2000000000000000E+03   8.2502239669700566E+02   1.0807034944748830E+03   3.4871744328361633E+03  -3.3891929702497583E+00   1.0567093199884004E+06
   7.3000000000000000E+03   8.3640257310248683E+02   1.1028407447193611E+03   3.4620371060492503E+03  -3.3825744766518850E+00   1.0716443869011628E+06
   7.4000000000000000E+03   8.4738136112394534E+02   1.1251758166423244E+03   3.4322247837197692E+03  -3.3759160596539624E+00   1.0866088454713845E+06
   7.5000000000000000E+03   8.5928183196460236E+02   1.1477037817867447E+03   3.4192994284053789E+03  -3.3692180905832103E+00   1.1015968458274950E+06
   7.6000000000000000E+03   8.7080615753206621E+02   1.1704197064071184E+03   3.4017443171811697E+03  -3.3624809264463233E+00   1.1166025946376896E+06
   7.7000000000000000E+03   8.8275535775768719E+02   1.1933186506446430E+03   3.3919283331149195E+03  -3.3557049102649437E+00   1.1316204216111100E+06
   7.8000000000000000E+03   8.9428329814396818E+02   1.2163956679188518E+03   3.3770895868256885E+03  -3.3488903717466103E+00   1.1466447142258114E+06
   7.9000000000000000E+03   9.0583394313371343E+02   1.2396458044623621E+03   3.3639105652982198E+03  -3.3420376277879691E+00   1.1616700224147404E+06
   8.0000000000000000E+03   9.1733589083320385E+02   1.2630640991586088E+03   3.3513436354911396E+03  -3.3351469832505538E+00   1.1766909451241842E+06
   8.1000000000000000E+03   9.2911404812215096E+02   1.2866455835840766E+03   3.3435945310888346E+03  -3.3282187315059306E+00   1.1917022652291434E+06
   8.2000000000000000E+03   9.3933873798139166E+02   1.3103852824102232E+03   3.3173618672109737E+03  -3.3212531552324478E+00   1.2066988813790472E+06
   8.3000000000000000E+03   9.5124780566488289E+02   1.3342782141173614E+03   3.3136513324191296E+03  -3.3142505272119926E+00   1.2216757920057350E+06
   8.4000000000000000E+03   9.6231390740879999E+02   1.3583193919641189E+03   3.3007867127343816E+03  -3.3072111108960809E+00   1.2366281782657220E+06
   8.5000000000000000E+03   9.7340184836844833E+02   1.3825038254005335E+03   3.2894775742327606E+03  -3.3001351613913394E+00   1.2515513197253027E+06
   8.6000000000000000E+03   9.8366179405892285E+02   1.4068265216728732E+03   3.2702193966905484E+03  -3.2930229259836645E+00   1.2664406993122576E+06
   8.7000000000000000E+03   9.9396087172012255E+02   1.4312824878403540E+03   3.2530721941273118E+03  -3.2858746449978780E+00   1.2812919059511446E+06
   8.8000000000000000E+03   1.0055554276876171E+03   1.4558667330548487E+03   3.2509836594470535E+03  -3.2786905525106032E+00   1.2961006992555165E+06
   8.9000000000000000E+03   1.0162198705180626E+03   1.4805742711300852E+03   3.2401738674536750E+03  -3.2714708770631593E+00   1.3108629925313185E+06
   9.0000000000000000E+03   1.0275524296525559E+03   1.5054001233694930E+03   3.2371769806718053E+03  -3.2642158423324950E+00   1.3255748778172056E+06
   9.1000000000000000E+03   1.0384599176344436E+03   1.5303393216313932E+03   3.2308651937456243E+03  -3.2569256677602034E+00   1.3402325854655625E+06
   9.2000000000000000E+03   1.0492680398552070E+03   1.5553869116875599E+03   3.2245740415375008E+03  -3.2496005693912133E+00   1.3548325078537881E+06
   9.3000000000000000E+03   1.0589666763513010E+03   1.5805379566291115E+03   3.2090283534919795E+03  -3.2422407602092624E+00   1.3693712361608045E+06
   9.4000000000000000E+03   1.0697744104372860E+03   1.6057875406072515E+03   3.2048289917747929E+03  -3.2348464509755592E+00   1.3838454833607464E+06
   9.5000000000000000E+03   1.0801054692694781E+03   1.6311307726087689E+03   3.1973001201791762E+03  -3.2274178506900966E+00   1.3982521420554058E+06
   9.6000000000000000E+03   1.0906965817755406E+03   1.6565627903902562E+03   3.1929939364967704E+03  -3.2199551671577322E+00   1.4125882631150803E+06
   9.7000000000000000E+03   1.1010315082531085E+03   1.6820787644784948E+03   3.1873857060877167E+03  -3.2124586074494772E+00   1.4268510928064187E+06
   9.8000000000000000E+03   1.1107874635782812E+03   1.7076739022791364E+03   3.1779290658036348E+03  -3.2049283784686073E+00   1.4410379899178010E+06
   9.9000000000000000E+03   1.1195248529256289E+03   1.7333434521587310E+03   3.1613917788937483E+03  -3.1973646872861319E+00   1.4551465224646956E+06
   1.0000000000000000E+04   1.1293034430370160E+03   1.7590827076411888E+03   3.1543403696764217E+03  -3.1897677417488448E+00   1.4691743705348000E+06
   1.0100000000000000E+04   1.1403713339603373E+03   1.7848870114445965E+03   3.1580829657309068E+03  -3.1821377506051278E+00   1.4831194378723253E+06
   1.0200000000000000E+04   1.1501030656931639E+03   1.8107517596714158E+03   3.1522822477205145E+03  -3.1744749241549215E+00   1.4969797140862108E+06
   1.0300000000000000E+04   1.1598134063011873E+03   1.8366724057657066E+03   3.1471802559702614E+03  -3.1667794743336084E+00   1.5107534132734903E+06
   1.0400000000000000E+04   1.1691435278090592E+03   1.8626444645634247E+03   3.1401525289143597E+03  -3.1590516152571371E+00   1.5244388193595198E+06
   1.0500000000000000E+04   1.1788892114229725E+03   1.8886635161045099E+03   3.1369479402931970E+03  -3.1512915633059109E+00   1.5380344404545147E+06
   1.0600000000000000E+04   1.1869212354085569E+03   1.9147252094319335E+03   3.1225825801465908E+03  -3.1434995374602499E+00   1.5515389042436085E+06
   1.0700000000000000E+04   1.1971087039081419E+03   1.9408252662482766E+03   3.1240111309072390E+03  -3.1356757595520004E+00   1.5649509687322336E+06
   1.0800000000000000E+04   1.2056792576392006E+03   1.9669594844148244E+03   3.1151764719020107E+03  -3.1278204544322676E+00   1.5782695752664821E+06
   1.0900000000000000E+04   1.2157327898380338E+03   1.9931237413314814E+03   3.1169720742006416E+03  -3.1199338502020586E+00   1.5914937515501555E+06
   1.1000000000000000E+04   1.2241750014464264E+03   2.0193139971277503E+03   3.1088825083172992E+03  -3.1120161783380804E+00   1.6046226916447717E+06
   1.1100000000000000E+04   1.2327958806021018E+03   2.0455262976912911E+03   3.1027710301389620E+03  -3.1040676738185451E+00   1.6176557415445247E+06
   1.1200000000000000E+04   1.2413533495122851E+03   2.0717567775481630E+03   3.0970274547964373E+03  -3.0960885753118745E+00   1.6305922971820985E+06
   1.1300000000000000E+04   1.2492675845580195E+03   2.0980016625133812E+03   3.0880879387343844E+03  -3.0880791252186310E+00   1.6434319583843937E+06
   1.1400000000000000E+04   1.2585612635299433E+03   2.1242572721649863E+03   3.0882756647266970E+03  -3.0800395697344221E+00   1.6561744424183723E+06
   1.1500000000000000E+04   1.2669937886467073E+03   2.1505200221673563E+03   3.0838875033615413E+03  -3.0719701590176354E+00   1.6688195217492804E+06
   1.1600000000000000E+04   1.2752732334932441E+03   2.1767864263279880E+03   3.0792643819205473E+03  -3.0638711471475055E+00   1.6813671385673080E+06
   1.1700000000000000E+04   1.2833001061324383E+03   2.2030530984974985E+03   3.0738451503673914E+03  -3.0557427921870173E+00   1.6938173443012105E+06
   1.1800000000000000E+04   1.2911061441779632E+03   2.2293167542667688E+03   3.0678448184254257E+03  -3.0475853562248285E+00   1.7061702814821261E+06
   1.1900000000000000E+04   1.2989813975769323E+03   2.2555742124381818E+03   3.0629008469360247E+03  -3.0393991053333536E+00   1.7184261801487044E+06
   1.2000000000000000E+04   1.3095237441253782E+03   2.2818223963467976E+03   3.0732333126928243E+03  -3.0311843096526228E+00   1.7305854012212676E+06
   1.2100000000000000E+04   1.3175407268535632E+03   2.3080583349198159E+03   3.0700724867954882E+03  -3.0229412432854410E+00   1.7426483877565521E+06
   1.2200000000000000E+04   1.3246162328842011E+03   2.3342791635894787E+03   3.0624320039303748E+03  -3.0146701843183652E+00   1.7546156613444865E+06
   1.2300000000000000E+04   1.3329593605194136E+03   2.3604821249793258E+03   3.0621479666037158E+03  -3.0063714147378295E+00   1.7664878668070722E+06
   1.2400000000000000E+04   1.3400318401907173E+03   2.3866645694577282E+03   3.0557103991657395E+03  -2.9980452204930526E+00   1.7782657058449809E+06
   1.2500000000000000E+04   1.3467687345238000E+03   2.4128239554194365E+03   3.0481684263399538E+03  -2.9896918913073236E+00   1.7899499654976933E+06
   1.2600000000000000E+04   1.3544863297252753E+03   2.4389578494730508E+03   3.0462165264199220E+03  -2.9813117207199467E+00   1.8015414822018642E+06
   1.2700000000000000E+04   1.3619549561584861E+03   2.4650639263886860E+03   3.0434944528571423E+03  -2.9729050059394697E+00   1.8130412210031538E+06
   1.2800000000000000E+04   1.3695905987054266E+03   2.4911399689240834E+03   3.0420790846082700E+03  -2.9644720478227065E+00   1.8244502244496616E+06
   1.2900000000000000E+04   1.3755626861065623E+03   2.5171838674596274E+03   3.0330062709970166E+03  -2.9560131507699197E+00   1.8357695247996687E+06
   1.3000000000000000E+04   1.3845915897296952E+03   2.5431936194932528E+03   3.0392528289659472E+03  -2.9475286226619017E+00   1.8470002919146304E+06
   1.3100000000000000E+04   1.3904304200991025E+03   2.5691673289714872E+03   3.0305731343765547E+03  -2.9390187747551493E+00   1.8581437124247102E+06
   1.3200000000000000E+04   1.3979413529872802E+03   2.5951032054633033E+03   3.0303355212027654E+03  -2.9304839215350933E+00   1.8692010545969645E+06
   1.3300000000000000E+04   1.4023935221467484E+03   2.6209995632645332E+03   3.0162929487039728E+03  -2.9219243807580293E+00   1.8801735960727169E+06
   1.3400000000000000E+04   1.4108893880907729E+03   2.6468548202546276E+03   3.0214594037441366E+03  -2.9133404731575818E+00   1.8910627254542331E+06
   1.3500000000000000E+04   1.4159272890391321E+03   2.6726674967636091E+03   3.0112053548820304E+03  -2.9047325225285681E+00   1.9018698525297479E+06
   1.3600000000000000E+04   1.4238336802613237E+03   2.6984362141907868E+03   3.0143705692760891E+03  -2.8961008554334629E+00   1.9125964403186587E+06
   1.3700000000000000E+04   1.4300846504441488E+03   2.7241596936532637E+03   3.0104737617002570E+03  -2.8874458013072344E+00   1.9232439299044439E+06
   1.3800000000000000E+04   1.4366113481975526E+03   2.7498367543718377E+03   3.0082015383252665E+03  -2.8787676921009004E+00   1.9338139182295159E+06
   1.3900000000000000E+04   1.4426905263939193E+03   2.7754663121422705E+03   3.0043605216047695E+03  -2.8700668624492649E+00   1.9443079200798096E+06
   1.4000000000000000E+04   1.4479333431833618E+03   2.8010473775155310E+03   2.9973304472765735E+03  -2.8613436492515834E+00   1.9547275652837991E+06
   1.4100000000000000E+04   1.4543763415498188E+03   2.8265790540894259E+03   2.9958472361417007E+03  -2.8525983918183218E+00   1.9650744680870546E+06
   1.4200000000000000E+04   1.4610889446809317E+03   2.8520605365877341E+03   2.9958297810069939E+03  -2.8438314316195572E+00   1.9753502794012986E+06
   1.4300000000000000E+04   1.4677351791426381E+03   2.8774911089198422E+03   2.9958341291738861E+03  -2.8350431121801449E+00   1.9855566845905746E+06
   1.4400000000000000E+04   1.4734556563000765E+03   2.9028701421972119E+03   2.9923094195037361E+03  -2.8262337790377794E+00   1.9956953629856624E+06
   1.4500000000000000E+04   1.4768488399344640E+03   2.9281970926293902E+03   2.9796463194269586E+03  -2.8174037795123565E+00   2.0057680615903302E+06
   1.4600000000000000E+04   1.4837912087130542E+03   2.9534714994513442E+03   2.9818288192930795E+03  -2.8085534627269468E+00   2.0157764972039445E+06
   1.4700000000000000E+04   1.4891199099459382E+03   2.9786929827148888E+03   2.9777867949315491E+03  -2.7996831793561765E+00   2.0257223914921889E+06
   1.4800000000000000E+04   1.4940199877036307E+03   3.0038612411083154E+03   2.9723844969688207E+03  -2.7907932815843148E+00   2.0356075866628760E+06
   1.4900000000000000E+04   1.4998502292063752E+03   3.0289760497394200E+03   2.9709853574237745E+03  -2.7818841230633153E+00   2.0454337690199623E+06
   1.5000000000000000E+04   1.5052206716158976E+03   3.0540372578083388E+03   2.9680725615415527E+03  -2.7729560586193003E+00   2.0552028008077510E+06
   1.5100000000000000E+04   1.5100539076447219E+03   3.0790447863814543E+03   2.9633847299558374E+03  -2.7640094443573759E+00   2.0649163817122385E+06
   1.5200000000000000E+04   1.5159778815487380E+03   3.1039986260123087E+03   2.9631812290851840E+03  -2.7550446373471371E+00   2.0745763854691030E+06
   1.5300000000000000E+04   1.5196442710685349E+03   3.1288988344709214E+03   2.9546681405730046E+03  -2.7460619957065364E+00   2.0841845372262539E+06
   1.5400000000000000E+04   1.5258811775593404E+03   3.1537455343508173E+03   2.9561682640208865E+03  -2.7370618783293055E+00   2.0937426323680044E+06
   1.5500000000000000E+04   1.5305783445939114E+03   3.1785389107524161E+03   2.9521354601265621E+03  -2.7280446448849598E+00   2.1032524749503103E+06
   1.5600000000000000E+04   1.5364688068270509E+03   3.2032792089176542E+03   2.9527884982518103E+03  -2.7190106556720255E+00   2.1127158553712596E+06
   1.5700000000000000E+04   1.5411834182983798E+03   3.2279667318776683E+03   2.9493348445759493E+03  -2.7099602715132103E+00   2.1221345900730272E+06
   1.5800000000000000E+04   1.5460551587408838E+03   3.2526018381281283E+03   2.9467121596543084E+03  -2.7008938537344278E+00   2.1315103733634916E+06
   1.5900000000000000E+04   1.5488919836006426E+03   3.2771849392566196E+03   2.9370052482015285E+03  -2.6918117639551329E+00   2.1408450263666795E+06
   1.6000000000000000E+04   1.5556413558451168E+03   3.3017164976176391E+03   2.9416183794679127E+03  -2.6827143640044535E+00   2.1501403290594509E+06
   1.6100000000000000E+04   1.5620420057340214E+03   3.3261970240493079E+03   2.9451263732334628E+03  -2.6736020159421519E+00   2.1593979533463684E+06
   1.6200000000000000E+04   1.5668941860383991E+03   3.3506270755353567E+03   2.9433095701452271E+03  -2.6644750818279914E+00   2.1686196959334183E+06
   1.6300000000000000E+04   1.5717295856977439E+03   3.3750072529504669E+03   2.9416427917549850E+03  -2.6553339237217375E+00   2.1778072205591584E+06
   1.6400000000000000E+04   1.5762981329545273E+03   3.3993381987805751E+03   2.9392499684810086E+03  -2.6461789035154140E+00   2.1869623149719820E+06
   1.6500000000000000E+04   1.5794810969399409E+03   3.4236205949227779E+03   2.9322857726813509E+03  -2.6370103829752480E+00   2.1960865423892043E+06
   1.6600000000000000E+04   1.5845372916383560E+03   3.4478551604276645E+03   2.9320038032024736E+03  -2.6278287234690878E+00   2.2051816977830874E+06
   1.6700000000000000E+04   1.5901986088125245E+03   3.4720426493579407E+03   2.9339505675223354E+03  -2.6186342860293119E+00   2.2142494141314696E+06
   1.6800000000000000E+04   1.5953193506551600E+03   3.4961838486419847E+03   2.9342069111678725E+03  -2.6094274312899195E+00   2.2232912464093622E+06
   1.6900000000000000E+04   1.5972860245413901E+03   3.5202795759124378E+03   2.9240313182924829E+03  -2.6002085192349327E+00   2.2323088932847325E+06
   1.7000000000000000E+04   1.6024647830427591E+03   3.5443306774717653E+03   2.9248492938677723E+03  -2.5909779093241947E+00   2.2413038846033877E+06
   1.7100000000000000E+04   1.6080965837858480E+03   3.5683380261987463E+03   2.9273088842872544E+03  -2.5817359602417693E+00   2.2502778485339065E+06
   1.7200000000000000E+04   1.6139735066282515E+03   3.5923025195719702E+03   2.9306960856606611E+03  -2.5724830299798036E+00   2.2592323085492486E+06
   1.7300000000000000E+04   1.6171709608839260E+03   3.6162250776600090E+03   2.9254106402298244E+03  -2.5632194756288587E+00   2.2681687948923991E+06
   1.7400000000000000E+04   1.6217269421809831E+03   3.6401066412085220E+03   2.9247514802611186E+03  -2.5539456534198486E+00   2.2770887983809961E+06
   1.7500000000000000E+04   1.6263949877041371E+03   3.6639481697224769E+03   2.9245994612722443E+03  -2.5446619185772619E+00   2.2859938386209672E+06
   1.7600000000000000E+04   1.6308081328458748E+03   3.6877506396123085E+03   2.9237636517325477E+03  -2.5353686252772376E+00   2.2948852783407336E+06
   1.7700000000000000E+04   1.6356386060945379E+03   3.7115150423711825E+03   2.9244020425856843E+03  -2.5260661265636912E+00   2.3037646467720121E+06
   1.7800000000000000E+04   1.6392917721591009E+03   3.7352423828150604E+03   2.9214200344407691E+03  -2.5167547743692755E+00   2.3126332441186458E+06
   1.7900000000000000E+04   1.6439749140586948E+03   3.7589336773166256E+03   2.9218501922939381E+03  -2.5074349193057266E+00   2.3214925610025018E+06
   1.8000000000000000E+04   1.6498981646975024E+03   3.7825899521459992E+03   2.9262963624553322E+03  -2.4981069107686800E+00   2.3303438084689258E+06
   1.8100000000000000E+04   1.6518383865311489E+03   3.8062122417982237E+03   2.9183641794184614E+03  -2.4887710967699506E+00   2.3391883643181915E+06
   1.8200000000000000E+04   1.6538798224079758E+03   3.8298015873820382E+03   2.9109647557906069E+03  -2.4794278238536491E+00   2.3480275616130973E+06
   1.8300000000000000E+04   1.6575001790259171E+03   3.8533590350823752E+03   2.9086310683786301E+03  -2.4700774371800658E+00   2.3568625914206305E+06
   1.8400000000000000E+04   1.6626626832750433E+03   3.8768856346113153E+03   2.9111580963891729E+03  -2.4607202803159858E+00   2.3656947414412778E+06
   1.8500000000000000E+04   1.6655633743962035E+03   3.9003824377633282E+03   2.9068725253707903E+03  -2.4513566953605022E+00   2.3745251313040806E+06
   1.8600000000000000E+04   1.6711600677908143E+03   3.9238504969368623E+03   2.9109114051449164E+03  -2.4419870226305025E+00   2.3833550016936790E+06
   1.8700000000000000E+04   1.6742471200360415E+03   3.9472908637999262E+03   2.9074409055227125E+03  -2.4326116009332446E+00   2.3921854968130756E+06
   1.8800000000000000E+04   1.6789472317969173E+03   3.9707045878963231E+03   2.9089482175715480E+03  -2.4232307672308795E+00   2.4010177117466279E+06
   1.8900000000000000E+04   1.6847771200683130E+03   3.9940927153843322E+03   2.9139178880356494E+03  -2.4138448568501292E+00   2.4098526669692290E+06
   1.9000000000000000E+04   1.6887414387108911E+03   4.0174562877296748E+03   2.9133858592250517E+03  -2.4044542031258409E+00   2.4186915304575181E+06
   1.9100000000000000E+04   1.6916647438035582E+03   4.0407963405490414E+03   2.9098721909268415E+03  -2.3950591377574271E+00   2.4275351975389719E+06
   1.9200000000000000E+04   1.6985873196331361E+03   4.0641139023807823E+03   2.9182729927770906E+03  -2.3856599903895237E+00   2.4363847359525748E+06
   1.9300000000000000E+04   1.7046466134891914E+03   4.0874099935842660E+03   2.9241634573162200E+03  -2.3762570887797314E+00   2.4452411385990386E+06
   1.9400000000000000E+04   1.7116063083291756E+03   4.1106856252437856E+03   2.9327398215303574E+03  -2.3668507587147434E+00   2.4541052719641677E+06
   1.9500000000000000E+04   1.7162066508589364E+03   4.1339417981250872E+03   2.9344398687458970E+03  -2.3574413240103440E+00   2.4629780259598712E+06
   1.9600000000000000E+04   1.7168184541069331E+03   4.1571795016575034E+03   2.9246174424248861E+03  -2.3480291063856109E+00   2.4718602640252286E+06
   1.9700000000000000E+04   1.7161185455442971E+03   4.1803997129728550E+03   2.9112187237574049E+03  -2.3386144254629118E+00   2.4807529251687392E+06
   1.9800000000000000E+04   1.7198032907816089E+03   4.2036033959918268E+03   2.9106090052909590E+03  -2.3291975988517737E+00   2.4896566672681058E+06
   1.9900000000000000E+04   1.7260459409622083E+03   4.2267915005096456E+03   2.9173844915548048E+03  -2.3197789418553398E+00   2.4985723764730459E+06
   2.0000000000000000E+04   1.7292423583850116E+03   4.2499649613826186E+03   2.9155209002907968E+03  -2.3103587677639164E+00   2.5075007590907025E+06
   2.0100000000000000E+04   1.7340793608161812E+03   4.2731246976922157E+03   2.9183950506291153E+03  -2.3009373875614325E+00   2.5164424941940899E+06
   2.0200000000000000E+04   1.7388049387361618E+03   4.2962716119824590E+03   2.9210070947218305E+03  -2.2915151099673623E+00   2.5253983896485944E+06
   2.0300000000000000E+04   1.7462298565809238E+03   4.3194065895386884E+03   2.9312703837077033E+03  -2.2820922415625411E+00   2.5343689414634830E+06
   2.0400000000000000E+04   1.7501060170334808E+03   4.3425304976684956E+03   2.9315757546231143E+03  -2.2726690864956249E+00   2.5433548785818187E+06
   2.0500000000000000E+04   1.7541644773180965E+03   4.3656441850599604E+03   2.9324592978225305E+03  -2.2632459466927517E+00   2.5523567472266667E+06
   2.0600000000000000E+04   1.7606453061438754E+03   4.3887484811476752E+03   2.9401545139747204E+03  -2.2538231217317479E+00   2.5613751191782416E+06
   2.0700000000000000E+04   1.7663745418306664E+03   4.4118441955178205E+03   2.9457791204009973E+03  -2.2444009087372905E+00   2.5704105928221792E+06
   2.0800000000000000E+04   1.7711341694377031E+03   4.4349321173644530E+03   2.9487445991593950E+03  -2.2349796025696094E+00   2.5794635818317709E+06
   2.0900000000000000E+04   1.7714568806981636E+03   4.4580130149529632E+03   2.9395171494419269E+03  -2.2255594955728846E+00   2.5885346588595854E+06
   2.1000000000000000E+04   1.7744435455632181E+03   4.4810876351399402E+03   2.9377475457146993E+03  -2.2161408777429830E+00   2.5976242114520217E+06
   2.1100000000000000E+04   1.7780270482572869E+03   4.5041567029091966E+03   2.9376858263861604E+03  -2.2067240366016487E+00   2.6067326540594213E+06
   2.1200000000000000E+04   1.7834804821597252E+03   4.5272209209460943E+03   2.9427747744622588E+03  -2.1973092571965118E+00   2.6158603753034896E+06
   2.1300000000000000E+04   1.7878042430872906E+03   4.5502809692410083E+03   2.9448253978143211E+03  -2.1878968220591557E+00   2.6250078190990197E+06
   2.1400000000000000E+04   1.7910860925591826E+03   4.5733375047257568E+03   2.9441053261664065E+03  -2.1784870112889756E+00   2.6341752967372602E+06
   2.1500000000000000E+04   1.7976580026213483E+03   4.5963911609337802E+03   2.9523140957864198E+03  -2.1690801024483481E+00   2.6433630125839347E+06
   2.1600000000000000E+04   1.8039636710965467E+03   4.6194425476920487E+03   2.9598185253766951E+03  -2.1596763704997359E+00   2.6525714169038441E+06
   2.1700000000000000E+04   1.8090251578588657E+03   4.6424922508428199E+03   2.9639960519516972E+03  -2.1502760879734124E+00   2.6618006642173110E+06
   2.1800000000000000E+04   1.8149807634247372E+03   4.6655408319881490E+03   2.9705975869151421E+03  -2.1408795247577994E+00   2.6710509928019121E+06
   2.1900000000000000E+04   1.8202599453500654E+03   4.6885888282641954E+03   2.9754086064337171E+03  -2.1314869482252696E+00   2.6803226167052155E+06
   2.2000000000000000E+04   1.8211793518953302E+03   4.7116367521405346E+03   2.9686428057723988E+03  -2.1220986231063423E+00   2.6896157260492570E+06
   2.2100000000000000E+04   1.8266862809200654E+03   4.7346850912441969E+03   2.9741361206707415E+03  -2.1127148115735470E+00   2.6989304872681857E+06
   2.2200000000000000E+04   1.8295231082740847E+03   4.7577343082072011E+03   2.9725946202556388E+03  -2.1033357732414317E+00   2.7082669879936432E+06
   2.2300000000000000E+04   1.8326078599089699E+03   4.7807848405426103E+03   2.9717699896798613E+03  -2.0939617649988205E+00   2.7176254587463900E+06
   2.2400000000000000E+04   1.8362439002424999E+03   4.8038371005339686E+03   2.9724480338975504E+03  -2.0845930412604212E+00   2.7270058299896903E+06
   2.2500000000000000E+04   1.8413948426955378E+03   4.8268914751593175E+03   2.9771304954628035E+03  -2.0752298537152214E+00   2.7364081753410390E+06
   2.2600000000000000E+04   1.8461927662808998E+03   4.8499483260293600E+03   2.9809148375247228E+03  -2.0658724514103493E+00   2.7458326581465323E+06
   2.2700000000000000E+04   1.8517027179807253E+03   4.8730079893439297E+03   2.9865774319913817E+03  -2.0565210808349543E+00   2.7552791684197220E+06
   2.2800000000000000E+04   1.8551072570391659E+03   4.8960707758778526E+03   2.9867955899638646E+03  -2.0471759857943952E+00   2.7647476856168504E+06
   2.2900000000000000E+04   1.8623783819496207E+03   4.9191369709853252E+03   2.9970617848177080E+03  -2.0378374073683063E+00   2.7742383086377461E+06
   2.3000000000000000E+04   1.8677460556679646E+03   4.9422068346106662E+03   3.0024085474961789E+03  -2.0285055840783390E+00   2.7837508902870463E+06
   2.3100000000000000E+04   1.8710650621307793E+03   4.9652806013303762E+03   3.0024938273137168E+03  -2.0191807518042948E+00   2.7932853465807778E+06
   2.3200000000000000E+04   1.8762302838631285E+03   4.9883584804156644E+03   3.0073662319210089E+03  -2.0098631437002443E+00   2.8028416297321497E+06
   2.3300000000000000E+04   1.8812055414607148E+03   5.0114406559045237E+03   3.0117705501058590E+03  -2.0005529902364771E+00   2.8124195867524599E+06
   2.3400000000000000E+04   1.8799941434950451E+03   5.0345272866818859E+03   3.0004065212217520E+03  -1.9912505193252950E+00   2.8220191014486887E+06
   2.3500000000000000E+04   1.8842772257903000E+03   5.0576185066010603E+03   3.0031296748167933E+03  -1.9819559561323103E+00   2.8316400096519575E+06
   2.3600000000000000E+04   1.8921167271757779E+03   5.0807144245979225E+03   3.0149004863664563E+03  -1.9726695231812836E+00   2.8412821278572157E+06
   2.3700000000000000E+04   1.8961882169073190E+03   5.1038151248319728E+03   3.0171196273076889E+03  -1.9633914403121833E+00   2.8509452535810410E+06
   2.3800000000000000E+04   1.8979441584786073E+03   5.1269206668295246E+03   3.0135273841189687E+03  -1.9541219247650639E+00   2.8606292232619319E+06
   2.3900000000000000E+04   1.9030257068506025E+03   5.1500310856643318E+03   3.0183632004575047E+03  -1.9448611910332869E+00   2.8703337689630571E+06
   2.4000000000000000E+04   1.9105979998838898E+03   5.1731463921214445E+03   3.0294732710815606E+03  -1.9356094510102946E+00   2.8800586044949894E+06
   2.4100000000000000E+04   1.9164096364935576E+03   5.1962665728978209E+03   3.0361614933753708E+03  -1.9263669139057422E+00   2.8898035707254889E+06
   2.4200000000000000E+04   1.9216864504171895E+03   5.2193915908017707E+03   3.0415193816556543E+03  -1.9171337862874320E+00   2.8995683179050144E+06
   2.4300000000000000E+04   1.9280146548533125E+03   5.2425213849685488E+03   3.0495210544495808E+03  -1.9079102720813108E+00   2.9093525079378183E+06
   2.4400000000000000E+04   1.9338549102258567E+03   5.2656558710931240E+03   3.0563093598551613E+03  -1.8986965725295384E+00   2.9191559025416737E+06
   2.4500000000000000E+04   1.9334189362054858E+03   5.2887949416571018E+03   3.0474844766410420E+03  -1.8894928862743545E+00   2.9289781017198581E+06
   2.4600000000000000E+04   1.9390330094695571E+03   5.3119384661883641E+03   3.0537541482797101E+03  -1.8802994092742122E+00   2.9388188647631775E+06
   2.4700000000000000E+04   1.9434421473499215E+03   5.3350862915075304E+03   3.0570517182720996E+03  -1.8711163348876423E+00   2.9486777895698734E+06
   2.4800000000000000E+04   1.9525531055584229E+03   5.3582382419946734E+03   3.0719941217691135E+03  -1.8619438538732596E+00   2.9585543997375248E+06
   2.4900000000000000E+04   1.9610595036896298E+03   5.3813941198718912E+03   3.0854390772016523E+03  -1.8527821543478222E+00   2.9684484388492103E+06
   2.5000000000000000E+04   1.9647114530664617E+03   5.4045537054957831E+03   3.0868824163088643E+03  -1.8436314217443044E+00   2.9783594599944218E+06
   2.5100000000000000E+04   1.9667800495538295E+03   5.4277167576159309E+03   3.0844612120876909E+03  -1.8344918390215561E+00   2.9882870017374330E+06
   2.5200000000000000E+04   1.9752034837388805E+03   5.4508830137094010E+03   3.0976973064669214E+03  -1.8253635864546471E+00   2.9982307069449355E+06
   2.5300000000000000E+04   1.9864651261032900E+03   5.4740521902752680E+03   3.1179189434896180E+03  -1.8162468417187239E+00   3.0081901165390690E+06
   2.5400000000000000E+04   1.9870164408277187E+03   5.4972239831337038E+03   3.1118030206907183E+03  -1.8071417799728808E+00   3.0181647581406292E+06
   2.5500000000000000E+04   1.9909056102689594E+03   5.5203980677613799E+03   3.1139297268345717E+03  -1.7980485737762966E+00   3.0281541464276519E+06
   2.5600000000000000E+04   1.9947118642517507E+03   5.5435740996231571E+03   3.1158811735952804E+03  -1.7889673930672587E+00   3.0381579325276758E+06
   2.5700000000000000E+04   1.9980431721889393E+03   5.5667517144722697E+03   3.1167045788659225E+03  -1.7798984053309077E+00   3.0481754874933716E+06
   2.5800000000000000E+04   2.0055730425084091E+03   5.5899305287159386E+03   3.1277611178647830E+03  -1.7708417754524637E+00   3.0582063490712461E+06
   2.5900000000000000E+04   2.0067949212472747E+03   5.6131101397506036E+03   3.1235097983276014E+03  -1.7617976657591607E+00   3.0682501036583730E+06
   2.6000000000000000E+04   2.0116427175252820E+03   5.6362901262871992E+03   3.1280841162639113E+03  -1.7527662361250849E+00   3.0783061170279053E+06
   2.6100000000000000E+04   2.0152734110616632E+03   5.6594700487286609E+03   3.1297376744204485E+03  -1.7437476438453685E+00   3.0883739837630694E+06
   2.6200000000000000E+04   2.0239952230877955E+03   5.6826494494939325E+03   3.1436847071378429E+03  -1.7347420437829615E+00   3.0984530478835842E+06
   2.6300000000000000E+04   2.0293945170921904E+03   5.7058278534041092E+03   3.1496221206573723E+03  -1.7257495882428269E+00   3.1085428233026629E+06
   2.6400000000000000E+04   2.0341385967950214E+03   5.7290047680070384E+03   3.1539950785289543E+03  -1.7167704271396809E+00   3.1186427539788224E+06
   2.6500000000000000E+04   2.0395814147102485E+03   5.7521796839903873E+03   3.1600614789424740E+03  -1.7078047077883203E+00   3.1287523347365563E+06
   2.6600000000000000E+04   2.0461579898045409E+03   5.7753520754812671E+03   3.1688570027954934E+03  -1.6988525751971613E+00   3.1388709303040248E+06
   2.6700000000000000E+04   2.0530934285567992E+03   5.7985214004648778E+03   3.1785169203442315E+03  -1.6899141718585680E+00   3.1489979566789842E+06
   2.6800000000000000E+04   2.0513904580008675E+03   5.8216871011373278E+03   3.1675368012435733E+03  -1.6809896378327223E+00   3.1591329425227176E+06
   2.6900000000000000E+04   2.0531665064086505E+03   5.8448486042583472E+03   3.1649402770601919E+03  -1.6720791108314914E+00   3.1692751655615410E+06
   2.7000000000000000E+04   2.0619166124540438E+03   5.8680053215690368E+03   3.1789426309312994E+03  -1.6631827260506922E+00   3.1794241990447342E+06
   2.7100000000000000E+04   2.0654157315291986E+03   5.8911566500936269E+03   3.1804787310511442E+03  -1.6543006164636294E+00   3.1895793045471306E+06
   2.7200000000000000E+04   2.0697688978555907E+03   5.9143019725814520E+03   3.1840637178672041E+03  -1.6454329125694898E+00   3.1997398574759397E+06
   2.7300000000000000E+04   2.0763041235584833E+03   5.9374406578649459E+03   3.1928248099424231E+03  -1.6365797424772133E+00   3.2099054092001151E+06
   2.7400000000000000E+04   2.0810620533697715E+03   5.9605720612105188E+03   3.1973935646231871E+03  -1.6277412320103237E+00   3.2200752296812930E+06
   2.7500000000000000E+04   2.0863149286445446E+03   5.9836955247027981E+03   3.2031445207781303E+03  -1.6189175046859690E+00   3.2302487653454398E+06
   2.7600000000000000E+04   2.0918887296240723E+03   6.0068103776358821E+03   3.2096629408526833E+03  -1.6101086816729775E+00   3.2404253339380035E+06
   2.7700000000000000E+04   2.1004503043753684E+03   6.0299159368815217E+03   3.2232216666322615E+03  -1.6013148818338023E+00   3.2506043695593132E+06
   2.7800000000000000E+04   2.1042294688645193E+03   6.0530115072501112E+03   3.2255325984361116E+03  -1.5925362217874153E+00   3.2607851471045231E+06
   2.7900000000000000E+04   2.1101185790432601E+03   6.0760963818749478E+03   3.2328178575022598E+03  -1.5837728158883411E+00   3.2709671199959484E+06
   2.8000000000000000E+04   2.1107851359970268E+03   6.0991698426156790E+03   3.2278824618774283E+03  -1.5750247761427902E+00   3.2811496135832081E+06
   2.8100000000000000E+04   2.1137561734385749E+03   6.1222311603732887E+03   3.2283858456487396E+03  -1.5662922124183327E+00   3.2913321020538257E+06
   2.8200000000000000E+04   2.1230468439623323E+03   6.1452795954773492E+03   3.2436502948592720E+03  -1.5575752324019576E+00   3.3015137466886858E+06
   2.8300000000000000E+04   2.1283272787190654E+03   6.1683143981129915E+03   3.2495627855340604E+03  -1.5488739414323405E+00   3.3116941049461840E+06
   2.8400000000000000E+04   2.1275159143927449E+03   6.1913348086039296E+03   3.2413263680136088E+03  -1.5401884427933832E+00   3.3218724215537189E+06
   2.8500000000000000E+04   2.1342786179383452E+03   6.2143400578359560E+03   3.2507189672050276E+03  -1.5315188375464730E+00   3.3320480295758774E+06
   2.8600000000000000E+04   2.1425316600597776E+03   6.2373293676009516E+03   3.2635740758803518E+03  -1.5228652246143566E+00   3.3422203820429100E+06
   2.8700000000000000E+04   2.1478486639611301E+03   6.2603019509651049E+03   3.2696252681740575E+03  -1.5142277007811342E+00   3.3523886497107767E+06
   2.8800000000000000E+04   2.1554393146732382E+03   6.2832570126494511E+03   3.2809538066327164E+03  -1.5056063606503307E+00   3.3625524337632703E+06
   2.8900000000000000E+04   2.1607488679047183E+03   6.3061937493387086E+03   3.2870057121487748E+03  -1.4970012968126303E+00   3.3727109293151828E+06
   2.9000000000000000E+04   2.1653451072864023E+03   6.3291113500775127E+03   3.2914216351815317E+03  -1.4884125997410376E+00   3.3828634834282515E+06
   2.9100000000000000E+04   2.1680554135832449E+03   6.3520089966234655E+03   3.2915058016136204E+03  -1.4798403578118520E+00   3.3930095649058409E+06
   2.9200000000000000E+04   2.1684055317825341E+03   6.3748858637609528E+03   3.2862005003028380E+03  -1.4712846574304626E+00   3.4031483290135814E+06
   2.9300000000000000E+04   2.1730074284076954E+03   6.3977411197282308E+03   3.2907018510445623E+03  -1.4627455828216842E+00   3.4132793332742108E+06
   2.9400000000000000E+04   2.1767156448967121E+03   6.4205739264448321E+03   3.2931739911470718E+03  -1.4542232163861899E+00   3.4234017282499755E+06
   2.9500000000000000E+04   2.1840970803919022E+03   6.4433834399854613E+03   3.3040687502543701E+03  -1.4457176383440811E+00   3.4335150366125414E+06
   2.9600000000000000E+04   2.1878016418154057E+03   6.4661688108225362E+03   3.3065639721277366E+03  -1.4372289270284162E+00   3.4436185299313804E+06
   2.9700000000000000E+04   2.1937774688159539E+03   6.4889291841905660E+03   3.3142639851495887E+03  -1.4287571588223149E+00   3.4537115405509467E+06
   2.9800000000000000E+04   2.1997163914441749E+03   6.5116637004491367E+03   3.3218897057337663E+03  -1.4203024080960578E+00   3.4637934933135048E+06
   2.9900000000000000E+04   2.2029021901044775E+03   6.5343714953578747E+03   3.3232559816646394E+03  -1.4118647473748183E+00   3.4738636868873839E+06
   3.0000000000000000E+04   2.2094148436556916E+03   6.5570517004638059E+03   3.3322119198930900E+03  -1.4034442471918989E+00   3.4839215128499884E+06
   3.0100000000000000E+04   2.2148118110621640E+03   6.5797034433767085E+03   3.3386407102963267E+03  -1.3950409762354958E+00   3.4939662680465751E+06
   3.0200000000000000E+04   2.2202110655669444E+03   6.6023258481108796E+03   3.3450873913313494E+03  -1.3866550013067678E+00   3.5039974054086688E+06
   3.0300000000000000E+04   2.2224343659061155E+03   6.6249180354001473E+03   3.3443498303485239E+03  -1.3782863873408024E+00   3.5140142835276704E+06
   3.0400000000000000E+04   2.2257425158294645E+03   6.6474791230008996E+03   3.3461009150014770E+03  -1.3699351974485501E+00   3.5240162293189433E+06
   3.0500000000000000E+04   2.2312908789713724E+03   6.6700082260074687E+03   3.3529344974606829E+03  -1.3616014929168241E+00   3.5340026009383528E+06
   3.0600000000000000E+04   2.2334876912655191E+03   6.6925044571390390E+03   3.3522247422703817E+03  -1.3532853332712016E+00   3.5439727251322595E+06
   3.0700000000000000E+04   2.2377503237717656E+03   6.7149669271060238E+03   3.3561966611259722E+03  -1.3449867761292540E+00   3.5539260861250455E+06
   3.0800000000000000E+04   2.2472130997323434E+03   6.7373947448059862E+03   3.3718817912872078E+03  -1.3367058774731202E+00   3.5638620428123563E+06
   3.0900000000000000E+04   2.2544961227659428E+03   6.7597870177074183E+03   3.3826702820135874E+03  -1.3284426914398342E+00   3.5737799546135953E+06
   3.1000000000000000E+04   2.2597117678908694E+03   6.7821428520442814E+03   3.3888162647701988E+03  -1.3201972705729328E+00   3.5836791500143600E+06
   3.1100000000000000E+04   2.2624277929056407E+03   6.8044613532452267E+03   3.3893634375047086E+03  -1.3119696654869768E+00   3.5935591474481588E+06
   3.1200000000000000E+04   2.2674132864330122E+03   6.8267416260328837E+03   3.3950274060039974E+03  -1.3037599253288337E+00   3.6034192141511003E+06
   3.1300000000000000E+04   2.2699141345057519E+03   6.8489827748545031E+03   3.3951451766061759E+03  -1.2955680974212314E+00   3.6132587760494533E+06
   3.1400000000000000E+04   2.2762010866106521E+03   6.8711839040757141E+03   3.4037551151033622E+03  -1.2873942274724346E+00   3.6230772287638006E+06
   3.1500000000000000E+04   2.2799422852913308E+03   6.8933441182648730E+03   3.4066893176236572E+03  -1.2792383595552721E+00   3.6328740324286940E+06
   3.1600000000000000E+04   2.2817760857694188E+03   6.9154625224649180E+03   3.4053959458353520E+03  -1.2711005361071397E+00   3.6426485855706371E+06
   3.1700000000000000E+04   2.2888789373879763E+03   6.9375382224341183E+03   3.4158634008161898E+03  -1.2629807979929037E+00   3.6524002566774162E+06
   3.1800000000000000E+04   2.2927179611885576E+03   6.9595703249456546E+03   3.4190779228576203E+03  -1.2548791844210265E+00   3.6621284475380611E+06
   3.1900000000000000E+04   2.2996888113983300E+03   6.9815579379836108E+03   3.4292737028768920E+03  -1.2467957330903425E+00   3.6718326882494823E+06
   3.2000000000000000E+04   2.3037360966965466E+03   7.0035001710064125E+03   3.4329842715641271E+03  -1.2387304801690859E+00   3.6815122895186064E+06
   3.2100000000000000E+04   2.3096073110765910E+03   7.0253961352252536E+03   3.4407618496476507E+03  -1.2306834602319952E+00   3.6911666905762441E+06
   3.2200000000000000E+04   2.3137649894651686E+03   7.0472449438139856E+03   3.4447528626801563E+03  -1.2226547063441746E+00   3.7007953961503743E+06
   3.2300000000000000E+04   2.3203421128955551E+03   7.0690457121323698E+03   3.4541226086379925E+03  -1.2146442501030346E+00   3.7103978182951892E+06
   3.2400000000000000E+04   2.3216292538778816E+03   7.0907975579730746E+03   3.4517974611590785E+03  -1.2066521216173189E+00   3.7199734030726096E+06
   3.2500000000000000E+04   2.3250031976281634E+03   7.1124996017858348E+03   3.4541194230287069E+03  -1.1986783495280797E+00   3.7295215356295239E+06
   3.2600000000000000E+04   2.3327284016572030E+03   7.1341509668876242E+03   3.4660637250890040E+03  -1.1907229610506016E+00   3.7390417303804876E+06
   3.2700000000000000E+04   2.3371427815739962E+03   7.1557507797259395E+03   3.4707142162203377E+03  -1.1827859818905413E+00   3.7485335361782401E+06
   3.2800000000000000E+04   2.3434216268135442E+03   7.1772981700035270E+03   3.4794922053545074E+03  -1.1748674364535956E+00   3.7579962509460882E+06
   3.2900000000000000E+04   2.3480049125140449E+03   7.1987922709518016E+03   3.4845476347177332E+03  -1.1669673477196980E+00   3.7674294290338899E+06
   3.3000000000000000E+04   2.3523981768625154E+03   7.2202322195432744E+03   3.4892029927182730E+03  -1.1590857372430212E+00   3.7768325643314202E+06
   3.3100000000000000E+04   2.3500385656576059E+03   7.2416171566604853E+03   3.4790567664968958E+03  -1.1512226252358408E+00   3.7862051537134792E+06
   3.3200000000000000E+04   2.3580245479042510E+03   7.2629462272793562E+03   3.4916368932144082E+03  -1.1433780306104779E+00   3.7955466336097242E+06
   3.3300000000000000E+04   2.3606257710005011E+03   7.2842185806877333E+03   3.4924322070948178E+03  -1.1355519709373538E+00   3.8048564752973453E+06
   3.3400000000000000E+04   2.3662738729891503E+03   7.3054333706804236E+03   3.4999185841203357E+03  -1.1277444624449999E+00   3.8141342802409250E+06
   3.3500000000000000E+04   2.3684800917902389E+03   7.3265897556898253E+03   3.4998987826778930E+03  -1.1199555201458544E+00   3.8233793991693375E+06
   3.3600000000000000E+04   2.3783226465800603E+03   7.3476868990522162E+03   3.5165806457640870E+03  -1.1121851576685275E+00   3.8325915036787041E+06
   3.3700000000000000E+04   2.3807894216768491E+03   7.3687239690895321E+03   3.5171632486567050E+03  -1.1044333874674734E+00   3.8417700464734533E+06
   3.3800000000000000E+04   2.3855527166944480E+03   7.3897001393270630E+03   3.5227817556291911E+03  -1.0967002207391194E+00   3.8509145789738544E+06
   3.3900000000000000E+04   2.3837598720945957E+03   7.4106145886467857E+03   3.5141508318925780E+03  -1.0889856674638021E+00   3.8600245290524964E+06
   3.4000000000000000E+04   2.3876591973638074E+03   7.4314665014773400E+03   3.5179395786358150E+03  -1.0812897363638319E+00   3.8690995822860883E+06
   3.4100000000000000E+04   2.3956601649347986E+03   7.4522550678977541E+03   3.5306507536593372E+03  -1.0736124350292957E+00   3.8781391737185852E+06
   3.4200000000000000E+04   2.4074719499535154E+03   7.4729794838395164E+03   3.5516655279989204E+03  -1.0659537698341917E+00   3.8871429009132399E+06
   3.4300000000000000E+04   2.4035016549364177E+03   7.4936389512022961E+03   3.5384062496553006E+03  -1.0583137460202920E+00   3.8961102380510196E+06
   3.4400000000000000E+04   2.4111590745620215E+03   7.5142326780170251E+03   3.5504113242075418E+03  -1.0506923676761790E+00   3.9050408854987649E+06
   3.4500000000000000E+04   2.4157764561270569E+03   7.5347598785843384E+03   3.5558418566858932E+03  -1.0430896377582142E+00   3.9139342932315455E+06
   3.4600000000000000E+04   2.4205317181646278E+03   7.5552197735983045E+03   3.5615891174434150E+03  -1.0355055581324688E+00   3.9227901057111127E+06
   3.4700000000000000E+04   2.4166313585102098E+03   7.5756115902869542E+03   3.5486587865206443E+03  -1.0279401295747241E+00   3.9316077806344228E+06
   3.4800000000000000E+04   2.4190456090825660E+03   7.5959345626023069E+03   3.5494120726790170E+03  -1.0203933516656389E+00   3.9403870974251064E+06
   3.4900000000000000E+04   2.4268795372704990E+03   7.6161879311939429E+03   3.5618562704550250E+03  -1.0128652231052537E+00   3.9491275216204305E+06
   3.5000000000000000E+04   2.4317577307109691E+03   7.6363709436863601E+03   3.5679508384197247E+03  -1.0053557414194518E+00   3.9578286181440167E+06
   3.5100000000000000E+04   2.4310002607370056E+03   7.6564828546974668E+03   3.5619507828062615E+03  -9.9786490316962939E-01   3.9664900194539800E+06
   3.5200000000000000E+04   2.4370960053687440E+03   7.6765229260455399E+03   3.5707003154021527E+03  -9.9039270378495980E-01   3.9751114574208050E+06
   3.5300000000000000E+04   2.4430029075464245E+03   7.6964904267157035E+03   3.5790602760093516E+03  -9.8293913785593356E-01   3.9836923502068310E+06
   3.5400000000000000E+04   2.4464501037038790E+03   7.7163846331243494E+03   3.5821602489627226E+03  -9.7550419884081740E-01   3.9922325013811360E+06
   3.5500000000000000E+04   2.4465660743166463E+03   7.7362048290990751E+03   3.5781529053805693E+03  -9.6808787931726070E-01   4.0007314009154141E+06
   3.5600000000000000E+04   2.4487073560210342E+03   7.7559503060605830E+03   3.5785157653735487E+03  -9.6069017083552488E-01   4.0091888288408793E+06
   3.5700000000000000E+04   2.4557016092159988E+03   7.7756203630486634E+03   3.5892659872737408E+03  -9.5331106406525312E-01   4.0176042517144033E+06
   3.5800000000000000E+04   2.4595328013770563E+03   7.7952143068864616E+03   3.5932776837886863E+03  -9.4595054866966843E-01   4.0259774896552507E+06
   3.5900000000000000E+04   2.4629549543018998E+03   7.8147314521655326E+03   3.5964378471958407E+03  -9.3860861351524494E-01   4.0343080493775778E+06
   3.6000000000000000E+04   2.4669421470864772E+03   7.8341711214584284E+03   3.6008240042106690E+03  -9.3128524644106869E-01   4.0425957276247526E+06
   3.6100000000000000E+04   2.4718266151130024E+03   7.8535326453074513E+03   3.6071407294293213E+03  -9.2398043444754097E-01   4.0508400713724494E+06
   3.6200000000000000E+04   2.4726583628441608E+03   7.8728153622975296E+03   3.6048549600842152E+03  -9.1669416371734858E-01   4.0590408222748172E+06
   3.6300000000000000E+04   2.4796889663901447E+03   7.8920186192151268E+03   3.6157722732943371E+03  -9.0942641946869018E-01   4.0671976627885466E+06
   3.6400000000000000E+04   2.4829841704857627E+03   7.9111417710143132E+03   3.6187674038765085E+03  -9.0217718616494991E-01   4.0753102478615320E+06
   3.6500000000000000E+04   2.4841308262187922E+03   7.9301841809578000E+03   3.6172276873431338E+03  -8.9494644738889428E-01   4.0833783001809726E+06
   3.6600000000000000E+04   2.4894006196100690E+03   7.9491452206429567E+03   3.6244565421421617E+03  -8.8773418592653930E-01   4.0914015149604762E+06
   3.6700000000000000E+04   2.4922068586791324E+03   7.9680242700691824E+03   3.6264840925269659E+03  -8.8054038376715205E-01   4.0993795282851588E+06
   3.6800000000000000E+04   2.4943667370241465E+03   7.9868207177361719E+03   3.6271692039400195E+03  -8.7336502204034971E-01   4.1073121707685506E+06
   3.6900000000000000E+04   2.4956346684039872E+03   8.0055339606030229E+03   3.6259987763211338E+03  -8.6620808120479942E-01   4.1151991503997003E+06
   3.7000000000000000E+04   2.4982586194604473E+03   8.0241634042252181E+03   3.6277200149799696E+03  -8.5906954090145515E-01   4.1230400527560865E+06
   3.7100000000000000E+04   2.5003281865690878E+03   8.0427084627983286E+03   3.6282986124463191E+03  -8.5194937997452069E-01   4.1308347845557751E+06
   3.7200000000000000E+04   2.5034714198944389E+03   8.0611685591182286E+03   3.6311631586176463E+03  -8.4484757663918519E-01   4.1385829399316777E+06
   3.7300000000000000E+04   2.5064960206583569E+03   8.0795431247439155E+03   3.6338007400048896E+03  -8.3776410827195569E-01   4.1462843074070197E+06
   3.7400000000000000E+04   2.5095431669074319E+03   8.0978315999286860E+03   3.6365084232742961E+03  -8.3069895162032537E-01   4.1539386480337405E+06
   3.7500000000000000E+04   2.5161603934999312E+03   8.1160334337545646E+03   3.6467330118980526E+03  -8.2365208263503875E-01   4.1615457904205616E+06
   3.7600000000000000E+04   2.5204810616033060E+03   8.1341480840454515E+03   3.6521521700790663E+03  -8.1662347670072855E-01   4.1691054091453115E+06
   3.7700000000000000E+04   2.5271922787520257E+03   8.1521750175075294E+03   3.6626092409731186E+03  -8.0961310844721268E-01   4.1766172463941448E+06
   3.7800000000000000E+04   2.5260351639860824E+03   8.1701137097173423E+03   3.6565746485083473E+03  -8.0262095183336002E-01   4.1840811118294215E+06
   3.7900000000000000E+04   2.5333240841092638E+03   8.1879636451298029E+03   3.6682736853831921E+03  -7.9564698018902935E-01   4.1914968508722107E+06
   3.8000000000000000E+04   2.5299300597181455E+03   8.2057243171066220E+03   3.6576217653738840E+03  -7.8869116621506563E-01   4.1988641867068112E+06
   3.8100000000000000E+04   2.5393623511719488E+03   8.2233952279420373E+03   3.6738317130405526E+03  -7.8175348198329975E-01   4.2061828467894848E+06
   3.8200000000000000E+04   2.5328657691155754E+03   8.2409758888860379E+03   3.6567769883713486E+03  -7.7483389893655175E-01   4.2134527522379812E+06
   3.8300000000000000E+04   2.5421681619744500E+03   8.2584658201649781E+03   3.6727284214628044E+03  -7.6793238788862750E-01   4.2206736072904896E+06
   3.8400000000000000E+04   2.5560188716716652E+03   8.2758645509762355E+03   3.6982231965156207E+03  -7.6104891906625571E-01   4.2278453097230280E+06
   3.8500000000000000E+04   2.5486722962789909E+03   8.2931716194566343E+03   3.6794462956093330E+03  -7.5418346219295263E-01   4.2349675720894607E+06
   3.8600000000000000E+04   2.5509312819268143E+03   8.3103865727893226E+03   3.6807691010408307E+03  -7.4733598632129006E-01   4.2420403003656818E+06
   3.8700000000000000E+04   2.5527522023811580E+03   8.3275089671440419E+03   3.6812055853054908E+03  -7.4050645995869335E-01   4.2490632784537626E+06
   3.8800000000000000E+04   2.5588440958061656E+03   8.3445383676616493E+03   3.6905463253023358E+03  -7.3369485110937849E-01   4.2560363573640538E+06
   3.8900000000000000E+04   2.5611900386819430E+03   8.3614743485070867E+03   3.6921163974350993E+03  -7.2690112719048350E-01   4.2629594551128084E+06
   3.9000000000000000E+04   2.5588202180795315E+03   8.3783164928020778E+03   3.6839280623602199E+03  -7.2012525515786852E-01   4.2698322418332743E+06
   3.9100000000000000E+04   2.5635490525530645E+03   8.3950643926973553E+03   3.6904917701011777E+03  -7.1336720138031706E-01   4.2766546436318224E+06
   3.9200000000000000E+04   2.5688324353646067E+03   8.4117176493245479E+03   3.6982231112613422E+03  -7.0662693172340152E-01   4.2834265275882864E+06
   3.9300000000000000E+04   2.5702235681218804E+03   8.4282758727692635E+03   3.6979105272991433E+03  -6.9990441159141792E-01   4.2901478275680849E+06
   3.9400000000000000E+04   2.5731822143045870E+03   8.4447386820657775E+03   3.7008673084305965E+03  -6.9319960592738639E-01   4.2968182299093213E+06
   3.9500000000000000E+04   2.5760527245134172E+03   8.4611057052612923E+03   3.7036632424105196E+03  -6.8651247908724944E-01   4.3034378020517370E+06
   3.9600000000000000E+04   2.5788749682266962E+03   8.4773765792636514E+03   3.7063809926892495E+03  -6.7984299509147450E-01   4.3100063010414960E+06
   3.9700000000000000E+04   2.5766374008151697E+03   8.4935509499491800E+03   3.6986852793499561E+03  -6.7319111741538584E-01   4.3165236135353073E+06
   3.9800000000000000E+04   2.5751437800306653E+03   8.5096284720779167E+03   3.6925728125323844E+03  -6.6655680911496529E-01   4.3229896927246628E+06
   3.9900000000000000E+04   2.5797753880589735E+03   8.5256088092783502E+03   3.6990871113043181E+03  -6.5994003282685287E-01   4.3294043701079478E+06
   4.0000000000000000E+04   2.5875661305055605E+03   8.5414916340543205E+03   3.7121180711955731E+03  -6.5334075072641273E-01   4.3357675437503541E+06
   4.0100000000000000E+04   2.5900042155194947E+03   8.5572766277422379E+03   3.7141563193632082E+03  -6.4675892456966710E-01   4.3420791781057138E+06
   4.0200000000000000E+04   2.5926111075914800E+03   8.5729634804423640E+03   3.7165636669291262E+03  -6.4019451577716424E-01   4.3483391160047017E+06
   4.0300000000000000E+04   2.5954528049449732E+03   8.5885518910924566E+03   3.7194748119008173E+03  -6.3364748526624304E-01   4.3545472667176370E+06
   4.0400000000000000E+04   2.5972937314951482E+03   8.6040415673235420E+03   3.7203531493429527E+03  -6.2711779366070253E-01   4.3607035744176693E+06
   4.0500000000000000E+04   2.5993476154869495E+03   8.6194322255544084E+03   3.7216919783616063E+03  -6.2060540108113149E-01   4.3668079869183498E+06
   4.0600000000000000E+04   2.5979676324605839E+03   8.6347235908197763E+03   3.7160243943819928E+03  -6.1411026739651431E-01   4.3728603930663606E+06
   4.0700000000000000E+04   2.6002578037355479E+03   8.6499153968376213E+03   3.7178980241667032E+03  -6.0763235205649213E-01   4.3788607478317646E+06
   4.0800000000000000E+04   2.6019015462333546E+03   8.6650073859304339E+03   3.7184731244444574E+03  -6.0117161417523401E-01   4.3848089784737881E+06
   4.0900000000000000E+04   2.6044106931622214E+03   8.6799993090415392E+03   3.7208383329351996E+03  -5.9472801244756557E-01   4.3907050158238066E+06
   4.1000000000000000E+04   2.6062900263384631E+03   8.6948909255807612E+03   3.7219400441014404E+03  -5.8830150535864367E-01   4.3965488565030415E+06
   4.1100000000000000E+04   2.6075620476568665E+03   8.7096820035103101E+03   3.7218272344397296E+03  -5.8189205097428154E-01   4.4023403136052126E+06
   4.1200000000000000E+04   2.6078146268664700E+03   8.7243723192601701E+03   3.7196650286955528E+03  -5.7549960702481950E-01   4.4080795153084220E+06
   4.1300000000000000E+04   2.6133017587936529E+03   8.7389616576420249E+03   3.7281769224960844E+03  -5.6912413098899262E-01   4.4137663438281398E+06
   4.1400000000000000E+04   2.6159784447425668E+03   8.7534498118828615E+03   3.7309886523659611E+03  -5.6276557996812826E-01   4.4194008715485316E+06
   4.1500000000000000E+04   2.6174098913939406E+03   8.7678365834635788E+03   3.7312894452142150E+03  -5.5642391089581777E-01   4.4249828008743171E+06
   4.1600000000000000E+04   2.6163450604819686E+03   8.7821217822471517E+03   3.7265476812393235E+03  -5.5009908024437526E-01   4.4305123352362877E+06
   4.1700000000000000E+04   2.6166124807692986E+03   8.7963052262662095E+03   3.7245414922087052E+03  -5.4379104431837899E-01   4.4359894323647916E+06
   4.1800000000000000E+04   2.6200050074924293E+03   8.8103867417761612E+03   3.7288907812515281E+03  -5.3749975908693381E-01   4.4414140222578831E+06
   4.1900000000000000E+04   2.6214617214210257E+03   8.8243661631373707E+03   3.7293397520189283E+03  -5.3122518030947230E-01   4.4467861002229601E+06
   4.2000000000000000E+04   2.6230235569099923E+03   8.8382433328175703E+03   3.7300242468574461E+03  -5.2496726345188982E-01   4.4521056647177078E+06
   4.2100000000000000E+04   2.6265111321878812E+03   8.8520181012961220E+03   3.7346234131215315E+03  -5.1872596377040880E-01   4.4573726553376876E+06
   4.2200000000000000E+04   2.6257426266803359E+03   8.8656903271129941E+03   3.7306436086369804E+03  -5.1250123614384513E-01   4.4625872316478807E+06
   4.2300000000000000E+04   2.6290527997853405E+03   8.8792598766494393E+03   3.7349231396088712E+03  -5.0629303536714598E-01   4.4677492464395929E+06
   4.2400000000000000E+04   2.6281505202011767E+03   8.8927266241993311E+03   3.7307271418540677E+03  -5.0010131594171991E-01   4.4728587414261550E+06
   4.2500000000000000E+04   2.6276570670638562E+03   8.9060904518694315E+03   3.7273870855108776E+03  -4.9392603215930342E-01   4.4779156994154984E+06
   4.2600000000000000E+04   2.6306274703121098E+03   8.9193512495760297E+03   3.7310416609272179E+03  -4.8776713801809440E-01   4.4829202297879625E+06
   4.2700000000000000E+04   2.6326326076216283E+03   8.9325089148704901E+03   3.7327739609904052E+03  -4.8162458743242187E-01   4.4878722593868924E+06
   4.2800000000000000E+04   2.6348791187540160E+03   8.9455633530192626E+03   3.7350114836011803E+03  -4.7549833400210945E-01   4.4927719340974446E+06
   4.2900000000000000E+04   2.6344059813805216E+03   8.9585144768399532E+03   3.7318088611249632E+03  -4.6938833120117684E-01   4.4976191249194844E+06
   4.3000000000000000E+04   2.6369765352107852E+03   8.9713622066946828E+03   3.7347381190303740E+03  -4.6329453229397366E-01   4.5024139524749247E+06
   4.3100000000000000E+04   2.6373847067171300E+03   8.9841064704583514E+03   3.7333517823440834E+03  -4.5721689029324464E-01   4.5071564783949908E+06
   4.3200000000000000E+04   2.6391423322835103E+03   8.9967472033524846E+03   3.7346920544353575E+03  -4.5115535814883267E-01   4.5118466746439347E+06
   4.3300000000000000E+04   2.6346429504557291E+03   9.0092843479850653E+03   3.7235423949133224E+03  -4.4510988857994260E-01   4.5164845775697138E+06
   4.3400000000000000E+04   2.6342670744573556E+03   9.0217178542802958E+03   3.7206727875926467E+03  -4.3908043409610892E-01   4.5210703491013432E+06
   4.3500000000000000E+04   2.6379529683519763E+03   9.0340476793347916E+03   3.7259287063109482E+03  -4.3306694714396399E-01   4.5256038771486338E+06
   4.3600000000000000E+04   2.6398303007968520E+03   9.0462737874676804E+03   3.7275951474710168E+03  -4.2706937991853577E-01   4.5300853288038941E+06
   4.3700000000000000E+04   2.6409950324630959E+03   9.0583961500634869E+03   3.7278609823513593E+03  -4.2108768453098383E-01   4.5345146894323397E+06
   4.3800000000000000E+04   2.6441192973864045E+03   9.0704147455603252E+03   3.7320504258560459E+03  -4.1512181292473033E-01   4.5388920696785711E+06
   4.3900000000000000E+04   2.6437175213552941E+03   9.0823295593768253E+03   3.7292375513629800E+03  -4.0917171689642862E-01   4.5432175519254217E+06
   4.4000000000000000E+04   2.6459485128918532E+03   9.0941405838385162E+03   3.7316859499664874E+03  -4.0323734811692885E-01   4.5474911291640159E+06
   4.4100000000000000E+04   2.6465366100146939E+03   9.1058478180917318E+03   3.7308869072088787E+03  -3.9731865817321305E-01   4.5517129192890702E+06
   4.4200000000000000E+04   2.6473621238868272E+03   9.1174512681019169E+03   3.7305815446357510E+03  -3.9141559846355944E-01   4.5558830119208898E+06
   4.4300000000000000E+04   2.6472614672219279E+03   9.1289509465302272E+03   3.7284600186505063E+03  -3.8552812030237793E-01   4.5600014379021917E+06
   4.4400000000000000E+04   2.6416811876695565E+03   9.1403468726704014E+03   3.7155138535649303E+03  -3.7965617492020964E-01   4.5640682305034641E+06
   4.4500000000000000E+04   2.6408201313043846E+03   9.1516390724216672E+03   3.7119497432585076E+03  -3.7379971340082679E-01   4.5680835778711308E+06
   4.4600000000000000E+04   2.6456396110836295E+03   9.1628275782006131E+03   3.7196317971385411E+03  -3.6795868672316556E-01   4.5720475177577231E+06
   4.4700000000000000E+04   2.6461199418972988E+03   9.1739124288407456E+03   3.7187567882602152E+03  -3.6213304582422767E-01   4.5759601511292607E+06
   4.4800000000000000E+04   2.6452194999043609E+03   9.1848936695764623E+03   3.7151789537138329E+03  -3.5632274151521331E-01   4.5798215202542217E+06
   4.4900000000000000E+04   2.6486609025845464E+03   9.1957713519782974E+03   3.7201877434872526E+03  -3.5052772448151925E-01   4.5836317913122326E+06
   4.5000000000000000E+04   2.6523071730363467E+03   9.2065455338154097E+03   3.7256177474939841E+03  -3.4474794540854242E-01   4.5873910108219031E+06
   4.5100000000000000E+04   2.6514520470928287E+03   9.2172162790508537E+03   3.7221877161889179E+03  -3.3898335487684422E-01   4.5910992578896591E+06
   4.5200000000000000E+04   2.6522764885910774E+03   9.2277836577882117E+03   3.7220906323405293E+03  -3.3323390334118402E-01   4.5947567350901589E+06
   4.5300000000000000E+04   2.6521556947180484E+03   9.2382477461094350E+03   3.7201531921929550E+03  -3.2749954129825481E-01   4.5983634041460585E+06
   4.5400000000000000E+04   2.6494637124756359E+03   9.2486086261297714E+03   3.7131860667462583E+03  -3.2178021907701299E-01   4.6019195321379071E+06
   4.5500000000000000E+04   2.6472650171824762E+03   9.2588663858473683E+03   3.7072218537231665E+03  -3.1607588698544820E-01   4.6054250848970320E+06
   4.5600000000000000E+04   2.6476228819950284E+03   9.2690211190653063E+03   3.7062976020893880E+03  -3.1038649533154922E-01   4.6088802120481050E+06
   4.5700000000000000E+04   2.6457015036315806E+03   9.2790729253976788E+03   3.7009320947228857E+03  -3.0471199429750323E-01   4.6122850650078775E+06
   4.5800000000000000E+04   2.6607024602779752E+03   9.2890219101551484E+03   3.7287465754813329E+03  -2.9905233402356263E-01   4.6156397365168957E+06
   4.5900000000000000E+04   2.6611857481816596E+03   9.2988681842546648E+03   3.7281107863302141E+03  -2.9340746464998008E-01   4.6189444117151033E+06
   4.6000000000000000E+04   2.6598677388107244E+03   9.3086118641532121E+03   3.7239628904047313E+03  -2.8777733631700836E-01   4.6221990963605111E+06
   4.6100000000000000E+04   2.6574628194539264E+03   9.3182530718533744E+03   3.7177136859687512E+03  -2.8216189903909733E-01   4.6254039791457914E+06
   4.6200000000000000E+04   2.6557038275584955E+03   9.3277919347648967E+03   3.7127586365456968E+03  -2.7656110283069707E-01   4.6285591900414499E+06
   4.6300000000000000E+04   2.6548460435478810E+03   9.3372285856383642E+03   3.7095907353620837E+03  -2.7097489770625749E-01   4.6316648606733391E+06
   4.6400000000000000E+04   2.6549768383892533E+03   9.3465631624988637E+03   3.7083745935652410E+03  -2.6540323368022883E-01   4.6347210641616387E+06
   4.6500000000000000E+04   2.6550113472278131E+03   9.3557958086274411E+03   3.7069904542286772E+03  -2.5984606068319244E-01   4.6377279956128998E+06
   4.6600000000000000E+04   2.6568153311609840E+03   9.3649266724468944E+03   3.7090739095850777E+03  -2.5430332864573035E-01   4.6406857914790995E+06
   4.6700000000000000E+04   2.6602258999506771E+03   9.3739559074079607E+03   3.7143049038587619E+03  -2.4877498758229244E-01   4.6435945297266198E+06
   4.6800000000000000E+04   2.6581510472108575E+03   9.3828836720661639E+03   3.7088644932254060E+03  -2.4326098733959181E-01   4.6464544099805728E+06
   4.6900000000000000E+04   2.6588538476511230E+03   9.3917101298251146E+03   3.7088545437726930E+03  -2.3776127793207899E-01   4.6492655132977972E+06
   4.7000000000000000E+04   2.6548110544524693E+03   9.4004354490372662E+03   3.6996397200539795E+03  -2.3227580924840091E-01   4.6520280421351539E+06
   4.7100000000000000E+04   2.6536615746591824E+03   9.4090598028428121E+03   3.6960752881015151E+03  -2.2680453121913954E-01   4.6547420805642828E+06
   4.7200000000000000E+04   2.6525935853184046E+03   9.4175833691277821E+03   3.6926916421864553E+03  -2.2134739377487650E-01   4.6574078935203385E+06
   4.7300000000000000E+04   2.6521170771269221E+03   9.4260063304229461E+03   3.6904755042839352E+03  -2.1590434690909482E-01   4.6600255080686891E+06
   4.7400000000000000E+04   2.6511987716766344E+03   9.4343288738976771E+03   3.6874246469017298E+03  -2.1047534057334302E-01   4.6625951021749536E+06
   4.7500000000000000E+04   2.6614987092356655E+03   9.4425511912709371E+03   3.7061116801615362E+03  -2.0506032471916996E-01   4.6651168848401280E+06
   4.7600000000000000E+04   2.6584968550428534E+03   9.4506734786754114E+03   3.6990477593997662E+03  -1.9965924942392693E-01   4.6675908874122296E+06
   4.7700000000000000E+04   2.6531634300033347E+03   9.4586959367461222E+03   3.6875095563839941E+03  -1.9427206461819568E-01   4.6700174405527646E+06
   4.7800000000000000E+04   2.6526628874720218E+03   9.4666187703552368E+03   3.6853406029599555E+03  -1.8889872044222877E-01   4.6723964889310896E+06
   4.7900000000000000E+04   2.6501753224467552E+03   9.4744421887362514E+03   3.6793597575397157E+03  -1.8353916691047625E-01   4.6747284248430748E+06
   4.8000000000000000E+04   2.6480146978380417E+03   9.4821664052667202E+03   3.6740355033674705E+03  -1.7819335418415777E-01   4.6770131956170602E+06
   4.8100000000000000E+04   2.6483309675915184E+03   9.4897916375101759E+03   3.6735004821577131E+03  -1.7286123238255888E-01   4.6792511064116070E+06
   4.8200000000000000E+04   2.6485089529783863E+03   9.4973181071053441E+03   3.6727161569095701E+03  -1.6754275166689925E-01   4.6814422851818893E+06
   4.8300000000000000E+04   2.6537591590001648E+03   9.5047460396559454E+03   3.6817041538828812E+03  -1.6223786232420093E-01   4.6835868018068979E+06
   4.8400000000000000E+04   2.6550915062172649E+03   9.5120756647729231E+03   3.6831689734214419E+03  -1.5694651457858530E-01   4.6856849347181441E+06
   4.8500000000000000E+04   2.6530974129482406E+03   9.5193072159295334E+03   3.6782519136942506E+03  -1.5166865873804136E-01   4.6877368447167231E+06
   4.8600000000000000E+04   2.6529849528601749E+03   9.5264409304221845E+03   3.6769718937933412E+03  -1.4640424515249273E-01   4.6897426936247759E+06
   4.8700000000000000E+04   2.6456238797212695E+03   9.5334770492848547E+03   3.6618078111500658E+03  -1.4115322425573132E-01   4.6917026442443542E+06
   4.8800000000000000E+04   2.6432166021223902E+03   9.5404158172504267E+03   3.6561776298988998E+03  -1.3591554652348325E-01   4.6936168013575310E+06
   4.8900000000000000E+04   2.6372761370203052E+03   9.5472574827121571E+03   3.6438237780256022E+03  -1.3069116243147441E-01   4.6954853887950284E+06
   4.9000000000000000E+04   2.6384625539080739E+03   9.5540022975926513E+03   3.6451062731828415E+03  -1.2548002258123381E-01   4.6973086310843574E+06
   4.9100000000000000E+04   2.6401561087290488E+03   9.5606505173408550E+03   3.6473708923701388E+03  -1.2028207759525689E-01   4.6990866063510124E+06
   4.9200000000000000E+04   2.6498132093507584E+03   9.5672024008366097E+03   3.6648652542887635E+03  -1.1509727817990785E-01   4.7008195702690016E+06
   4.9300000000000000E+04   2.6573283432530484E+03   9.5736582103534329E+03   3.6783024812052658E+03  -1.0992557508348497E-01   4.7025076615751861E+06
   4.9400000000000000E+04   2.6477762325534009E+03   9.5800182114753843E+03   3.6590968123876473E+03  -1.0476691913815483E-01   4.7041510786202196E+06
   4.9500000000000000E+04   2.6400316256812584E+03   9.5862826730490124E+03   3.6434170399240088E+03  -9.9621261238985598E-02   4.7057499911315599E+06
   4.9600000000000000E+04   2.6405572316379985E+03   9.5924518671125443E+03   3.6435273367911782E+03  -9.4488552364913395E-02   4.7073045696064224E+06
   4.9700000000000000E+04   2.6342511999706653E+03   9.5985260688599610E+03   3.6306620991937757E+03  -8.9368743536808806E-02   4.7088150438611414E+06
   4.9800000000000000E+04   2.6320943681441690E+03   9.6045055565594430E+03   3.6257134441859062E+03  -8.4261785859410687E-02   4.7102815272296779E+06
   4.9900000000000000E+04   2.6343935441014828E+03   9.6103906114724305E+03   3.6292376184581640E+03  -7.9167630563260483E-02   4.7117042216140889E+06
   5.0000000000000000E+04   2.6405784785854376E+03   9.6161815178644356E+03   3.6401558143808070E+03  -7.4086228878899665E-02   4.7130833295336030E+06


