#Te   kappa_tot   kappa_e_ph  kappa_e_e mu Ce
#[K]  [W/(K*m)]   [W/(K*m)]   [W/(K*m)]   [eV]  [J/(m^3*K)]
   3.0000000000000000E+02   9.6577096436471834E+01   9.7348121266345657E+01   1.2193639596519530E+04   3.3147039175089934E+00   6.8125594473162302E+04
   4.0000000000000000E+02   1.3015375349337864E+02   1.3158057189360082E+02   1.2002722502100316E+04   3.3227773724147212E+00   8.9729695161579890E+04
   5.0000000000000000E+02   1.6352279391264977E+02   1.6585310042760909E+02   1.1638281138939068E+04   3.3283613700780346E+00   1.1223021813304101E+05
   6.0000000000000000E+02   1.9689995657258495E+02   2.0037302534608162E+02   1.1359821115560395E+04   3.3318342143258204E+00   1.3549641583771215E+05
   7.0000000000000000E+02   2.3041233390603961E+02   2.3531995715331334E+02   1.1048244294727609E+04   3.3338119997961124E+00   1.5926048969281241E+05
   8.0000000000000000E+02   2.6421015242826718E+02   2.7080723153347458E+02   1.0845711985726921E+04   3.3348536929441508E+00   1.8340878595734070E+05
   9.0000000000000000E+02   2.9817397592197636E+02   3.0680435230834382E+02   1.0599893847323910E+04   3.3353750926207200E+00   2.0785230440241369E+05
   1.0000000000000000E+03   3.3222863895406857E+02   3.4316451326177832E+02   1.0425236791348261E+04   3.3356610600323671E+00   2.3247438281110910E+05
   1.1000000000000000E+03   3.6613121532897611E+02   3.7968880539682254E+02   1.0253734112852435E+04   3.3358965943088550E+00   2.5714716343506891E+05
   1.2000000000000000E+03   3.9974785254496658E+02   4.1617936482991303E+02   1.0124862792860540E+04   3.3361958575784945E+00   2.8175663547294342E+05
   1.3000000000000000E+03   4.3264962819622258E+02   4.5246978466362407E+02   9.8768586628825269E+03   3.3366252575982318E+00   3.0621590159978723E+05
   1.4000000000000000E+03   4.6531958496931861E+02   4.8843666881307399E+02   9.8316530558974937E+03   3.3372204496817761E+00   3.3046726492218132E+05
   1.5000000000000000E+03   4.9685411197814722E+02   5.2399946177198262E+02   9.5910087448889790E+03   3.3379981337264382E+00   3.5447836057392659E+05
   1.6000000000000000E+03   5.2811042751107198E+02   5.5911443760207817E+02   9.5237410839090262E+03   3.3389638196759925E+00   3.7823640392464172E+05
   1.7000000000000000E+03   5.5871776246714171E+02   5.9376664672235859E+02   9.4652933847660079E+03   3.3401166978814629E+00   4.0174267428056762E+05
   1.8000000000000000E+03   5.8838966868795910E+02   6.2796192278336696E+02   9.3370043264236501E+03   3.3414525536856843E+00   4.2500802648451761E+05
   1.9000000000000000E+03   6.1748624500527706E+02   6.6171993986457369E+02   9.2373689833467888E+03   3.3429654271103209E+00   4.4804950712444837E+05
   2.0000000000000000E+03   6.4595664387289582E+02   6.9506866317628760E+02   9.1420435831186987E+03   3.3446485054308228E+00   4.7088792113468127E+05
   2.1000000000000000E+03   6.7280042743269246E+02   7.2804019511580702E+02   8.8672667356605016E+03   3.3464945699892117E+00   4.9354613347807119E+05
   2.2000000000000000E+03   6.9880655069479269E+02   7.6066785870213096E+02   8.5927650042733294E+03   3.3484961992950253E+00   5.1604789215887617E+05
   2.3000000000000000E+03   7.2405389468106694E+02   7.9298430092439662E+02   8.3296095699539565E+03   3.3506458505271879E+00   5.3841705221182422E+05
   2.4000000000000000E+03   7.4943826389987589E+02   8.2502039189255675E+02   8.1805297972270373E+03   3.3529358888219174E+00   5.6067706323895394E+05
   2.5000000000000000E+03   7.7375710256514503E+02   8.5680471397486599E+02   7.9828753855255309E+03   3.3553586017007251E+00   5.8285065211844735E+05
   2.6000000000000000E+03   7.9825008999208069E+02   8.8836346436374015E+02   7.8693781063985416E+03   3.3579062159847961E+00   6.0495965404398588E+05
   2.7000000000000000E+03   8.2083877387390032E+02   9.1972062640763113E+02   7.6347917433024177E+03   3.3605709236860104E+00   6.2702492778940464E+05
   2.8000000000000000E+03   8.4374894008876959E+02   9.5089829605624777E+02   7.4878604932837434E+03   3.3633449172831726E+00   6.4906633180788287E+05
   2.9000000000000000E+03   8.6679344746262711E+02   9.8191707775572729E+02   7.3930893838510747E+03   3.3662204320138032E+00   6.7110274451586849E+05
   3.0000000000000000E+03   8.8794096076227049E+02   1.0127964883402391E+03   7.2027526883172804E+03   3.3691897917378957E+00   6.9315208529310336E+05
   3.1000000000000000E+03   9.0974467323276576E+02   1.0435553274148385E+03   7.0948677901801511E+03   3.3722454554670582E+00   7.1523136656076950E+05
   3.2000000000000000E+03   9.2978055565403076E+02   1.0742119891397208E+03   6.9152634994203599E+03   3.3753800613255578E+00   7.3735669714951946E+05
   3.3000000000000000E+03   9.4877349112657237E+02   1.1047847024801169E+03   6.7186866252832124E+03   3.3785864664724485E+00   7.5954332103398454E+05
   3.4000000000000000E+03   9.7009976914570541E+02   1.1352916965780291E+03   6.6670704185262584E+03   3.3818577811871608E+00   7.8180560761330801E+05
   3.5000000000000000E+03   9.8908537530539400E+02   1.1657512941873797E+03   6.5265986989505682E+03   3.3851873966865709E+00   8.0415704434442066E+05
   3.6000000000000000E+03   1.0084018114466819E+03   1.1961819404789094E+03   6.4236404661950237E+03   3.3885690064284977E+00   8.2661021091471473E+05
   3.7000000000000000E+03   1.0256674731951498E+03   1.2266021769961424E+03   6.2611680894173578E+03   3.3919966210299597E+00   8.4917674611374573E+05
   3.8000000000000000E+03   1.0446287875487553E+03   1.2570305716029311E+03   6.1822942202329095E+03   3.3954645773605692E+00   8.7186731725363550E+05
   3.9000000000000000E+03   1.0629438682839002E+03   1.2874856154831671E+03   6.0947461109184060E+03   3.3989675421611905E+00   8.9469155632225296E+05
   4.0000000000000000E+03   1.0807203395379240E+03   1.3179855974935699E+03   6.0032971312454647E+03   3.4025005112501741E+00   9.1765803807615256E+05
   4.1000000000000000E+03   1.0999942436191704E+03   1.3485484653361602E+03   5.9680963729526775E+03   3.4060588047723881E+00   9.4077421996487002E+05
   4.2000000000000000E+03   1.1163084541368421E+03   1.3791916816386947E+03   5.8566054164776751E+03   3.4096380593198439E+00   9.6404642666285019E+05
   4.3000000000000000E+03   1.1330490755852250E+03   1.4099320817393225E+03   5.7696651883489048E+03   3.4132342174375521E+00   9.8747979443506000E+05
   4.4000000000000000E+03   1.1491840138273194E+03   1.4407857384580593E+03   5.6780457663035695E+03   3.4168435155534866E+00   1.0110782836903572E+06
   4.5000000000000000E+03   1.1668917506207392E+03   1.4717678381384032E+03   5.6330877345476283E+03   3.4204624701926134E+00   1.0348446369751047E+06
   4.6000000000000000E+03   1.1847081735765260E+03   1.5028925707171268E+03   5.5957775696626832E+03   3.4240878636539458E+00   1.0587803909550589E+06
   4.7000000000000000E+03   1.2028468245492975E+03   1.5341730358756538E+03   5.5696624698807500E+03   3.4277167290105561E+00   1.0828858884394821E+06
   4.8000000000000000E+03   1.2195405570884334E+03   1.5656211662329374E+03   5.5170340631824511E+03   3.4313463351212752E+00   1.1071602953667026E+06
   4.9000000000000000E+03   1.2351200693153100E+03   1.5972476679744300E+03   5.4477832059393395E+03   3.4349741716423630E+00   1.1316016182852569E+06
   5.0000000000000000E+03   1.2512630861454959E+03   1.6290619786249456E+03   5.3954237544712078E+03   3.4385979344477762E+00   1.1562067497568734E+06
   5.1000000000000000E+03   1.2677076903159530E+03   1.6610722412948719E+03   5.3531871370196659E+03   3.4422155115280013E+00   1.1809715142236643E+06
   5.2000000000000000E+03   1.2854796183884382E+03   1.6932852943702255E+03   5.3375513442510346E+03   3.4458249695192591E+00   1.2058907137300347E+06
   5.3000000000000000E+03   1.2999071522047643E+03   1.7257066754068919E+03   5.2683442036266588E+03   3.4494245408630464E+00   1.2309581801246826E+06
   5.4000000000000000E+03   1.3156632519924310E+03   1.7583406378040531E+03   5.2258918928110052E+03   3.4530126117594575E+00   1.2561668393827050E+06
   5.5000000000000000E+03   1.3324197132689824E+03   1.7911901787820736E+03   5.2022030270711148E+03   3.4565877109026064E+00   1.2815087875240736E+06
   5.6000000000000000E+03   1.3509059543326293E+03   1.8242570771658732E+03   5.2062826703064502E+03   3.4601484989397759E+00   1.3069753512641455E+06
   5.7000000000000000E+03   1.3671704804472981E+03   1.8575419394767737E+03   5.1788831896368920E+03   3.4636937586659884E+00   1.3325571471470653E+06
   5.8000000000000000E+03   1.3825500395747188E+03   1.8910442528753283E+03   5.1415792712369011E+03   3.4672223860590270E+00   1.3582441650158209E+06
   5.9000000000000000E+03   1.3994153174374051E+03   1.9247624436189549E+03   5.1271662331275020E+03   3.4707333819214683E+00   1.3840258422965228E+06
   6.0000000000000000E+03   1.4169228556502535E+03   1.9586939397383537E+03   5.1226768868816298E+03   3.4742258442464546E+00   1.4098911247201473E+06
   6.1000000000000000E+03   1.4340604391941927E+03   1.9928352367698833E+03   5.1144865288895980E+03   3.4776989612138061E+00   1.4358285499682573E+06
   6.2000000000000000E+03   1.4510641102605107E+03   2.0271819654891513E+03   5.1058493820179629E+03   3.4811520046880804E+00   1.4618263066156143E+06
   6.3000000000000000E+03   1.4665037735510841E+03   2.0617289606701120E+03   5.0796461008254601E+03   3.4845843244170229E+00   1.4878723051433302E+06
   6.4000000000000000E+03   1.4813266529667831E+03   2.0964703300614119E+03   5.0485073531793842E+03   3.4879953425568715E+00   1.5139542406359189E+06
   6.5000000000000000E+03   1.4958211266155067E+03   2.1313995228171402E+03   5.0162064263692400E+03   3.4913845487812938E+00   1.5400596730815098E+06
   6.6000000000000000E+03   1.5153993566426720E+03   2.1665093967728467E+03   5.0423534328751703E+03   3.4947514956705206E+00   1.5661760456344178E+06
   6.7000000000000000E+03   1.5310181067567974E+03   2.2017922840093588E+03   5.0255122639679121E+03   3.4980957946607427E+00   1.5922907997165318E+06
   6.8000000000000000E+03   1.5481411380234358E+03   2.2372400542884961E+03   5.0262208834261955E+03   3.5014171120869322E+00   1.6183913631959630E+06
   6.9000000000000000E+03   1.5641874643729191E+03   2.2728441759683010E+03   5.0167511438916317E+03   3.5047151658093014E+00   1.6444652634966390E+06
   7.0000000000000000E+03   1.5810427132969339E+03   2.3085957741453376E+03   5.0168004549445623E+03   3.5079897217813985E+00   1.6705001199949316E+06
   7.1000000000000000E+03   1.5968726315407762E+03   2.3444856857752420E+03   5.0077309451039227E+03   3.5112405912252020E+00   1.6964837305575558E+06
   7.2000000000000000E+03   1.6144796657140516E+03   2.3805045116481233E+03   5.0171690234277685E+03   3.5144676276428131E+00   1.7224040684049893E+06
   7.3000000000000000E+03   1.6299975196363421E+03   2.4166426650916524E+03   5.0074948948763786E+03   3.5176707244000953E+00   1.7482493668638484E+06
   7.4000000000000000E+03   1.6455969842765762E+03   2.4528904173731189E+03   5.0000023635859352E+03   3.5208498121352529E+00   1.7740081020878004E+06
   7.5000000000000000E+03   1.6612135546670920E+03   2.4892379397742461E+03   4.9940024481397804E+03   3.5240048565526014E+00   1.7996690562841566E+06
   7.6000000000000000E+03   1.6752726602720704E+03   2.5256753423741779E+03   4.9755191732741096E+03   3.5271358562747119E+00   1.8252213294030849E+06
   7.7000000000000000E+03   1.6926032278987850E+03   2.5621927095954047E+03   4.9871528371049453E+03   3.5302428407762614E+00   1.8506543554958450E+06
   7.8000000000000000E+03   1.7079721779815568E+03   2.5987801325947398E+03   4.9827172514309623E+03   3.5333258685513522E+00   1.8759579506041454E+06
   7.9000000000000000E+03   1.7211547163392536E+03   2.6354277386051467E+03   4.9612957742423305E+03   3.5363850251874469E+00   1.9011222878816226E+06
   8.0000000000000000E+03   1.7353964137862024E+03   2.6721257173476556E+03   4.9504134966637002E+03   3.5394204217077756E+00   1.9261379392494457E+06
   8.1000000000000000E+03   1.7504669480889734E+03   2.7088643446491556E+03   4.9476110005973778E+03   3.5424321929137608E+00   1.9509958854349761E+06
   8.2000000000000000E+03   1.7660231559165015E+03   2.7456340034095042E+03   4.9497749438993906E+03   3.5454204957857849E+00   1.9756875025115674E+06
   8.3000000000000000E+03   1.7855127638999761E+03   2.7824252020697104E+03   4.9834423994282406E+03   3.5483855080007065E+00   2.0002045961678403E+06
   8.4000000000000000E+03   1.7964287130344226E+03   2.8192285907364899E+03   4.9516462598579392E+03   3.5513274264843986E+00   2.0245393954495988E+06
   8.5000000000000000E+03   1.8113074922991680E+03   2.8560349751207791E+03   4.9516813080603724E+03   3.5542464660109552E+00   2.0486845351294442E+06
   8.6000000000000000E+03   1.8273237614518562E+03   2.8928353284481082E+03   4.9611350053595488E+03   3.5571428578603004E+00   2.0726330869980692E+06
   8.7000000000000000E+03   1.8408776816692118E+03   2.9296208014975318E+03   4.9534857681406866E+03   3.5600168485924897E+00   2.0963785386437518E+06
   8.8000000000000000E+03   1.8540712412675450E+03   2.9663827309207786E+03   4.9445546172569921E+03   3.5628686987753531E+00   2.1199148005561479E+06
   8.9000000000000000E+03   1.8689696633084050E+03   3.0031126459914758E+03   4.9488702187952795E+03   3.5656986817704732E+00   2.1432361815576488E+06
   9.0000000000000000E+03   1.8809321431697938E+03   3.0398022739289800E+03   4.9338244676027298E+03   3.5685070827176419E+00   2.1663374236529688E+06
   9.1000000000000000E+03   1.8944871353060835E+03   3.0764435439314720E+03   4.9310470961039091E+03   3.5712941972741401E+00   2.1892136415132550E+06
   9.2000000000000000E+03   1.9099607717817719E+03   3.1130285900533472E+03   4.9421673476223277E+03   3.5740603307042487E+00   2.2118603582872404E+06
   9.3000000000000000E+03   1.9230932346704722E+03   3.1495497530476873E+03   4.9385181876306660E+03   3.5768057968053135E+00   2.2342734766022875E+06
   9.4000000000000000E+03   1.9357730883547313E+03   3.1859995812922921E+03   4.9330039667325082E+03   3.5795309169738885E+00   2.2564492824104996E+06
   9.5000000000000000E+03   1.9464441561026877E+03   3.2223708309080585E+03   4.9157721963713211E+03   3.5822360192368796E+00   2.2783844112820607E+06
   9.6000000000000000E+03   1.9610608430790194E+03   3.2586564651713034E+03   4.9248190161042703E+03   3.5849214374110629E+00   2.3000758571735765E+06
   9.7000000000000000E+03   1.9759323401519341E+03   3.2948496533143862E+03   4.9361699334372079E+03   3.5875875102276105E+00   2.3215209623906119E+06
   9.8000000000000000E+03   1.9853282009035941E+03   3.3309437688012140E+03   4.9144917445903802E+03   3.5902345805266394E+00   2.3427173947425522E+06
   9.9000000000000000E+03   1.9947626492153240E+03   3.3669323871565994E+03   4.8946065363677399E+03   3.5928629945101287E+00   2.3636631492102975E+06
   1.0000000000000000E+04   2.0107022360943429E+03   3.4028092834238864E+03   4.9148779530338315E+03   3.5954731009364758E+00   2.3843565058110915E+06
   1.0100000000000000E+04   2.0220339664061371E+03   3.4385684293114759E+03   4.9083889887289242E+03   3.5980652505368416E+00   2.4047960715118651E+06
   1.0200000000000000E+04   2.0336862587045821E+03   3.4742039900947507E+03   4.9047927426577635E+03   3.6006397952447160E+00   2.4249807160218386E+06
   1.0300000000000000E+04   2.0441742136139553E+03   3.5097103213198843E+03   4.8954504077878837E+03   3.6031970876005954E+00   2.4449095760985147E+06
   1.0400000000000000E+04   2.0532657395645870E+03   3.5450819653590133E+03   4.8792842024115407E+03   3.6057374801683197E+00   2.4645820600793501E+06
   1.0500000000000000E+04   2.0635924283427339E+03   3.5803136478569359E+03   4.8712367439391173E+03   3.6082613250097877E+00   2.4839978274399289E+06
   1.0600000000000000E+04   2.0761553864267648E+03   3.6154002741133086E+03   4.8765032862774178E+03   3.6107689730429269E+00   2.5031567493473920E+06
   1.0700000000000000E+04   2.0847357136427809E+03   3.6503369254166623E+03   4.8607446762401987E+03   3.6132607736681583E+00   2.5220589451326057E+06
   1.0800000000000000E+04   2.0967055849746762E+03   3.6851188553745701E+03   4.8643570469630513E+03   3.6157370742314305E+00   2.5407047337424448E+06
   1.0900000000000000E+04   2.1039772915874901E+03   3.7197414862536966E+03   4.8436842724259432E+03   3.6181982195806381E+00   2.5590946295026741E+06
   1.1000000000000000E+04   2.1173025708865830E+03   3.7542004053472588E+03   4.8560013963755810E+03   3.6206445517154320E+00   2.5772293541469527E+06
   1.1100000000000000E+04   2.1251148078857591E+03   3.7884913613964659E+03   4.8401422243559882E+03   3.6230764093553094E+00   2.5951097886424549E+06
   1.1200000000000000E+04   2.1330215102873308E+03   3.8226102610712624E+03   4.8258547581634475E+03   3.6254941275777517E+00   2.6127369920593356E+06
   1.1300000000000000E+04   2.1431436561580704E+03   3.8565531655156888E+03   4.8238015525021756E+03   3.6278980375730767E+00   2.6301121858012951E+06
   1.1400000000000000E+04   2.1524097036400358E+03   3.8903162869888115E+03   4.8181844792880484E+03   3.6302884662125496E+00   2.6472367251445628E+06
   1.1500000000000000E+04   2.1613144157518000E+03   3.9238959855699218E+03   4.8115633935727619E+03   3.6326657359199608E+00   2.6641121224464779E+06
   1.1600000000000000E+04   2.1691149960852708E+03   3.9572887659759722E+03   4.8003245269853860E+03   3.6350301642864271E+00   2.6807400031972663E+06
   1.1700000000000000E+04   2.1764687390743479E+03   3.9904912744550866E+03   4.7878013326761393E+03   3.6373820639069590E+00   2.6971221169825853E+06
   1.1800000000000000E+04   2.1847878501949695E+03   4.0235002957760157E+03   4.7807880903799778E+03   3.6397217421936943E+00   2.7132603360233321E+06
   1.1900000000000000E+04   2.1891220959495527E+03   4.0563127503224177E+03   4.7556814024410151E+03   3.6420495010957397E+00   2.7291566215828229E+06
   1.2000000000000000E+04   2.2028768033717938E+03   4.0889256912568180E+03   4.7758038584468140E+03   3.6443656370524797E+00   2.7448130457702461E+06
   1.2100000000000000E+04   2.2071548646273141E+03   4.1213363018007285E+03   4.7521239578610202E+03   3.6466704407134243E+00   2.7602317519447580E+06
   1.2200000000000000E+04   2.2130090586772480E+03   4.1535418925737540E+03   4.7367535726795059E+03   3.6489641969265287E+00   2.7754149804959032E+06
   1.2300000000000000E+04   2.2202776938443089E+03   4.1855398990386930E+03   4.7286620838524677E+03   3.6512471845397587E+00   2.7903650329934885E+06
   1.2400000000000000E+04   2.2194580527245103E+03   4.2173278790146051E+03   4.6850811794078445E+03   3.6535196763193687E+00   2.8050842855731216E+06
   1.2500000000000000E+04   2.2292274864909009E+03   4.2489035102615162E+03   4.6897484453171892E+03   3.6557819389032233E+00   2.8195751732185232E+06
   1.2600000000000000E+04   2.2339720291650665E+03   4.2802645881431645E+03   4.6728368948928519E+03   3.6580342327073949E+00   2.8338401906971899E+06
   1.2700000000000000E+04   2.2426514639247425E+03   4.3114090233581383E+03   4.6738138617174045E+03   3.6602768118327917E+00   2.8478818706723498E+06
   1.2800000000000000E+04   2.2424832526055129E+03   4.3423348397171703E+03   4.6372863753982119E+03   3.6625099240884982E+00   2.8617027983931447E+06
   1.2900000000000000E+04   2.2512541268363107E+03   4.3730401719914016E+03   4.6398762761666712E+03   3.6647338109217378E+00   2.8753055969528970E+06
   1.3000000000000000E+04   2.2657766030984299E+03   4.4035232638038151E+03   4.6672508795004314E+03   3.6669487074178764E+00   2.8886929159881799E+06
   1.3100000000000000E+04   2.2703874947584909E+03   4.4337824655727673E+03   4.6530589190225410E+03   3.6691548422770626E+00   2.9018674473089264E+06
   1.3200000000000000E+04   2.2718103140008270E+03   4.4638162324942332E+03   4.6263304634481619E+03   3.6713524378259237E+00   2.9148318940693852E+06
   1.3300000000000000E+04   2.2756545137632179E+03   4.4936231225637039E+03   4.6104952529256989E+03   3.6735417100292165E+00   2.9275889835070707E+06
   1.3400000000000000E+04   2.2818033352640286E+03   4.5232017946317901E+03   4.6047399104460665E+03   3.6757228685131849E+00   2.9401414666715101E+06
   1.3500000000000000E+04   2.2796509029657859E+03   4.5525510064938235E+03   4.5660726560934927E+03   3.6778961165772315E+00   2.9524920980898612E+06
   1.3600000000000000E+04   2.2853217076409428E+03   4.5816696129994161E+03   4.5596701612127563E+03   3.6800616512522852E+00   2.9646436459303703E+06
   1.3700000000000000E+04   2.2927059058446544E+03   4.6105565641907806E+03   4.5605398371496449E+03   3.6822196633358142E+00   2.9765988787379484E+06
   1.3800000000000000E+04   2.3053721714795547E+03   4.6392109034607320E+03   4.5826249979937138E+03   3.6843703374385268E+00   2.9883605726726777E+06
   1.3900000000000000E+04   2.3045480809380697E+03   4.6676317657295876E+03   4.5520105349915730E+03   3.6865138520310552E+00   2.9999315054062186E+06
   1.4000000000000000E+04   2.3065611889380225E+03   4.6958183756269400E+03   4.5332886203570160E+03   3.6886503795490211E+00   3.0113144466951857E+06
   1.4100000000000000E+04   2.3083631262857375E+03   4.7237700457005967E+03   4.5144263282933407E+03   3.6907800864280529E+00   3.0225121696614772E+06
   1.4200000000000000E+04   2.3120789209403470E+03   4.7514861746403731E+03   4.5034755926311655E+03   3.6929031331271287E+00   3.0335274210010013E+06
   1.4300000000000000E+04   2.3144980514781892E+03   4.7789662454837335E+03   4.4881520849634699E+03   3.6950196742920061E+00   3.0443629567203410E+06
   1.4400000000000000E+04   2.3171993237141432E+03   4.8062098238479439E+03   4.4744472363013519E+03   3.6971298588252544E+00   3.0550215126275118E+06
   1.4500000000000000E+04   2.3183595457052620E+03   4.8332165561869115E+03   4.4555748866813765E+03   3.6992338298745926E+00   3.0655058093242766E+06
   1.4600000000000000E+04   2.3321221614777069E+03   4.8599861680103759E+03   4.4836594918088367E+03   3.7013317250313125E+00   3.0758185469731744E+06
   1.4700000000000000E+04   2.3324639265504024E+03   4.8865184621394610E+03   4.4625625179668023E+03   3.7034236763769939E+00   3.0859624281808045E+06
   1.4800000000000000E+04   2.3320771139502913E+03   4.9128133169647435E+03   4.4394539388493777E+03   3.7055098105418591E+00   3.0959401075415863E+06
   1.4900000000000000E+04   2.3268327788672909E+03   4.9388706846906161E+03   4.3996016191436402E+03   3.7075902488448480E+00   3.1057542357052541E+06
   1.5000000000000000E+04   2.3393624133836947E+03   4.9646905895956788E+03   4.4239080906592408E+03   3.7096651073753351E+00   3.1154074406464645E+06
   1.5100000000000000E+04   2.3418316313194086E+03   4.9902731262967864E+03   4.4125495987914319E+03   3.7117344970748443E+00   3.1249023229222083E+06
   1.5200000000000000E+04   2.3404136057616670E+03   5.0156184580034760E+03   4.3879337578891491E+03   3.7137985238771174E+00   3.1342414652057248E+06
   1.5300000000000000E+04   2.3422565769351336E+03   5.0407268147995974E+03   4.3753217540917940E+03   3.7158572887431416E+00   3.1434274135149643E+06
   1.5400000000000000E+04   2.3423517543585731E+03   5.0655984918998593E+03   4.3570835322437943E+03   3.7179108878245666E+00   3.1524627012127689E+06
   1.5500000000000000E+04   2.3423120388271241E+03   5.0902338479343798E+03   4.3388847466280449E+03   3.7199594125220812E+00   3.1613498160220012E+06
   1.5600000000000000E+04   2.3485593916420257E+03   5.1146333032192651E+03   4.3426244066744130E+03   3.7220029496254767E+00   3.1700912458606628E+06
   1.5700000000000000E+04   2.3442793791946870E+03   5.1387973380568001E+03   4.3108603382790125E+03   3.7240415813486791E+00   3.1786894134622822E+06
   1.5800000000000000E+04   2.3517642975826825E+03   5.1627264910035374E+03   4.3193451225150029E+03   3.7260753855281825E+00   3.1871467441402888E+06
   1.5900000000000000E+04   2.3515450424853684E+03   5.1864213571857745E+03   4.3021642134744588E+03   3.7281044356464021E+00   3.1954656147551467E+06
   1.6000000000000000E+04   2.3493572388609082E+03   5.2098825865980343E+03   4.2788907212872891E+03   3.7301288009600779E+00   3.2036483821304701E+06
   1.6100000000000000E+04   2.3519530102510707E+03   5.2331108824123112E+03   4.2719043658772707E+03   3.7321485466170032E+00   3.2116973607999487E+06
   1.6200000000000000E+04   2.3520865628385691E+03   5.2561069993075080E+03   4.2571389962204121E+03   3.7341637337260631E+00   3.2196148481419045E+06
   1.6300000000000000E+04   2.3520272370647513E+03   5.2788717417921871E+03   4.2421283732744523E+03   3.7361744194973170E+00   3.2274030947887753E+06
   1.6400000000000000E+04   2.3495154712437429E+03   5.3014059625575946E+03   4.2195790680666450E+03   3.7381806573003606E+00   3.2350643336522835E+06
   1.6500000000000000E+04   2.3518110851007223E+03   5.3237105608258016E+03   4.2129155488219221E+03   3.7401824967927277E+00   3.2426007576536904E+06
   1.6600000000000000E+04   2.3578304329018861E+03   5.3457864807160458E+03   4.2184215063165202E+03   3.7421799840249590E+00   3.2500145305515453E+06
   1.6700000000000000E+04   2.3598435736412907E+03   5.3676347096387162E+03   4.2113224298050791E+03   3.7441731614872804E+00   3.2573077756225751E+06
   1.6800000000000000E+04   2.3606929872248788E+03   5.3892562766786687E+03   4.2007969729460438E+03   3.7461620682613654E+00   3.2644825941185318E+06
   1.6900000000000000E+04   2.3568123025496338E+03   5.4106522510080085E+03   4.1756909350900651E+03   3.7481467401137145E+00   3.2715410540699619E+06
   1.7000000000000000E+04   2.3575874206003614E+03   5.4318237403207631E+03   4.1655871537759094E+03   3.7501272095656963E+00   3.2784851864522081E+06
   1.7100000000000000E+04   2.3591821636718068E+03   5.4527718892875464E+03   4.1583025949628045E+03   3.7521035059519066E+00   3.2853169813102800E+06
   1.7200000000000000E+04   2.3610425159954325E+03   5.4734978779947924E+03   4.1520792101753987E+03   3.7540756556186246E+00   3.2920384179085316E+06
   1.7300000000000000E+04   2.3542181799483105E+03   5.4940029204530874E+03   4.1194166559139294E+03   3.7560436819121321E+00   3.2986514195398046E+06
   1.7400000000000000E+04   2.3581799923270687E+03   5.5142882630861368E+03   4.1201641827091771E+03   3.7580076053304605E+00   3.3051579026937932E+06
   1.7500000000000000E+04   2.3552763818232615E+03   5.5343551832679359E+03   4.1002242680642667E+03   3.7599674435584154E+00   3.3115597240874525E+06
   1.7600000000000000E+04   2.3560220658236321E+03   5.5542049878561429E+03   4.0916451086482698E+03   3.7619232116076575E+00   3.3178587262821225E+06
   1.7700000000000000E+04   2.3511643847073110E+03   5.5738390117639337E+03   4.0665016755106935E+03   3.7638749218867318E+00   3.3240567111985376E+06
   1.7800000000000000E+04   2.3537304517014795E+03   5.5932586165597140E+03   4.0638705577095679E+03   3.7658225842477679E+00   3.3301554593634452E+06
   1.7900000000000000E+04   2.3476783022809154E+03   5.6124651890652922E+03   4.0358722341149155E+03   3.7677662061382331E+00   3.3361567109320755E+06
   1.8000000000000000E+04   2.3553269102662302E+03   5.6314601400158554E+03   4.0486539104774629E+03   3.7697057925892477E+00   3.3420621696013631E+06
   1.8100000000000000E+04   2.3541835127682862E+03   5.6502449026952845E+03   4.0356388487421023E+03   3.7716413464140364E+00   3.3478735259941062E+06
   1.8200000000000000E+04   2.3487045272900818E+03   5.6688209316501743E+03   4.0102164397244123E+03   3.7735728681729155E+00   3.3535924231225480E+06
   1.8300000000000000E+04   2.3480267633521676E+03   5.6871897013910675E+03   3.9991081222798011E+03   3.7755003563016776E+00   3.3592204758661771E+06
   1.8400000000000000E+04   2.3496100159111579E+03   5.7053527051248338E+03   3.9947502242516393E+03   3.7774238072166759E+00   3.3647592790498892E+06
   1.8500000000000000E+04   2.3439667105570861E+03   5.7233114535365739E+03   3.9697789191557636E+03   3.7793432153147970E+00   3.3702103882344039E+06
   1.8600000000000000E+04   2.3450008876798552E+03   5.7410674735659977E+03   3.9642356771486357E+03   3.7812585731135613E+00   3.3755753355541714E+06
   1.8700000000000000E+04   2.3409666784233409E+03   5.7586223072338807E+03   3.9444415701858202E+03   3.7831698712861299E+00   3.3808556103914408E+06
   1.8800000000000000E+04   2.3393822267073256E+03   5.7759775104872206E+03   3.9318622107381238E+03   3.7850770987313460E+00   3.3860526910254587E+06
   1.8900000000000000E+04   2.3390619706230068E+03   5.7931346520686657E+03   3.9230503249516937E+03   3.7869802426554484E+00   3.3911680095644235E+06
   1.9000000000000000E+04   2.3482363189951157E+03   5.8100953124180714E+03   3.9410839249559485E+03   3.7888792886304388E+00   3.3962029876736030E+06
   1.9100000000000000E+04   2.3420213570548308E+03   5.8268610825985716E+03   3.9160002108585354E+03   3.7907742206641126E+00   3.4011590053257574E+06
   1.9200000000000000E+04   2.3386916657019765E+03   5.8434335632522962E+03   3.8992855317001668E+03   3.7926650212584354E+00   3.4060374248114661E+06
   1.9300000000000000E+04   2.3358944339380237E+03   5.8598143635832221E+03   3.8842845550075481E+03   3.7945516714678988E+00   3.4108395672435691E+06
   1.9400000000000000E+04   2.3358951280084439E+03   5.8760051003671342E+03   3.8772048872129330E+03   3.7964341509578943E+00   3.4155667366856611E+06
   1.9500000000000000E+04   2.3384449503569576E+03   5.8920073969840550E+03   3.8772739052386355E+03   3.7983124380864219E+00   3.4202202085714731E+06
   1.9600000000000000E+04   2.3380392437292489E+03   5.9078228824850012E+03   3.8693442354018980E+03   3.8001865099507803E+00   3.4248012380225318E+06
   1.9700000000000000E+04   2.3353172013323870E+03   5.9234531906901893E+03   3.8552446642307559E+03   3.8020563424109177E+00   3.4293110481757852E+06
   1.9800000000000000E+04   2.3437433937111696E+03   5.9388999592977716E+03   3.8716693672684482E+03   3.8039219101944837E+00   3.4337508264366337E+06
   1.9900000000000000E+04   2.3412923595208581E+03   5.9541648290334606E+03   3.8585476623326540E+03   3.8057831869318588E+00   3.4381217609954672E+06
   2.0000000000000000E+04   2.3295526559296422E+03   5.9692494428307282E+03   3.8205602575187168E+03   3.8076401451678157E+00   3.4424249808105268E+06
   2.0100000000000000E+04   2.3284534293977240E+03   5.9841554450107924E+03   3.8115325615913785E+03   3.8094927565132783E+00   3.4466616325237267E+06
   2.0200000000000000E+04   2.3260424660563749E+03   5.9988844805328681E+03   3.7991451839441202E+03   3.8113409915636085E+00   3.4508328000843427E+06
   2.0300000000000000E+04   2.3185785960460530E+03   6.0134381942262207E+03   3.7735206752229283E+03   3.8131848200503544E+00   3.4549395575474892E+06
   2.0400000000000000E+04   2.3232041123478812E+03   6.0278182300721901E+03   3.7801108713561789E+03   3.8150242108645998E+00   3.4589829654613766E+06
   2.0500000000000000E+04   2.3279082378944381E+03   6.0420262305151055E+03   3.7869778675679559E+03   3.8168591320569591E+00   3.4629640549835158E+06
   2.0600000000000000E+04   2.3192051767864587E+03   6.0560638357814696E+03   3.7585726088636620E+03   3.8186895509309688E+00   3.4668838322553188E+06
   2.0700000000000000E+04   2.3206202784997604E+03   6.0699326832363340E+03   3.7569579040817171E+03   3.8205154340664298E+00   3.4707432746338099E+06
   2.0800000000000000E+04   2.3140486384632795E+03   6.0836344067578666E+03   3.7345816705572411E+03   3.8223367473777721E+00   3.4745433596147588E+06
   2.0900000000000000E+04   2.3119436216105869E+03   6.0971706361417300E+03   3.7240341749609115E+03   3.8241534561374069E+00   3.4782850161736882E+06
   2.1000000000000000E+04   2.3209278648443246E+03   6.1105429965268859E+03   3.7423667093264494E+03   3.8259655250107398E+00   3.4819691741321366E+06
   2.1100000000000000E+04   2.3187803362469299E+03   6.1237531078408092E+03   3.7318633122686329E+03   3.8277729181145359E+00   3.4855967317852140E+06
   2.1200000000000000E+04   2.3036227613939313E+03   6.1368025842713741E+03   3.6880289390380190E+03   3.8295755990519487E+00   3.4891685685035903E+06
   2.1300000000000000E+04   2.3052413024998114E+03   6.1496930337645026E+03   3.6875287739575069E+03   3.8313735309241825E+00   3.4926855409536446E+06
   2.1400000000000000E+04   2.3080137544523691E+03   6.1624260575331018E+03   3.6900474010561961E+03   3.8331666764122110E+00   3.4961484998996570E+06
   2.1500000000000000E+04   2.3020059637281547E+03   6.1750032496032763E+03   3.6702567178317959E+03   3.8349549977534219E+00   3.4995582617291971E+06
   2.1600000000000000E+04   2.2984593072182802E+03   6.1874261963659337E+03   3.6568959659824782E+03   3.8367384568233462E+00   3.5029156293480606E+06
   2.1700000000000000E+04   2.2993927171304526E+03   6.1996964761594627E+03   3.6549812031177153E+03   3.8385170151473109E+00   3.5062213883952345E+06
   2.1800000000000000E+04   2.2968659003302614E+03   6.2118156588675474E+03   3.6444165177029413E+03   3.8402906339471481E+00   3.5094763117121258E+06
   2.1900000000000000E+04   2.2931308716185385E+03   6.2237853055474225E+03   3.6309358816392028E+03   3.8420592741061670E+00   3.5126811348380418E+06
   2.2000000000000000E+04   2.2905211974280451E+03   6.2356069680515411E+03   3.6204003587214211E+03   3.8438228963325765E+00   3.5158366059744908E+06
   2.2100000000000000E+04   2.2919083200731370E+03   6.2472821887044965E+03   3.6199354351023567E+03   3.8455814610427592E+00   3.5189434283604985E+06
   2.2200000000000000E+04   2.2891911582095863E+03   6.2588124999667070E+03   3.6093161040577784E+03   3.8473349284896767E+00   3.5220023061293028E+06
   2.2300000000000000E+04   2.2864117248116622E+03   6.2701994241379261E+03   3.5986499688928775E+03   3.8490832587161705E+00   3.5250139197565368E+06
   2.2400000000000000E+04   2.2875207021976121E+03   6.2814444730613059E+03   3.5976986783413745E+03   3.8508264116483497E+00   3.5279789263556637E+06
   2.2500000000000000E+04   2.2812343807948037E+03   6.2925491478545946E+03   3.5785721870559396E+03   3.8525643471072719E+00   3.5308979932029364E+06
   2.2600000000000000E+04   2.2849728991257562E+03   6.3035149386623380E+03   3.5842254883412375E+03   3.8542970247739059E+00   3.5337717440452348E+06
   2.2700000000000000E+04   2.2824584630772320E+03   6.3143433244113821E+03   3.5745629786682402E+03   3.8560244042708667E+00   3.5366008009312674E+06
   2.2800000000000000E+04   2.2726528515101090E+03   6.3250357725899703E+03   3.5471994785353495E+03   3.8577464451740666E+00   3.5393857678869348E+06
   2.2900000000000000E+04   2.2772153511467482E+03   6.3355937390396484E+03   3.5549941238133392E+03   3.8594631070477523E+00   3.5421272436883193E+06
   2.3000000000000000E+04   2.2749950685944123E+03   6.3460186677683068E+03   3.5463221528144954E+03   3.8611743494094743E+00   3.5448257930101515E+06
   2.3100000000000000E+04   2.2768468639333978E+03   6.3563119907665923E+03   3.5476094469261357E+03   3.8628801318118025E+00   3.5474819883286222E+06
   2.3200000000000000E+04   2.2727031390053312E+03   6.3664751278450831E+03   3.5344196127429395E+03   3.8645804138540014E+00   3.5500963810733915E+06
   2.3300000000000000E+04   2.2705925169964448E+03   6.3765094864883276E+03   3.5262414783728532E+03   3.8662751551470036E+00   3.5526694977202825E+06
   2.3400000000000000E+04   2.2743475255001872E+03   6.3864164617113865E+03   3.5322682332971822E+03   3.8679643154068097E+00   3.5552018733882918E+06
   2.3500000000000000E+04   2.2700938887635134E+03   6.3961974359394471E+03   3.5190509750025603E+03   3.8696478544194490E+00   3.5576940104578659E+06
   2.3600000000000000E+04   2.2559953284903204E+03   6.4058537788924032E+03   3.4824262978832689E+03   3.8713257320993582E+00   3.5601464163175407E+06
   2.3700000000000000E+04   2.2520668943878591E+03   6.4153868474885221E+03   3.4702786470110300E+03   3.8729979084426915E+00   3.5625595744663938E+06
   2.3800000000000000E+04   2.2811863307056783E+03   6.4247979857507125E+03   3.5370499368094411E+03   3.8746643436090200E+00   3.5649339572747010E+06
   2.3900000000000000E+04   2.2606538471035024E+03   6.4340885247308515E+03   3.4851981879602467E+03   3.8763249978979948E+00   3.5672700262283939E+06
   2.4000000000000000E+04   2.2583225658252677E+03   6.4432597824397953E+03   3.4769838138526311E+03   3.8779798318077132E+00   3.5695682488292968E+06
   2.4100000000000000E+04   2.2500102672257599E+03   6.4523130637943996E+03   3.4547178877130614E+03   3.8796288059646709E+00   3.5718290530529865E+06
   2.4200000000000000E+04   2.2535999885823539E+03   6.4612496605656115E+03   3.4606189432151800E+03   3.8812718812171600E+00   3.5740528775340407E+06
   2.4300000000000000E+04   2.2442415132545125E+03   6.4700708513418349E+03   3.4361069595043041E+03   3.8829090186235851E+00   3.5762401385179218E+06
   2.4400000000000000E+04   2.2475655098668917E+03   6.4787779014996040E+03   3.4414433523341577E+03   3.8845401794758145E+00   3.5783912508905022E+06
   2.4500000000000000E+04   2.2498634160041520E+03   6.4873720631849910E+03   3.4444062033189289E+03   3.8861653252641606E+00   3.5805066159198848E+06
   2.4600000000000000E+04   2.2431569487361658E+03   6.4958545752998589E+03   3.4263478403794907E+03   3.8877844177357437E+00   3.5825866256552264E+06
   2.4700000000000000E+04   2.2366398535639214E+03   6.5042266634985363E+03   3.4088615463728102E+03   3.8893974188944958E+00   3.5846316548509318E+06
   2.4800000000000000E+04   2.2318739941069430E+03   6.5124895401919375E+03   3.3955527856131521E+03   3.8910042910011517E+00   3.5866420777795031E+06
   2.4900000000000000E+04   2.2311607284503302E+03   6.5206444045579574E+03   3.3916915923178972E+03   3.8926049966316274E+00   3.5886182725582388E+06
   2.5000000000000000E+04   2.2211291227356228E+03   6.5286924425619518E+03   3.3664203729320843E+03   3.8941994985602806E+00   3.5905605799452639E+06
   2.5100000000000000E+04   2.2271691968695441E+03   6.5366348269789878E+03   3.3781895453851348E+03   3.8957877599350081E+00   3.5924693491306780E+06
   2.5200000000000000E+04   2.2365557072529309E+03   6.5444727174272166E+03   3.3977158270583218E+03   3.8973697441838651E+00   3.5943449295908757E+06
   2.5300000000000000E+04   2.2361528129799799E+03   6.5522072604051264E+03   3.3947061778434331E+03   3.8989454150033835E+00   3.5961876341487272E+06
   2.5400000000000000E+04   2.2256961491465754E+03   6.5598395893347151E+03   3.3686494031604434E+03   3.9005147364753143E+00   3.5979978010937166E+06
   2.5500000000000000E+04   2.2267642160886476E+03   6.5673708246107753E+03   3.3691112014887212E+03   3.9020776729382138E+00   3.5997757283707457E+06
   2.5600000000000000E+04   2.2269442394535567E+03   6.5748020736555554E+03   3.3675704592493576E+03   3.9036341891275281E+00   3.6015217438054197E+06
   2.5700000000000000E+04   2.2193732981315306E+03   6.5821344309778460E+03   3.3483871695019534E+03   3.9051842500822036E+00   3.6032361435146458E+06
   2.5800000000000000E+04   2.2199965456467949E+03   6.5893689782370739E+03   3.3479353374796588E+03   3.9067278211797061E+00   3.6049192086290936E+06
   2.5900000000000000E+04   2.2118028094593178E+03   6.5965067843122833E+03   3.3275159102727375E+03   3.9082648681593710E+00   3.6065712341674715E+06
   2.6000000000000000E+04   2.2171313694768123E+03   6.6035489053755218E+03   3.3377888238317546E+03   3.9097953571340733E+00   3.6081925004760087E+06
   2.6100000000000000E+04   2.2078319790561031E+03   6.6104963849675933E+03   3.3150074524348452E+03   3.9113192545435367E+00   3.6097832816026141E+06
   2.6200000000000000E+04   2.2079047506686761E+03   6.6173502540809104E+03   3.3134504217180020E+03   3.9128365272360441E+00   3.6113438414010024E+06
   2.6300000000000000E+04   2.2085814689239874E+03   6.6241115312414086E+03   3.3132805732291195E+03   3.9143471423867271E+00   3.6128744377813605E+06
   2.6400000000000000E+04   2.2081214239369829E+03   6.6307812225992666E+03   3.3105802258381073E+03   3.9158510675909457E+00   3.6143753391177524E+06
   2.6500000000000000E+04   2.2087426395697130E+03   6.6373603220178848E+03   3.3103378545254754E+03   3.9173482708059351E+00   3.6158467877900773E+06
   2.6600000000000000E+04   2.1970692524431206E+03   6.6438498111667323E+03   3.2825991625173274E+03   3.9188387203391217E+00   3.6172890126410881E+06
   2.6700000000000000E+04   2.1896707535865603E+03   6.6502506596240410E+03   3.2645664196461848E+03   3.9203223849765259E+00   3.6187022817093013E+06
   2.6800000000000000E+04   2.1893207248746635E+03   6.6565638249664125E+03   3.2622699978316864E+03   3.9217992337843279E+00   3.6200868011863641E+06
   2.6900000000000000E+04   2.1865729269643157E+03   6.6627902528795239E+03   3.2546848654202417E+03   3.9232692362956341E+00   3.6214428126510135E+06
   2.7000000000000000E+04   2.1868706127741248E+03   6.6689308772587783E+03   3.2538806025572394E+03   3.9247323624404382E+00   3.6227705406291424E+06
   2.7100000000000000E+04   2.1740253407472651E+03   6.6749866203119482E+03   3.2241090647886290E+03   3.9261885824989236E+00   3.6240701928347056E+06
   2.7200000000000000E+04   2.1776515962375265E+03   6.6809583926734722E+03   3.2306925479108486E+03   3.9276378672065282E+00   3.6253419924282464E+06
   2.7300000000000000E+04   2.1735870985061856E+03   6.6868470935087826E+03   3.2203871676410954E+03   3.9290801876722306E+00   3.6265861460132501E+06
   2.7400000000000000E+04   2.1722009971417201E+03   6.6926536106266376E+03   3.2160029292553095E+03   3.9305155154019005E+00   3.6278028518563258E+06
   2.7500000000000000E+04   2.1702712872284565E+03   6.6983788205952469E+03   3.2104580375343112E+03   3.9319438223449792E+00   3.6289923119751844E+06
   2.7600000000000000E+04   2.1716899784589182E+03   6.7040235888517809E+03   3.2122659307066378E+03   3.9333650808361260E+00   3.6301547282028631E+06
   2.7700000000000000E+04   2.1747644484178327E+03   6.7095887698199922E+03   3.2177156348134590E+03   3.9347792636302357E+00   3.6312902864582185E+06
   2.7800000000000000E+04   2.1722315479433751E+03   6.7150752070242561E+03   3.2109179417505411E+03   3.9361863438790818E+00   3.6323991767043658E+06
   2.7900000000000000E+04   2.1633274595184898E+03   6.7204837332085035E+03   3.1902805451797917E+03   3.9375862951546798E+00   3.6334815890475432E+06
   2.8000000000000000E+04   2.1681363544330197E+03   6.7258151704540869E+03   3.1995419100175613E+03   3.9389790914492728E+00   3.6345376941831396E+06
   2.8100000000000000E+04   2.1624594784198503E+03   6.7310703302947040E+03   3.1860159045244795E+03   3.9403647071403181E+00   3.6355676671701716E+06
   2.8200000000000000E+04   2.1589479486027008E+03   6.7362500138436217E+03   3.1772456659788168E+03   3.9417431170721993E+00   3.6365716952533727E+06
   2.8300000000000000E+04   2.1586138697845527E+03   6.7413550119012043E+03   3.1753882618624971E+03   3.9431142964394961E+00   3.6375499310553735E+06
   2.8400000000000000E+04   2.1598757016307154E+03   6.7463861050869109E+03   3.1770025881149118E+03   3.9444782209037110E+00   3.6385025551878866E+06
   2.8500000000000000E+04   2.1560282908251534E+03   6.7513440639493765E+03   3.1675927230291404E+03   3.9458348664998879E+00   3.6394297256202744E+06
   2.8600000000000000E+04   2.1612217366412792E+03   6.7562296490944464E+03   3.1777334562994665E+03   3.9471842097066498E+00   3.6403316050587408E+06
   2.8700000000000000E+04   2.1575461176814651E+03   6.7610436113003234E+03   3.1687349488636050E+03   3.9485262273995083E+00   3.6412083455396337E+06
   2.8800000000000000E+04   2.1523023703336307E+03   6.7657866916406110E+03   3.1564036462281642E+03   3.9498608968742053E+00   3.6420601116389283E+06
   2.8900000000000000E+04   2.1460940959463005E+03   6.7704596216033024E+03   3.1420620494097575E+03   3.9511881958350434E+00   3.6428870459396914E+06
   2.9000000000000000E+04   2.1383815080652121E+03   6.7750631232124415E+03   3.1245772086923844E+03   3.9525081024065569E+00   3.6436893075010437E+06
   2.9100000000000000E+04   2.1362239195397997E+03   6.7795979091418794E+03   3.1190120052363072E+03   3.9538205950868259E+00   3.6444670374711845E+06
   2.9200000000000000E+04   2.1411711049127089E+03   6.7840646828441531E+03   3.1286186144366507E+03   3.9551256528175065E+00   3.6452203745582043E+06
   2.9300000000000000E+04   2.1394593671162238E+03   6.7884641386670746E+03   3.1240327561459853E+03   3.9564232549604834E+00   3.6459494701972459E+06
   2.9400000000000000E+04   2.1377657904882944E+03   6.7927969619625792E+03   3.1195084269258232E+03   3.9577133812278436E+00   3.6466544545388874E+06
   2.9500000000000000E+04   2.1344651252182130E+03   6.7970638292252515E+03   3.1115900420285366E+03   3.9589960118219376E+00   3.6473354780663261E+06
   2.9600000000000000E+04   2.1328544226778126E+03   6.8012654081830842E+03   3.1072904786421423E+03   3.9602711272486264E+00   3.6479926627342897E+06
   2.9700000000000000E+04   2.1400378081782460E+03   6.8054023579441928E+03   3.1216892464698385E+03   3.9615387085157101E+00   3.6486261545959990E+06
   2.9800000000000000E+04   2.1334599675997447E+03   6.8094753290872723E+03   3.1068638342420350E+03   3.9627987369578368E+00   3.6492360789174521E+06
   2.9900000000000000E+04   2.1291184058511999E+03   6.8134849637916313E+03   3.0968362669673961E+03   3.9640511943298904E+00   3.6498225590560636E+06
   3.0000000000000000E+04   2.1348138768879717E+03   6.8174318959490438E+03   3.1080793173748889E+03   3.9652960627836404E+00   3.6503857275589299E+06
   3.0100000000000000E+04   2.1259176014613290E+03   6.8213167512842292E+03   3.0884610411119402E+03   3.9665333249027612E+00   3.6509257150359196E+06
   3.0200000000000000E+04   2.1190544381308878E+03   6.8251401474511686E+03   3.0732214442415307E+03   3.9677629635977767E+00   3.6514426356096920E+06
   3.0300000000000000E+04   2.1169276641511601E+03   6.8289026941654502E+03   3.0679901605996815E+03   3.9689849622227884E+00   3.6519366163566709E+06
   3.0400000000000000E+04   2.1147745213443131E+03   6.8326049933026388E+03   3.0627253438058660E+03   3.9701993044937667E+00   3.6524077789690313E+06
   3.0500000000000000E+04   2.1037381575672894E+03   6.8362476390175043E+03   3.0389109771785056E+03   3.9714059745352435E+00   3.6528562398957293E+06
   3.0600000000000000E+04   2.1075150802701014E+03   6.8398312178438846E+03   3.0460871630395068E+03   3.9726049568219399E+00   3.6532821176386434E+06
   3.0700000000000000E+04   2.1072836648977991E+03   6.8433563088187484E+03   3.0449053565846762E+03   3.9737962362604904E+00   3.6536855291787381E+06
   3.0800000000000000E+04   2.1061010995837264E+03   6.8468234835735575E+03   3.0417521422703248E+03   3.9749797980960389E+00   3.6540665864507267E+06
   3.0900000000000000E+04   2.0966054315556926E+03   6.8502333064499544E+03   3.0213211331873881E+03   3.9761556279589572E+00   3.6544254071115232E+06
   3.1000000000000000E+04   2.0893769408616918E+03   6.8535863346062224E+03   3.0056876317260594E+03   3.9773237118648206E+00   3.6547621003303975E+06
   3.1100000000000000E+04   2.0989754502700266E+03   6.8568831181203368E+03   3.0249492707806753E+03   3.9784840362027509E+00   3.6550767775231814E+06
   3.1200000000000000E+04   2.0938278581584764E+03   6.8601242000918601E+03   3.0136437456075046E+03   3.9796365877237321E+00   3.6553695453321976E+06
   3.1300000000000000E+04   2.1021791697754234E+03   6.8633101167472951E+03   3.0303530240669793E+03   3.9807813535522887E+00   3.6556405161897247E+06
   3.1400000000000000E+04   2.0890263242942729E+03   6.8664413975398065E+03   3.0024975041450407E+03   3.9819183211748195E+00   3.6558897978164866E+06
   3.1500000000000000E+04   2.0941842440365931E+03   6.8695185652451992E+03   3.0125718066609306E+03   3.9830474784162386E+00   3.6561174864488845E+06
   3.1600000000000000E+04   2.0812702103799002E+03   6.8725421360812197E+03   2.9853486588141841E+03   3.9841688135333642E+00   3.6563237082939004E+06
   3.1700000000000000E+04   2.0856184166255234E+03   6.8755126197745903E+03   2.9937395556911465E+03   3.9852823150631758E+00   3.6565085471478817E+06
   3.1800000000000000E+04   2.0761496213269966E+03   6.8784305196778096E+03   2.9737225333189831E+03   3.9863879719161890E+00   3.6566721167435432E+06
   3.1900000000000000E+04   2.0931663740953063E+03   6.8812963328632695E+03   3.0082095135615241E+03   3.9874857733647917E+00   3.6568145127533982E+06
   3.2000000000000000E+04   2.0781464500015973E+03   6.8841105502186147E+03   2.9767575460477010E+03   3.9885757090432321E+00   3.6569358468428338E+06
   3.2100000000000000E+04   2.0780974046366114E+03   6.8868736565331101E+03   2.9761406066787699E+03   3.9896577689126098E+00   3.6570362161954180E+06
   3.2200000000000000E+04   2.0779915561516536E+03   6.8895861305902599E+03   2.9754173140027051E+03   3.9907319432608759E+00   3.6571157105442081E+06
   3.2300000000000000E+04   2.0784706044694422E+03   6.8922484452675117E+03   2.9759029739132625E+03   3.9917982227378443E+00   3.6571744388454556E+06
   3.2400000000000000E+04   2.0775334558476411E+03   6.8948610676270964E+03   2.9734960326116320E+03   3.9928565983551940E+00   3.6572125057570995E+06
   3.2500000000000000E+04   2.0669499430473970E+03   6.8974244589836799E+03   2.9513935009150346E+03   3.9939070613930938E+00   3.6572299921215386E+06
   3.2600000000000000E+04   2.0569509384169064E+03   6.8999390750196935E+03   2.9305948631410633E+03   3.9949496035169174E+00   3.6572270076860478E+06
   3.2700000000000000E+04   2.0536256308246980E+03   6.9024053658533421E+03   2.9234069906816685E+03   3.9959842166955513E+00   3.6572036514969510E+06
   3.2800000000000000E+04   2.0551519430883177E+03   6.9048237761299233E+03   2.9260664409319193E+03   3.9970108932247173E+00   3.6571600057739918E+06
   3.2900000000000000E+04   2.0574832495658070E+03   6.9071947451065871E+03   2.9303676110657138E+03   3.9980296257269909E+00   3.6570961779605444E+06
   3.3000000000000000E+04   2.0575295157811552E+03   6.9095187067330789E+03   2.9300433532408933E+03   3.9990404071401282E+00   3.6570122523395242E+06
   3.3100000000000000E+04   2.0513454490856857E+03   6.9117960897370403E+03   2.9171125276133325E+03   4.0000432307287213E+00   3.6569083380967411E+06
   3.3200000000000000E+04   2.0418197497886044E+03   6.9140273176995015E+03   2.8974950945921905E+03   4.0010380900608746E+00   3.6567845152193285E+06
   3.3300000000000000E+04   2.0428155690648273E+03   6.9162128091318609E+03   2.8991166755915451E+03   4.0020249789965154E+00   3.6566408852921263E+06
   3.3400000000000000E+04   2.0391809723427741E+03   6.9183529775698098E+03   2.8914278358495526E+03   4.0030038917457622E+00   3.6564775367643991E+06
   3.3500000000000000E+04   2.0407608140032326E+03   6.9204482316211133E+03   2.8942385767252190E+03   4.0039748227522072E+00   3.6562945607330818E+06
   3.3600000000000000E+04   2.0342003682877830E+03   6.9224989750846344E+03   2.8807057623299111E+03   4.0049377668563153E+00   3.6560920539724831E+06
   3.3700000000000000E+04   2.0385510350348761E+03   6.9245056069773400E+03   2.8890890949476243E+03   4.0058927191086822E+00   3.6558701065494856E+06
   3.3800000000000000E+04   2.0275550010327772E+03   6.9264685216421767E+03   2.8667164324233113E+03   4.0068396748984156E+00   3.6556288111343496E+06
   3.3900000000000000E+04   2.0315793472732958E+03   6.9283881088061717E+03   2.8744373891657447E+03   4.0077786298947800E+00   3.6553682509086146E+06
   3.4000000000000000E+04   2.0272328669171445E+03   6.9302647536525192E+03   2.8654230299930532E+03   4.0087095800471957E+00   3.6550885207513319E+06
   3.4100000000000000E+04   2.0281918225108523E+03   6.9320988369045290E+03   2.8670254416692073E+03   4.0096325216319295E+00   3.6547897179858787E+06
   3.4200000000000000E+04   2.0143564208882956E+03   6.9338907348604944E+03   2.8391563981645254E+03   4.0105474511236965E+00   3.6544719187407112E+06
   3.4300000000000000E+04   2.0113290248005762E+03   6.9356408195107779E+03   2.8328538621089979E+03   4.0114543653707448E+00   3.6541352225284423E+06
   3.4400000000000000E+04   2.0181689878447876E+03   6.9373494585606668E+03   2.8461536669484026E+03   4.0123532614314437E+00   3.6537797166042677E+06
   3.4500000000000000E+04   2.0124593460653546E+03   6.9390170155231017E+03   2.8345328690596693E+03   4.0132441366676721E+00   3.6534054908199562E+06
   3.4600000000000000E+04   2.0075181889365206E+03   6.9406438497714425E+03   2.8244706762625533E+03   4.0141269886980986E+00   3.6530126289422670E+06
   3.4700000000000000E+04   2.0121994835441928E+03   6.9422303166108632E+03   2.8334817226771506E+03   4.0150018154215639E+00   3.6526012259142445E+06
   3.4800000000000000E+04   2.0045782721961086E+03   6.9437767673320850E+03   2.8181382158424126E+03   4.0158686149820362E+00   3.6521713677240871E+06
   3.4900000000000000E+04   2.0118074499307515E+03   6.9452835492807735E+03   2.8321963874853714E+03   4.0167273857919712E+00   3.6517231373382350E+06
   3.5000000000000000E+04   2.0081855332001942E+03   6.9467510059159285E+03   2.8247807890563226E+03   4.0175781265206254E+00   3.6512566231332757E+06
   3.5100000000000000E+04   2.0108123890770160E+03   6.9481794768775835E+03   2.8297440974476813E+03   4.0184208361174214E+00   3.6507719242130923E+06
   3.5200000000000000E+04   1.9936989936263844E+03   6.9495692980258736E+03   2.7957449377380099E+03   4.0192555137418955E+00   3.6502691117457626E+06
   3.5300000000000000E+04   1.9905721824681307E+03   6.9509208015170134E+03   2.7893824915660625E+03   4.0200821588220581E+00   3.6497482869510055E+06
   3.5400000000000000E+04   1.9964283800103963E+03   6.9522343158578205E+03   2.8006822850474159E+03   4.0209007710427365E+00   3.6492095288716448E+06
   3.5500000000000000E+04   1.9912527756383474E+03   6.9535101659484671E+03   2.7903019390755594E+03   4.0217113502988697E+00   3.6486529218890485E+06
   3.5600000000000000E+04   1.9813030867436571E+03   6.9547486731632407E+03   2.7706073735461559E+03   4.0225138967772329E+00   3.6480785634719944E+06
   3.5700000000000000E+04   1.9869345970448232E+03   6.9559501553700147E+03   2.7814398761275706E+03   4.0233084108396904E+00   3.6474865295332223E+06
   3.5800000000000000E+04   1.9890832731431542E+03   6.9571149270164578E+03   2.7854655313788189E+03   4.0240948931282654E+00   3.6468769117312208E+06
   3.5900000000000000E+04   1.9848678482572493E+03   6.9582432991691212E+03   2.7770260944887928E+03   4.0248733445184435E+00   3.6462497961939075E+06
   3.6000000000000000E+04   1.9758306175514856E+03   6.9593355795511006E+03   2.7591962726520792E+03   4.0256437660724833E+00   3.6456052637432115E+06
   3.6100000000000000E+04   1.9674849630175570E+03   6.9603920726153037E+03   2.7427842014630460E+03   4.0264061591094480E+00   3.6449434078570469E+06
   3.6200000000000000E+04   1.9663137077913050E+03   6.9614130795842057E+03   2.7403502803730876E+03   4.0271605251701876E+00   3.6442643090295387E+06
   3.6300000000000000E+04   1.9713946546334764E+03   6.9623988984958442E+03   2.7500749951875237E+03   4.0279068660056758E+00   3.6435680577091561E+06
   3.6400000000000000E+04   1.9700872612328292E+03   6.9633498242602145E+03   2.7473834213848186E+03   4.0286451836003465E+00   3.6428547341583003E+06
   3.6500000000000000E+04   1.9654905834816952E+03   6.9642661486923389E+03   2.7383104837470969E+03   4.0293754801254060E+00   3.6421244284255430E+06
   3.6600000000000000E+04   1.9701639449974277E+03   6.9651481605745339E+03   2.7472526809463889E+03   4.0300977579855211E+00   3.6413772254035743E+06
   3.6700000000000000E+04   1.9712810977700326E+03   6.9659961456954179E+03   2.7492932824770460E+03   4.0308120197954693E+00   3.6406132098475811E+06
   3.6800000000000000E+04   1.9625825493019979E+03   6.9668103868840926E+03   2.7322777725885903E+03   4.0315182683451374E+00   3.6398324592670025E+06
   3.6900000000000000E+04   1.9588815166754275E+03   6.9675911640779332E+03   2.7249903683559373E+03   4.0322165066695401E+00   3.6390350724643203E+06
   3.7000000000000000E+04   1.9595685581064854E+03   6.9683387543515491E+03   2.7262056333706291E+03   4.0329067380021337E+00   3.6382211266464302E+06
   3.7100000000000000E+04   1.9502694393225077E+03   6.9690534319406288E+03   2.7081324777696254E+03   4.0335889657164596E+00   3.6373907060782262E+06
   3.7200000000000000E+04   1.9522906111507002E+03   6.9697354683272115E+03   2.7119279841326133E+03   4.0342631934545361E+00   3.6365438994935579E+06
   3.7300000000000000E+04   1.9464715019919379E+03   6.9703851322388418E+03   2.7006149023195726E+03   4.0349294249984613E+00   3.6356807863090853E+06
   3.7400000000000000E+04   1.9399258896794504E+03   6.9710026897209782E+03   2.6879392090979782E+03   4.0355876643637938E+00   3.6348014594259248E+06
   3.7500000000000000E+04   1.9433838610676776E+03   6.9715884041499394E+03   2.6944950776259425E+03   4.0362379157178445E+00   3.6339059980296479E+06
   3.7600000000000000E+04   1.9367598112061430E+03   6.9721425362843775E+03   2.6816959503443995E+03   4.0368801834146950E+00   3.6329944835953345E+06
   3.7700000000000000E+04   1.9346189721288592E+03   6.9726653443163987E+03   2.6775161768832108E+03   4.0375144720302174E+00   3.6320670084123076E+06
   3.7800000000000000E+04   1.9315139171186997E+03   6.9731570838779626E+03   2.6715000463673755E+03   4.0381407862686878E+00   3.6311236514917226E+06
   3.7900000000000000E+04   1.9281726768134886E+03   6.9736180081025441E+03   2.6650451682373973E+03   4.0387591310328208E+00   3.6301644982992490E+06
   3.8000000000000000E+04   1.9278233541847790E+03   6.9740483676582553E+03   2.6643150633370956E+03   4.0393695114121080E+00   3.6291896341402107E+06
   3.8100000000000000E+04   1.9311003031582643E+03   6.9744484107720964E+03   2.6705194947917203E+03   4.0399719326477888E+00   3.6281991420884524E+06
   3.8200000000000000E+04   1.9256652558245391E+03   6.9748183832820041E+03   2.6600828074183978E+03   4.0405664001795465E+00   3.6271931051652995E+06
   3.8300000000000000E+04   1.9274795133836994E+03   6.9751585286433301E+03   2.6634964556818363E+03   4.0411529195637934E+00   3.6261716103447033E+06
   3.8400000000000000E+04   1.9187003196812686E+03   6.9754690880044272E+03   2.6467167834369902E+03   4.0417314965904136E+00   3.6251347443679054E+06
   3.8500000000000000E+04   1.9177154360125119E+03   6.9757503001911755E+03   2.6448026531382561E+03   4.0423021371426611E+00   3.6240825819264459E+06
   3.8600000000000000E+04   1.9137640186376818E+03   6.9760024017773885E+03   2.6372567587722733E+03   4.0428648473022468E+00   3.6230152116396595E+06
   3.8700000000000000E+04   1.9095074394241117E+03   6.9762256271052647E+03   2.6291485416431337E+03   4.0434196333143007E+00   3.6219327217831658E+06
   3.8800000000000000E+04   1.9119801506927060E+03   6.9764202083049777E+03   2.6338108081901983E+03   4.0439665015523545E+00   3.6208351870604674E+06
   3.8900000000000000E+04   1.9018298154209622E+03   6.9765863753472140E+03   2.6145648213493437E+03   4.0445054585767153E+00   3.6197227011807957E+06
   3.9000000000000000E+04   1.9009712200573099E+03   6.9767243560447860E+03   2.6129230196562362E+03   4.0450365110527429E+00   3.6185953406499205E+06
   3.9100000000000000E+04   1.8990819897570320E+03   6.9768343761125934E+03   2.6093396253027495E+03   4.0455596658325703E+00   3.6174531876880475E+06
   3.9200000000000000E+04   1.8984237469533634E+03   6.9769166591808180E+03   2.6080856063445794E+03   4.0460749299084133E+00   3.6162963316341867E+06
   3.9300000000000000E+04   1.9013944976391535E+03   6.9769714268242678E+03   2.6136881119599370E+03   4.0465823104125542E+00   3.6151248543337509E+06
   3.9400000000000000E+04   1.8934177108212700E+03   6.9769988985827067E+03   2.5986352524005229E+03   4.0470818145940184E+00   3.6139388341154018E+06
   3.9500000000000000E+04   1.8935704733648111E+03   6.9769992920150180E+03   2.5989229560127560E+03   4.0475734498885920E+00   3.6127383580583986E+06
   3.9600000000000000E+04   1.8996517781229168E+03   6.9769728227014039E+03   2.6103960557531186E+03   4.0480572238487973E+00   3.6115235129033998E+06
   3.9700000000000000E+04   1.8900789644451020E+03   6.9769197042707092E+03   2.5923613189660618E+03   4.0485331441438888E+00   3.6102943750774632E+06
   3.9800000000000000E+04   1.8855800544520982E+03   6.9768401484359520E+03   2.5839164340742814E+03   4.0490012185831930E+00   3.6090510311088506E+06
   3.9900000000000000E+04   1.8833504995967221E+03   6.9767343650208477E+03   2.5797459015631248E+03   4.0494614551161252E+00   3.6077935607530465E+06
   4.0000000000000000E+04   1.8733956951390473E+03   6.9766025619902739E+03   2.5611223584187214E+03   4.0499138618438373E+00   3.6065220486036106E+06
   4.0100000000000000E+04   1.8727937385543994E+03   6.9764449454539172E+03   2.5600186771291678E+03   4.0503584469608747E+00   3.6052365821398911E+06
   4.0200000000000000E+04   1.8693573444243816E+03   6.9762617197000063E+03   2.5536264484380581E+03   4.0507952187785179E+00   3.6039372361264275E+06
   4.0300000000000000E+04   1.8636468875077521E+03   6.9760530872376630E+03   2.5430099086817781E+03   4.0512241857714608E+00   3.6026240978003661E+06
   4.0400000000000000E+04   1.8697650401516155E+03   6.9758192487858187E+03   2.5544466284241203E+03   4.0516453564844479E+00   3.6012972450523628E+06
   4.0500000000000000E+04   1.8743364563166624E+03   6.9755604033323534E+03   2.5630216008951425E+03   4.0520587396256307E+00   3.5999567647137921E+06
   4.0600000000000000E+04   1.8638056656404942E+03   6.9752767481354294E+03   2.5434087589985106E+03   4.0524643440082420E+00   3.5986027388863596E+06
   4.0700000000000000E+04   1.8683323289940147E+03   6.9749684787418682E+03   2.5518871367389443E+03   4.0528621785388808E+00   3.5972352467306308E+06
   4.0800000000000000E+04   1.8637825070296794E+03   6.9746357890276240E+03   2.5434508602076630E+03   4.0532522522642296E+00   3.5958543730163644E+06
   4.0900000000000000E+04   1.8602275284286882E+03   6.9742788712020720E+03   2.5368821463792547E+03   4.0536345743243620E+00   3.5944601967651346E+06
   4.1000000000000000E+04   1.8551460002258748E+03   6.9738979158387428E+03   2.5274908879819759E+03   4.0540091539760725E+00   3.5930528023950304E+06
   4.1100000000000000E+04   1.8514521142290532E+03   6.9734931118922395E+03   2.5206921560106634E+03   4.0543760005812208E+00   3.5916322700883639E+06
   4.1200000000000000E+04   1.8544865669985102E+03   6.9730646467192792E+03   2.5263763718650866E+03   4.0547351236067266E+00   3.5901986812847313E+06
   4.1300000000000000E+04   1.8462543631556750E+03   6.9726127061039160E+03   2.5111815776490339E+03   4.0550865326362331E+00   3.5887521198015688E+06
   4.1400000000000000E+04   1.8406853634777053E+03   6.9721374742550597E+03   2.5009512169200739E+03   4.0554302373117572E+00   3.5872926630006596E+06
   4.1500000000000000E+04   1.8448168766438762E+03   6.9716391338674875E+03   2.5086490006374083E+03   4.0557662474387328E+00   3.5858203944329428E+06
   4.1600000000000000E+04   1.8452749664510313E+03   6.9711178661004205E+03   2.5095637026594236E+03   4.0560945728809665E+00   3.5843353961363332E+06
   4.1700000000000000E+04   1.8400126833812931E+03   6.9705738506103780E+03   2.4999106096801715E+03   4.0564152235956490E+00   3.5828377476329305E+06
   4.1800000000000000E+04   1.8365915227790392E+03   6.9700072655701797E+03   2.4936722250932116E+03   4.0567282096333424E+00   3.5813275284256381E+06
   4.1900000000000000E+04   1.8360388110386682E+03   6.9694182877106587E+03   2.4927287228130767E+03   4.0570335411963834E+00   3.5798048223771411E+06
   4.2000000000000000E+04   1.8295225872650940E+03   6.9688070922789138E+03   2.4808103091352732E+03   4.0573312284870902E+00   3.5782697075664992E+06
   4.2100000000000000E+04   1.8321388912474649E+03   6.9681738531116871E+03   2.4857039354392791E+03   4.0576212818478652E+00   3.5767222642472950E+06
   4.2200000000000000E+04   1.8363763511915649E+03   6.9675187426439461E+03   2.4935941490903901E+03   4.0579037117378425E+00   3.5751625765979476E+06
   4.2300000000000000E+04   1.8367623570185515E+03   6.9668419318796496E+03   2.4943926933377870E+03   4.0581785286161542E+00   3.5735907203547871E+06
   4.2400000000000000E+04   1.8332543800119079E+03   6.9661435904833843E+03   2.4880165391047867E+03   4.0584457431287078E+00   3.5720067782795485E+06
   4.2500000000000000E+04   1.8311463666173099E+03   6.9654238867130780E+03   2.4842269612777309E+03   4.0587053658980530E+00   3.5704108270810014E+06
   4.2600000000000000E+04   1.8318129292913509E+03   6.9646829875207386E+03   2.4855482800507407E+03   4.0589574077335229E+00   3.5688029491088395E+06
   4.2700000000000000E+04   1.8181129799292153E+03   6.9639210585031096E+03   2.4604872693145248E+03   4.0592018794677918E+00   3.5671832244974589E+06
   4.2800000000000000E+04   1.8166864858065414E+03   6.9631382639362419E+03   2.4579729351884721E+03   4.0594387920035651E+00   3.5655517314465721E+06
   4.2900000000000000E+04   1.8149388659011458E+03   6.9623347668006400E+03   2.4548746995491692E+03   4.0596681563369499E+00   3.5639085481396965E+06
   4.3000000000000000E+04   1.8099637125148786E+03   6.9615107287919536E+03   2.4458831033832398E+03   4.0598899835457516E+00   3.5622537559246435E+06
   4.3100000000000000E+04   1.8036251111147676E+03   6.9606663103314149E+03   2.4344254898160075E+03   4.0601042847778217E+00   3.5605874326218795E+06
   4.3200000000000000E+04   1.8049209141214046E+03   6.9598016705759446E+03   2.4368927598626974E+03   4.0603110712393660E+00   3.5589096567683867E+06
   4.3300000000000000E+04   1.8011629462743952E+03   6.9589169674470650E+03   2.4301553227457066E+03   4.0605103542299910E+00   3.5572205082080467E+06
   4.3400000000000000E+04   1.7962367450791526E+03   6.9580123576310016E+03   2.4213058465966178E+03   4.0607021451076601E+00   3.5555200650590872E+06
   4.3500000000000000E+04   1.7942633575081111E+03   6.9570879965880522E+03   2.4178330545548033E+03   4.0608864552770338E+00   3.5538084026640621E+06
   4.3600000000000000E+04   1.7893429535494133E+03   6.9561440385999867E+03   2.4090200327930393E+03   4.0610632962711701E+00   3.5520856049138699E+06
   4.3700000000000000E+04   1.7888412080984297E+03   6.9551806367262780E+03   2.4082261540544368E+03   4.0612326796114573E+00   3.5503517442705208E+06
   4.3800000000000000E+04   1.7875416884435949E+03   6.9541979428702634E+03   2.4059891195429868E+03   4.0613946169360187E+00   3.5486069020490744E+06
   4.3900000000000000E+04   1.7870652898733081E+03   6.9531961077636270E+03   2.4052459869649342E+03   4.0615491199296683E+00   3.5468511543628108E+06
   4.4000000000000000E+04   1.7937086793447261E+03   6.9521752809890177E+03   2.4174193815388703E+03   4.0616962003472530E+00   3.5450845795090762E+06
   4.4100000000000000E+04   1.7857637838269604E+03   6.9511356109735307E+03   2.4031350783518715E+03   4.0618358699669761E+00   3.5433072534362511E+06
   4.4200000000000000E+04   1.7851166579389492E+03   6.9500772450399681E+03   2.4020897071446770E+03   4.0619681406837618E+00   3.5415192550087352E+06
   4.4300000000000000E+04   1.7866044863079010E+03   6.9490003293708478E+03   2.4049134435306919E+03   4.0620930243925422E+00   3.5397206594089642E+06
   4.4400000000000000E+04   1.7720621709207778E+03   6.9479050090690698E+03   2.3787661292526923E+03   4.0622105331049809E+00   3.5379115445160270E+06
   4.4500000000000000E+04   1.7707070311501564E+03   6.9467914281164785E+03   2.3764551507137098E+03   4.0623206788210613E+00   3.5360919865659000E+06
   4.4600000000000000E+04   1.7687545224251307E+03   6.9456597294391540E+03   2.3730716647132795E+03   4.0624234736575069E+00   3.5342620616731443E+06
   4.4700000000000000E+04   1.7644413638047843E+03   6.9445100548654200E+03   2.3654475496258137E+03   4.0625189297193600E+00   3.5324218457993250E+06
   4.4800000000000000E+04   1.7662101631638088E+03   6.9433425451909452E+03   2.3687634900388830E+03   4.0626070592283980E+00   3.5305714153946261E+06
   4.4900000000000000E+04   1.7689637603706356E+03   6.9421573401411288E+03   2.3738575725297869E+03   4.0626878744064001E+00   3.5287108454281278E+06
   4.5000000000000000E+04   1.7592078685423116E+03   6.9409545784114880E+03   2.3564605900709012E+03   4.0627613875451818E+00   3.5268402124564028E+06
   4.5100000000000000E+04   1.7544802486576889E+03   6.9397343976736493E+03   2.3481253920715590E+03   4.0628276109949235E+00   3.5249595917906845E+06
   4.5200000000000000E+04   1.7520751448938829E+03   6.9384969345713498E+03   2.3439605406140458E+03   4.0628865571291577E+00   3.5230690577059300E+06
   4.5300000000000000E+04   1.7513454778484695E+03   6.9372423247407505E+03   2.3427978482554036E+03   4.0629382383680994E+00   3.5211686853373428E+06
   4.5400000000000000E+04   1.7518481001140367E+03   6.9359707028257662E+03   2.3438425418094994E+03   4.0629826671903402E+00   3.5192585499925362E+06
   4.5500000000000000E+04   1.7719697048997455E+03   6.9346822024833400E+03   2.3801532201646587E+03   4.0630198561211586E+00   3.5173387257221448E+06
   4.5600000000000000E+04   1.7531350699050290E+03   6.9333769563836322E+03   2.3464437687426789E+03   4.0630498177091754E+00   3.5154092868205030E+06
   4.5700000000000000E+04   1.7593294622317828E+03   6.9320550962297666E+03   2.3577064834936800E+03   4.0630725645497101E+00   3.5134703076693034E+06
   4.5800000000000000E+04   1.7471531047236817E+03   6.9307167527725333E+03   2.3360421738286036E+03   4.0630881092964488E+00   3.5115218618623829E+06
   4.5900000000000000E+04   1.7499905464001843E+03   6.9293620557951990E+03   2.3412721153965222E+03   4.0630964646030741E+00   3.5095640231834836E+06
   4.6000000000000000E+04   1.7398666940787134E+03   6.9279911341526904E+03   2.3233407699474928E+03   4.0630976431933057E+00   3.5075968650767878E+06
   4.6100000000000000E+04   1.7475867650061357E+03   6.9266041157710051E+03   2.3372854075050968E+03   4.0630916578375675E+00   3.5056204607444359E+06
   4.6200000000000000E+04   1.7412234199286956E+03   6.9252011276364537E+03   2.3260752786857820E+03   4.0630785213062612E+00   3.5036348831165442E+06
   4.6300000000000000E+04   1.7330399463174190E+03   6.9237822958345214E+03   2.3116522628796720E+03   4.0630582464398479E+00   3.5016402049856358E+06
   4.6400000000000000E+04   1.7347147364653383E+03   6.9223477455188804E+03   2.3147933988645946E+03   4.0630308460554367E+00   3.4996364991211654E+06
   4.6500000000000000E+04   1.7359057149564726E+03   6.9208976009799962E+03   2.3170770489640090E+03   4.0629963330868630E+00   3.4976238376190434E+06
   4.6600000000000000E+04   1.7465963621344081E+03   6.9194319855888543E+03   2.3363307117799400E+03   4.0629547204329466E+00   3.4956022922714748E+06
   4.6700000000000000E+04   1.7318844431136379E+03   6.9179510218403802E+03   2.3102464210725552E+03   4.0629060210392005E+00   3.4935719356042831E+06
   4.6800000000000000E+04   1.7248769476810603E+03   6.9164548313618225E+03   2.2979590724804966E+03   4.0628502478978286E+00   3.4915328388461885E+06
   4.6900000000000000E+04   1.7343204194227183E+03   6.9149435349109854E+03   2.3149199438764681E+03   4.0627874140243856E+00   3.4894850732938722E+06
   4.7000000000000000E+04   1.7167010465064754E+03   6.9134172523792959E+03   2.2838019552969049E+03   4.0627175324460909E+00   3.4874287102833530E+06
   4.7100000000000000E+04   1.7123879874180409E+03   6.9118761028148529E+03   2.2763420833550072E+03   4.0626406162368589E+00   3.4853638206749060E+06
   4.7200000000000000E+04   1.7041606520254174E+03   6.9103202044102027E+03   2.2619928695534768E+03   4.0625566784706137E+00   3.4832904750616914E+06
   4.7300000000000000E+04   1.7069969824812799E+03   6.9087496745403023E+03   2.2671617712934149E+03   4.0624657322913071E+00   3.4812087445598026E+06
   4.7400000000000000E+04   1.7111483156651577E+03   6.9071646297298694E+03   2.2746624351797641E+03   4.0623677908195441E+00   3.4791186985765095E+06
   4.7500000000000000E+04   1.7054841380167559E+03   6.9055651857012408E+03   2.2648362170236678E+03   4.0622628672459813E+00   3.4770204069301253E+06
   4.7600000000000000E+04   1.6984066229418111E+03   6.9039514573414517E+03   2.2525436342668299E+03   4.0621509747379125E+00   3.4749139391660495E+06
   4.7700000000000000E+04   1.7072558993355656E+03   6.9023235587347599E+03   2.2683116731795535E+03   4.0620321264976624E+00   3.4727993670602143E+06
   4.7800000000000000E+04   1.7045253179273986E+03   6.9006816031749795E+03   2.2636706553577305E+03   4.0619063357742444E+00   3.4706767574288310E+06
   4.7900000000000000E+04   1.7013944130921554E+03   6.8990257031624596E+03   2.2583294451001771E+03   4.0617736158400177E+00   3.4685461784836962E+06
   4.8000000000000000E+04   1.6910192657864520E+03   6.8973559703807377E+03   2.2402626819369234E+03   4.0616339799206500E+00   3.4664077026997400E+06
   4.8100000000000000E+04   1.6893653231417541E+03   6.8956725157692717E+03   2.2375379701717329E+03   4.0614874413468707E+00   3.4642613939443752E+06
   4.8200000000000000E+04   1.6874557305617204E+03   6.8939754494644030E+03   2.2343674866561973E+03   4.0613340134027034E+00   3.4621073244760605E+06
   4.8300000000000000E+04   1.6849453980109197E+03   6.8922648808568192E+03   2.2301473975484218E+03   4.0611737094422287E+00   3.4599455590968798E+06
   4.8400000000000000E+04   1.6864301671983931E+03   6.8905409185473809E+03   2.2329302024060562E+03   4.0610065427728239E+00   3.4577761680115699E+06
   4.8500000000000000E+04   1.6835063569823262E+03   6.8888036704044853E+03   2.2279889260551381E+03   4.0608325267719074E+00   3.4555992172916429E+06
   4.8600000000000000E+04   1.6902889709752935E+03   6.8870532435400455E+03   2.2400689216426863E+03   4.0606516748168957E+00   3.4534147747634146E+06
   4.8700000000000000E+04   1.6787695780831043E+03   6.8852897443260126E+03   2.2200653392269669E+03   4.0604640003085546E+00   3.4512229057714702E+06
   4.8800000000000000E+04   1.6775484543158825E+03   6.8835132783701029E+03   2.2181146916394055E+03   4.0602695166009566E+00   3.4490236807910390E+06
   4.8900000000000000E+04   1.6935348506910602E+03   6.8817239505933112E+03   2.2463405089426510E+03   4.0600682371649004E+00   3.4468171606211904E+06
   4.9000000000000000E+04   1.6708660279301212E+03   6.8799218651443034E+03   2.2068159909437718E+03   4.0598601753778105E+00   3.4446034187588370E+06
   4.9100000000000000E+04   1.6707357267370285E+03   6.8781071254972439E+03   2.2067754394527533E+03   4.0596453447338341E+00   3.4423825125823473E+06
   4.9200000000000000E+04   1.6739239062274560E+03   6.8762798343658742E+03   2.2125301228233366E+03   4.0594237586337361E+00   3.4401545145587395E+06
   4.9300000000000000E+04   1.6683027913460057E+03   6.8744400937808878E+03   2.2029091687673563E+03   4.0591954305483204E+00   3.4379194883525339E+06
   4.9400000000000000E+04   1.6581846179352688E+03   6.8725880050753076E+03   2.1854887068245644E+03   4.0589603739717326E+00   3.4356774971418348E+06
   4.9500000000000000E+04   1.6646154474319271E+03   6.8707236688646353E+03   2.1968641963959731E+03   4.0587186023631068E+00   3.4334286086057350E+06
   4.9600000000000000E+04   1.6646565633105215E+03   6.8688471850780888E+03   2.1971277341746695E+03   4.0584701292049186E+00   3.4311728843263788E+06
   4.9700000000000000E+04   1.6574644906753088E+03   6.8669586529641601E+03   2.1848071562523737E+03   4.0582149680029929E+00   3.4289103916237224E+06
   4.9800000000000000E+04   1.6480532958791759E+03   6.8650581710859105E+03   2.1686737919354664E+03   4.0579531322631439E+00   3.4266411913828203E+06
   4.9900000000000000E+04   1.6780155366904819E+03   6.8631458373212772E+03   2.2210561119740187E+03   4.0576846354795331E+00   3.4243653494387786E+06
   5.0000000000000000E+04   1.6487730824783168E+03   6.8612217488838132E+03   2.1703039121295747E+03   4.0574094911696506E+00   3.4220829304500264E+06


