#Te   kappa_tot   kappa_e_ph  kappa_e_e mu Ce
#[K]  [W/(K*m)]   [W/(K*m)]   [W/(K*m)]   [eV]  [J/(m^3*K)]
   3.0000000000000000E+02   3.0160285871684412E+01   3.0203700035905197E+01   2.0982834607451900E+04   3.3176658782999144E+00   1.2272555308328896E+05
   4.0000000000000000E+02   4.1056747412664151E+01   4.1136866894451003E+01   2.1080340458605242E+04   3.3170863532441914E+00   1.6513631004348426E+05
   5.0000000000000000E+02   5.2111581196415848E+01   5.2241118445982053E+01   2.1016096102133153E+04   3.3160449931953786E+00   2.0797275010859570E+05
   6.0000000000000000E+02   6.3417742118956141E+01   6.3610831623696242E+01   2.0892152172194066E+04   3.3143669725479481E+00   2.5134534865362590E+05
   7.0000000000000000E+02   7.4912455351068715E+01   7.5184020573632850E+01   2.0739841173904719E+04   3.3121250410707659E+00   2.9494415305108158E+05
   8.0000000000000000E+02   8.6466159814359401E+01   8.6831262531353431E+01   2.0563982335527682E+04   3.3094248729136870E+00   3.3828342565705167E+05
   9.0000000000000000E+02   9.7943177069434270E+01   9.8416555871343050E+01   2.0362614716593373E+04   3.3063639825384148E+00   3.8088129306030297E+05
   1.0000000000000000E+03   1.0923163596788235E+02   1.0982747804572033E+02   2.0133917269977374E+04   3.3030251666734922E+00   4.2235221978952544E+05
   1.1000000000000000E+03   1.2025478227629785E+02   1.2098670915664536E+02   1.9877983386879445E+04   3.2994763195940817E+00   4.6243541428407864E+05
   1.2000000000000000E+03   1.3097134155663690E+02   1.3185255304721241E+02   1.9596777782576301E+04   3.2957717161408540E+00   5.0098820803269831E+05
   1.3000000000000000E+03   1.4137023806972408E+02   1.4241374911286775E+02   1.9293581748627676E+04   3.2919539518016876E+00   5.3796555390599940E+05
   1.4000000000000000E+03   1.5146321873698238E+02   1.5268212769945728E+02   1.8972480486168348E+04   3.2880562073367621E+00   5.7339672409635375E+05
   1.5000000000000000E+03   1.6127742278922071E+02   1.6268519428390172E+02   1.8637576452715915E+04   3.2841045230064378E+00   6.0736356202265946E+05
   1.6000000000000000E+03   1.7084898707788250E+02   1.7245967581792658E+02   1.8293143915854365E+04   3.2801198309868402E+00   6.3998159303123609E+05
   1.7000000000000000E+03   1.8021795930561888E+02   1.8204641065663944E+02   1.7943071118156822E+04   3.2761196061814672E+00   6.7138431012427725E+05
   1.8000000000000000E+03   1.8942460331537163E+02   1.9148660279013825E+02   1.7590825903500874E+04   3.2721191001870347E+00   7.0171067944267264E+05
   1.9000000000000000E+03   1.9850690695737805E+02   2.0081928538214439E+02   1.7239399387074351E+04   3.2681321934349712E+00   7.3109577445780532E+05
   2.0000000000000000E+03   2.0749907203511171E+02   2.1007977141925460E+02   1.6891296169825557E+04   3.2641719346277398E+00   7.5966433032101579E+05
   2.1000000000000000E+03   2.1639094555645801E+02   2.1929886141699623E+02   1.6319003113348308E+04   3.2602508449221617E+00   7.8752682009063801E+05
   2.2000000000000000E+03   2.2524037972004612E+02   2.2850259971317206E+02   1.5776990035884864E+04   3.2563810574797087E+00   8.1477760591479810E+05
   2.3000000000000000E+03   2.3406654901259185E+02   2.3771240447905782E+02   1.5261307719319055E+04   3.2525743498851503E+00   8.4149466661696613E+05
   2.4000000000000000E+03   2.4288531882363162E+02   2.4694543252420121E+02   1.4772842470462378E+04   3.2488421132076803E+00   8.6774042583252245E+05
   2.5000000000000000E+03   2.5170851633758258E+02   2.5621507348038637E+02   1.4310595420287813E+04   3.2451952884754691E+00   8.9356328822528105E+05
   2.6000000000000000E+03   2.6054479222395719E+02   2.6553149676682983E+02   1.3873460530744838E+04   3.2416442917947559E+00   9.1899954403679119E+05
   2.7000000000000000E+03   2.6940031825377321E+02   2.7490219845704848E+02   1.3460623826179091E+04   3.2381989412425969E+00   9.4407540287219395E+05
   2.8000000000000000E+03   2.7827891195964412E+02   2.8433251382928853E+02   1.3070523018688784E+04   3.2348683934883278E+00   9.6880897998095653E+05
   2.9000000000000000E+03   2.8718271611140671E+02   2.9382607565460359E+02   1.2701671484460874E+04   3.2316610941738331E+00   9.9321212570461899E+05
   3.0000000000000000E+03   2.9611308497835500E+02   3.0338520878948458E+02   1.2353520435662525E+04   3.2285847435113468E+00   1.0172920333122612E+06
   3.1000000000000000E+03   3.0504204182375213E+02   3.1301125904480836E+02   1.1981301415723783E+04   3.2256462770778507E+00   1.0410526019810421E+06
   3.2000000000000000E+03   3.1399341073003649E+02   3.2270485929696792E+02   1.1631498326747660E+04   3.2228518605886256E+00   1.0644955512758060E+06
   3.3000000000000000E+03   3.2296583590320995E+02   3.3246613881196248E+02   1.1302292722897781E+04   3.2202068971806868E+00   1.0876213029121007E+06
   3.4000000000000000E+03   3.3195807477260632E+02   3.4229488339493508E+02   1.0992517579443935E+04   3.2177160452120868E+00   1.1104296530969667E+06
   3.5000000000000000E+03   3.4096852654472082E+02   3.5219065451877464E+02   1.0700816174234740E+04   3.2153832445830597E+00   1.1329202704499154E+06
   3.6000000000000000E+03   3.4999552760267926E+02   3.6215287533520035E+02   1.0425948937588364E+04   3.2132117500152360E+00   1.1550930380235410E+06
   3.7000000000000000E+03   3.5903747727208628E+02   3.7218089093305912E+02   1.0166832728263411E+04   3.2112041691690281E+00   1.1769482800355111E+06
   3.8000000000000000E+03   3.6809249173663488E+02   3.8227400916720052E+02   9.9222239967938021E+03   3.2093625043292411E+00   1.1984868920835124E+06
   3.9000000000000000E+03   3.7715902643163997E+02   3.9243152737898589E+02   9.6912151662404085E+03   3.2076881963261199E+00   1.2197103999497667E+06
   4.0000000000000000E+03   3.8623549688322043E+02   4.0265274934464435E+02   9.4728874444704288E+03   3.2061821692224930E+00   1.2406209656576784E+06
   4.1000000000000000E+03   3.9530130759612535E+02   4.1293699564383343E+02   9.2559209423097327E+03   3.2048448753472702E+00   1.2612213584608037E+06
   4.2000000000000000E+03   4.0437193434925410E+02   4.2328360998072054E+02   9.0507057905247511E+03   3.2036763393214129E+00   1.2815148992700533E+06
   4.3000000000000000E+03   4.1344588333886367E+02   4.3369196305965647E+02   8.8564383444571413E+03   3.2026762009189986E+00   1.3015053935655556E+06
   4.4000000000000000E+03   4.2252173125869109E+02   4.4416145516425343E+02   8.6723780679170704E+03   3.2018437560181905E+00   1.3211970546478527E+06
   4.5000000000000000E+03   4.3159812390745265E+02   4.5469151803559072E+02   8.4978416360927949E+03   3.2011779955162267E+00   1.3405944290463168E+06
   4.6000000000000000E+03   4.4067416950458352E+02   4.6528161639830591E+02   8.3323390182498351E+03   3.2006776417466125E+00   1.3597023214513327E+06
   4.7000000000000000E+03   4.4974791345250219E+02   4.7593124916947090E+02   8.1750120983283505E+03   3.2003411824510204E+00   1.3785257259103949E+06
   4.8000000000000000E+03   4.5881855036887379E+02   4.8663995029014819E+02   8.0254565613346322E+03   3.2001669021904360E+00   1.3970697605231018E+06
   4.9000000000000000E+03   4.6788499277451689E+02   4.9740728904235908E+02   7.8831742533890192E+03   3.2001529111535714E+00   1.4153396191539015E+06
   5.0000000000000000E+03   4.7694621769530295E+02   5.0823286968032153E+02   7.7477048365076125E+03   3.2002971714150403E+00   1.4333405129462073E+06
   5.1000000000000000E+03   4.8598552567964657E+02   5.1911633019290412E+02   7.6147569104980230E+03   3.2005975208426638E+00   1.4510776387418853E+06
   5.2000000000000000E+03   4.9501608971090002E+02   5.3005734012148775E+02   7.4879437450159821E+03   3.2010516945279983E+00   1.4685561375898498E+06
   5.3000000000000000E+03   5.0403697379082831E+02   5.4105559728853950E+02   7.3668872622118342E+03   3.2016573441913567E+00   1.4857810725955227E+06
   5.4000000000000000E+03   5.1304816037195224E+02   5.5211082348401681E+02   7.2514114436410182E+03   3.2024120553514015E+00   1.5027574029981398E+06
   5.5000000000000000E+03   5.2204703203654469E+02   5.6322275907152505E+02   7.1408276409772916E+03   3.2033133627106380E+00   1.5194899690153974E+06
   5.6000000000000000E+03   5.3103358773330604E+02   5.7439115662571533E+02   7.0350115206444980E+03   3.2043587637147852E+00   1.5359834790872256E+06
   5.7000000000000000E+03   5.4000693961579475E+02   5.8561577369655356E+02   6.9336694988663212E+03   3.2055457305064237E+00   1.5522424915687433E+06
   5.8000000000000000E+03   5.4896634591004511E+02   5.9689636484335870E+02   6.8365509463067874E+03   3.2068717204093811E+00   1.5682714223936980E+06
   5.9000000000000000E+03   5.5791091326220544E+02   6.0823267309325399E+02   6.7433978314883452E+03   3.2083341851222360E+00   1.5840745389523050E+06
   6.0000000000000000E+03   5.6683981863949305E+02   6.1962442103218575E+02   6.6539820046292134E+03   3.2099305785999594E+00   1.5996559435714632E+06
   6.1000000000000000E+03   5.7573936092549604E+02   6.3107130165867250E+02   6.5664168489491403E+03   3.2116583639910306E+00   1.6150195911075943E+06
   6.2000000000000000E+03   5.8462039279666590E+02   6.4257296923500564E+02   6.4822184752110916E+03   3.2135150194830819E+00   1.6301692830191299E+06
   6.3000000000000000E+03   5.9348008865671545E+02   6.5412903026441563E+02   6.4009782295189880E+03   3.2154980433719103E+00   1.6451086679174541E+06
   6.4000000000000000E+03   6.0231927191064551E+02   6.6573903477499971E+02   6.3227522872614409E+03   3.2176049583538924E+00   1.6598412534544652E+06
   6.5000000000000000E+03   6.1113673581065723E+02   6.7740246806945925E+02   6.2473546892868308E+03   3.2198333150627443E+00   1.6743704029915889E+06
   6.6000000000000000E+03   6.1993138084087809E+02   6.8911874303179400E+02   6.1746295913435133E+03   3.2221806951025473E+00   1.6886993388840172E+06
   6.7000000000000000E+03   6.2870228631014390E+02   7.0088719312710862E+02   6.1044531356373809E+03   3.2246447135140368E+00   1.7028311607762696E+06
   6.8000000000000000E+03   6.3744811998629632E+02   7.1270706617837732E+02   6.0366747399947017E+03   3.2272230207581396E+00   1.7167688295915343E+06
   6.9000000000000000E+03   6.4616755168973236E+02   7.2457751897401351E+02   5.9711602703183207E+03   3.2299133043426695E+00   1.7305152066267615E+06
   7.0000000000000000E+03   6.5485952794355603E+02   7.3649761278753454E+02   5.9078122663380263E+03   3.2327132899872648E+00   1.7440730133171696E+06
   7.1000000000000000E+03   6.6351162629022429E+02   7.4846630977301334E+02   5.8456588626046005E+03   3.2356207426938659E+00   1.7574448887079444E+06
   7.2000000000000000E+03   6.7212901339730104E+02   7.6048247035421764E+02   5.7851990189174921E+03   3.2386334672609549E+00   1.7706333534125739E+06
   7.3000000000000000E+03   6.8071363790368093E+02   7.7254485149547145E+02   5.7266129427723699E+03   3.2417493088083118E+00   1.7836408322748179E+06
   7.4000000000000000E+03   6.8926350050843303E+02   7.8465210590650292E+02   5.6697763316851360E+03   3.2449661530183875E+00   1.7964696778441286E+06
   7.5000000000000000E+03   6.9777726874193013E+02   7.9680278214877410E+02   5.6146224334073113E+03   3.2482819261467979E+00   1.8091221396452289E+06
   7.6000000000000000E+03   7.0625314402810386E+02   8.0899532557426153E+02   5.5610605458496739E+03   3.2516945949803557E+00   1.8216004045320558E+06
   7.7000000000000000E+03   7.1468955069208130E+02   8.2122808008147695E+02   5.5090222376166148E+03   3.2552021666166620E+00   1.8339065780299385E+06
   7.8000000000000000E+03   7.2308446734999370E+02   8.3349929061864623E+02   5.4584191936544921E+03   3.2588026881702632E+00   1.8460427208574074E+06
   7.9000000000000000E+03   7.3143733067403275E+02   8.4580710639288543E+02   5.4092515988309406E+03   3.2624942463423556E+00   1.8580108073109747E+06
   8.0000000000000000E+03   7.3974420134328966E+02   8.5814958470135230E+02   5.3613371382640908E+03   3.2662749669799997E+00   1.8698127671097561E+06
   8.1000000000000000E+03   7.4799081383425835E+02   8.7052469534060072E+02   5.3139953401127850E+03   3.2701430145408827E+00   1.8814505043903941E+06
   8.2000000000000000E+03   7.5618919360186942E+02   8.8293032553357898E+02   5.2679217922057223E+03   3.2740965914531390E+00   1.8929258483794399E+06
   8.3000000000000000E+03   7.6433531235109876E+02   8.9536428526424334E+02   5.2229558503759763E+03   3.2781339376010852E+00   1.9042406092902091E+06
   8.4000000000000000E+03   7.7242802354264632E+02   9.0782431303603687E+02   5.1790853535658953E+03   3.2822533295486163E+00   1.9153965579289841E+06
   8.5000000000000000E+03   7.8046750780637240E+02   9.2030808190099276E+02   5.1363530201851700E+03   3.2864530799514844E+00   1.9263954446748749E+06
   8.6000000000000000E+03   7.8844844920499406E+02   9.3281320577436475E+02   5.0945614633951418E+03   3.2907315367911738E+00   1.9372389875556293E+06
   8.7000000000000000E+03   7.9637130895408984E+02   9.4533724591578698E+02   5.0537691722543468E+03   3.2950870827347183E+00   1.9479288918950206E+06
   8.8000000000000000E+03   8.0423159724351137E+02   9.5787771757975020E+02   5.0138299951036042E+03   3.2995181343370836E+00   1.9584668548764393E+06
   8.9000000000000000E+03   8.1203524757377545E+02   9.7043209672886121E+02   4.9750046931123425E+03   3.3040231413590027E+00   1.9688545346289801E+06
   9.0000000000000000E+03   8.1977359439390227E+02   9.8299782679158295E+02   4.9369854580598512E+03   3.3086005860533363E+00   1.9790936231627979E+06
   9.1000000000000000E+03   8.2743277273696640E+02   9.9557232542406143E+02   4.8993181944455482E+03   3.3132489823989282E+00   1.9891857746129953E+06
   9.2000000000000000E+03   8.3501910119889578E+02   1.0081529912077791E+03   4.8622889750013974E+03   3.3179668754184548E+00   1.9991326553197040E+06
   9.3000000000000000E+03   8.4254682470872365E+02   1.0207372102752581E+03   4.8264045932957306E+03   3.3227528404332807E+00   2.0089359486544230E+06
   9.4000000000000000E+03   8.4998808027384257E+02   1.0333223628049832E+03   4.7907662404354260E+03   3.3276054823812911E+00   2.0185973077845990E+06
   9.5000000000000000E+03   8.5736446713160694E+02   1.0459058293702296E+03   4.7561048855313447E+03   3.3325234351242372E+00   2.0281184547464796E+06
   9.6000000000000000E+03   8.6467798813880756E+02   1.0584849971255744E+03   4.7224746028258751E+03   3.3375053606921044E+00   2.0375010411086688E+06
   9.7000000000000000E+03   8.7190593081394093E+02   1.0710572657600051E+03   4.6892037279610877E+03   3.3425499487058841E+00   2.0467468079020835E+06
   9.8000000000000000E+03   8.7905789342428068E+02   1.0836200532612465E+03   4.6566029712011414E+03   3.3476559156534451E+00   2.0558574629921978E+06
   9.9000000000000000E+03   8.8613258701019538E+02   1.0961708014347196E+03   4.6246473325902116E+03   3.3528220042178445E+00   2.0648347432483132E+06
   1.0000000000000000E+04   8.9311425438380309E+02   1.1087069811487709E+03   4.5929286375151632E+03   3.3580469827316057E+00   2.0736804325325273E+06
   1.0100000000000000E+04   9.0000358399301285E+02   1.1212260973650616E+03   4.5615045716344057E+03   3.3633296444000940E+00   2.0823962713566890E+06
   1.0200000000000000E+04   9.0681886509818401E+02   1.1337256938358812E+03   4.5308634065189972E+03   3.3686688068502391E+00   2.0909840876311853E+06
   1.0300000000000000E+04   9.1354094184875180E+02   1.1462033575794521E+03   4.5005279066874527E+03   3.3740633114063869E+00   2.0994456984782377E+06
   1.0400000000000000E+04   9.2018374355549713E+02   1.1586567230341202E+03   4.4708506734317652E+03   3.3795120225760478E+00   2.1077829553924436E+06
   1.0500000000000000E+04   9.2674717561047930E+02   1.1710834759527563E+03   4.4418217932537482E+03   3.3850138274202148E+00   2.1159977157866508E+06
   1.0600000000000000E+04   9.3321785421316724E+02   1.1834813569856206E+03   4.4131322395483357E+03   3.3905676350705902E+00   2.1240918983986150E+06
   1.0700000000000000E+04   9.3960081915700744E+02   1.1958481650117931E+03   4.3849036238183544E+03   3.3961723760894018E+00   2.1320673994983286E+06
   1.0800000000000000E+04   9.4591538492397558E+02   1.2081817601544756E+03   4.3575456964707464E+03   3.4018270020181194E+00   2.1399261880254066E+06
   1.0900000000000000E+04   9.5214309233469749E+02   1.2204800665468185E+03   4.3306430957074326E+03   3.4075304847897501E+00   2.1476702115017097E+06
   1.1000000000000000E+04   9.5826245183995400E+02   1.2327410747984909E+03   4.3037576919010880E+03   3.4132818162880492E+00   2.1553014770744848E+06
   1.1100000000000000E+04   9.6428281017289407E+02   1.2449628442192534E+03   4.2770989182162402E+03   3.4190800077912895E+00   2.1628220125925639E+06
   1.1200000000000000E+04   9.7021380191459423E+02   1.2571435047579623E+03   4.2508599396183154E+03   3.4249240895524724E+00   2.1702338841040484E+06
   1.1300000000000000E+04   9.7607438914615534E+02   1.2692812587164849E+03   4.2253884810812278E+03   3.4308131102430925E+00   2.1775391280974075E+06
   1.1400000000000000E+04   9.8183119379802395E+02   1.2813743821827200E+03   4.2000398878873075E+03   3.4367461365963199E+00   2.1847398799992520E+06
   1.1500000000000000E+04   9.8748209039975836E+02   1.2934212262668570E+03   4.1747855914591091E+03   3.4427222528507651E+00   2.1918382285370231E+06
   1.1600000000000000E+04   9.9307367111683936E+02   1.3054202180685368E+03   4.1504491116014942E+03   3.4487405604251467E+00   2.1988363463094863E+06
   1.1700000000000000E+04   9.9858094892094971E+02   1.3173698614593518E+03   4.1265564597622915E+03   3.4548001774250205E+00   2.2057364028985919E+06
   1.1800000000000000E+04   1.0039794753472916E+03   1.3292687376426950E+03   4.1026823953448611E+03   3.4609002382334864E+00   2.2125405818171427E+06
   1.1900000000000000E+04   1.0092924023248795E+03   1.3411155055126064E+03   4.0792147302298749E+03   3.4670398931228843E+00   2.2192510708098682E+06
   1.2000000000000000E+04   1.0145186003310483E+03   1.3529089018214643E+03   4.0561187463293804E+03   3.4732183078874614E+00   2.2258701548516802E+06
   1.2100000000000000E+04   1.0196521986224802E+03   1.3646477411835497E+03   4.0332870949968769E+03   3.4794346634025959E+00   2.2324000589281889E+06
   1.2200000000000000E+04   1.0246894852607700E+03   1.3763309158914851E+03   4.0106531679835048E+03   3.4856881552889587E+00   2.2388430490184939E+06
   1.2300000000000000E+04   1.0296457053393030E+03   1.3879573955804051E+03   3.9884391452360032E+03   3.4919779935451905E+00   2.2452014137603003E+06
   1.2400000000000000E+04   1.0345171382406638E+03   1.3995262267379594E+03   3.9665693611583465E+03   3.4983034022120671E+00   2.2514774644545037E+06
   1.2500000000000000E+04   1.0392999212075551E+03   1.4110365320865442E+03   3.9449710189990187E+03   3.5046636189737046E+00   2.2576735152811627E+06
   1.2600000000000000E+04   1.0439991856685485E+03   1.4224875098094667E+03   3.9237030765362356E+03   3.5110578949056621E+00   2.2637918922705837E+06
   1.2700000000000000E+04   1.0486107170431853E+03   1.4338784326863954E+03   3.9026895594970670E+03   3.5174854940551681E+00   2.2698349630938899E+06
   1.2800000000000000E+04   1.0529640911542031E+03   1.4452086470870902E+03   3.8796021170746963E+03   3.5239456931892281E+00   2.2758050462696915E+06
   1.2900000000000000E+04   1.0574221615002759E+03   1.4564775718750313E+03   3.8593930120692785E+03   3.5304377814692889E+00   2.2817045312051396E+06
   1.3000000000000000E+04   1.0619813925899628E+03   1.4676846972124474E+03   3.8418564031146157E+03   3.5369610601468908E+00   2.2875357871363643E+06
   1.3100000000000000E+04   1.0662804293345978E+03   1.4788295832802735E+03   3.8222040401528325E+03   3.5435148422488174E+00   2.2933011821406698E+06
   1.3200000000000000E+04   1.0705681292036950E+03   1.4899118589082443E+03   3.8036866619982616E+03   3.5500984523252219E+00   2.2990031244575749E+06
   1.3300000000000000E+04   1.0746932663632822E+03   1.5009312201407386E+03   3.7843665991364610E+03   3.5567112261557621E+00   2.3046439780875575E+06
   1.3400000000000000E+04   1.0787466892384650E+03   1.5118874287346466E+03   3.7653894208746756E+03   3.5633525104767467E+00   2.3102261460707737E+06
   1.3500000000000000E+04   1.0828098919778872E+03   1.5227803105962896E+03   3.7477101046944231E+03   3.5700216627292534E+00   2.3157520497237863E+06
   1.3600000000000000E+04   1.0867377778409398E+03   1.5336097541761669E+03   3.7295506198364765E+03   3.5767180507547649E+00   2.3212240410926142E+06
   1.3700000000000000E+04   1.0905701009588079E+03   1.5443757087982551E+03   3.7113908324780273E+03   3.5834410526167844E+00   2.3266445207400322E+06
   1.3800000000000000E+04   1.0943356201640647E+03   1.5550781829665380E+03   3.6935538088975491E+03   3.5901900563279403E+00   2.3320159057766055E+06
   1.3900000000000000E+04   1.0980675911716021E+03   1.5657172426384077E+03   3.6763918366821126E+03   3.5969644595771308E+00   2.3373405402265652E+06
   1.4000000000000000E+04   1.1017029594696958E+03   1.5762930094553142E+03   3.6591721077189404E+03   3.6037636695511210E+00   2.3426208497895296E+06
   1.4100000000000000E+04   1.1052687798699305E+03   1.5868056589679477E+03   3.6421857405052629E+03   3.6105871026511629E+00   2.3478591509714155E+06
   1.4200000000000000E+04   1.1087575074183644E+03   1.5972554188189515E+03   3.6253357395174498E+03   3.6174341843670699E+00   2.3530578644551039E+06
   1.4300000000000000E+04   1.1121808958287759E+03   1.6076425669424998E+03   3.6087339435469307E+03   3.6243043489623674E+00   2.3582193337438544E+06
   1.4400000000000000E+04   1.1155442338413113E+03   1.6179674297319366E+03   3.5924182074854448E+03   3.6311970393063731E+00   2.3633458568063336E+06
   1.4500000000000000E+04   1.1188468701238351E+03   1.6282303801999797E+03   3.5763632483017923E+03   3.6381117067272717E+00   2.3684398367069229E+06
   1.4600000000000000E+04   1.1220908096562175E+03   1.6384318361635464E+03   3.5605718144133984E+03   3.6450478106972635E+00   2.3735035252344697E+06
   1.4700000000000000E+04   1.1252766118758877E+03   1.6485722583930894E+03   3.5450319866098412E+03   3.6520048187696035E+00   2.3785392790859244E+06
   1.4800000000000000E+04   1.1284097169117699E+03   1.6586521487996599E+03   3.5297801328691990E+03   3.6589822063057285E+00   2.3835493837465476E+06
   1.4900000000000000E+04   1.1314871152859212E+03   1.6686720486165987E+03   3.5147689473360351E+03   3.6659794562968449E+00   2.3885360508836852E+06
   1.5000000000000000E+04   1.1345115649188890E+03   1.6786325365812697E+03   3.5000085002830056E+03   3.6729960592694755E+00   2.3935016223235554E+06
   1.5100000000000000E+04   1.1374768961782495E+03   1.6885342271601010E+03   3.4854244083435779E+03   3.6800315129916066E+00   2.3984482565797698E+06
   1.5200000000000000E+04   1.1403916877224528E+03   1.6983777687545646E+03   3.4710828028501469E+03   3.6870853224307054E+00   2.4033781935386769E+06
   1.5300000000000000E+04   1.1432587740733024E+03   1.7081638419549374E+03   3.4569937692237704E+03   3.6941569995123307E+00   2.4082936458151112E+06
   1.5400000000000000E+04   1.1460769727048610E+03   1.7178931578032498E+03   3.4431305741840401E+03   3.7012460629627264E+00   2.4131967606265838E+06
   1.5500000000000000E+04   1.1488515256026167E+03   1.7275664560725352E+03   3.4295250634491836E+03   3.7083520382038615E+00   2.4180896931526372E+06
   1.5600000000000000E+04   1.1515832311904715E+03   1.7371845035825588E+03   3.4161683693716122E+03   3.7154744571645208E+00   2.4229745565773402E+06
   1.5700000000000000E+04   1.1542796994524172E+03   1.7467480925362327E+03   3.4031112660326717E+03   3.7226128581333819E+00   2.4278534464757526E+06
   1.5800000000000000E+04   1.1569321272922648E+03   1.7562580388760286E+03   3.3902611412572032E+03   3.7297667856750603E+00   2.4327284661444081E+06
   1.5900000000000000E+04   1.1595468178585022E+03   1.7657151806885861E+03   3.3776579982710491E+03   3.7369357903992051E+00   2.4376015987673947E+06
   1.6000000000000000E+04   1.1621266064420327E+03   1.7751203766154856E+03   3.3653109047397570E+03   3.7441194289185433E+00   2.4424748851238275E+06
   1.6100000000000000E+04   1.1646596107241849E+03   1.7844745043116718E+03   3.3531065533285887E+03   3.7513172636809449E+00   2.4473503218062152E+06
   1.6200000000000000E+04   1.1671591377467428E+03   1.7937784589357439E+03   3.3411432565907826E+03   3.7585288628015059E+00   2.4522298342983061E+06
   1.6300000000000000E+04   1.1696270401239626E+03   1.8030331516557037E+03   3.3294221353763510E+03   3.7657538000415700E+00   2.4571153805577657E+06
   1.6400000000000000E+04   1.1720642038865744E+03   1.8122395082113055E+03   3.3179365747074239E+03   3.7729916545988171E+00   2.4620088468338568E+06
   1.6500000000000000E+04   1.1744715156202092E+03   1.8213984674954829E+03   3.3066803175641621E+03   3.7802420110233164E+00   2.4669120728342035E+06
   1.6600000000000000E+04   1.1768511792189272E+03   1.8305109801732754E+03   3.2956577755659878E+03   3.7875044591125659E+00   2.4718269044468435E+06
   1.6700000000000000E+04   1.1792060748059241E+03   1.8395780073337837E+03   3.2848784972184731E+03   3.7947785938275467E+00   2.4767551141116531E+06
   1.6800000000000000E+04   1.1815358821383045E+03   1.8486005191868032E+03   3.2743271399048936E+03   3.8020640151247922E+00   2.4816985073560486E+06
   1.6900000000000000E+04   1.1838421674059587E+03   1.8575794937835226E+03   3.2640034149112576E+03   3.8093603278934305E+00   2.4866587618386904E+06
   1.7000000000000000E+04   1.1861271470941342E+03   1.8665159157778423E+03   3.2539120280754578E+03   3.8166671418502238E+00   2.4916375609228644E+06
   1.7100000000000000E+04   1.1883829171751026E+03   1.8754107752194154E+03   3.2439821789775519E+03   3.8239840714766102E+00   2.4966366219388060E+06
   1.7200000000000000E+04   1.1906184583126881E+03   1.8842650663953070E+03   3.2342705093092914E+03   3.8313107358297893E+00   2.5016574779168386E+06
   1.7300000000000000E+04   1.1928367549153872E+03   1.8930797866824610E+03   3.2247877481105124E+03   3.8386467586056949E+00   2.5067018052486628E+06
   1.7400000000000000E+04   1.1950398092569058E+03   1.9018559354690881E+03   3.2155372098496987E+03   3.8459917678661228E+00   2.5117710950621348E+06
   1.7500000000000000E+04   1.1972261233039396E+03   1.9105945130770845E+03   3.2064970846612187E+03   3.8533453961226996E+00   2.5168668447565972E+06
   1.7600000000000000E+04   1.1993985120407408E+03   1.9192965197461860E+03   3.1976771227438071E+03   3.8607072801479627E+00   2.5219905589959626E+06
   1.7700000000000000E+04   1.2015582691510153E+03   1.9279629546411509E+03   3.1890761128596232E+03   3.8680770609124018E+00   2.5271436102167997E+06
   1.7800000000000000E+04   1.2037067318396066E+03   1.9365948148897655E+03   3.1806933001651055E+03   3.8754543835739641E+00   2.5323274764953186E+06
   1.7900000000000000E+04   1.2058450152681942E+03   1.9451930946700081E+03   3.1725265301827831E+03   3.8828388972996244E+00   2.5375434754490354E+06
   1.8000000000000000E+04   1.2073153055808348E+03   1.9537587843160416E+03   3.1600555848040626E+03   3.8902302552654140E+00   2.5427929040280515E+06
   1.8100000000000000E+04   1.2094242699365764E+03   1.9622928694639452E+03   3.1522693635290962E+03   3.8976281145934180E+00   2.5480770675697606E+06
   1.8200000000000000E+04   1.2115264641424262E+03   1.9707963302380008E+03   3.1446946812157066E+03   3.9050321361943849E+00   2.5533971517970604E+06
   1.8300000000000000E+04   1.2136230067846427E+03   1.9792701404537977E+03   3.1373300747372355E+03   3.9124419848201795E+00   2.5587544373879624E+06
   1.8400000000000000E+04   1.2157149936946969E+03   1.9877152668708127E+03   3.1301740907278536E+03   3.9198573288958682E+00   2.5641500136141339E+06
   1.8500000000000000E+04   1.2178034937701407E+03   1.9961326684616547E+03   3.1232252583166860E+03   3.9272778405617075E+00   2.5695850368142175E+06
   1.8600000000000000E+04   1.2198895493442822E+03   2.0045232957278636E+03   3.1164820926273974E+03   3.9347031955052159E+00   2.5750605869686990E+06
   1.8700000000000000E+04   1.2219741761411015E+03   2.0128880900348877E+03   3.1099430952923353E+03   3.9421330729611781E+00   2.5805776672098632E+06
   1.8800000000000000E+04   1.2240583631275156E+03   2.0212279829809465E+03   3.1036067541185021E+03   3.9495671556696688E+00   2.5861373208093485E+06
   1.8900000000000000E+04   1.2257630043578083E+03   2.0295438957972929E+03   3.0950472320053141E+03   3.9570051298130777E+00   2.5917405445198053E+06
   1.9000000000000000E+04   1.2282292390738710E+03   2.0378367387823844E+03   3.0915359207178881E+03   3.9644466848691837E+00   2.5973881408809172E+06
   1.9100000000000000E+04   1.2299274984201993E+03   2.0461074107493696E+03   3.0833444087350408E+03   3.9718915137370909E+00   2.6030811014608862E+06
   1.9200000000000000E+04   1.2323930185651946E+03   2.0543567985190239E+03   3.0801539409425100E+03   3.9793393125693193E+00   2.6088202242096118E+06
   1.9300000000000000E+04   1.2351889479268973E+03   2.0625857764347143E+03   3.0791550890979852E+03   3.9867897806878361E+00   2.6146062902832050E+06
   1.9400000000000000E+04   1.2372848933108762E+03   2.0707952058955480E+03   3.0739435214064861E+03   3.9942426206890067E+00   2.6204401247602147E+06
   1.9500000000000000E+04   1.2393863774807874E+03   2.0789859349315302E+03   3.0689235408267405E+03   4.0016975382337030E+00   2.6263223879187447E+06
   1.9600000000000000E+04   1.2414942472835069E+03   2.0871587977905970E+03   3.0640939590886410E+03   4.0091542421312472E+00   2.6322538148197997E+06
   1.9700000000000000E+04   1.2436091795174614E+03   2.0953146145606565E+03   3.0594526950653667E+03   4.0166124442135054E+00   2.6382350360453948E+06
   1.9800000000000000E+04   1.2457318054551679E+03   2.1034541908107562E+03   3.0549975511302546E+03   4.0240718593348443E+00   2.6442666680322303E+06
   1.9900000000000000E+04   1.2471317369894621E+03   2.1115783172583542E+03   3.0463609836625810E+03   4.0315322053301843E+00   2.6503492530749538E+06
   2.0000000000000000E+04   1.2492683103384034E+03   2.1196877694594596E+03   3.0422789040948032E+03   4.0389932029939972E+00   2.6564833507318930E+06
   2.0100000000000000E+04   1.2514068165552123E+03   2.1277833075242365E+03   3.0383317702235581E+03   4.0464545759753570E+00   2.6626694166656090E+06
   2.0200000000000000E+04   1.2531637820687808E+03   2.1358656758498100E+03   3.0322689088994057E+03   4.0539160508409209E+00   2.6689079249591096E+06
   2.0300000000000000E+04   1.2553225281543550E+03   2.1439356028795282E+03   3.0286867679042707E+03   4.0613773569909473E+00   2.6751993693526457E+06
   2.0400000000000000E+04   1.2574927698856397E+03   2.1519938008826457E+03   3.0252806331954935E+03   4.0688382265753642E+00   2.6815440175460610E+06
   2.0500000000000000E+04   1.2596756567796158E+03   2.1600409657513023E+03   3.0220522659977469E+03   4.0762983945567148E+00   2.6879422805295396E+06
   2.0600000000000000E+04   1.2618711962096568E+03   2.1680777768207554E+03   3.0189969442370138E+03   4.0837575986472023E+00   2.6943944362476333E+06
   2.0700000000000000E+04   1.2640789208271897E+03   2.1761048967082925E+03   3.0161074379271708E+03   4.0912155792667066E+00   2.7009008154703961E+06
   2.0800000000000000E+04   1.2663028000109521E+03   2.1841229711707833E+03   3.0134018851064966E+03   4.0986720795008029E+00   2.7074615850864602E+06
   2.0900000000000000E+04   1.2688925841200078E+03   2.1921326289800372E+03   3.0128468233220697E+03   4.1061268451007669E+00   2.7140769972210252E+06
   2.1000000000000000E+04   1.2751713574853677E+03   2.2001344818163807E+03   3.0331462952723609E+03   4.1135796244625729E+00   2.7207472031431724E+06
   2.1100000000000000E+04   1.2742099803901162E+03   2.2081291241795648E+03   3.0127021024574005E+03   4.1210301685639514E+00   2.7274722844366054E+06
   2.1200000000000000E+04   1.2764850799073088E+03   2.2161171333157808E+03   3.0105831806642418E+03   4.1284782309853414E+00   2.7342524106479273E+06
   2.1300000000000000E+04   1.2787753563283252E+03   2.2240990691612610E+03   3.0086234387932059E+03   4.1359235678679376E+00   2.7410876518303230E+06
   2.1400000000000000E+04   1.2810811262845727E+03   2.2320754743012594E+03   3.0068209853544317E+03   4.1433659378926970E+00   2.7479780099639483E+06
   2.1500000000000000E+04   1.2834026838137911E+03   2.2400468739437392E+03   3.0051739189442746E+03   4.1508051022173618E+00   2.7549234825417469E+06
   2.1600000000000000E+04   1.2857403007102480E+03   2.2480137759083500E+03   3.0036803286530862E+03   4.1582408245394298E+00   2.7619240317408196E+06
   2.1700000000000000E+04   1.2880942268799977E+03   2.2559766706283899E+03   3.0023382944714299E+03   4.1656728709912167E+00   2.7689795849181786E+06
   2.1800000000000000E+04   1.2904646907060837E+03   2.2639360311680534E+03   3.0011458877188957E+03   4.1731010102238004E+00   2.7760901309947995E+06
   2.1900000000000000E+04   1.2928518994144406E+03   2.2718923132491518E+03   3.0001011714569681E+03   4.1805250132181229E+00   2.7832554019810902E+06
   2.2000000000000000E+04   1.2952560394541342E+03   2.2798459552962649E+03   2.9992022009456064E+03   4.1879446534948856E+00   2.7904753843076304E+06
   2.2100000000000000E+04   1.2976699268369114E+03   2.2877973784864203E+03   2.9984077825660224E+03   4.1953597068626713E+00   2.7977498082337757E+06
   2.2200000000000000E+04   1.3001009294034075E+03   2.2957469868178619E+03   2.9977548437120372E+03   4.2027699515858572E+00   2.8050784680939750E+06
   2.2300000000000000E+04   1.3025491732160701E+03   2.3036951671848724E+03   2.9972414147741365E+03   4.2101751682796769E+00   2.8124611593325995E+06
   2.2400000000000000E+04   1.3050147651325801E+03   2.3116422894639159E+03   2.9968655203017520E+03   4.2175751398682371E+00   2.8198975501148435E+06
   2.2500000000000000E+04   1.3074977932051127E+03   2.3195887066138930E+03   2.9966251794775339E+03   4.2249696516684727E+00   2.8273873752575098E+06
   2.2600000000000000E+04   1.3099983270765231E+03   2.3275347547815868E+03   2.9965184065725907E+03   4.2323584913061829E+00   2.8349303079853621E+06
   2.2700000000000000E+04   1.3125164183795034E+03   2.3354807534170727E+03   2.9965432114079149E+03   4.2397414486740752E+00   2.8425259926931714E+06
   2.2800000000000000E+04   1.3150521011409087E+03   2.3434270054011845E+03   2.9966975998309736E+03   4.2471183159737098E+00   2.8501740129974484E+06
   2.2900000000000000E+04   1.3176053921870323E+03   2.3513737971814357E+03   2.9969795741922771E+03   4.2544888877365201E+00   2.8578740224791006E+06
   2.3000000000000000E+04   1.3201762915416564E+03   2.3593213989088249E+03   2.9973871337930286E+03   4.2618529606768707E+00   2.8656255501498114E+06
   2.3100000000000000E+04   1.3227576474602513E+03   2.3672700645948112E+03   2.9978816241713625E+03   4.2692103338389842E+00   2.8734281637629415E+06
   2.3200000000000000E+04   1.3253564446374548E+03   2.3752200322629296E+03   2.9984973422229691E+03   4.2765608084500215E+00   2.8812813726984267E+06
   2.3300000000000000E+04   1.3279726349940563E+03   2.3831715241167512E+03   2.9992322785284259E+03   4.2839041879830404E+00   2.8891846610557325E+06
   2.3400000000000000E+04   1.3306061553014447E+03   2.3911247467132634E+03   3.0000844226923923E+03   4.2912402781779910E+00   2.8971375540168104E+06
   2.3500000000000000E+04   1.3332569275765093E+03   2.3990798911331135E+03   3.0010517637837029E+03   4.2985688868947918E+00   2.9051394543673685E+06
   2.3600000000000000E+04   1.3359248594907958E+03   2.4070371331715810E+03   3.0021322908299508E+03   4.3058898242392578E+00   2.9131897741900040E+06
   2.3700000000000000E+04   1.3386098447686861E+03   2.4149966335264621E+03   3.0033239932762071E+03   4.3132029025211303E+00   2.9212880016937577E+06
   2.3800000000000000E+04   1.3413117635803169E+03   2.4229585379879904E+03   3.0046248614298115E+03   4.3205079361701149E+00   2.9294334381473260E+06
   2.3900000000000000E+04   1.3440304829445574E+03   2.4309229776456496E+03   3.0060328869458517E+03   4.3278047418408301E+00   2.9376255282113445E+06
   2.4000000000000000E+04   1.3467658571142249E+03   2.4388900690848850E+03   3.0075460632555942E+03   4.3350931382868634E+00   2.9458635634485255E+06
   2.4100000000000000E+04   1.3495107942131310E+03   2.4468599146034658E+03   3.0091279113708401E+03   4.3423729464657264E+00   2.9541469142506532E+06
   2.4200000000000000E+04   1.3522719495085692E+03   2.4548326024160274E+03   3.0108105710397977E+03   4.3496439894129244E+00   2.9624748650146355E+06
   2.4300000000000000E+04   1.3550491413456714E+03   2.4628082068771414E+03   3.0125920426810872E+03   4.3569060923258913E+00   2.9708467472615209E+06
   2.4400000000000000E+04   1.3578421768733936E+03   2.4707867886973472E+03   3.0144703304296277E+03   4.3641590825010468E+00   2.9792618075154172E+06
   2.4500000000000000E+04   1.3606508524251349E+03   2.4787683951703661E+03   3.0164434425849427E+03   4.3714027893757592E+00   2.9877193074329644E+06
   2.4600000000000000E+04   1.3634749538854564E+03   2.4867530603931764E+03   3.0185093920200979E+03   4.3786370444443907E+00   2.9962184911872856E+06
   2.4700000000000000E+04   1.3663142570627297E+03   2.4947408054988118E+03   3.0206661966197607E+03   4.3858616813002769E+00   3.0047585860476093E+06
   2.4800000000000000E+04   1.3691685280581726E+03   2.5027316388923277E+03   3.0229118797146180E+03   4.3930765356777082E+00   3.0133388698019022E+06
   2.4900000000000000E+04   1.3720375236140146E+03   2.5107255564721067E+03   3.0252444704542822E+03   4.4002814453050085E+00   3.0219584374535833E+06
   2.5000000000000000E+04   1.3749209914787859E+03   2.5187225418751668E+03   3.0276620042479094E+03   4.4074762500094629E+00   3.0306165357744000E+06
   2.5100000000000000E+04   1.3778119331937403E+03   2.5267225667135026E+03   3.0301299358875667E+03   4.4146607916963418E+00   3.0393122965875268E+06
   2.5200000000000000E+04   1.3807167186093022E+03   2.5347255908096481E+03   3.0326785908021493E+03   4.4218349143069338E+00   3.0480449716083724E+06
   2.5300000000000000E+04   1.3836350707661370E+03   2.5427315624352082E+03   3.0353060255261303E+03   4.4289984637975284E+00   3.0568135978707536E+06
   2.5400000000000000E+04   1.3865667051092134E+03   2.5507404185590663E+03   3.0380103045529618E+03   4.4361512882024030E+00   3.0656174005731721E+06
   2.5500000000000000E+04   1.3895113298114325E+03   2.5587520850817632E+03   3.0407895006856115E+03   4.4432932375498622E+00   3.0744554246071260E+06
   2.5600000000000000E+04   1.3924686461043050E+03   2.5667664770832484E+03   3.0436416954210622E+03   4.4504241639042235E+00   3.0833268708361033E+06
   2.5700000000000000E+04   1.3954383485950655E+03   2.5747834990624633E+03   3.0465649793002412E+03   4.4575439213238051E+00   3.0922307605587309E+06
   2.5800000000000000E+04   1.3984201255826322E+03   2.5828030451815521E+03   3.0495574522647689E+03   4.4646523658609789E+00   3.1011662049803780E+06
   2.5900000000000000E+04   1.4014136593728542E+03   2.5908249995151737E+03   3.0526172240217461E+03   4.4717493556041088E+00   3.1101323386271195E+06
   2.6000000000000000E+04   1.4044186265749229E+03   2.5988492362855823E+03   3.0557424143572762E+03   4.4788347505935988E+00   3.1191281849806113E+06
   2.6100000000000000E+04   1.4074281568159090E+03   2.6068756201091223E+03   3.0589002531089618E+03   4.4859084128429032E+00   3.1281528254654701E+06
   2.6200000000000000E+04   1.4104483689421015E+03   2.6149040062427553E+03   3.0621194972452304E+03   4.4929702063594865E+00   3.1372053663318204E+06
   2.6300000000000000E+04   1.4134789245652221E+03   2.6229342408226184E+03   3.0653982996212071E+03   4.5000199971028678E+00   3.1462847702912465E+06
   2.6400000000000000E+04   1.4165194807841624E+03   2.6309661611067936E+03   3.0687348245718167E+03   4.5070576529846136E+00   3.1553901947010313E+06
   2.6500000000000000E+04   1.4195696904599963E+03   2.6389995957146998E+03   3.0721272482080794E+03   4.5140830438473412E+00   3.1645205528258886E+06
   2.6600000000000000E+04   1.4226292024929471E+03   2.6470343648736443E+03   3.0755737587300009E+03   4.5210960415067030E+00   3.1736749874852970E+06
   2.6700000000000000E+04   1.4256976620788043E+03   2.6550702806481704E+03   3.0790725566834544E+03   4.5280965196674297E+00   3.1828524319290183E+06
   2.6800000000000000E+04   1.4287747109799732E+03   2.6631071471900100E+03   3.0826218552743612E+03   4.5350843540072940E+00   3.1920520163183562E+06
   2.6900000000000000E+04   1.4318599877680119E+03   2.6711447609618940E+03   3.0862198806013448E+03   4.5420594220721462E+00   3.2012726957947686E+06
   2.7000000000000000E+04   1.4349531280785213E+03   2.6791829109792789E+03   3.0898648719381126E+03   4.5490216033179092E+00   3.2105134878791319E+06
   2.7100000000000000E+04   1.4380474221473671E+03   2.6872213790481924E+03   3.0935257299687255E+03   4.5559707791315525E+00   3.2197734052408915E+06
   2.7200000000000000E+04   1.4411487636104855E+03   2.6952599399867245E+03   3.0972298176501058E+03   4.5629068327471591E+00   3.2290514899869547E+06
   2.7300000000000000E+04   1.4442567811210699E+03   2.7032983618652970E+03   3.1009754167210308E+03   4.5698296493088613E+00   3.2383467123734076E+06
   2.7400000000000000E+04   1.4473711013465743E+03   2.7113364062273463E+03   3.1047608231402455E+03   4.5767391158079000E+00   3.2476580728836101E+06
   2.7500000000000000E+04   1.4504913491965872E+03   2.7193738283232028E+03   3.1085843473301002E+03   4.5836351211245931E+00   3.2569846027198685E+06
   2.7600000000000000E+04   1.4536171480342739E+03   2.7274103773297998E+03   3.1124443143773524E+03   4.5905175559863451E+00   3.2663253302212916E+06
   2.7700000000000000E+04   1.4567481198822127E+03   2.7354457965678744E+03   3.1163390642255285E+03   4.5973863129256856E+00   3.2756791454578289E+06
   2.7800000000000000E+04   1.4598838856433174E+03   2.7434798237396458E+03   3.1202669519233918E+03   4.6042412863852107E+00   3.2850451740505262E+06
   2.7900000000000000E+04   1.4630240652788189E+03   2.7515121911223655E+03   3.1242263477473975E+03   4.6110823725496672E+00   3.2944223022119123E+06
   2.8000000000000000E+04   1.4661682780278636E+03   2.7595426258115626E+03   3.1282156374631177E+03   4.6179094695138607E+00   3.3038096185202571E+06
   2.8100000000000000E+04   1.4693100031255910E+03   2.7675708499094844E+03   3.1322053223774760E+03   4.6247224771147470E+00   3.3132060746886684E+06
   2.8200000000000000E+04   1.4724549275924239E+03   2.7755965807471985E+03   3.1362214939840369E+03   4.6315212969944080E+00   3.3226106557218339E+06
   2.8300000000000000E+04   1.4756026700144541E+03   2.7836195311015690E+03   3.1402625872758495E+03   4.6383058326420183E+00   3.3320224482045383E+06
   2.8400000000000000E+04   1.4787528489667266E+03   2.7916394093749764E+03   3.1443270533726572E+03   4.6450759892259263E+00   3.3414403688320187E+06
   2.8500000000000000E+04   1.4819050832150799E+03   2.7996559198349260E+03   3.1484133597658633E+03   4.6518316738035619E+00   3.3508634705428071E+06
   2.8600000000000000E+04   1.4850589918512155E+03   2.8076687627812980E+03   3.1525199903642333E+03   4.6585727951115299E+00   3.3602907389273532E+06
   2.8700000000000000E+04   1.4882141944664231E+03   2.8156776347597797E+03   3.1566454456667580E+03   4.6652992636495831E+00   3.3697211605500467E+06
   2.8800000000000000E+04   1.4913703113116558E+03   2.8236822287625528E+03   3.1607882429003362E+03   4.6720109917015931E+00   3.3791537911423207E+06
   2.8900000000000000E+04   1.4945269634335925E+03   2.8316822344042080E+03   3.1649469160907720E+03   4.6787078932306123E+00   3.3885875860716505E+06
   2.9000000000000000E+04   1.4976837728384189E+03   2.8396773381315197E+03   3.1691200162257874E+03   4.6853898839838291E+00   3.3980216723678848E+06
   2.9100000000000000E+04   1.5008344310985071E+03   2.8476672233859545E+03   3.1732795946478368E+03   4.6920568813456152E+00   3.4074550093001942E+06
   2.9200000000000000E+04   1.5039844315244820E+03   2.8556515708080155E+03   3.1774505568214258E+03   4.6987088044425063E+00   3.4168865586081026E+06
   2.9300000000000000E+04   1.5071334002588956E+03   2.8636300584127889E+03   3.1816315072186594E+03   4.7053455741011998E+00   3.4263154543827712E+06
   2.9400000000000000E+04   1.5101667081647252E+03   2.8716023617661599E+03   3.1853127060061615E+03   4.7119671128275726E+00   3.4357406978248339E+06
   2.9500000000000000E+04   1.5134042599247816E+03   2.8795681541540698E+03   3.1899179371147247E+03   4.7185733447647058E+00   3.4451613272366677E+06
   2.9600000000000000E+04   1.5165408994719087E+03   2.8875271067684780E+03   3.1940897234722634E+03   4.7251641957558448E+00   3.4545763504236313E+06
   2.9700000000000000E+04   1.5196844450466181E+03   2.8954788888629464E+03   3.1983078926820581E+03   4.7317395932604436E+00   3.4639848805425861E+06
   2.9800000000000000E+04   1.5228287808744642E+03   2.9034231679329719E+03   3.2025455156356998E+03   4.7382994664171454E+00   3.4733859668093831E+06
   2.9900000000000000E+04   1.5259497560920370E+03   2.9113596098613048E+03   3.2066961805397646E+03   4.7448437459388089E+00   3.4827786286269897E+06
   3.0000000000000000E+04   1.5290710416280199E+03   2.9192878790965769E+03   3.2108649800489961E+03   4.7513723641964916E+00   3.4921619575039931E+06
   3.0100000000000000E+04   1.5322221876364672E+03   2.9272076388007063E+03   3.2151822717908312E+03   4.7578852551564745E+00   3.5015350494593573E+06
   3.0200000000000000E+04   1.5353311991282276E+03   2.9351185509970096E+03   3.2193311923196889E+03   4.7643823543382737E+00   3.5108969374782573E+06
   3.0300000000000000E+04   1.5384381359994018E+03   2.9430202767447299E+03   3.2234886785339945E+03   4.7708635989195916E+00   3.5202467948897989E+06
   3.0400000000000000E+04   1.5415573791303814E+03   2.9509124762561437E+03   3.2277180621248635E+03   4.7773289275684121E+00   3.5295835971092009E+06
   3.0500000000000000E+04   1.5446521454282599E+03   2.9587948090738100E+03   3.2318583317018079E+03   4.7837782805899103E+00   3.5389065278443336E+06
   3.0600000000000000E+04   1.5477549861969467E+03   2.9666669341855622E+03   3.2360524881619745E+03   4.7902115997795347E+00   3.5482147085477035E+06
   3.0700000000000000E+04   1.5508361843111838E+03   2.9745285101834102E+03   3.2401709000092465E+03   4.7966288285069663E+00   3.5575072325544190E+06
   3.0800000000000000E+04   1.5539081458530968E+03   2.9823791953806781E+03   3.2442682875914734E+03   4.8030299116111674E+00   3.5667831990350955E+06
   3.0900000000000000E+04   1.5569808804367960E+03   2.9902186479742018E+03   3.2483886265576593E+03   4.8094147955263225E+00   3.5760417806680114E+06
   3.1000000000000000E+04   1.5600576075247243E+03   2.9980465261377508E+03   3.2525461290240446E+03   4.8157834280929217E+00   3.5852820550033636E+06
   3.1100000000000000E+04   1.5631326483758776E+03   3.0058624881875035E+03   3.2567163041610888E+03   4.8221357587256977E+00   3.5945032408105428E+06
   3.1200000000000000E+04   1.5661801621239872E+03   3.0136661926781885E+03   3.2607873973258115E+03   4.8284717382666713E+00   3.6037044957345431E+06
   3.1300000000000000E+04   1.5692224035570230E+03   3.0214572985408008E+03   3.2648564640874215E+03   4.8347913190481435E+00   3.6128849503484489E+06
   3.1400000000000000E+04   1.5722553995451983E+03   3.0292354651859155E+03   3.2689066439202929E+03   4.8410944548087267E+00   3.6220437419494414E+06
   3.1500000000000000E+04   1.5752765925723663E+03   3.0370003526498163E+03   3.2729272779350517E+03   4.8473811008192866E+00   3.6311801828213031E+06
   3.1600000000000000E+04   1.5782846040992818E+03   3.0447516216644135E+03   3.2769128457850466E+03   4.8536512136730359E+00   3.6402933566843010E+06
   3.1700000000000000E+04   1.5812821117001317E+03   3.0524889338070625E+03   3.2808753158710474E+03   4.8599047514534632E+00   3.6493824888648521E+06
   3.1800000000000000E+04   1.5842811745258000E+03   3.0602119515783434E+03   3.2848669194543336E+03   4.8661416735874052E+00   3.6584467446649959E+06
   3.1900000000000000E+04   1.5872706318228668E+03   3.0679203385423912E+03   3.2888399140194774E+03   4.8723619409919587E+00   3.6674854643692304E+06
   3.2000000000000000E+04   1.5902509402330936E+03   3.0756137593798148E+03   3.2927966215400925E+03   4.8785655158436150E+00   3.6764977942592930E+06
   3.2100000000000000E+04   1.5932056729613719E+03   3.0832918800274047E+03   3.2966670595036967E+03   4.8847523617461617E+00   3.6854829552627057E+06
   3.2200000000000000E+04   1.5961470969756335E+03   3.0909543677634306E+03   3.3005043107594915E+03   4.8909224436677263E+00   3.6944402093086964E+06
   3.2300000000000000E+04   1.5991008638794442E+03   3.0986008912995831E+03   3.3044183204315905E+03   4.8970757279197690E+00   3.7033688927012915E+06
   3.2400000000000000E+04   1.6019957593447859E+03   3.1062311208555052E+03   3.3081053739872877E+03   4.9032121820731431E+00   3.7122681822436769E+06
   3.2500000000000000E+04   1.6049309010594254E+03   3.1138447282793477E+03   3.3119887533432588E+03   4.9093317750840253E+00   3.7211373628623681E+06
   3.2600000000000000E+04   1.6078436693791884E+03   3.1214413871222941E+03   3.3158016260134073E+03   4.9154344772309448E+00   3.7299757606269750E+06
   3.2700000000000000E+04   1.6107221235468301E+03   3.1290207726951940E+03   3.3194938205633957E+03   4.9215202599888350E+00   3.7387826426853063E+06
   3.2800000000000000E+04   1.6136016395896870E+03   3.1365825621918088E+03   3.3232161282845950E+03   4.9275890961969813E+00   3.7475573175671594E+06
   3.2900000000000000E+04   1.6165365805642236E+03   3.1441264347355209E+03   3.3271989741161269E+03   4.9336409599120570E+00   3.7562991017474001E+06
   3.3000000000000000E+04   1.6193923252868390E+03   3.1516520714781236E+03   3.3308720595267123E+03   4.9396758264921123E+00   3.7650073861988997E+06
   3.3100000000000000E+04   1.6221385286554564E+03   3.1591591556410381E+03   3.3341086609685676E+03   4.9456936724496243E+00   3.7736813705954887E+06
   3.3200000000000000E+04   1.6249690351292822E+03   3.1666473726296808E+03   3.3377286302405478E+03   4.9516944756194272E+00   3.7823205285242903E+06
   3.3300000000000000E+04   1.6277464804384422E+03   3.1741164100646984E+03   3.3411518912770448E+03   4.9576782149907945E+00   3.7909241756226406E+06
   3.3400000000000000E+04   1.6305683981901327E+03   3.1815659578664158E+03   3.3447898581718346E+03   4.9636448707703984E+00   3.7994917020660304E+06
   3.3500000000000000E+04   1.6333165070222124E+03   3.1889957083116356E+03   3.3481448661724157E+03   4.9695944243403378E+00   3.8080224069787553E+06
   3.3600000000000000E+04   1.6360931806771941E+03   3.1964053560983389E+03   3.3516478869883972E+03   4.9755268582581413E+00   3.8165157301547527E+06
   3.3700000000000000E+04   1.6388265212986355E+03   3.2037945984186540E+03   3.3549972254668169E+03   4.9814421562987343E+00   3.8249710864871256E+06
   3.3800000000000000E+04   1.6415767298653623E+03   3.2111631349827871E+03   3.3584456777929881E+03   4.9873403033075325E+00   3.8333878660859587E+06
   3.3900000000000000E+04   1.6442812061217869E+03   3.2185106681030620E+03   3.3617313937218696E+03   4.9932212853053590E+00   3.8417655003842493E+06
   3.4000000000000000E+04   1.6469769291236189E+03   3.2258369027342878E+03   3.3650095921863349E+03   4.9990850894255123E+00   3.8501033961834339E+06
   3.4100000000000000E+04   1.6496604785325405E+03   3.2331415465329123E+03   3.3682662449208842E+03   5.0049317039347176E+00   3.8584010015484863E+06
   3.4200000000000000E+04   1.6523455665544636E+03   3.2404243098929601E+03   3.3715587244439807E+03   5.0107611181701932E+00   3.8666577728375164E+06
   3.4300000000000000E+04   1.6549671265319778E+03   3.2476849060010481E+03   3.3746165366205150E+03   5.0165733225606175E+00   3.8748731746974145E+06
   3.4400000000000000E+04   1.6575964720271647E+03   3.2549230508788150E+03   3.3777369244900706E+03   5.0223683086051443E+00   3.8830466473218789E+06
   3.4500000000000000E+04   1.6602367279437283E+03   3.2621384634287369E+03   3.3809327804882651E+03   5.0281460688734079E+00   3.8911776720819091E+06
   3.4600000000000000E+04   1.6628261127737567E+03   3.2693308654780467E+03   3.3839481179641366E+03   5.0339065970055099E+00   3.8992658366649477E+06
   3.4700000000000000E+04   1.6654205224269408E+03   3.2764999817936146E+03   3.3870150101446088E+03   5.0396498876070943E+00   3.9073105407746569E+06
   3.4800000000000000E+04   1.6679485679709967E+03   3.2836455401544822E+03   3.3898385469048426E+03   5.0453759363752626E+00   3.9153113232908570E+06
   3.4900000000000000E+04   1.6705132418537344E+03   3.2907672713466072E+03   3.3928447037184606E+03   5.0510847399306638E+00   3.9232676660429938E+06
   3.5000000000000000E+04   1.6730288588116268E+03   3.2978649092484252E+03   3.3956799297698844E+03   5.0567762960064080E+00   3.9311791569465911E+06
   3.5100000000000000E+04   1.6755387498471166E+03   3.3049381908108726E+03   3.3985233241996771E+03   5.0624506032381626E+00   3.9390453593192534E+06
   3.5200000000000000E+04   1.6780374293491461E+03   3.3119868561065764E+03   3.4013524647995760E+03   5.0681076612271214E+00   3.9468657472389545E+06
   3.5300000000000000E+04   1.6804834683792631E+03   3.3190106483721920E+03   3.4039975619985012E+03   5.0737474705819858E+00   3.9546399653887241E+06
   3.5400000000000000E+04   1.6829212347586681E+03   3.3260093140103027E+03   3.4066412946666028E+03   5.0793700328140190E+00   3.9623675043155099E+06
   3.5500000000000000E+04   1.6853634925413801E+03   3.3329826026283567E+03   3.4093360324334026E+03   5.0849753503790218E+00   3.9700479924067976E+06
   3.5600000000000000E+04   1.6877982767890162E+03   3.3399302670706488E+03   3.4120328051975926E+03   5.0905634266983188E+00   3.9776810658862516E+06
   3.5700000000000000E+04   1.6901927517533099E+03   3.3468520634038550E+03   3.4145977141913731E+03   5.0961342660118412E+00   3.9852662397823082E+06
   3.5800000000000000E+04   1.6925566114827795E+03   3.3537477509793880E+03   3.4170709162858820E+03   5.1016878735250408E+00   3.9928031663898393E+06
   3.5900000000000000E+04   1.6949200088003618E+03   3.3606170924327353E+03   3.4195756286368487E+03   5.1072242553249438E+00   4.0002914736034451E+06
   3.6000000000000000E+04   1.6972617354981853E+03   3.3674598536866220E+03   3.4220256227374020E+03   5.1127434183171747E+00   4.0077307650357988E+06
   3.6100000000000000E+04   1.6995597486530476E+03   3.3742758039980699E+03   3.4243317361327545E+03   5.1182453703309045E+00   4.0151207165002273E+06
   3.6200000000000000E+04   1.7018621306699638E+03   3.3810647159417258E+03   3.4266895798486271E+03   5.1237301199929268E+00   4.0224609794036355E+06
   3.6300000000000000E+04   1.7041052351808894E+03   3.3878263654485650E+03   3.4288413570761131E+03   5.1291976768115806E+00   4.0297512129089879E+06
   3.6400000000000000E+04   1.7063940135912826E+03   3.3945605317919676E+03   3.4312123287440190E+03   5.1346480510718449E+00   4.0369910519706975E+06
   3.6500000000000000E+04   1.7085986697766880E+03   3.4012669976123711E+03   3.4332776079685659E+03   5.1400812538772920E+00   4.0441802031803825E+06
   3.6600000000000000E+04   1.7108337641649823E+03   3.4079455489350903E+03   3.4355004566441748E+03   5.1454972971710884E+00   4.0513183487963537E+06
   3.6700000000000000E+04   1.7130598751768250E+03   3.4145959751580331E+03   3.4377215711427525E+03   5.1508961936520175E+00   4.0584052104313686E+06
   3.6800000000000000E+04   1.7151809717306949E+03   3.4212180690611262E+03   3.4395548264319700E+03   5.1562779567745096E+00   4.0654404535417166E+06
   3.6900000000000000E+04   1.7173567957312073E+03   3.4278116268320050E+03   3.4416434066474808E+03   5.1616426008115894E+00   4.0724238464893545E+06
   3.7000000000000000E+04   1.7195469407834473E+03   3.4343764480383397E+03   3.4438242925833006E+03   5.1669901407289380E+00   4.0793550379418214E+06
   3.7100000000000000E+04   1.7215863216446794E+03   3.4409123356628729E+03   3.4454359224235895E+03   5.1723205922898501E+00   4.0862338742008721E+06
   3.7200000000000000E+04   1.7237111072045361E+03   3.4474190960791771E+03   3.4474253327446086E+03   5.1776339719502866E+00   4.0930600502275825E+06
   3.7300000000000000E+04   1.7258218169285544E+03   3.4538965390553190E+03   3.4493936657898967E+03   5.1829302968588600E+00   4.0998332684461917E+06
   3.7400000000000000E+04   1.7279101899832242E+03   3.4603444777800696E+03   3.4513080964312512E+03   5.1882095849408145E+00   4.1065533332574666E+06
   3.7500000000000000E+04   1.7299655109556256E+03   3.4667627288294038E+03   3.4531261875715063E+03   5.1934718547720697E+00   4.1132200558526744E+06
   3.7600000000000000E+04   1.7319896652361674E+03   3.4731511121788858E+03   3.4548558622520618E+03   5.1987171256212008E+00   4.1198331285925927E+06
   3.7700000000000000E+04   1.7339452855699130E+03   3.4795094511856109E+03   3.4563490290551313E+03   5.2039454173864907E+00   4.1263923766974122E+06
   3.7800000000000000E+04   1.7359590947027070E+03   3.4858375726284025E+03   3.4581095277163786E+03   5.2091567507428218E+00   4.1328976634045350E+06
   3.7900000000000000E+04   1.7379277360010387E+03   3.4921353066345873E+03   3.4597267215514498E+03   5.2143511468898476E+00   4.1393487020039484E+06
   3.8000000000000000E+04   1.7399528437093284E+03   3.4984024867182570E+03   3.4616034524534348E+03   5.2195286276988648E+00   4.1457452754990123E+06
   3.8100000000000000E+04   1.7419080021718758E+03   3.5046389497883602E+03   3.4632390380473357E+03   5.2246892157548430E+00   4.1520873607994919E+06
   3.8200000000000000E+04   1.7438428412651401E+03   3.5108445360902765E+03   3.4648303558428306E+03   5.2298329341674812E+00   4.1583746603558953E+06
   3.8300000000000000E+04   1.7456929531502788E+03   3.5170190892298860E+03   3.4661236658271132E+03   5.2349598066761773E+00   4.1646070703533539E+06
   3.8400000000000000E+04   1.7476041144832300E+03   3.5231624561551812E+03   3.4676941105589481E+03   5.2400698576080362E+00   4.1707843689865125E+06
   3.8500000000000000E+04   1.7493808050293123E+03   3.5292744871670661E+03   3.4687718179404719E+03   5.2451631119408555E+00   4.1769064961516536E+06
   3.8600000000000000E+04   1.7512033388919594E+03   3.5353550358633265E+03   3.4700667849499123E+03   5.2502395951351915E+00   4.1829732737718485E+06
   3.8700000000000000E+04   1.7531538786844012E+03   3.5414039591719306E+03   3.4719003537345920E+03   5.2552993332812852E+00   4.1889845611662115E+06
   3.8800000000000000E+04   1.7550033397218137E+03   3.5474211173175804E+03   3.4733732203007044E+03   5.2603423530151217E+00   4.1949402547124866E+06
   3.8900000000000000E+04   1.7568793837675435E+03   3.5534063737994566E+03   3.4749861454436332E+03   5.2653686814764331E+00   4.2008401951720035E+06
   3.9000000000000000E+04   1.7586297330543632E+03   3.5593595954045909E+03   3.4761436159786531E+03   5.2703783463926692E+00   4.2066843218176747E+06
   3.9100000000000000E+04   1.7602087552527071E+03   3.5652806521783277E+03   3.4766693944911408E+03   5.2753713760160172E+00   4.2124725488766283E+06
   3.9200000000000000E+04   1.7619486148481460E+03   3.5711694174001132E+03   3.4778601923550759E+03   5.2803477990814365E+00   4.2182047657189025E+06
   3.9300000000000000E+04   1.7635803724484847E+03   3.5770257675768398E+03   3.4786668803967405E+03   5.2853076448276290E+00   4.2238808676058901E+06
   3.9400000000000000E+04   1.7651574686954955E+03   3.5828495824356964E+03   3.4792986402056999E+03   5.2902509430180524E+00   4.2295007556755869E+06
   3.9500000000000000E+04   1.7667990219440942E+03   3.5886407448920954E+03   3.4802183297923339E+03   5.2951777238779325E+00   4.2350643977476526E+06
   3.9600000000000000E+04   1.7684540080096156E+03   3.5943991410536019E+03   3.4812270381781709E+03   5.3000880181572363E+00   4.2405717365659559E+06
   3.9700000000000000E+04   1.7699997382072504E+03   3.6001246601623093E+03   3.4818495882748443E+03   5.3049818569837495E+00   4.2460226898946585E+06
   3.9800000000000000E+04   1.7714226302503464E+03   3.6058171946221660E+03   3.4820350556843628E+03   5.3098592720100033E+00   4.2514171811163165E+06
   3.9900000000000000E+04   1.7730695482436806E+03   3.6114766399709411E+03   3.4831236690398205E+03   5.3147202953712886E+00   4.2567552602013517E+06
   4.0000000000000000E+04   1.7747448756546935E+03   3.6171028948209614E+03   3.4843579589401847E+03   5.3195649595387318E+00   4.2620368003975572E+06
   4.0100000000000000E+04   1.7762267252130937E+03   3.6226958608851637E+03   3.4848831649065164E+03   5.3243932974662327E+00   4.2672617712865984E+06
   4.0200000000000000E+04   1.7776372399464690E+03   3.6282554429537759E+03   3.4851715934448948E+03   5.3292053425694519E+00   4.2724302077643462E+06
   4.0300000000000000E+04   1.7790862295616371E+03   3.6337815488459441E+03   3.4856456732104270E+03   5.3340011286208799E+00   4.2775420291024065E+06
   4.0400000000000000E+04   1.7806142808672491E+03   3.6392740894100830E+03   3.4864601826593002E+03   5.3387806898128085E+00   4.2825972500108564E+06
   4.0500000000000000E+04   1.7819945678010615E+03   3.6447329785054549E+03   3.4867452839639800E+03   5.3435440607573215E+00   4.2875959198262263E+06
   4.0600000000000000E+04   1.7833576030187303E+03   3.6501581329586970E+03   3.4870020413171201E+03   5.3482912764023309E+00   4.2925379727006722E+06
   4.0700000000000000E+04   1.7846587286583983E+03   3.6555494725631324E+03   3.4870599982959757E+03   5.3530223720945633E+00   4.2974233479982549E+06
   4.0800000000000000E+04   1.7859564938563797E+03   3.6609069200654872E+03   3.4871431243726802E+03   5.3577373836005364E+00   4.3022522285680762E+06
   4.0900000000000000E+04   1.7872232033780233E+03   3.6662304011027941E+03   3.4871457915195256E+03   5.3624363469596332E+00   4.3070244734658226E+06
   4.1000000000000000E+04   1.7884666175412401E+03   3.6715198442255305E+03   3.4870977537898802E+03   5.3671192986310334E+00   4.3117401848867284E+06
   4.1100000000000000E+04   1.7896878205433823E+03   3.6767751808524799E+03   3.4870032508564154E+03   5.3717862754097538E+00   4.3163994096575296E+06
   4.1200000000000000E+04   1.7908828346614421E+03   3.6819963452313959E+03   3.4868473072109414E+03   5.3764373143636721E+00   4.3210021100400304E+06
   4.1300000000000000E+04   1.7917439710092849E+03   3.6871832744676535E+03   3.4854655540695321E+03   5.3810724530014600E+00   4.3255484008099725E+06
   4.1400000000000000E+04   1.7924412693822389E+03   3.6923359084348081E+03   3.4835064674959513E+03   5.3856917290416799E+00   4.3300382824610882E+06
   4.1500000000000000E+04   1.7939155073951595E+03   3.6974541898027601E+03   3.4845209452644494E+03   5.3902951805807051E+00   4.3344717599826446E+06
   4.1600000000000000E+04   1.7956636843872718E+03   3.7025380639912628E+03   3.4866025851956711E+03   5.3948828460087768E+00   4.3388489895864343E+06
   4.1700000000000000E+04   1.7967513098511558E+03   3.7075874791480287E+03   3.4862291004247782E+03   5.3994547640099855E+00   4.3431699841965735E+06
   4.1800000000000000E+04   1.7978294707157975E+03   3.7126023861203985E+03   3.4858577375514324E+03   5.4040109735412889E+00   4.3474347902476825E+06
   4.1900000000000000E+04   1.7988720225746538E+03   3.7175827384392842E+03   3.4853902281831579E+03   5.4085515138535021E+00   4.3516434581868937E+06
   4.2000000000000000E+04   1.7998907967374039E+03   3.7225284923029599E+03   3.4848712211054262E+03   5.4130764245122851E+00   4.3557961589940544E+06
   4.2100000000000000E+04   1.8008808398685062E+03   3.7274396065232927E+03   3.4842822785055614E+03   5.4175857452931959E+00   4.3598929211686272E+06
   4.2200000000000000E+04   1.8018541629557426E+03   3.7323160425216424E+03   3.4836684784453691E+03   5.4220795162446622E+00   4.3639337772273021E+06
   4.2300000000000000E+04   1.8028040295973042E+03   3.7371577642997231E+03   3.4830046624108641E+03   5.4265577776669822E+00   4.3679188506067973E+06
   4.2400000000000000E+04   1.8037281957515386E+03   3.7419647384290297E+03   3.4822825581900802E+03   5.4310205701543142E+00   4.3718482680146229E+06
   4.2500000000000000E+04   1.8046259862712900E+03   3.7467369339964862E+03   3.4814997787496168E+03   5.4354679344897292E+00   4.3757221304530026E+06
   4.2600000000000000E+04   1.8055379476375872E+03   3.7514743225998627E+03   3.4808071508367671E+03   5.4398999117081646E+00   4.3795404846267691E+06
   4.2700000000000000E+04   1.8063936010242332E+03   3.7561768783056773E+03   3.4799425948236531E+03   5.4443165430334721E+00   4.3833034384703310E+06
   4.2800000000000000E+04   1.8072295420516425E+03   3.7608445776569442E+03   3.4790423394240988E+03   5.4487178699833558E+00   4.3870111606103117E+06
   4.2900000000000000E+04   1.8080409843410196E+03   3.7654773995996429E+03   3.4780886934641430E+03   5.4531039342014669E+00   4.3906637077208003E+06
   4.3000000000000000E+04   1.8088452058602677E+03   3.7700753255090772E+03   3.4771455985493026E+03   5.4574747776253005E+00   4.3942612544755163E+06
   4.3100000000000000E+04   1.8096127901337268E+03   3.7746383391224354E+03   3.4761043285775304E+03   5.4618304423392896E+00   4.3978038924844703E+06
   4.3200000000000000E+04   1.8103785915263261E+03   3.7791664265212839E+03   3.4750935935190305E+03   5.4661709705957842E+00   4.4012917165551614E+06
   4.3300000000000000E+04   1.8111057673313421E+03   3.7836595761390299E+03   3.4739775662220964E+03   5.4704964049199933E+00   4.4047249099864690E+06
   4.3400000000000000E+04   1.8118138188353257E+03   3.7881177786808162E+03   3.4728282077248209E+03   5.4748067879210947E+00   4.4081035165715395E+06
   4.3500000000000000E+04   1.8124981441475627E+03   3.7925410271496694E+03   3.4716286360879562E+03   5.4791021624601326E+00   4.4114278101870902E+06
   4.3600000000000000E+04   1.8131713528075265E+03   3.7969293167913543E+03   3.4704251177979199E+03   5.4833825715450910E+00   4.4146978402382461E+06
   4.3700000000000000E+04   1.8138005331264774E+03   3.8012826450641969E+03   3.4690971288590517E+03   5.4876480583098850E+00   4.4179137723056376E+06
   4.3800000000000000E+04   1.8144233833403671E+03   3.8056010116401922E+03   3.4677827658597989E+03   5.4918986660983284E+00   4.4210757744277501E+06
   4.3900000000000000E+04   1.8150255474630781E+03   3.8098844183498081E+03   3.4664294567929128E+03   5.4961344383591841E+00   4.4241839326858697E+06
   4.4000000000000000E+04   1.8156039097578591E+03   3.8141328691830981E+03   3.4650258716372841E+03   5.5003554187301225E+00   4.4272384483564142E+06
   4.4100000000000000E+04   1.8161452196098530E+03   3.8183463702407753E+03   3.4635238846717293E+03   5.5045616509537609E+00   4.4302394967313847E+06
   4.4200000000000000E+04   1.8166844665317606E+03   3.8225249297290879E+03   3.4620508411221963E+03   5.5087531789406379E+00   4.4331871994739063E+06
   4.4300000000000000E+04   1.8171958027710591E+03   3.8266685579172131E+03   3.4605127261540670E+03   5.5129300467062388E+00   4.4360817365866983E+06
   4.4400000000000000E+04   1.8176950288543987E+03   3.8307772671196667E+03   3.4589668830878159E+03   5.5170922983919910E+00   4.4389232901758179E+06
   4.4500000000000000E+04   1.8181811516004557E+03   3.8348510716787700E+03   3.4574095980220618E+03   5.5212399782862445E+00   4.4417120166548295E+06
   4.4600000000000000E+04   1.8185551595837305E+03   3.8388899879096402E+03   3.4554832677770514E+03   5.5253731307193288E+00   4.4444480191940339E+06
   4.4700000000000000E+04   1.8189699025713264E+03   3.8428940341265020E+03   3.4537404233012649E+03   5.5294918002314795E+00   4.4471315972254341E+06
   4.4800000000000000E+04   1.8193953721052724E+03   3.8468632305565307E+03   3.4520720659625449E+03   5.5335960313629187E+00   4.4497628303330531E+06
   4.4900000000000000E+04   1.8197701566548556E+03   3.8507975993725054E+03   3.4502569503835248E+03   5.5376858688427895E+00   4.4523419661633102E+06
   4.5000000000000000E+04   1.8201486108761460E+03   3.8546971646255402E+03   3.4484906622708245E+03   5.5417613574422031E+00   4.4548691437314134E+06
   4.5100000000000000E+04   1.8204985183470137E+03   3.8585619522403754E+03   3.4466573513782532E+03   5.5458225420372287E+00   4.4573445591351781E+06
   4.5200000000000000E+04   1.8208273597776347E+03   3.8623919899857360E+03   3.4447839198875358E+03   5.5498694675878877E+00   4.4597684101598635E+06
   4.5300000000000000E+04   1.8211173651825034E+03   3.8661873074385503E+03   3.4428068679437915E+03   5.5539021790961876E+00   4.4621408416153593E+06
   4.5400000000000000E+04   1.8214168747607366E+03   3.8699479359919146E+03   3.4408989975601335E+03   5.5579207217110564E+00   4.4644621094264286E+06
   4.5500000000000000E+04   1.8216633633978847E+03   3.8736739087882793E+03   3.4388370260774586E+03   5.5619251405814234E+00   4.4667323345938912E+06
   4.5600000000000000E+04   1.8219085620617107E+03   3.8773652607338190E+03   3.4368055388057001E+03   5.5659154809821638E+00   4.4689518032300891E+06
   4.5700000000000000E+04   1.8221097448112675E+03   3.8810220284443021E+03   3.4346524201494130E+03   5.5698917882091390E+00   4.4711206667673513E+06
   4.5800000000000000E+04   1.8223344993662831E+03   3.8846442502346936E+03   3.4326178363781823E+03   5.5738541076211741E+00   4.4732391055419575E+06
   4.5900000000000000E+04   1.8225130999720693E+03   3.8882319660963949E+03   3.4304540710499286E+03   5.5778024846400687E+00   4.4753073284971425E+06
   4.6000000000000000E+04   1.8226907060467220E+03   3.8917852176683627E+03   3.4283212807976747E+03   5.5817369647295996E+00   4.4773255728370566E+06
   4.6100000000000000E+04   1.8228206995596579E+03   3.8953040482207789E+03   3.4260544745811530E+03   5.5856575934165189E+00   4.4792940499853296E+06
   4.6200000000000000E+04   1.8229493649587575E+03   3.8987885026139543E+03   3.4238173353725233E+03   5.5895644162275664E+00   4.4812128921551201E+06
   4.6300000000000000E+04   1.8230451903481353E+03   3.9022386273008847E+03   3.4214985650963540E+03   5.5934574787734537E+00   4.4830823940202780E+06
   4.6400000000000000E+04   1.8231301191786224E+03   3.9056544702739670E+03   3.4191755290236683E+03   5.5973368266438959E+00   4.4849027439171737E+06
   4.6500000000000000E+04   1.8232728074421584E+03   3.9090360810801731E+03   3.4170892162236219E+03   5.6012025055335544E+00   4.4866741315939594E+06
   4.6600000000000000E+04   1.8233630773147645E+03   3.9123835107432333E+03   3.4148520156294558E+03   5.6050545610531382E+00   4.4883967480418887E+06
   4.6700000000000000E+04   1.8233496417528777E+03   3.9156968118162358E+03   3.4122847686035880E+03   5.6088930389812726E+00   4.4900708917489508E+06
   4.6800000000000000E+04   1.8233570468152552E+03   3.9189760382669074E+03   3.4098243071963275E+03   5.6127179849496533E+00   4.4916967025953084E+06
   4.6900000000000000E+04   1.8233532551189037E+03   3.9222212455366257E+03   3.4073581130380658E+03   5.6165294447159129E+00   4.4932744278603001E+06
   4.7000000000000000E+04   1.8233424367154937E+03   3.9254324904879409E+03   3.4049005795558774E+03   5.6203274640586747E+00   4.4948043155179722E+06
   4.7100000000000000E+04   1.8207174271922277E+03   3.9286098313523694E+03   3.3933840126113737E+03   5.6241120886726046E+00   4.4962865615814431E+06
   4.7200000000000000E+04   1.8206209678719970E+03   3.9317533277525122E+03   3.3907076055675925E+03   5.6278833643153376E+00   4.4977213631751444E+06
   4.7300000000000000E+04   1.8205222728500432E+03   3.9348630406624629E+03   3.3880564170136604E+03   5.6316413367445097E+00   4.4991089970530337E+06
   4.7400000000000000E+04   1.8203964988575087E+03   3.9379390323807256E+03   3.3853442439868713E+03   5.6353860516967620E+00   4.5004496357610263E+06
   4.7500000000000000E+04   1.8202538849721686E+03   3.9409813665279712E+03   3.3826065373391575E+03   5.6391175549507215E+00   4.5017436095597707E+06
   4.7600000000000000E+04   1.8200934901144713E+03   3.9439901079832762E+03   3.3798399885486574E+03   5.6428358921800568E+00   4.5029909882196374E+06
   4.7700000000000000E+04   1.8199171193206491E+03   3.9469653229129749E+03   3.3770507637780893E+03   5.6465411091214239E+00   4.5041921033082129E+06
   4.7800000000000000E+04   1.8197225039716416E+03   3.9499070787318092E+03   3.3742309868028265E+03   5.6502332515114526E+00   4.5053471824668450E+06
   4.7900000000000000E+04   1.8195097375469388E+03   3.9528154440458961E+03   3.3713809367579029E+03   5.6539123649608660E+00   4.5064564022158207E+06
   4.8000000000000000E+04   1.8181135389719873E+03   3.9556904887064584E+03   3.3645078528720583E+03   5.6575784952062955E+00   4.5075200691843256E+06
   4.8100000000000000E+04   1.8190277854582762E+03   3.9585322837223380E+03   3.3655831149534783E+03   5.6612316878794422E+00   4.5085383868565923E+06
   4.8200000000000000E+04   1.8175982038984453E+03   3.9613409012465104E+03   3.3586708498375683E+03   5.6648719885280414E+00   4.5095115337619688E+06
   4.8300000000000000E+04   1.8184718333779954E+03   3.9641164146116498E+03   3.3596589608787840E+03   5.6684994428047801E+00   4.5104398175898632E+06
   4.8400000000000000E+04   1.8206559809188232E+03   3.9668588982310766E+03   3.3651456347706962E+03   5.6721140961944245E+00   4.5113234434565501E+06
   4.8500000000000000E+04   1.8203213029978053E+03   3.9695684276529678E+03   3.3620563636783104E+03   5.6757159942657038E+00   4.5121626427068720E+06
   4.8600000000000000E+04   1.8199960596427657E+03   3.9722450794800634E+03   3.3590306353748970E+03   5.6793051824613991E+00   4.5129576725080824E+06
   4.8700000000000000E+04   1.8196350125985623E+03   3.9748889313874392E+03   3.3559141257970632E+03   5.6828817062243093E+00   4.5137087393899709E+06
   4.8800000000000000E+04   1.8193133754917490E+03   3.9775000620914648E+03   3.3529625165945636E+03   5.6864456109552366E+00   4.5144161265050899E+06
   4.8900000000000000E+04   1.8189374816523207E+03   3.9800785513190058E+03   3.3498572390885920E+03   5.6899969419710308E+00   4.5150800156575367E+06
   4.9000000000000000E+04   1.8159826114486812E+03   3.9826244798133248E+03   3.3380582683605953E+03   5.6935357445885382E+00   4.5157006903901715E+06
   4.9100000000000000E+04   1.8155585180284329E+03   3.9851379292914089E+03   3.3348634650028121E+03   5.6970620640406588E+00   4.5162783584823273E+06
   4.9200000000000000E+04   1.8151017014209879E+03   3.9876189824440585E+03   3.3315886887879615E+03   5.7005759455392910E+00   4.5168132784468178E+06
   4.9300000000000000E+04   1.8135062834007329E+03   3.9900677228996751E+03   3.3245157960433180E+03   5.7040774342123699E+00   4.5173057087686537E+06
   4.9400000000000000E+04   1.8130304326030234E+03   3.9924842352185701E+03   3.3212428781248809E+03   5.7075665751458633E+00   4.5177558328278530E+06
   4.9500000000000000E+04   1.8125379680104813E+03   3.9948686048631807E+03   3.3179440829232663E+03   5.7110434133417742E+00   4.5181639095064737E+06
   4.9600000000000000E+04   1.8120271361040664E+03   3.9972209181987214E+03   3.3146134828536460E+03   5.7145079937811163E+00   4.5185302225201931E+06
   4.9700000000000000E+04   1.8114973396012933E+03   3.9995412624576570E+03   3.3112490480124875E+03   5.7179603613609444E+00   4.5188550055211149E+06
   4.9800000000000000E+04   1.8109590569061015E+03   4.0018297257225495E+03   3.3078857137232872E+03   5.7214005608943559E+00   4.5191384674435994E+06
   4.9900000000000000E+04   1.8103755287084657E+03   4.0040863969271254E+03   3.3044008364318233E+03   5.7248286371734531E+00   4.5193808670028504E+06
   5.0000000000000000E+04   1.8112330963427773E+03   4.0063113658092520E+03   3.3057425974025296E+03   5.7282446348644092E+00   4.5195824627205608E+06


