#Te   kappa_tot   kappa_e_ph  kappa_e_e mu Ce
#[K]  [W/(K*m)]   [W/(K*m)]   [W/(K*m)]   [eV]  [J/(m^3*K)]
   3.0000000000000000E+02   3.0668820451119945E+01   3.0749771821624407E+01   1.1649700616968918E+04   3.4869179352526136E+00   7.2285187759000211E+04
   4.0000000000000000E+02   4.1218016498557041E+01   4.1364691095418877E+01   1.1624170486964540E+04   3.4828088321642880E+00   9.5112308680756614E+04
   5.0000000000000000E+02   5.1960026173700967E+01   5.2195461922503426E+01   1.1519395764817555E+04   3.4787406586637570E+00   1.1746632243305536E+05
   6.0000000000000000E+02   6.3114031569943116E+01   6.3465488360086603E+01   1.1397027880226609E+04   3.4749510383586570E+00   1.4027760366658110E+05
   7.0000000000000000E+02   7.4640767248134139E+01   7.5137857424333632E+01   1.1282353979336251E+04   3.4715180798459118E+00   1.6376166621515391E+05
   8.0000000000000000E+02   8.6448964931488277E+01   8.7122764665969200E+01   1.1177910055344279E+04   3.4685062149497612E+00   1.8786438969923081E+05
   9.0000000000000000E+02   9.8483673379956940E+01   9.9366931292268603E+01   1.1079459656969919E+04   3.4659790568664692E+00   2.1252734399602780E+05
   1.0000000000000000E+03   1.1073331421044325E+02   1.1186101011125702E+02   1.0984114043164462E+04   3.4639747352873442E+00   2.3775173957906399E+05
   1.1000000000000000E+03   1.2321645597922321E+02   1.2462315865487169E+02   1.0916040900619553E+04   3.4624879189875495E+00   2.6358432407662511E+05
   1.2000000000000000E+03   1.3595532519186398E+02   1.3768407599724881E+02   1.0827982418079313E+04   3.4614701835884563E+00   2.9009178825162165E+05
   1.3000000000000000E+03   1.4898317610857342E+02   1.5107864995950285E+02   1.0741330464791381E+04   3.4608435694645969E+00   3.1734425594483071E+05
   1.4000000000000000E+03   1.6233186858663632E+02   1.6484217314385162E+02   1.0659717726843175E+04   3.4605178199967059E+00   3.4540820073395857E+05
   1.5000000000000000E+03   1.7603122742940991E+02   1.7900844550473752E+02   1.0584067268556393E+04   3.4604045701841870E+00   3.7434404608712270E+05
   1.6000000000000000E+03   1.9011542585478202E+02   1.9360831284307639E+02   1.0537966721666251E+04   3.4604260806331468E+00   4.0420485527236172E+05
   1.7000000000000000E+03   2.0459395114263305E+02   2.0866823793136649E+02   1.0478461995951166E+04   3.4605189980820255E+00   4.3503469355355285E+05
   1.8000000000000000E+03   2.1947720916575369E+02   2.2420897763404818E+02   1.0399655226318489E+04   3.4606347060348392E+00   4.6686661577985436E+05
   1.9000000000000000E+03   2.3479605991725094E+02   2.4024453906356968E+02   1.0353067282431424E+04   3.4607378094747285E+00   4.9972071581257408E+05
   2.0000000000000000E+03   2.5054386352372393E+02   2.5678153380298846E+02   1.0313952915147333E+04   3.4608038708960915E+00   5.3360266628464928E+05
   2.1000000000000000E+03   2.6661964574294194E+02   2.7381896510155764E+02   1.0140613554767182E+04   3.4608170643245582E+00   5.6850299804202421E+05
   2.2000000000000000E+03   2.8308692765240767E+02   2.9134841580006952E+02   9.9833016075414907E+03   3.4607680770047877E+00   6.0439718113802071E+05
   2.3000000000000000E+03   2.9992575318242865E+02   3.0935456464875091E+02   9.8404131988535319E+03   3.4606523789459760E+00   6.4124643284967612E+05
   2.4000000000000000E+03   3.1713483099670424E+02   3.2781594211979825E+02   9.7332433118692952E+03   3.4604688668716226E+00   6.7899909981006337E+05
   2.5000000000000000E+03   3.3464164902516654E+02   3.4670583688354276E+02   9.6170761217718100E+03   3.4602188376586218E+00   7.1759243662259215E+05
   2.6000000000000000E+03   3.5243297530171867E+02   3.6599327420942149E+02   9.5121869693280205E+03   3.4599052305881117E+00   7.5695460239849845E+05
   2.7000000000000000E+03   3.7047362742197419E+02   3.8564400247698109E+02   9.4177587550165626E+03   3.4595320775822032E+00   7.9700672845524154E+05
   2.8000000000000000E+03   3.8872681166431556E+02   4.0562144012991234E+02   9.3329030280524403E+03   3.4591041102934836E+00   8.3766493316977751E+05
   2.9000000000000000E+03   4.0715488462047182E+02   4.2588755051703237E+02   9.2566748080365833E+03   3.4586264817806165E+00   8.7884220450451388E+05
   3.0000000000000000E+03   4.2572019766471618E+02   4.4640362496224668E+02   9.1881793439457342E+03   3.4581045709693918E+00   9.2045008974536008E+05
   3.1000000000000000E+03   4.4427479890393784E+02   4.6713096464221007E+02   9.0800232092606711E+03   3.4575438460858483E+00   9.6240016653926554E+05
   3.2000000000000000E+03   4.6290197331580521E+02   4.8803145946761231E+02   8.9898664963949068E+03   3.4569497694556399E+00   1.0046052863146416E+06
   3.3000000000000000E+03   4.8155799404170079E+02   5.0906806745183718E+02   8.9111284342289418E+03   3.4563277313180398E+00   1.0469805911450379E+06
   3.4000000000000000E+03   5.0019958312860859E+02   5.3020520142441239E+02   8.8386254237660287E+03   3.4556830038834558E+00   1.0894443201729741E+06
   3.5000000000000000E+03   5.1879623995438510E+02   5.5140903184422370E+02   8.7716787131862693E+03   3.4550207092785503E+00   1.1319184303674619E+06
   3.6000000000000000E+03   5.3731879862873234E+02   5.7264771526385539E+02   8.7094202627532959E+03   3.4543457974277554E+00   1.1743290456832240E+06
   3.7000000000000000E+03   5.5579450903735949E+02   5.9389155806460246E+02   8.6642318857796163E+03   3.4536630306296376E+00   1.2166067667451263E+06
   3.8000000000000000E+03   5.7410666898184172E+02   6.1511312463560057E+02   8.6118280988077968E+03   3.4529769732074049E+00   1.2586868612379930E+06
   3.9000000000000000E+03   5.9226658786724215E+02   6.3628729847046691E+02   8.5607820047494297E+03   3.4522919847292726E+00   1.3005093489442070E+06
   4.0000000000000000E+03   6.1025899429903700E+02   6.5739130380596100E+02   8.5117610428706575E+03   3.4516122158453735E+00   1.3420190170281124E+06
   4.1000000000000000E+03   6.2801493679889938E+02   6.7840469452393313E+02   8.4550571503117553E+03   3.4509416064021639E+00   1.3831653632191410E+06
   4.2000000000000000E+03   6.4556866236650637E+02   6.9930931620299498E+02   8.4005710316661498E+03   3.4502838850610784E+00   1.4239024969977131E+06
   4.3000000000000000E+03   6.6290759998752219E+02   7.2008924636679183E+02   8.3480043739854755E+03   3.4496425705803007E+00   1.4641889971269402E+06
   4.4000000000000000E+03   6.7980972686504276E+02   7.4073071730338177E+02   8.2657216008369323E+03   3.4490209740710962E+00   1.5039877436637641E+06
   4.5000000000000000E+03   6.9663673759966889E+02   7.6122202515362869E+02   8.2107744391318884E+03   3.4484222024088154E+00   1.5432657346493560E+06
   4.6000000000000000E+03   7.1327170389130254E+02   7.8155342844129962E+02   8.1641163760917289E+03   3.4478491625443035E+00   1.5819938799452099E+06
   4.7000000000000000E+03   7.2965031930515590E+02   8.0171703875177604E+02   8.1171045082870451E+03   3.4473045664720829E+00   1.6201467980301171E+06
   4.8000000000000000E+03   7.4578723020724067E+02   8.2170670583774881E+02   8.0719520663178946E+03   3.4467909369824361E+00   1.6577025978741625E+06
   4.9000000000000000E+03   7.6173772343485768E+02   8.4151789912891388E+02   8.0347771001449482E+03   3.4463106138054367E+00   1.6946426669783150E+06
   5.0000000000000000E+03   7.7738338728935150E+02   8.6114758728667755E+02   7.9919802061303089E+03   3.4458657603375937E+00   1.7309514583422462E+06
   5.1000000000000000E+03   7.9271855518328300E+02   8.8059411724382278E+02   7.9437704858548404E+03   3.4454583705803623E+00   1.7666162772992081E+06
   5.2000000000000000E+03   8.0778797392407978E+02   8.9985709391520629E+02   7.8950872864325402E+03   3.4450902764070506E+00   1.8016270781517425E+06
   5.3000000000000000E+03   8.2260509509007397E+02   9.1893726161229779E+02   7.8470411365242599E+03   3.4447631549356501E+00   1.8359762642124819E+06
   5.4000000000000000E+03   8.3717636068534148E+02   9.3783638801110794E+02   7.7998633130953885E+03   3.4444785360393730E+00   1.8696584918836891E+06
   5.5000000000000000E+03   8.5149791359942753E+02   9.5655715140987411E+02   7.7528300760538068E+03   3.4442378097724573E+00   1.9026704885362459E+06
   5.6000000000000000E+03   8.6542007932731008E+02   9.7510303184003510E+02   7.6937548072422660E+03   3.4440422339442636E+00   1.9350108676459587E+06
   5.7000000000000000E+03   8.7925393880392971E+02   9.9347820656841486E+02   7.6474084127395736E+03   3.4438929413332118E+00   1.9666799643429313E+06
   5.8000000000000000E+03   8.9284467338410229E+02   1.0116874503235481E+03   7.6006281106269762E+03   3.4437909469854624E+00   1.9976796682496995E+06
   5.9000000000000000E+03   9.0622069783618906E+02   1.0297360405882141E+03   7.5550785230171432E+03   3.4437371552063882E+00   2.0280132719279544E+06
   6.0000000000000000E+03   9.1936797487114211E+02   1.0476296681677636E+03   7.5093127315175871E+03   3.4437323663401997E+00   2.0576853239221631E+06
   6.1000000000000000E+03   9.3226300310248894E+02   1.0653743531711136E+03   7.4614906497727834E+03   3.4437772834330294E+00   2.0867014914136389E+06
   6.2000000000000000E+03   9.4513124494484555E+02   1.0829763665445989E+03   7.4253973566807217E+03   3.4438725183981456E+00   2.1150684320512032E+06
   6.3000000000000000E+03   9.5763739301471912E+02   1.1004421571213986E+03   7.3794776042765070E+03   3.4440185982129465E+00   2.1427936722707003E+06
   6.4000000000000000E+03   9.6988735927802645E+02   1.1177782842507443E+03   7.3305311233280236E+03   3.4442159705757018E+00   2.1698854952954701E+06
   6.5000000000000000E+03   9.8195604681586508E+02   1.1349913558969342E+03   7.2827090146648998E+03   3.4444650094139888E+00   2.1963528359018681E+06
   6.6000000000000000E+03   9.9382993327408815E+02   1.1520879721349006E+03   7.2348900612860116E+03   3.4447660200965204E+00   2.2222051841892134E+06
   6.7000000000000000E+03   1.0051480856761884E+03   1.1690746739228116E+03   7.1684110739749676E+03   3.4451192443165906E+00   2.2474524948723200E+06
   6.8000000000000000E+03   1.0166549064432215E+03   1.1859578969852535E+03   7.1216102618447740E+03   3.4455248647424677E+00   2.2721051058289791E+06
   6.9000000000000000E+03   1.0279802953660831E+03   1.2027439306472957E+03   7.0746815210560335E+03   3.4459830093393946E+00   2.2961736622880748E+06
   7.0000000000000000E+03   1.0388898832496268E+03   1.2194388813987077E+03   7.0167252663473664E+03   3.4464937555326989E+00   2.3196690479916381E+06
   7.1000000000000000E+03   1.0500120121246209E+03   1.2360486410294188E+03   6.9763999073288451E+03   3.4470571339153966E+00   2.3426023204684271E+06
   7.2000000000000000E+03   1.0609631451240102E+03   1.2525788590294978E+03   6.9354437520049378E+03   3.4476731320193506E+00   2.3649846601262586E+06
   7.3000000000000000E+03   1.0716776818302967E+03   1.2690349191390214E+03   6.8910389041227309E+03   3.4483416974826251E+00   2.3868273111758288E+06
   7.4000000000000000E+03   1.0822620946445984E+03   1.2854219196945662E+03   6.8476305242365788E+03   3.4490627413121699E+00   2.4081415420184536E+06
   7.5000000000000000E+03   1.0926442943427994E+03   1.3017446576215270E+03   6.8022066080555724E+03   3.4498361407439790E+00   2.4289386015626537E+06
   7.6000000000000000E+03   1.1028408383231783E+03   1.3180076157889368E+03   6.7554695991314074E+03   3.4506617419655248E+00   2.4492296840988407E+06
   7.7000000000000000E+03   1.1128932661449085E+03   1.3342149534972871E+03   6.7089622128755855E+03   3.4515393626581186E+00   2.4690258970817453E+06
   7.8000000000000000E+03   1.1227900864710939E+03   1.3503704998740707E+03   6.6621840941861565E+03   3.4524687943167978E+00   2.4883382327815890E+06
   7.9000000000000000E+03   1.1322787572423190E+03   1.3664777499298862E+03   6.6064918159318368E+03   3.4534498044431232E+00   2.5071775443769828E+06
   8.0000000000000000E+03   1.1421462735122270E+03   1.3825398630549728E+03   6.5686558263632905E+03   3.4544821385896474E+00   2.5255545267033530E+06
   8.1000000000000000E+03   1.1511605231658984E+03   1.3985596637478670E+03   6.5075677725133501E+03   3.4555655222137243E+00   2.5434796978514167E+06
   8.2000000000000000E+03   1.1607977181364054E+03   1.4145396443544660E+03   6.4711197548372447E+03   3.4566996624041795E+00   2.5609633854102246E+06
   8.3000000000000000E+03   1.1700378829542558E+03   1.4304819696117074E+03   6.4264008325520917E+03   3.4578842495020714E+00   2.5780157088110098E+06
   8.4000000000000000E+03   1.1791930295052630E+03   1.4463884828121354E+03   6.3832344292547668E+03   3.4591189585731406E+00   2.5946465792192025E+06
   8.5000000000000000E+03   1.1881991557131330E+03   1.4622607133792060E+03   6.3396594541239519E+03   3.4604034508590660E+00   2.6108656885133879E+06
   8.6000000000000000E+03   1.1974134252138667E+03   1.4780998857339634E+03   6.3056003617182250E+03   3.4617373749533051E+00   2.6266824987534899E+06
   8.7000000000000000E+03   1.2063268927098698E+03   1.4939069292192610E+03   6.2665688682599648E+03   3.4631203680299039E+00   2.6421062447163728E+06
   8.8000000000000000E+03   1.2152008823131243E+03   1.5096824889675252E+03   6.2298203050726725E+03   3.4645520569345805E+00   2.6571459297339018E+06
   8.9000000000000000E+03   1.2242271615129168E+03   1.5254269375491967E+03   6.2001011900694648E+03   3.4660320592228699E+00   2.6718103254148830E+06
   9.0000000000000000E+03   1.2326893783258436E+03   1.5411403872960657E+03   6.1589922894764750E+03   3.4675599840181546E+00   2.6861079745442811E+06
   9.1000000000000000E+03   1.2409672716102555E+03   1.5568227031166168E+03   6.1166148482984745E+03   3.4691354329438715E+00   2.7000471851986395E+06
   9.2000000000000000E+03   1.2490927631634993E+03   1.5724735157400717E+03   6.0738472315605768E+03   3.4707580008968004E+00   2.7136360457257722E+06
   9.3000000000000000E+03   1.2567898109823432E+03   1.5880922352612292E+03   6.0243994426565605E+03   3.4724272767568207E+00   2.7268824136045096E+06
   9.4000000000000000E+03   1.2634889189902210E+03   1.6036780648650631E+03   5.9561849316913576E+03   3.4741428441284183E+00   2.7397939307959615E+06
   9.5000000000000000E+03   1.2712239624891006E+03   1.6192300146892674E+03   5.9148511425043207E+03   3.4759042819127237E+00   2.7523780222603320E+06
   9.6000000000000000E+03   1.2788621285107304E+03   1.6347469156878601E+03   5.8744177764822371E+03   3.4777111649430981E+00   2.7646419104970153E+06
   9.7000000000000000E+03   1.2863994318629586E+03   1.6502274334679405E+03   5.8347670423747786E+03   3.4795630644935986E+00   2.7765926105627939E+06
   9.8000000000000000E+03   1.2938257674311672E+03   1.6656700820134570E+03   5.7956698210354671E+03   3.4814595487450921E+00   2.7882369321060888E+06
   9.9000000000000000E+03   1.3013211917511389E+03   1.6810732372099692E+03   5.7606437006122360E+03   3.4834001833148949E+00   2.7995815096559613E+06
   1.0000000000000000E+04   1.3087104870026508E+03   1.6964351501651413E+03   5.7260800833054109E+03   3.4853845316593262E+00   2.8106327791324286E+06
   1.0100000000000000E+04   1.3156614781809249E+03   1.7117539602555660E+03   5.6857649350878037E+03   3.4874121554444626E+00   2.8213970093028620E+06
   1.0200000000000000E+04   1.3228388421810600E+03   1.7270277078457450E+03   5.6522569707710882E+03   3.4894826149380824E+00   2.8318802885206202E+06
   1.0300000000000000E+04   1.3296670158435834E+03   1.7422543466713730E+03   5.6148552436913615E+03   3.4915954693168696E+00   2.8420885401300597E+06
   1.0400000000000000E+04   1.3364011947616400E+03   1.7574317558188779E+03   5.5782979085670331E+03   3.4937502770371753E+00   2.8520275425596600E+06
   1.0500000000000000E+04   1.3424250811678660E+03   1.7725577513312992E+03   5.5320745162219964E+03   3.4959465960574767E+00   2.8617029056071644E+06
   1.0600000000000000E+04   1.3478456125672890E+03   1.7876300973536145E+03   5.4787048360334156E+03   3.4981839841667517E+00   2.8711201094495011E+06
   1.0700000000000000E+04   1.3539425897558096E+03   1.8026465168649183E+03   5.4393994480571873E+03   3.5004619991751715E+00   2.8802844853131012E+06
   1.0800000000000000E+04   1.3600998560563010E+03   1.8176047019259584E+03   5.4034922597542427E+03   3.5027801991895111E+00   2.8892012322606142E+06
   1.0900000000000000E+04   1.3661669595293110E+03   1.8325023234718267E+03   5.3684629585512357E+03   3.5051381428250221E+00   2.8978754293901101E+06
   1.1000000000000000E+04   1.3721334781478938E+03   1.8473370406383526E+03   5.3341203622256789E+03   3.5075353893749122E+00   2.9063120422275541E+06
   1.1100000000000000E+04   1.3782194137935612E+03   1.8621065096045320E+03   5.3036986609183841E+03   3.5099714989904363E+00   2.9145159050138691E+06
   1.1200000000000000E+04   1.3840598831122750E+03   1.8768083919412222E+03   5.2716855698817390E+03   3.5124460329033509E+00   2.9224917585637998E+06
   1.1300000000000000E+04   1.3898369720176806E+03   1.8914403625169548E+03   5.2407814540009422E+03   3.5149585535106591E+00   2.9302442322140168E+06
   1.1400000000000000E+04   1.3953950514214648E+03   1.9060001168949309E+03   5.2087676189771946E+03   3.5175086245758811E+00   2.9377778511986486E+06
   1.1500000000000000E+04   1.4001964426288216E+03   1.9204853782787748E+03   5.1683912736437387E+03   3.5200958113561667E+00   2.9450970781832845E+06
   1.1600000000000000E+04   1.4055845057770557E+03   1.9348939040057001E+03   5.1381231863525063E+03   3.5227196806870498E+00   2.9522062520741317E+06
   1.1700000000000000E+04   1.4105674067089694E+03   1.9492234915661757E+03   5.1043907288703122E+03   3.5253798011307436E+00   2.9591096469869772E+06
   1.1800000000000000E+04   1.4136914669527112E+03   1.9634719841891238E+03   5.0488213070949323E+03   3.5280757430820837E+00   2.9658114583983212E+06
   1.1900000000000000E+04   1.4190968122684963E+03   1.9776372759918393E+03   5.0246292551034776E+03   3.5308070788744423E+00   2.9723158069934929E+06
   1.2000000000000000E+04   1.4237933260566979E+03   1.9917173167301794E+03   4.9932629533559848E+03   3.5335733828009279E+00   2.9786267297132425E+06
   1.2100000000000000E+04   1.4282910668644463E+03   2.0057101160842449E+03   4.9612804520279979E+03   3.5363742313262496E+00   2.9847482246467248E+06
   1.2200000000000000E+04   1.4330165028980537E+03   2.0196137476206429E+03   4.9337767196449240E+03   3.5392092030337388E+00   2.9906841916922089E+06
   1.2300000000000000E+04   1.4375298082358722E+03   2.0334263523200786E+03   4.9054001459343681E+03   3.5420778787524791E+00   2.9964384899986652E+06
   1.2400000000000000E+04   1.4419315644303183E+03   2.0471461417408163E+03   4.8773521812634999E+03   3.5449798416632321E+00   3.0020149246696755E+06
   1.2500000000000000E+04   1.4460862699118643E+03   2.0607714008594421E+03   4.8480971446566946E+03   3.5479146772878458E+00   3.0074172451318619E+06
   1.2600000000000000E+04   1.4501358847649080E+03   2.0743004905467301E+03   4.8192697074827774E+03   3.5508819735634018E+00   3.0126491474586227E+06
   1.2700000000000000E+04   1.4535840843401668E+03   2.0877318497231554E+03   4.7854679221251472E+03   3.5538813208951949E+00   3.0177142668836275E+06
   1.2800000000000000E+04   1.4573025761221097E+03   2.1010639971969317E+03   4.7562433464875694E+03   3.5569123122308679E+00   3.0226162082792171E+06
   1.2900000000000000E+04   1.4598192981348689E+03   2.1142955332231495E+03   4.7159686721752059E+03   3.5599745430710144E+00   3.0273585397238322E+06
   1.3000000000000000E+04   1.4632928659135589E+03   2.1274251407807305E+03   4.6873885656170050E+03   3.5630676114797719E+00   3.0319447594661498E+06
   1.3100000000000000E+04   1.4666396421146285E+03   2.1404515865547955E+03   4.6589722470364650E+03   3.5661911181907482E+00   3.0363783519478175E+06
   1.3200000000000000E+04   1.4698191926442323E+03   2.1533737217074445E+03   4.6303109562289928E+03   3.5693446665646560E+00   3.0406627497500852E+06
   1.3300000000000000E+04   1.4730834997778675E+03   2.1661904823793002E+03   4.6038772326201788E+03   3.5725278626528674E+00   3.0448013605227172E+06
   1.3400000000000000E+04   1.4764280248691848E+03   2.1789008899833652E+03   4.5795225654174656E+03   3.5757403151974101E+00   3.0487975367643028E+06
   1.3500000000000000E+04   1.4796123788611219E+03   2.1915040512601076E+03   4.5548735127658947E+03   3.5789816357263153E+00   3.0526546194360424E+06
   1.3600000000000000E+04   1.4825378856871432E+03   2.2039991581957556E+03   4.5290196113870725E+03   3.5822514384264927E+00   3.0563759017468542E+06
   1.3700000000000000E+04   1.4853406206322072E+03   2.2163854876744849E+03   4.5032631295833289E+03   3.5855493403026273E+00   3.0599646572641721E+06
   1.3800000000000000E+04   1.4879342030020787E+03   2.2286624010189848E+03   4.4768148725792080E+03   3.5888749611136279E+00   3.0634241128962487E+06
   1.3900000000000000E+04   1.4891407624547005E+03   2.2408293433426525E+03   4.4392191150946201E+03   3.5922279234043959E+00   3.0667574893984399E+06
   1.4000000000000000E+04   1.4916999233122242E+03   2.2528858427662981E+03   4.4149918607216769E+03   3.5956078524846489E+00   3.0699679503721669E+06
   1.4100000000000000E+04   1.4934844888273219E+03   2.2648315094697036E+03   4.3851737787013371E+03   3.5990143765030678E+00   3.0730586669873721E+06
   1.4200000000000000E+04   1.4955776189256444E+03   2.2766660346587187E+03   4.3592129887218298E+03   3.6024471263625517E+00   3.0760327417063741E+06
   1.4300000000000000E+04   1.4976152841249470E+03   2.2883891893709701E+03   4.3338893750698899E+03   3.6059057357943702E+00   3.0788932862288221E+06
   1.4400000000000000E+04   1.4998723674681532E+03   2.3000008232085265E+03   4.3114423129626075E+03   3.6093898413051977E+00   3.0816433553962680E+06
   1.4500000000000000E+04   1.5019708951591067E+03   2.3115008629378153E+03   4.2886701647304581E+03   3.6128990822512659E+00   3.0842860216604392E+06
   1.4600000000000000E+04   1.5038249621858922E+03   2.3228893110517888E+03   4.2648894866334913E+03   3.6164331007218418E+00   3.0868242687730687E+06
   1.4700000000000000E+04   1.5057085695799537E+03   2.3341662441889284E+03   4.2423098058188370E+03   3.6199915416557467E+00   3.0892611247569681E+06
   1.4800000000000000E+04   1.5074229625110640E+03   2.3453318115396810E+03   4.2193217454633213E+03   3.6235740527354277E+00   3.0915995344722089E+06
   1.4900000000000000E+04   1.5092800778505198E+03   2.3563862331433470E+03   4.1983484303393980E+03   3.6271802844505157E+00   3.0938424562644926E+06
   1.5000000000000000E+04   1.5095399296998080E+03   2.3673297981590931E+03   4.1660306194896002E+03   3.6308098900448624E+00   3.0959927967362995E+06
   1.5100000000000000E+04   1.5111719692209595E+03   2.3781628630704163E+03   4.1451566359107583E+03   3.6344625255271330E+00   3.0980534570304188E+06
   1.5200000000000000E+04   1.5124267948227332E+03   2.3888858498495088E+03   4.1222860878251722E+03   3.6381378496707999E+00   3.1000273062262610E+06
   1.5300000000000000E+04   1.5143680850890680E+03   2.3994992440905103E+03   4.1052956259560306E+03   3.6418355239929627E+00   3.1019171948419735E+06
   1.5400000000000000E+04   1.5154605088018634E+03   2.4100035931173511E+03   4.0828276865330477E+03   3.6455552127119772E+00   3.1037259408943336E+06
   1.5500000000000000E+04   1.5158393473586543E+03   2.4203995040476748E+03   4.0560451147796739E+03   3.6492965827792299E+00   3.1054563221216234E+06
   1.5600000000000000E+04   1.5173404748923695E+03   2.4306876418533948E+03   4.0380929335736660E+03   3.6530593038473596E+00   3.1071111330015296E+06
   1.5700000000000000E+04   1.5183153991936410E+03   2.4408687274037338E+03   4.0171212469826005E+03   3.6568430482490717E+00   3.1086930988993640E+06
   1.5800000000000000E+04   1.5192442203907644E+03   2.4509435354929851E+03   3.9965488226137577E+03   3.6606474909971367E+00   3.1102049623635742E+06
   1.5900000000000000E+04   1.5203406521137938E+03   2.4609128928756331E+03   3.9778187684120094E+03   3.6644723097314329E+00   3.1116493953293576E+06
   1.6000000000000000E+04   1.5211457042904037E+03   2.4707776762740214E+03   3.9577572779802003E+03   3.6683171847718978E+00   3.1130290721279290E+06
   1.6100000000000000E+04   1.5220745962050587E+03   2.4805388104218805E+03   3.9391821335019195E+03   3.6721817990337944E+00   3.1143466478112293E+06
   1.6200000000000000E+04   1.5226944290679787E+03   2.4901972660952847E+03   3.9191714579505510E+03   3.6760658380171134E+00   3.1156047273143358E+06
   1.6300000000000000E+04   1.5222806356355516E+03   2.4997540581428389E+03   3.8930236965433814E+03   3.6799689898383532E+00   3.1168058951485637E+06
   1.6400000000000000E+04   1.5227286114139245E+03   2.5092102435530992E+03   3.8732056486705601E+03   3.6838909451563673E+00   3.1179527311973264E+06
   1.6500000000000000E+04   1.5230867734464377E+03   2.5185669195167234E+03   3.8534128262612485E+03   3.6878313971829604E+00   3.1190477637993172E+06
   1.6600000000000000E+04   1.5233577208086783E+03   2.5278252215160619E+03   3.8336552106857976E+03   3.6917900416511040E+00   3.1200934923352231E+06
   1.6700000000000000E+04   1.5228060147436563E+03   2.5369863214296688E+03   3.8093206938907374E+03   3.6957665768043495E+00   3.1210924192608530E+06
   1.6800000000000000E+04   1.5224209034340411E+03   2.5460514256635824E+03   3.7866806699019862E+03   3.6997607033650399E+00   3.1220469858599147E+06
   1.6900000000000000E+04   1.5231590588982278E+03   2.5550217732994533E+03   3.7715332721771751E+03   3.7037721245343183E+00   3.1229596198744942E+06
   1.7000000000000000E+04   1.5233997475621445E+03   2.5638986342824301E+03   3.7538171180098316E+03   3.7078005459285683E+00   3.1238327192575717E+06
   1.7100000000000000E+04   1.5236002331048455E+03   2.5726833076131438E+03   3.7363493725427811E+03   3.7118456756217801E+00   3.1246686601953637E+06
   1.7200000000000000E+04   1.5238581725347640E+03   2.5813771195962640E+03   3.7196994257373376E+03   3.7159072240608109E+00   3.1254697717420268E+06
   1.7300000000000000E+04   1.5240251618698569E+03   2.5899814220939165E+03   3.7029632484328386E+03   3.7199849040971635E+00   3.1262383774190806E+06
   1.7400000000000000E+04   1.5227052180048920E+03   2.5984975908329579E+03   3.6779827971199584E+03   3.7240784309128321E+00   3.1269767701463406E+06
   1.7500000000000000E+04   1.5229909123013686E+03   2.6069270237265041E+03   3.6628783969086726E+03   3.7281875220308973E+00   3.1276871685200883E+06
   1.7600000000000000E+04   1.5228881182651132E+03   2.6152711392291490E+03   3.6459421901842802E+03   3.7323118973261202E+00   3.1283718284168844E+06
   1.7700000000000000E+04   1.5228493985863618E+03   2.6235313747516898E+03   3.6297888606590172E+03   3.7364512789084148E+00   3.1290329309151759E+06
   1.7800000000000000E+04   1.5227970897190498E+03   2.6317091850677257E+03   3.6139556100232867E+03   3.7406053912181894E+00   3.1296726335178865E+06
   1.7900000000000000E+04   1.5231193998082067E+03   2.6398060407938324E+03   3.6005980951962852E+03   3.7447739609310027E+00   3.1302930881308103E+06
   1.8000000000000000E+04   1.5229916670562520E+03   2.6478234268961078E+03   3.5850810396509710E+03   3.7489567169046083E+00   3.1308963786763763E+06
   1.8100000000000000E+04   1.5228684693012831E+03   2.6557628412085000E+03   3.5699510855630288E+03   3.7531533902530967E+00   3.1314845830491986E+06
   1.8200000000000000E+04   1.5226849209020827E+03   2.6636257930160978E+03   3.5548405084625260E+03   3.7573637142727487E+00   3.1320597555686254E+06
   1.8300000000000000E+04   1.5211277512197473E+03   2.6714138016681977E+03   3.5326531753773079E+03   3.7615874243996594E+00   3.1326238809799361E+06
   1.8400000000000000E+04   1.5204400199281699E+03   2.6791283952162580E+03   3.5155733996208746E+03   3.7658242582309298E+00   3.1331789471540535E+06
   1.8500000000000000E+04   1.5205914159736708E+03   2.6867711091020537E+03   3.5033032295623057E+03   3.7700739554716920E+00   3.1337268900992204E+06
   1.8600000000000000E+04   1.5202510761093399E+03   2.6943434848691059E+03   3.4887190750234681E+03   3.7743362579563087E+00   3.1342696589964125E+06
   1.8700000000000000E+04   1.5198975334723596E+03   2.7018470689309047E+03   3.4743705824076928E+03   3.7786109095530174E+00   3.1348090943935597E+06
   1.8800000000000000E+04   1.5198522416626934E+03   2.7092834113460990E+03   3.4619157215544810E+03   3.7828976562381054E+00   3.1353470685881851E+06
   1.8900000000000000E+04   1.5195690722448578E+03   2.7166540646624485E+03   3.4484965752617827E+03   3.7871962459793576E+00   3.1358854108567918E+06
   1.9000000000000000E+04   1.5191658375119848E+03   2.7239605827679243E+03   3.4347326599529474E+03   3.7915064287890492E+00   3.1364258876340659E+06
   1.9100000000000000E+04   1.5188830561427592E+03   2.7312045197985976E+03   3.4218484060101391E+03   3.7958279566497732E+00   3.1369702306351056E+06
   1.9200000000000000E+04   1.5186023521542013E+03   2.7383874290613812E+03   3.4092248459263246E+03   3.8001605835674162E+00   3.1375202248302936E+06
   1.9300000000000000E+04   1.5184095109581810E+03   2.7455108620184242E+03   3.3972823856202463E+03   3.8045040654546316E+00   3.1380775042423750E+06
   1.9400000000000000E+04   1.5172398598419925E+03   2.7525763672778539E+03   3.3807133170229454E+03   3.8088581601944016E+00   3.1386437463924726E+06
   1.9500000000000000E+04   1.5167685952497113E+03   2.7595854896384253E+03   3.3678755297650632E+03   3.8132226275764700E+00   3.1392205749400780E+06
   1.9600000000000000E+04   1.5161833960988870E+03   2.7665397691640792E+03   3.3547089078060185E+03   3.8175972292549822E+00   3.1398095790646132E+06
   1.9700000000000000E+04   1.5159414794155193E+03   2.7734407402737816E+03   3.3434404215970371E+03   3.8219817288332134E+00   3.1404123134069345E+06
   1.9800000000000000E+04   1.5150386908542177E+03   2.7802899308973633E+03   3.3291781772592958E+03   3.8263758917152817E+00   3.1410303183164396E+06
   1.9900000000000000E+04   1.5146369799621887E+03   2.7870888616361303E+03   3.3175540207629792E+03   3.8307794851485104E+00   3.1416650591857983E+06
   2.0000000000000000E+04   1.5142111065858362E+03   2.7938390449590265E+03   3.3060094930940395E+03   3.8351922782446173E+00   3.1423180278720492E+06
   2.0100000000000000E+04   1.5138378343081183E+03   2.8005419844465960E+03   3.2949038146549251E+03   3.8396140418737827E+00   3.1429906206253418E+06
   2.0200000000000000E+04   1.5134599417698500E+03   2.8071991740432513E+03   3.2839566061687092E+03   3.8440445487282102E+00   3.1436842504724036E+06
   2.0300000000000000E+04   1.5131114923112591E+03   2.8138120973587475E+03   3.2733216277411702E+03   3.8484835732373779E+00   3.1444002756645484E+06
   2.0400000000000000E+04   1.5126782689900920E+03   2.8203822269807438E+03   3.2624592736991240E+03   3.8529308916316003E+00   3.1451400410699523E+06
   2.0500000000000000E+04   1.5122741141999115E+03   2.8269110238415783E+03   3.2518974122423297E+03   3.8573862817937239E+00   3.1459048155670241E+06
   2.0600000000000000E+04   1.5116941336793570E+03   2.8333999365762788E+03   3.2406864319592205E+03   3.8618495234286145E+00   3.1466958863016898E+06
   2.0700000000000000E+04   1.5109187014252973E+03   2.8398504009532999E+03   3.2287461286192738E+03   3.8663203978407057E+00   3.1475144749804474E+06
   2.0800000000000000E+04   1.5105130082867954E+03   2.8462638392893923E+03   3.2186531009199775E+03   3.8707986880928913E+00   3.1483617692339956E+06
   2.0900000000000000E+04   1.5100704013022050E+03   2.8526416599217691E+03   3.2085371323967074E+03   3.8752841788900088E+00   3.1492389764312459E+06
   2.1000000000000000E+04   1.5095495799459723E+03   2.8589852566920995E+03   3.1982109763970811E+03   3.8797766565894198E+00   3.1501472063274086E+06
   2.1100000000000000E+04   1.5081436097738613E+03   2.8652960084583788E+03   3.1840770936673384E+03   3.8842759091904266E+00   3.1510875564161614E+06
   2.1200000000000000E+04   1.5085804548331168E+03   2.8715752786326475E+03   3.1782969856416162E+03   3.8887817263130882E+00   3.1520611016591960E+06
   2.1300000000000000E+04   1.5082009473375269E+03   2.8778244147409969E+03   3.1690005405732722E+03   3.8932938991982105E+00   3.1530689167620600E+06
   2.1400000000000000E+04   1.5079396759022877E+03   2.8840447480118869E+03   3.1603440687401003E+03   3.8978122206543806E+00   3.1541119561537211E+06
   2.1500000000000000E+04   1.5076707681628070E+03   2.8902375929800432E+03   3.1517657257234364E+03   3.9023364850897679E+00   3.1551912288277843E+06
   2.1600000000000000E+04   1.5074149369751046E+03   2.8964042471177672E+03   3.1433525036812671E+03   3.9068664884909010E+00   3.1563077006547265E+06
   2.1700000000000000E+04   1.5071317731843155E+03   2.9025459904919298E+03   3.1349252653019080E+03   3.9114020283485478E+00   3.1574622386432891E+06
   2.1800000000000000E+04   1.5068772930976475E+03   2.9086640854285201E+03   3.1267236127206465E+03   3.9159429037636300E+00   3.1586557662496464E+06
   2.1900000000000000E+04   1.5066442040507407E+03   2.9147597762172904E+03   3.1187112832515386E+03   3.9204889152989306E+00   3.1598891307155141E+06
   2.2000000000000000E+04   1.5049773967520007E+03   2.9208342888192287E+03   3.1046849501244806E+03   3.9250398650638236E+00   3.1611631474304684E+06
   2.2100000000000000E+04   1.5056787174782037E+03   2.9268888306058293E+03   3.1008463702594818E+03   3.9295955566295420E+00   3.1624786001488362E+06
   2.2200000000000000E+04   1.5054459162481096E+03   2.9329245901052627E+03   3.0931175559400826E+03   3.9341557951351054E+00   3.1638362866618666E+06
   2.2300000000000000E+04   1.5052437948427944E+03   2.9389427367848521E+03   3.0856026942108779E+03   3.9387203871072352E+00   3.1652369172593872E+06
   2.2400000000000000E+04   1.5053253706294265E+03   2.9449444208334130E+03   3.0793559943138930E+03   3.9432891405768800E+00   3.1666811940030814E+06
   2.2500000000000000E+04   1.5046674498006960E+03   2.9509307729711918E+03   3.0700975469468640E+03   3.9478618650368413E+00   3.1681698114121938E+06
   2.2600000000000000E+04   1.5045806331999668E+03   2.9569029042753596E+03   3.0633000213727973E+03   3.9524383714205920E+00   3.1697034110032879E+06
   2.2700000000000000E+04   1.5046180495156223E+03   2.9628619060232004E+03   3.0570850561999951E+03   3.9570184720493060E+00   3.1712825926937680E+06
   2.2800000000000000E+04   1.5046124738373560E+03   2.9688088495458228E+03   3.0507566482016568E+03   3.9616019807060101E+00   3.1729079497111808E+06
   2.2900000000000000E+04   1.5045794437943237E+03   2.9747447861031214E+03   3.0443785653906416E+03   3.9661887125932167E+00   3.1745800576234898E+06
   2.3000000000000000E+04   1.5044604193511052E+03   2.9806707467739325E+03   3.0377115498628100E+03   3.9707784842693594E+00   3.1762994397121547E+06
   2.3100000000000000E+04   1.5030383773904973E+03   2.9865877423560073E+03   3.0258217894282766E+03   3.9753711137229439E+00   3.1780666138100219E+06
   2.3200000000000000E+04   1.5041622036067533E+03   2.9924967632854855E+03   3.0243203696897212E+03   3.9799664202984095E+00   3.1798820458756564E+06
   2.3300000000000000E+04   1.5042244066149046E+03   2.9983987795673138E+03   3.0185664448771481E+03   3.9845642246961024E+00   3.1817461853339626E+06
   2.3400000000000000E+04   1.5031062373044276E+03   3.0042947407184542E+03   3.0081326583603263E+03   3.9891643490146800E+00   3.1836594537225971E+06
   2.3500000000000000E+04   1.5037419922974711E+03   3.0101855757265289E+03   3.0047872383806985E+03   3.9937666166875245E+00   3.1856222687533689E+06
   2.3600000000000000E+04   1.5038882140398414E+03   3.0160721930192158E+03   2.9995261732876502E+03   3.9983708524827652E+00   3.1876349734703777E+06
   2.3700000000000000E+04   1.5041519338476578E+03   3.0219554804456875E+03   2.9947750419361214E+03   4.0029768825244467E+00   3.1896979553878675E+06
   2.3800000000000000E+04   1.5045413269296239E+03   3.0278363052707482E+03   2.9905598831676762E+03   4.0075845342289815E+00   3.1918114800131246E+06
   2.3900000000000000E+04   1.5046699443289926E+03   3.0337155141789931E+03   2.9853528526801902E+03   4.0121936363475141E+00   3.1939758701180704E+06
   2.4000000000000000E+04   1.5049063810754537E+03   3.0395939332907842E+03   2.9806095054882694E+03   4.0168040189659378E+00   3.1961913987768725E+06
   2.4100000000000000E+04   1.5050080692362731E+03   3.0454723681885093E+03   2.9753759901331696E+03   4.0214155134201244E+00   3.1984583014026228E+06
   2.4200000000000000E+04   1.5055057465285265E+03   3.0513516039528304E+03   2.9717240903205447E+03   4.0260279523806908E+00   3.2007767880642354E+06
   2.4300000000000000E+04   1.5058948109341945E+03   3.0572324052091144E+03   2.9676779779040144E+03   4.0306411698106066E+00   3.2031470924253538E+06
   2.4400000000000000E+04   1.5062371161887966E+03   3.0631155161826068E+03   2.9634801803829955E+03   4.0352550009228523E+00   3.2055693508566287E+06
   2.4500000000000000E+04   1.5066302452397911E+03   3.0690016607631624E+03   2.9595080138150174E+03   4.0398692822015709E+00   3.2080437117695170E+06
   2.4600000000000000E+04   1.5070536598944020E+03   3.0748915425792406E+03   2.9556796682874287E+03   4.0444838514232702E+00   3.2105702997071999E+06
   2.4700000000000000E+04   1.5047192224856742E+03   3.0807858450798881E+03   2.9413208902445149E+03   4.0490985476356425E+00   3.2131492647956391E+06
   2.4800000000000000E+04   1.5068282444851254E+03   3.0866852316231175E+03   2.9440034931709779E+03   4.0537132110834095E+00   3.2157806236430621E+06
   2.4900000000000000E+04   1.5072982639773911E+03   3.0925903455758794E+03   2.9404398805673118E+03   4.0583276833036432E+00   3.2184644681349341E+06
   2.5000000000000000E+04   1.5077758362617358E+03   3.0985018104189107E+03   2.9369270598842081E+03   4.0629418070834138E+00   3.2212008679972100E+06
   2.5100000000000000E+04   1.5082684148969624E+03   3.1044202298572864E+03   2.9334922501574842E+03   4.0675554263962317E+00   3.2239897719681039E+06
   2.5200000000000000E+04   1.5090689965052557E+03   3.1103461879422466E+03   2.9312395291222424E+03   4.0721683864761831E+00   3.2268311933806483E+06
   2.5300000000000000E+04   1.5096210589708726E+03   3.1162802491957259E+03   2.9280648431622153E+03   4.0767805337649721E+00   3.2297250994411260E+06
   2.5400000000000000E+04   1.5101492046320031E+03   3.1222229587456804E+03   2.9248181144329224E+03   4.0813917159754922E+00   3.2326714861671343E+06
   2.5500000000000000E+04   1.5108512462962863E+03   3.1281748424594171E+03   2.9222394767347423E+03   4.0860017819646819E+00   3.2356702542152931E+06
   2.5600000000000000E+04   1.5113709583427342E+03   3.1341364070915388E+03   2.9189940843361087E+03   4.0906105818182956E+00   3.2387213086995715E+06
   2.5700000000000000E+04   1.5122346729725446E+03   3.1401081404332372E+03   2.9170451523199504E+03   4.0952179668297024E+00   3.2418245472424468E+06
   2.5800000000000000E+04   1.5130226344897858E+03   3.1460905114678326E+03   2.9148244363319673E+03   4.0998237894998946E+00   3.2449798478826135E+06
   2.5900000000000000E+04   1.5138540822301604E+03   3.1520839705301873E+03   2.9127750753412361E+03   4.1044279035162887E+00   3.2481870946270204E+06
   2.6000000000000000E+04   1.5140901901728801E+03   3.1580889494706180E+03   2.9085371695349668E+03   4.1090301637315543E+00   3.2514461022764421E+06
   2.6100000000000000E+04   1.5148941249662851E+03   3.1641058618281127E+03   2.9064099373774811E+03   4.1136304262165808E+00   3.2547566669275197E+06
   2.6200000000000000E+04   1.5144781708618411E+03   3.1701351030014966E+03   2.8998159697093852E+03   4.1182285482074823E+00   3.2581186423233896E+06
   2.6300000000000000E+04   1.5160413215501319E+03   3.1761770504262017E+03   2.9004951638895768E+03   4.1228243880844566E+00   3.2615317378225005E+06
   2.6400000000000000E+04   1.5168695952191110E+03   3.1822320637627840E+03   2.8984867580655127E+03   4.1274178054564841E+00   3.2649957973411158E+06
   2.6500000000000000E+04   1.5179677609071634E+03   3.1883004850747525E+03   2.8974690362005754E+03   4.1320086610448490E+00   3.2685105335774324E+06
   2.6600000000000000E+04   1.5189443607153735E+03   3.1943826390236463E+03   2.8960120813351132E+03   4.1365968167572547E+00   3.2720756932215546E+06
   2.6700000000000000E+04   1.5200263649384347E+03   3.2004788330607062E+03   2.8949418677194622E+03   4.1411821356666492E+00   3.2756909810696808E+06
   2.6800000000000000E+04   1.5209991358355016E+03   3.2065893576213421E+03   2.8934788413485721E+03   4.1457644819900477E+00   3.2793561113396469E+06
   2.6900000000000000E+04   1.5220096431609932E+03   3.2127144863242156E+03   2.8921561611901102E+03   4.1503437210885217E+00   3.2830707826038785E+06
   2.7000000000000000E+04   1.5230858743668998E+03   3.2188544761731314E+03   2.8910735692829880E+03   4.1549197194672045E+00   3.2868346524538840E+06
   2.7100000000000000E+04   1.5238384752351797E+03   3.2250095677636891E+03   2.8888297502489609E+03   4.1594923447964742E+00   3.2906473633729042E+06
   2.7200000000000000E+04   1.5236101930910661E+03   3.2311799854863816E+03   2.8830790890795797E+03   4.1640614658695858E+00   3.2945085945381206E+06
   2.7300000000000000E+04   1.5259309923696485E+03   3.2373659377345411E+03   2.8864649698839221E+03   4.1686269525920716E+00   3.2984179465522459E+06
   2.7400000000000000E+04   1.5271016339249227E+03   3.2435676171233372E+03   2.8857300152405328E+03   4.1731886760558963E+00   3.3023750574786351E+06
   2.7500000000000000E+04   1.5282738457380883E+03   3.2497852006922831E+03   2.8850008524148643E+03   4.1777465084335281E+00   3.3063795259787412E+06
   2.7600000000000000E+04   1.5280303713484705E+03   3.2560188501292282E+03   2.8792412413484826E+03   4.1823003230626830E+00   3.3104309374044002E+06
   2.7700000000000000E+04   1.5303686080304844E+03   3.2622687119766920E+03   2.8826568093584660E+03   4.1868499943509816E+00   3.3145288511112938E+06
   2.7800000000000000E+04   1.5316095145657891E+03   3.2685349178606930E+03   2.8821728149000901E+03   4.1913953978712906E+00   3.3186728655860848E+06
   2.7900000000000000E+04   1.5329382703582955E+03   3.2748175847033358E+03   2.8819982892567132E+03   4.1959364102981667E+00   3.3228625152390092E+06
   2.8000000000000000E+04   1.5342748861792891E+03   3.2811168149460927E+03   2.8818492646018940E+03   4.2004729094290401E+00   3.3270973743535061E+06
   2.8100000000000000E+04   1.5356104877862815E+03   3.2874326967638131E+03   2.8816943301503702E+03   4.2050047741206562E+00   3.3313769016698985E+06
   2.8200000000000000E+04   1.5368719431885843E+03   3.2937653043034388E+03   2.8812764597276187E+03   4.2095318844161920E+00   3.3357007004722743E+06
   2.8300000000000000E+04   1.5382545740719211E+03   3.3001146978891602E+03   2.8812823789844529E+03   4.2140541213969529E+00   3.3400682330762139E+06
   2.8400000000000000E+04   1.5393790749141119E+03   3.3064809242545543E+03   2.8803815401471684E+03   4.2185713672459340E+00   3.3444790030696066E+06
   2.8500000000000000E+04   1.5406072599144397E+03   3.3128640167764511E+03   2.8798436431931168E+03   4.2230835053113731E+00   3.3489325036907578E+06
   2.8600000000000000E+04   1.5421006927955368E+03   3.3192639956804192E+03   2.8802301392342119E+03   4.2275904199584540E+00   3.3534282181004249E+06
   2.8700000000000000E+04   1.5436490779106405E+03   3.3256808682808364E+03   2.8808039415954022E+03   4.2320919966752308E+00   3.3579656197143062E+06
   2.8800000000000000E+04   1.5452325265099771E+03   3.3321146292012149E+03   2.8814950350370964E+03   4.2365881220302626E+00   3.3625441202046606E+06
   2.8900000000000000E+04   1.5467205673519718E+03   3.3385652606035624E+03   2.8818499580182524E+03   4.2410786836937966E+00   3.3671632528164228E+06
   2.9000000000000000E+04   1.5477755381929887E+03   3.3450327324116984E+03   2.8807005777113300E+03   4.2455635704165715E+00   3.3718223850303143E+06
   2.9100000000000000E+04   1.5493537809268178E+03   3.3515170025342209E+03   2.8813625078229043E+03   4.2500426720086590E+00   3.3765210328184217E+06
   2.9200000000000000E+04   1.5510044738559666E+03   3.3580180170970652E+03   2.8822700235355005E+03   4.2545158793817981E+00   3.3812585467804638E+06
   2.9300000000000000E+04   1.5511986905393858E+03   3.3645357106595256E+03   2.8781541052430925E+03   4.2589830844858678E+00   3.3860343743051174E+06
   2.9400000000000000E+04   1.5537375929849090E+03   3.3710700064514949E+03   2.8821134531004564E+03   4.2634441803830319E+00   3.3908479420772404E+06
   2.9500000000000000E+04   1.5552672439435846E+03   3.3776208165868434E+03   2.8825926523578310E+03   4.2678990611735719E+00   3.3956986431398070E+06
   2.9600000000000000E+04   1.5565118162397216E+03   3.3841880422984568E+03   2.8820907122996296E+03   4.2723476220594598E+00   3.4005858634474324E+06
   2.9700000000000000E+04   1.5586053127745517E+03   3.3907715741482552E+03   2.8844950926614924E+03   4.2767897592596178E+00   3.4055090346648400E+06
   2.9800000000000000E+04   1.5603582023151496E+03   3.3973712922629775E+03   2.8857258509481330E+03   4.2812253700840515E+00   3.4104674899546737E+06
   2.9900000000000000E+04   1.5620629813675271E+03   3.4039870665479280E+03   2.8867868271495995E+03   4.2856543528809050E+00   3.4154606613572263E+06
   3.0000000000000000E+04   1.5636394535864297E+03   3.4106187569124668E+03   2.8874054191330788E+03   4.2900766070576282E+00   3.4204878697319878E+06
   3.0100000000000000E+04   1.5654697369156638E+03   3.4172662134949896E+03   2.8888848790190596E+03   4.2944920331021796E+00   3.4255485354465027E+06
   3.0200000000000000E+04   1.5658723004866465E+03   3.4239292768677196E+03   2.8855067856502833E+03   4.2989005324982683E+00   3.4306419681365266E+06
   3.0300000000000000E+04   1.5684369541675283E+03   3.4306077782710358E+03   2.8894728373189105E+03   4.3033020078101094E+00   3.4357675775296488E+06
   3.0400000000000000E+04   1.5701613899432089E+03   3.4373015398238854E+03   2.8905801012145334E+03   4.3076963626400424E+00   3.4409247157805944E+06
   3.0500000000000000E+04   1.5703442434010904E+03   3.4440103747406215E+03   2.8864704205978519E+03   4.3120835016285399E+00   3.4461127039988493E+06
   3.0600000000000000E+04   1.5734853160800094E+03   3.4507340875425371E+03   2.8923600851339356E+03   4.3164633304330087E+00   3.4513308851800724E+06
   3.0700000000000000E+04   1.5751973592379857E+03   3.4574724742804651E+03   2.8934141813810793E+03   4.3208357557701840E+00   3.4565786245031017E+06
   3.0800000000000000E+04   1.5769890983660441E+03   3.4642253227397518E+03   2.8947333130261040E+03   4.3252006853737290E+00   3.4618552304844852E+06
   3.0900000000000000E+04   1.5785820896554046E+03   3.4709924126561750E+03   2.8953797119751853E+03   4.3295580280154455E+00   3.4671600870034550E+06
   3.1000000000000000E+04   1.5804970002682699E+03   3.4777735159221111E+03   2.8971057008171961E+03   4.3339076934840737E+00   3.4724924690521578E+06
   3.1100000000000000E+04   1.5825567259434381E+03   3.4845683967997675E+03   2.8993129946898002E+03   4.3382495926064824E+00   3.4778517801665296E+06
   3.1200000000000000E+04   1.5845944086542981E+03   3.4913768121154412E+03   2.9014407542995441E+03   4.3425836371841093E+00   3.4832372890870604E+06
   3.1300000000000000E+04   1.5864413768637198E+03   3.4981985114829090E+03   2.9029246249969015E+03   4.3469097400777095E+00   3.4886483408561531E+06
   3.1400000000000000E+04   1.5883647759288342E+03   3.5050332374899831E+03   2.9046605839980721E+03   4.3512278151226038E+00   3.4940842252339968E+06
   3.1500000000000000E+04   1.5887408918911574E+03   3.5118807259192017E+03   2.9012287187801412E+03   4.3555377772134358E+00   3.4995442823921931E+06
   3.1600000000000000E+04   1.5916077012932287E+03   3.5187407059260677E+03   2.9061070475895417E+03   4.3598395421982241E+00   3.5050278503409969E+06
   3.1700000000000000E+04   1.5936058603248628E+03   3.5256129002565717E+03   2.9080832848747814E+03   4.3641330269631231E+00   3.5105342388514681E+06
   3.1800000000000000E+04   1.5956022734439211E+03   3.5324970254356303E+03   2.9100498511460200E+03   4.3684181493900347E+00   3.5160627559933919E+06
   3.1900000000000000E+04   1.5961430508211304E+03   3.5393927919579555E+03   2.9071802195147256E+03   4.3726948283354368E+00   3.5216127346787243E+06
   3.2000000000000000E+04   1.5992159281135405E+03   3.5462999044866356E+03   2.9127142752654627E+03   4.3769629836515600E+00   3.5271834538630992E+06
   3.2100000000000000E+04   1.6011598486517705E+03   3.5532180620452646E+03   2.9144981719376083E+03   4.3812225361863986E+00   3.5327742440833421E+06
   3.2200000000000000E+04   1.6030828749559591E+03   3.5601469582082555E+03   2.9162103938598793E+03   4.3854734077836950E+00   3.5383844086646866E+06
   3.2300000000000000E+04   1.6049277122626090E+03   3.5670862812892910E+03   2.9176620662787577E+03   4.3897155212829482E+00   3.5440133028180008E+06
   3.2400000000000000E+04   1.6070975972262852E+03   3.5740357145075932E+03   2.9201855201856411E+03   4.3939488004346643E+00   3.5496601497461637E+06
   3.2500000000000000E+04   1.6093283272120800E+03   3.5809949362074358E+03   2.9229062175872227E+03   4.3981731700486790E+00   3.5553243826657385E+06
   3.2600000000000000E+04   1.6113045082254985E+03   3.5879636200054183E+03   2.9247845123168086E+03   4.4023885558458247E+00   3.5610051980768670E+06
   3.2700000000000000E+04   1.6133888672090852E+03   3.5949414349911144E+03   2.9270172206308698E+03   4.4065948845426970E+00   3.5667019764620652E+06
   3.2800000000000000E+04   1.6140794021479999E+03   3.6019280459005827E+03   2.9246682765204232E+03   4.4107920838304535E+00   3.5724140459007444E+06
   3.2900000000000000E+04   1.6159580823578842E+03   3.6089231132769933E+03   2.9262271956766922E+03   4.4149800823112706E+00   3.5781406561512197E+06
   3.3000000000000000E+04   1.6190643978230989E+03   3.6159262936712125E+03   2.9318089244969970E+03   4.4191588096042693E+00   3.5838811887007817E+06
   3.3100000000000000E+04   1.6211361197581898E+03   3.6229372397877655E+03   2.9339949709640532E+03   4.4233281962395727E+00   3.5896348946184451E+06
   3.3200000000000000E+04   1.6215181419838887E+03   3.6299556006709367E+03   2.9306557869776825E+03   4.4274881737218736E+00   3.5954011568729412E+06
   3.3300000000000000E+04   1.6249136125509542E+03   3.6369810218676457E+03   2.9371679813795158E+03   4.4316386745092577E+00   3.6011792546861707E+06
   3.3400000000000000E+04   1.6269379740789996E+03   3.6440131455769156E+03   2.9391980271015268E+03   4.4357796319496288E+00   3.6069685208107526E+06
   3.3500000000000000E+04   1.6289570421452388E+03   3.6510516108411184E+03   2.9412107251497391E+03   4.4399109803866423E+00   3.6127682893120865E+06
   3.3600000000000000E+04   1.6310855033938296E+03   3.6580960536857988E+03   2.9435798655954936E+03   4.4440326550749791E+00   3.6185778696079156E+06
   3.3700000000000000E+04   1.6329314898609850E+03   3.6651461072790153E+03   2.9450297435225075E+03   4.4481445921803138E+00   3.6243965727564171E+06
   3.3800000000000000E+04   1.6350376127224968E+03   3.6722014021000127E+03   2.9473267909206625E+03   4.4522467288217138E+00   3.6302237637746376E+06
   3.3900000000000000E+04   1.6372687534416018E+03   3.6792615660890169E+03   2.9500299710096465E+03   4.4563390030504442E+00   3.6360587573864302E+06
   3.4000000000000000E+04   1.6393556344996293E+03   3.6863262247830080E+03   2.9522650183094042E+03   4.4604213537864048E+00   3.6419008963998831E+06
   3.4100000000000000E+04   1.6414785598088508E+03   3.6933950014953889E+03   2.9546177342761498E+03   4.4644937209240680E+00   3.6477495257958975E+06
   3.4200000000000000E+04   1.6421469750657598E+03   3.7004675174299832E+03   2.9522668675778409E+03   4.4685560452053537E+00   3.6536039668032927E+06
   3.4300000000000000E+04   1.6451394852730921E+03   3.7075433918566555E+03   2.9574352569039702E+03   4.4726082683255663E+00   3.6594635691182115E+06
   3.4400000000000000E+04   1.6472304663072468E+03   3.7146222422322376E+03   2.9596900788143043E+03   4.4766503328486573E+00   3.6653276590096694E+06
   3.4500000000000000E+04   1.6490008944781471E+03   3.7217036843544333E+03   2.9609130331943938E+03   4.4806821822495806E+00   3.6711955913887927E+06
   3.4600000000000000E+04   1.6510898790109713E+03   3.7287873325019536E+03   2.9631662758858047E+03   4.4847037609142992E+00   3.6770667498007016E+06
   3.4700000000000000E+04   1.6531267690830596E+03   3.7358727995602840E+03   2.9652541598781900E+03   4.4887150140974157E+00   3.6829404688553228E+06
   3.4800000000000000E+04   1.6552857151290880E+03   3.7429596971571104E+03   2.9677371909331478E+03   4.4927158879221762E+00   3.6888161378702992E+06
   3.4900000000000000E+04   1.6570596280263574E+03   3.7500476358017977E+03   2.9689862136704432E+03   4.4967063294016478E+00   3.6946930459769280E+06
   3.5000000000000000E+04   1.6593025610070122E+03   3.7571362250229417E+03   2.9717445511377991E+03   4.5006862864599082E+00   3.7005706404427681E+06
   3.5100000000000000E+04   1.6614832881979694E+03   3.7642250734601866E+03   2.9743057832419308E+03   4.5046557078049299E+00   3.7064482427666192E+06
   3.5200000000000000E+04   1.6636311081845540E+03   3.7713137890470457E+03   2.9767644793743771E+03   4.5086145431192506E+00   3.7123252552453042E+06
   3.5300000000000000E+04   1.6656321673566026E+03   3.7784019790731709E+03   2.9787570054472153E+03   4.5125627428481216E+00   3.7182010321443505E+06
   3.5400000000000000E+04   1.6672640933735818E+03   3.7854892503506826E+03   2.9795748021274212E+03   4.5165002583477989E+00   3.7240749571160292E+06
   3.5500000000000000E+04   1.6693544966326717E+03   3.7925752093221995E+03   2.9818626210931266E+03   4.5204270418431793E+00   3.7299464687372893E+06
   3.5600000000000000E+04   1.6699549797085808E+03   3.7996594621468994E+03   2.9794087829238611E+03   4.5243430463218637E+00   3.7358148811213281E+06
   3.5700000000000000E+04   1.6731602648344838E+03   3.8067416148743614E+03   2.9852570694717551E+03   4.5282482257248455E+00   3.7416796660078601E+06
   3.5800000000000000E+04   1.6751790803431134E+03   3.8138212734875515E+03   2.9873316976508340E+03   4.5321425347134427E+00   3.7475401454834905E+06
   3.5900000000000000E+04   1.6769566884374262E+03   3.8208980440859432E+03   2.9886454281904621E+03   4.5360259289023555E+00   3.7533957990637585E+06
   3.6000000000000000E+04   1.6790390906544446E+03   3.8279715329235196E+03   2.9909334119896089E+03   4.5398983646266293E+00   3.7592459826116464E+06
   3.6100000000000000E+04   1.6813086130470053E+03   3.8350413465686001E+03   2.9938199605826444E+03   4.5437597991111218E+00   3.7650901073165573E+06
   3.6200000000000000E+04   1.6834155579053845E+03   3.8421070919764761E+03   2.9961959602324587E+03   4.5476101903645914E+00   3.7709276393835032E+06
   3.6300000000000000E+04   1.6855233297275227E+03   3.8491683766126603E+03   2.9985801544343976E+03   4.5514494972432482E+00   3.7767579730214640E+06
   3.6400000000000000E+04   1.6859528617125980E+03   3.8562248085274487E+03   2.9956675525781989E+03   4.5552776793660055E+00   3.7825805322518460E+06
   3.6500000000000000E+04   1.6890882019623812E+03   3.8632759964819488E+03   3.0013110748899439E+03   4.5590946971992272E+00   3.7883947708512894E+06
   3.6600000000000000E+04   1.6911076224122719E+03   3.8703215500183360E+03   3.0034363269752603E+03   4.5629005119719892E+00   3.7942001217310531E+06
   3.6700000000000000E+04   1.6931071153270757E+03   3.8773610795752666E+03   3.0055056508874054E+03   4.5666950857396333E+00   3.7999960223792866E+06
   3.6800000000000000E+04   1.6934051450731454E+03   3.8843941965536969E+03   3.0022300264309133E+03   4.5704783812990177E+00   3.8057819400821025E+06
   3.6900000000000000E+04   1.6966979915197821E+03   3.8914205134422405E+03   3.0083827469601201E+03   4.5742503622944479E+00   3.8115573215641971E+06
   3.7000000000000000E+04   1.6986764752150355E+03   3.8984396438580516E+03   3.0104093965499155E+03   4.5780109930693911E+00   3.8173215931729185E+06
   3.7100000000000000E+04   1.7005774002722430E+03   3.9054512026822968E+03   3.0122005376851948E+03   4.5817602388147574E+00   3.8230742614233624E+06
   3.7200000000000000E+04   1.7025514335811449E+03   3.9124548061036890E+03   3.0142293196058390E+03   4.5854980654417918E+00   3.8288147623034413E+06
   3.7300000000000000E+04   1.7043992321148121E+03   3.9194500717154469E+03   3.0158710459885365E+03   4.5892244396244459E+00   3.8345426117901248E+06
   3.7400000000000000E+04   1.7063549756372597E+03   3.9264366186107491E+03   3.0178595827301260E+03   4.5929393288417488E+00   3.8402572806382249E+06
   3.7500000000000000E+04   1.7082771068387226E+03   3.9334140674267628E+03   3.0197517375859807E+03   4.5966427012718842E+00   3.8459582445840323E+06
   3.7600000000000000E+04   1.7102841022622629E+03   3.9403820404431663E+03   3.0219178472972558E+03   4.6003345258557395E+00   3.8516449844007324E+06
   3.7700000000000000E+04   1.7122396138744170E+03   3.9473401616505989E+03   3.0239320557369447E+03   4.6040147722757174E+00   3.8573170355671765E+06
   3.7800000000000000E+04   1.7141927828731145E+03   3.9542880568243127E+03   3.0259481046328301E+03   4.6076834109557430E+00   3.8629738640335086E+06
   3.7900000000000000E+04   1.7161038967474014E+03   3.9612253535960376E+03   3.0278425447604059E+03   4.6113404130612707E+00   3.8686150152613302E+06
   3.8000000000000000E+04   1.7148887148889858E+03   3.9681516815021469E+03   3.0200374472066906E+03   4.6149857504357072E+00   3.8742399654866480E+06
   3.8100000000000000E+04   1.7177699936512711E+03   3.9750666720953432E+03   3.0249680147472809E+03   4.6186193957275368E+00   3.8798482702937820E+06
   3.8200000000000000E+04   1.7209647186936941E+03   3.9819699589455427E+03   3.0308774558523955E+03   4.6222413221996543E+00   3.8854394409261583E+06
   3.8300000000000000E+04   1.7228253721417507E+03   3.9888611777626684E+03   3.0326578361888332E+03   4.6258515038988444E+00   3.8910130185013916E+06
   3.8400000000000000E+04   1.7247294840715374E+03   3.9957399664229779E+03   3.0345833206534053E+03   4.6294499155498565E+00   3.8965685492516523E+06
   3.8500000000000000E+04   1.7266391314758534E+03   4.0026059650299221E+03   3.0365363788308273E+03   4.6330365325553906E+00   3.9021055356226494E+06
   3.8600000000000000E+04   1.7285240674687193E+03   4.0094588159956943E+03   3.0384236398909998E+03   4.6366113310596742E+00   3.9076235588699626E+06
   3.8700000000000000E+04   1.7303095128435143E+03   4.0162981640692278E+03   3.0400146194858580E+03   4.6401742878637160E+00   3.9131221808784418E+06
   3.8800000000000000E+04   1.7320286570644782E+03   4.0231236564069227E+03   3.0414127156712025E+03   4.6437253804676670E+00   3.9186009930757019E+06
   3.8900000000000000E+04   1.7335565959939465E+03   4.0299349425968553E+03   3.0422340079543133E+03   4.6472645869860756E+00   3.9240594705238636E+06
   3.9000000000000000E+04   1.7353027710631206E+03   4.0367316747715008E+03   3.0437401954854708E+03   4.6507918863173927E+00   3.9294972881616121E+06
   3.9100000000000000E+04   1.7371299112867541E+03   4.0435135075834887E+03   3.0455073787350989E+03   4.6543072579320910E+00   3.9349139561217409E+06
   3.9200000000000000E+04   1.7389786698194723E+03   4.0502800982924641E+03   3.0473527212667559E+03   4.6578106819786109E+00   3.9403090869180863E+06
   3.9300000000000000E+04   1.7391840649615087E+03   4.0570311068206065E+03   3.0441714766372756E+03   4.6613021393045422E+00   3.9456822500170916E+06
   3.9400000000000000E+04   1.7422845158072460E+03   4.0637661957760688E+03   3.0498784374885304E+03   4.6647816113930514E+00   3.9510331164798667E+06
   3.9500000000000000E+04   1.7424693377022354E+03   4.0704850304821707E+03   3.0466699074187018E+03   4.6682490803205390E+00   3.9563611941956249E+06
   3.9600000000000000E+04   1.7439854522563264E+03   4.0771872790510647E+03   3.0475526030929846E+03   4.6717045288413521E+00   3.9616661407482149E+06
   3.9700000000000000E+04   1.7469866162654907E+03   4.0838726124178247E+03   3.0529819632510871E+03   4.6751479403666218E+00   3.9669475708917798E+06
   3.9800000000000000E+04   1.7486685066463062E+03   4.0905407043574050E+03   3.0543937076736288E+03   4.6785792989006909E+00   3.9722051046759635E+06
   3.9900000000000000E+04   1.7504489289618480E+03   4.0971912315308564E+03   3.0561191124964448E+03   4.6819985890623039E+00   3.9774383674665340E+06
   4.0000000000000000E+04   1.7520945299278435E+03   4.1038238735381137E+03   3.0574468019245851E+03   4.6854057961269922E+00   3.9826469899709411E+06
   4.0100000000000000E+04   1.7537070788881492E+03   4.1104383129304579E+03   3.0586876698515362E+03   4.6888009059634870E+00   3.9878306082052449E+06
   4.0200000000000000E+04   1.7553115660392646E+03   4.1170342352369098E+03   3.0599180442071574E+03   4.6921839050125564E+00   3.9929888634800361E+06
   4.0300000000000000E+04   1.7569071907117589E+03   4.1236113290285502E+03   3.0611356436057363E+03   4.6955547803717517E+00   3.9981214260411309E+06
   4.0400000000000000E+04   1.7581647757510707E+03   4.1301692859108816E+03   3.0613424743818173E+03   4.6989135196894543E+00   4.0032279241593024E+06
   4.0500000000000000E+04   1.7593822995208075E+03   4.1367078005855528E+03   3.0614446693901245E+03   4.7022601112496432E+00   4.0083080620545032E+06
   4.0600000000000000E+04   1.7610777492939014E+03   4.1432265708318300E+03   3.0630093544972219E+03   4.7055945438447653E+00   4.0133614317227509E+06
   4.0700000000000000E+04   1.7627563543220363E+03   4.1497252975975962E+03   3.0645369968630548E+03   4.7089168069452336E+00   4.0183878180133095E+06
   4.0800000000000000E+04   1.7642806061384235E+03   4.1562036849622173E+03   3.0656126116504056E+03   4.7122268905299238E+00   4.0233868235273068E+06
   4.0900000000000000E+04   1.7659093682165167E+03   4.1626614401773413E+03   3.0670184538148487E+03   4.7155247851285669E+00   4.0283581265305961E+06
   4.1000000000000000E+04   1.7674883177888330E+03   4.1690982737227450E+03   3.0682886187707486E+03   4.7188104819064689E+00   4.0333014801708343E+06
   4.1100000000000000E+04   1.7689899158491603E+03   4.1755138992648563E+03   3.0693406889731482E+03   4.7220839724950485E+00   4.0382165033291420E+06
   4.1200000000000000E+04   1.7708826235017409E+03   4.1819080337503665E+03   3.0715844961945804E+03   4.7253452491824905E+00   4.0431029824269507E+06
   4.1300000000000000E+04   1.7704678343610160E+03   4.1882803973459932E+03   3.0669109087725137E+03   4.7285943047018932E+00   4.0479605700124302E+06
   4.1400000000000000E+04   1.7734789619297278E+03   4.1946307135138377E+03   3.0725415367350811E+03   4.7318311323795745E+00   4.0527889932383951E+06
   4.1500000000000000E+04   1.7748959086096459E+03   4.2009587090051155E+03   3.0734012423898516E+03   4.7350557260715069E+00   4.0575879613280278E+06
   4.1600000000000000E+04   1.7763722678068252E+03   4.2072641138850468E+03   3.0744548784848589E+03   4.7382680801845058E+00   4.0623572572738179E+06
   4.1700000000000000E+04   1.7779414049385982E+03   4.2135466615159276E+03   3.0758018159631597E+03   4.7414681895914876E+00   4.0670965545231984E+06
   4.1800000000000000E+04   1.7794368797796676E+03   4.2198060886042085E+03   3.0769436659127236E+03   4.7446560497162160E+00   4.0718055776530923E+06
   4.1900000000000000E+04   1.7811550328019155E+03   4.2260421352141157E+03   3.0787663817044859E+03   4.7478316565332923E+00   4.0764841244421047E+06
   4.2000000000000000E+04   1.7824780717405197E+03   4.2322545447391785E+03   3.0794241855003206E+03   4.7509950064622286E+00   4.0811319065525564E+06
   4.2100000000000000E+04   1.7843091792000375E+03   4.2384430639545717E+03   3.0816138074257119E+03   4.7541460964733870E+00   4.0857486861544461E+06
   4.2200000000000000E+04   1.7857055678885195E+03   4.2446074429947239E+03   3.0825220075645971E+03   4.7572849240032236E+00   4.0903342527399617E+06
   4.2300000000000000E+04   1.7868717077380561E+03   4.2507474353791640E+03   3.0827611327179361E+03   4.7604114869966727E+00   4.0948883106170939E+06
   4.2400000000000000E+04   1.7882457153129910E+03   4.2568627980127594E+03   3.0836360618944123E+03   4.7635257838859397E+00   4.0994106815465484E+06
   4.2500000000000000E+04   1.7895060488839326E+03   4.2629532911849246E+03   3.0841897778213352E+03   4.7666278135693432E+00   4.1039011022622702E+06
   4.2600000000000000E+04   1.7908353316335692E+03   4.2690186785927790E+03   3.0849652389151643E+03   4.7697175754536651E+00   4.1083593815699262E+06
   4.2700000000000000E+04   1.7921307504252823E+03   4.2750587273219307E+03   3.0856570453902100E+03   4.7727950693906038E+00   4.1127852883212781E+06
   4.2800000000000000E+04   1.7916797166754768E+03   4.2810732078594929E+03   3.0811971105767147E+03   4.7758602956979495E+00   4.1171786406193948E+06
   4.2900000000000000E+04   1.7938659016970398E+03   4.2870618941063485E+03   3.0845606096416209E+03   4.7789132551807798E+00   4.1215392168399696E+06
   4.3000000000000000E+04   1.7946321128538398E+03   4.2930245633551358E+03   3.0837428047469452E+03   4.7819539490679084E+00   4.1258668222738076E+06
   4.3100000000000000E+04   1.7957783660237790E+03   4.2989609963091170E+03   3.0840662843173936E+03   4.7849823790542345E+00   4.1301612668348798E+06
   4.3200000000000000E+04   1.7969591793311956E+03   4.3048709770836058E+03   3.0845093615491382E+03   4.7879985473007594E+00   4.1344223650551969E+06
   4.3300000000000000E+04   1.7983038587526448E+03   4.3107542931644930E+03   3.0854523430019235E+03   4.7910024563286537E+00   4.1386499141502283E+06
   4.3400000000000000E+04   1.8038273342389114E+03   4.3166107354836768E+03   3.0987232851336903E+03   4.7939941092099332E+00   4.1428437597693442E+06
   4.3500000000000000E+04   1.8024386671980328E+03   4.3224400983339583E+03   3.0916383910038189E+03   4.7969735093555856E+00   4.1470037083109911E+06
   4.3600000000000000E+04   1.8034400631446283E+03   4.3282421794262455E+03   3.0916186654919061E+03   4.7999406606638946E+00   4.1511296359548247E+06
   4.3700000000000000E+04   1.8045640025393866E+03   4.3340167798364100E+03   3.0919773389294096E+03   4.8028955673933069E+00   4.1552213147887057E+06
   4.3800000000000000E+04   1.8053941586162377E+03   4.3397637040443469E+03   3.0914923418293110E+03   4.8058382342683643E+00   4.1592786298075304E+06
   4.3900000000000000E+04   1.8064050927210130E+03   4.3454827599047330E+03   3.0915565479845923E+03   4.8087686664161531E+00   4.1633014484246369E+06
   4.4000000000000000E+04   1.8076152595612521E+03   4.3511737586253794E+03   3.0922222099423507E+03   4.8116868693239221E+00   4.1672895993147176E+06
   4.4100000000000000E+04   1.8087266542325942E+03   4.3568365147959548E+03   3.0926163955517309E+03   4.8145928489238381E+00   4.1712429157629884E+06
   4.4200000000000000E+04   1.8081871134912658E+03   4.3624708463651286E+03   3.0882096087671789E+03   4.8174866115506045E+00   4.1751612781984424E+06
   4.4300000000000000E+04   1.8089009328181803E+03   4.3680765746169518E+03   3.0874855408096046E+03   4.8203681638990910E+00   4.1790445710531422E+06
   4.4400000000000000E+04   1.8096991461946025E+03   4.3736535241721676E+03   3.0870272561903757E+03   4.8232375130455161E+00   4.1828926404225598E+06
   4.4500000000000000E+04   1.8119873543303559E+03   4.3792015229975605E+03   3.0909216218043002E+03   4.8260946664898352E+00   4.1867054001887338E+06
   4.4600000000000000E+04   1.8129149063639470E+03   4.3847204023548284E+03   3.0908733145095416E+03   4.8289396320497930E+00   4.1904826626966265E+06
   4.4700000000000000E+04   1.8138672269464923E+03   4.3902099968344191E+03   3.0909155900156975E+03   4.8317724179668557E+00   4.1942243920263457E+06
   4.4800000000000000E+04   1.8150163058249263E+03   4.3956701443118000E+03   3.0915471373842324E+03   4.8345930328214770E+00   4.1979304089846862E+06
   4.4900000000000000E+04   1.8159384229437671E+03   4.4011006859545387E+03   3.0915381804935923E+03   4.8374014855754632E+00   4.2016006851404849E+06
   4.5000000000000000E+04   1.8170464072582572E+03   4.4065014661859532E+03   3.0920859700214623E+03   4.8401977855084084E+00   4.2052350288346242E+06
   4.5100000000000000E+04   1.8178368219429185E+03   4.4118723326997952E+03   3.0917325328953671E+03   4.8429819422812646E+00   4.2088334191676453E+06
   4.5200000000000000E+04   1.8189612994746951E+03   4.4172131364314855E+03   3.0923637318046963E+03   4.8457539658939695E+00   4.2123957143137697E+06
   4.5300000000000000E+04   1.8156976490977377E+03   4.4225237315546374E+03   3.0803612087901820E+03   4.8485138667066181E+00   4.2159218386396775E+06
   4.5400000000000000E+04   1.8135066347302929E+03   4.4278039754512665E+03   3.0715143842634056E+03   4.8512616553971109E+00   4.2194117201829832E+06
   4.5500000000000000E+04   1.8156685023970319E+03   4.4330537287073957E+03   3.0751896754586892E+03   4.8539973429823169E+00   4.2228652905837847E+06
   4.5600000000000000E+04   1.8165037075832413E+03   4.4382728550996153E+03   3.0750758907174754E+03   4.8567209408180965E+00   4.2262824443067424E+06
   4.5700000000000000E+04   1.8174016895933648E+03   4.4434612215725510E+03   3.0751602670797934E+03   4.8594324605780974E+00   4.2296631205271399E+06
   4.5800000000000000E+04   1.8181141791609155E+03   4.4486186982158624E+03   3.0747321186174654E+03   4.8621319142325783E+00   4.2330072619133275E+06
   4.5900000000000000E+04   1.8189115396564280E+03   4.4537451582668900E+03   3.0745654700325313E+03   4.8648193140907825E+00   4.2363147742636669E+06
   4.6000000000000000E+04   1.8198200379105735E+03   4.4588404780955671E+03   3.0747345205542506E+03   4.8674946728009241E+00   4.2395856478329655E+06
   4.6100000000000000E+04   1.8206171229692420E+03   4.4639045371455168E+03   3.0746036136822622E+03   4.8701580032442777E+00   4.2428197754516490E+06
   4.6200000000000000E+04   1.8215542333604144E+03   4.4689372179877200E+03   3.0748900160334902E+03   4.8728093187046531E+00   4.2460171541124322E+06
   4.6300000000000000E+04   1.8225724332058655E+03   4.4739384062173467E+03   3.0754248527113509E+03   4.8754486326565347E+00   4.2491777038706895E+06
   4.6400000000000000E+04   1.8234037945172799E+03   4.4789079905067993E+03   3.0754452723207428E+03   4.8780759589345699E+00   4.2523013883588975E+06
   4.6500000000000000E+04   1.8242899003177320E+03   4.4838458625540452E+03   3.0756392562466331E+03   4.8806913116488406E+00   4.2553881546925278E+06
   4.6600000000000000E+04   1.8248717601779929E+03   4.4887519170741180E+03   3.0749869098682580E+03   4.8832947052060272E+00   4.2584379929184290E+06
   4.6700000000000000E+04   1.8255100862890970E+03   4.4936260517554338E+03   3.0745139220578203E+03   4.8858861542458669E+00   4.2614508370490270E+06
   4.6800000000000000E+04   1.8259758731264753E+03   4.4984681672943616E+03   3.0735708227980267E+03   4.8884656737682510E+00   4.2644267031612080E+06
   4.6900000000000000E+04   1.8264150429515912E+03   4.5032781673072868E+03   3.0725721134304067E+03   4.8910332789637581E+00   4.2673655318239601E+06
   4.7000000000000000E+04   1.8268415275682798E+03   4.5080559583559043E+03   3.0715573281868960E+03   4.8935889853195746E+00   4.2702673061363883E+06
   4.7100000000000000E+04   1.8272372011809182E+03   4.5128014499286182E+03   3.0704752994451405E+03   4.8961328086194928E+00   4.2731320122869015E+06
   4.7200000000000000E+04   1.8285314178778408E+03   4.5175145543866729E+03   3.0719483440647873E+03   4.8986647648591664E+00   4.2759596394511405E+06
   4.7300000000000000E+04   1.8279963448283779E+03   4.5221951869712684E+03   3.0682799439587670E+03   4.9011848703096739E+00   4.2787501798039451E+06
   4.7400000000000000E+04   1.8278086139584232E+03   4.5268432657754647E+03   3.0656157414109980E+03   4.9036931414963325E+00   4.2815035901189260E+06
   4.7500000000000000E+04   1.8283651666993121E+03   4.5314587117245974E+03   3.0650664229143026E+03   4.9061895951986818E+00   4.2842199070719741E+06
   4.7600000000000000E+04   1.8287056586702593E+03   4.5360414485565061E+03   3.0639290094438766E+03   4.9086742484505095E+00   4.2868991315960838E+06
   4.7700000000000000E+04   1.8290344356570672E+03   4.5405914027752215E+03   3.0627783722171857E+03   4.9111471184762783E+00   4.2895412295030951E+06
   4.7800000000000000E+04   1.8293010365315743E+03   4.5451085036658606E+03   3.0614731705107715E+03   4.9136082227758706E+00   4.2921462077991189E+06
   4.7900000000000000E+04   1.8296840876216895E+03   4.5495926832567184E+03   3.0605136330955888E+03   4.9160575790822154E+00   4.2947140950908931E+06
   4.8000000000000000E+04   1.8300283936388446E+03   4.5540438762899503E+03   3.0594648424599818E+03   4.9184952053401112E+00   4.2972449036999987E+06
   4.8100000000000000E+04   1.8300960868386915E+03   4.5584620202272054E+03   3.0576629780960761E+03   4.9209211197697735E+00   4.2997386486647706E+06
   4.8200000000000000E+04   1.8304612288395310E+03   4.5628470551672717E+03   3.0567112986504389E+03   4.9233353407185376E+00   4.3021953476665793E+06
   4.8300000000000000E+04   1.8306483374342552E+03   4.5671989238953392E+03   3.0552824998469732E+03   4.9257378868303423E+00   4.3046150024929121E+06
   4.8400000000000000E+04   1.8308178054516100E+03   4.5715175718091386E+03   3.0538243813281842E+03   4.9281287769186246E+00   4.3069976362982215E+06
   4.8500000000000000E+04   1.8309726024445197E+03   4.5758029469327930E+03   3.0523452376000332E+03   4.9305080300510520E+00   4.3093432932518264E+06
   4.8600000000000000E+04   1.8311069936692088E+03   4.5800549998602664E+03   3.0508291618269623E+03   4.9328756654647830E+00   4.3116520014127605E+06
   4.8700000000000000E+04   1.8312314985182154E+03   4.5842736837426164E+03   3.0493053875283586E+03   4.9352317025876582E+00   4.3139237730634445E+06
   4.8800000000000000E+04   1.8295375423896737E+03   4.5884589542927470E+03   3.0427680478227303E+03   4.9375761611017444E+00   4.3161586596886991E+06
   4.8900000000000000E+04   1.8304480607171763E+03   4.5926107697197140E+03   3.0434613607892807E+03   4.9399090608374143E+00   4.3183566786242034E+06
   4.9000000000000000E+04   1.8305159533151373E+03   4.5967290907332799E+03   3.0418429512299467E+03   4.9422304218369115E+00   4.3205179041348379E+06
   4.9100000000000000E+04   1.8305665285494547E+03   4.6008138805132085E+03   3.0401963520632962E+03   4.9445402643331500E+00   4.3226423762872303E+06
   4.9200000000000000E+04   1.8322062420863924E+03   4.6048651046696887E+03   3.0429501092250389E+03   4.9468386087073490E+00   4.3247301016009022E+06
   4.9300000000000000E+04   1.8323696374443755E+03   4.6088827312564727E+03   3.0416484612003064E+03   4.9491254755737737E+00   4.3267811430843249E+06
   4.9400000000000000E+04   1.8324339899393810E+03   4.6128667307223495E+03   3.0400928835472878E+03   4.9514008857161906E+00   4.3287955657527512E+06
   4.9500000000000000E+04   1.8322340778105693E+03   4.6168170758713941E+03   3.0378299312034142E+03   4.9536648600454676E+00   4.3307734188233688E+06
   4.9600000000000000E+04   1.8321444918922971E+03   4.6207337418847110E+03   3.0358905936820865E+03   4.9559174197055382E+00   4.3327147361162119E+06
   4.9700000000000000E+04   1.8321707251363935E+03   4.6246167062541799E+03   3.0342887208811512E+03   4.9581585859674400E+00   4.3346196066416251E+06
   4.9800000000000000E+04   1.8321805882232734E+03   4.6284659487953395E+03   3.0326609666548320E+03   4.9603883803140842E+00   4.3364880684816195E+06
   4.9900000000000000E+04   1.8322169960450299E+03   4.6322814515722712E+03   3.0311247976028194E+03   4.9626068243131201E+00   4.3383201969691794E+06
   5.0000000000000000E+04   1.8320986674653452E+03   4.6360631989280109E+03   3.0291842545563341E+03   4.9648139397440652E+00   4.3401160171380546E+06


