#Te   kappa_tot   kappa_e_ph  kappa_e_e mu Ce
#[K]  [W/(K*m)]   [W/(K*m)]   [W/(K*m)]   [eV]  [J/(m^3*K)]
   3.0000000000000000E+02   5.4658082939525009E+01   5.5007667444613901E+01   8.6005346510795935E+03  -4.2627553974749723E+00   6.2842086191292561E+04
   4.0000000000000000E+02   7.4112846722713201E+01   7.4739738602126337E+01   8.8359332334955179E+03  -4.2637450925501037E+00   8.4521739336457278E+04
   5.0000000000000000E+02   9.3329959724242102E+01   9.4323435119573205E+01   8.8610170338722946E+03  -4.2649906691294168E+00   1.0508247479681106E+05
   6.0000000000000000E+02   1.1225316374108077E+02   1.1370549252159881E+02   8.7885067358745564E+03  -4.2664726926359684E+00   1.2509483605224089E+05
   7.0000000000000000E+02   1.3101057171205434E+02   1.3301978068632289E+02   8.6735614562301071E+03  -4.2681492338496341E+00   1.4498534709006216E+05
   8.0000000000000000E+02   1.4981830656471354E+02   1.5248593925419061E+02   8.5638421226840437E+03  -4.2699422491859282E+00   1.6499847219797320E+05
   9.0000000000000000E+02   1.6885874433136425E+02   1.7230562963896148E+02   8.4410444983276884E+03  -4.2717567277705628E+00   1.8526557509361467E+05
   1.0000000000000000E+03   1.8825863579784348E+02   1.9261694759794852E+02   8.3201490507082490E+03  -4.2734988869879373E+00   2.0585766457808812E+05
   1.1000000000000000E+03   2.0807682465357695E+02   2.1349056281268059E+02   8.2055018358927446E+03  -4.2750900154646780E+00   2.2681503185852710E+05
   1.2000000000000000E+03   2.2832131747706714E+02   2.3494597534274220E+02   8.0975011410227980E+03  -4.2764751181033702E+00   2.4816318880815830E+05
   1.3000000000000000E+03   2.4897175890394465E+02   2.5697312726399099E+02   7.9960137575258968E+03  -4.2776259001503671E+00   2.6992170211324451E+05
   1.4000000000000000E+03   2.6999795267169759E+02   2.7955124727473947E+02   7.9007575467175629E+03  -4.2785387143555491E+00   2.9210910857998685E+05
   1.5000000000000000E+03   2.9137234142538165E+02   3.0266182577319051E+02   7.8114537492344652E+03  -4.2792291591750722E+00   3.1474539447079302E+05
   1.6000000000000000E+03   3.1307660101681876E+02   3.2629569831533917E+02   7.7278762572093165E+03  -4.2797253711605387E+00   3.3785288356677967E+05
   1.7000000000000000E+03   3.3510379155344640E+02   3.5045557847682591E+02   7.6498582024865609E+03  -4.2800616819637431E+00   3.6145613546229521E+05
   1.8000000000000000E+03   3.5745769116462100E+02   3.7515562538134037E+02   7.5772834294720324E+03  -4.2802735956269764E+00   3.8558129835049249E+05
   1.9000000000000000E+03   3.8015062706369162E+02   4.0041935989332001E+02   7.5100733741665335E+03  -4.2803943744605739E+00   4.1025519808682671E+05
   2.0000000000000000E+03   4.0320070861025249E+02   4.2627684984764517E+02   7.4481745520004752E+03  -4.2804530872744015E+00   4.3550433630149567E+05
   2.1000000000000000E+03   4.2628421655374729E+02   4.5276174569952184E+02   7.2893956603132701E+03  -4.2804737813676015E+00   4.6135388361392799E+05
   2.2000000000000000E+03   4.4969573726561140E+02   4.7990850618300482E+02   7.1430993332015132E+03  -4.2804754119150816E+00   4.8782672313311324E+05
   2.3000000000000000E+03   4.7344999153370594E+02   5.0774999591502677E+02   7.0085772758129260E+03  -4.2804722190987867E+00   5.1494258383731835E+05
   2.4000000000000000E+03   4.9755860803100080E+02   5.3631553773723226E+02   6.8851793587516895E+03  -4.2804743261875808E+00   5.4271729206365789E+05
   2.5000000000000000E+03   5.2202903454849638E+02   5.6562944062172392E+02   6.7722990997846673E+03  -4.2804884088616362E+00   5.7116216961781448E+05
   2.6000000000000000E+03   5.4686389617584928E+02   5.9570998553892548E+02   6.6693626435719152E+03  -4.2805183474777211E+00   6.0028359172240016E+05
   2.7000000000000000E+03   5.7206073816737216E+02   6.2656882827706568E+02   6.5758206845170716E+03  -4.2805658159779165E+00   6.3008271303774824E+05
   2.8000000000000000E+03   5.9761208217312219E+02   6.5821076524646128E+02   6.4911428100120238E+03  -4.2806307891626432E+00   6.6055535781415342E+05
   2.9000000000000000E+03   6.2352497414317907E+02   6.9063380238835418E+02   6.4168520750109246E+03  -4.2807119652779448E+00   6.9169206087204220E+05
   3.0000000000000000E+03   6.4974532168476651E+02   7.2382946668104375E+02   6.3482518384631621E+03  -4.2808071101433240E+00   7.2347824081413192E+05
   3.1000000000000000E+03   6.7600931455511932E+02   7.5778330242667994E+02   6.2644440388473640E+03  -4.2809133322646815E+00   7.5589448676306650E+05
   3.2000000000000000E+03   7.0252054030319698E+02   7.9247549953499015E+02   6.1889896995651106E+03  -4.2810272998704404E+00   7.8891692847493512E+05
   3.3000000000000000E+03   7.2903827772740294E+02   8.2788160718005236E+02   6.1062024559772854E+03  -4.2811454098623329E+00   8.2251767531096551E+05
   3.4000000000000000E+03   7.5594497348954974E+02   8.6397329301298510E+02   6.0457875394488146E+03  -4.2812639180833152E+00   8.5666529331264447E+05
   3.5000000000000000E+03   7.8301379913533310E+02   9.0071911480079223E+02   5.9918746408914058E+03  -4.2813790384541894E+00   8.9132530827295384E+05
   3.6000000000000000E+03   8.1021494900243704E+02   9.3808527782522708E+02   5.9439177370570778E+03  -4.2814870175626547E+00   9.2646071464013623E+05
   3.7000000000000000E+03   8.3751861251979005E+02   9.7603635724576941E+02   5.9013999780782815E+03  -4.2815841899635600E+00   9.6203247290330427E+05
   3.8000000000000000E+03   8.6489561951479095E+02   1.0145359698219939E+03   5.8638443062839769E+03  -4.2816670180186414E+00   9.9799999823481066E+05
   3.9000000000000000E+03   8.9231738205723423E+02   1.0535473840874681E+03   5.8307922334820150E+03  -4.2817321201881953E+00   1.0343216126378356E+06
   4.0000000000000000E+03   9.1975692905687538E+02   1.0930340618103901E+03   5.8018368383054567E+03  -4.2817762897730312E+00   1.0709549724688253E+06
   4.1000000000000000E+03   9.4700293008895994E+02   1.1329601270150174E+03   5.7696963478310990E+03  -4.2817965067359447E+00   1.1078574538645807E+06
   4.2000000000000000E+03   9.7419668451472387E+02   1.1732907613874931E+03   5.7410847558558671E+03  -4.2817899437176647E+00   1.1449865049031982E+06
   4.3000000000000000E+03   1.0013163035826950E+03   1.2139925271922475E+03   5.7156859816019214E+03  -4.2817539679089345E+00   1.1822999556534267E+06
   4.4000000000000000E+03   1.0283404607701702E+03   1.2550336204606165E+03   5.6931662751044914E+03  -4.2816861396201569E+00   1.2197562888760981E+06
   4.5000000000000000E+03   1.0552396300170544E+03   1.2963840585552480E+03   5.6729315398351746E+03  -4.2815842084320357E+00   1.2573148748569193E+06
   4.6000000000000000E+03   1.0819280064871009E+03   1.3380158071307196E+03   5.6528923721429210E+03  -4.2814461074320702E+00   1.2949361662175315E+06
   4.7000000000000000E+03   1.1089110639803966E+03   1.3799028521890336E+03   5.6466269702328746E+03  -4.2812699461258594E+00   1.3325818645691704E+06
   4.8000000000000000E+03   1.1354233632218302E+03   1.4220212233322786E+03   5.6336642546686444E+03  -4.2810540025911523E+00   1.3702150467612199E+06
   4.9000000000000000E+03   1.1617093917470872E+03   1.4643489743724024E+03   5.6210358921547640E+03  -4.2807967147274120E+00   1.4078002733943085E+06
   5.0000000000000000E+03   1.1877737831443967E+03   1.5068661276337155E+03   5.6090849938004603E+03  -4.2804966714633039E+00   1.4453036592761027E+06
   5.1000000000000000E+03   1.2134798431457739E+03   1.5495545879405413E+03   5.5950448150103848E+03  -4.2801526036486806E+00   1.4826929290172765E+06
   5.2000000000000000E+03   1.2389505660225332E+03   1.5923980321295685E+03   5.5818831153895972E+03  -4.2797633749885913E+00   1.5199374472994939E+06
   5.3000000000000000E+03   1.2641636623573281E+03   1.6353817795345165E+03   5.5692061462129568E+03  -4.2793279731246070E+00   1.5570082355204581E+06
   5.4000000000000000E+03   1.2891171458386589E+03   1.6784926484790312E+03   5.5570359142930556E+03  -4.2788455009684876E+00   1.5938779660535082E+06
   5.5000000000000000E+03   1.3138059771855105E+03   1.7217188033524953E+03   5.5453133850496060E+03  -4.2783151683514191E+00   1.6305209494027097E+06
   5.6000000000000000E+03   1.3382225480041284E+03   1.7650495963428032E+03   5.5339256904293543E+03  -4.2777362839466804E+00   1.6669131071873289E+06
   5.7000000000000000E+03   1.3623598300972408E+03   1.8084754074846901E+03   5.5227711690867191E+03  -4.2771082477392186E+00   1.7030319365541616E+06
   5.8000000000000000E+03   1.3862113342523789E+03   1.8519874860819086E+03   5.5117593161787790E+03  -4.2764305437686785E+00   1.7388564660240284E+06
   5.9000000000000000E+03   1.4097710326515505E+03   1.8955777962098080E+03   5.5008099262775895E+03  -4.2757027333982878E+00   1.7743672094938261E+06
   6.0000000000000000E+03   1.4330332859632595E+03   1.9392388684869056E+03   5.4898522337920849E+03  -4.2749244490254839E+00   1.8095461076036326E+06
   6.1000000000000000E+03   1.4558677738522888E+03   1.9829636598646623E+03   5.4770544899479328E+03  -4.2740953880870238E+00   1.8443764774854078E+06
   6.2000000000000000E+03   1.4783861414614635E+03   2.0267454229217867E+03   5.4641408412721876E+03  -4.2732153076951365E+00   1.8788429511976794E+06
   6.3000000000000000E+03   1.5005835188394753E+03   2.0705775856351092E+03   5.4510648101122943E+03  -4.2722840195891756E+00   1.9129314105812141E+06
   6.4000000000000000E+03   1.5224552271782045E+03   2.1144536423422587E+03   5.4377865175836214E+03  -4.2713013853607658E+00   1.9466289401345160E+06
   6.5000000000000000E+03   1.5439967464545382E+03   2.1583670564466975E+03   5.4242720694801947E+03  -4.2702673123099464E+00   1.9799237516775187E+06
   6.6000000000000000E+03   1.5652036904068316E+03   2.2023111749229538E+03   5.4104929893134577E+03  -4.2691817494065170E+00   2.0128051411280709E+06
   6.7000000000000000E+03   1.5860717883939139E+03   2.2462791547445872E+03   5.3964256955977917E+03  -4.2680446838193040E+00   2.0452634120965928E+06
   6.8000000000000000E+03   1.6058809616326607E+03   2.2902639008953934E+03   5.3740252489703453E+03  -4.2668561375085430E+00   2.0772898353994512E+06
   6.9000000000000000E+03   1.6260395620754732E+03   2.3342580157408506E+03   5.3593575005598186E+03  -4.2656161642810151E+00   2.1088765938890758E+06
   7.0000000000000000E+03   1.6456334082109377E+03   2.3782537592447006E+03   5.3421036337495434E+03  -4.2643248471291679E+00   2.1400167155248099E+06
   7.1000000000000000E+03   1.6646982123574837E+03   2.4222430194061531E+03   5.3228582478313465E+03  -4.2629822956753785E+00   2.1707040407516840E+06
   7.2000000000000000E+03   1.6839598223786793E+03   2.4662172923577928E+03   5.3090075748294776E+03  -4.2615886439633259E+00   2.2009331661054655E+06
   7.3000000000000000E+03   1.7025730706274044E+03   2.5101676713879906E+03   5.2919421155610917E+03  -4.2601440484596873E+00   2.2306993942406252E+06
   7.4000000000000000E+03   1.7208155344487441E+03   2.5540848440901586E+03   5.2745358855251916E+03  -4.2586486860873940E+00   2.2599987084296201E+06
   7.5000000000000000E+03   1.7386838429464055E+03   2.5979590970363661E+03   5.2567899344857178E+03  -4.2571027527006171E+00   2.2888277123029344E+06
   7.6000000000000000E+03   1.7561750223400604E+03   2.6417803270288900E+03   5.2387091634095659E+03  -4.2555064614861209E+00   2.3171836016739174E+06
   7.7000000000000000E+03   1.7732834343628906E+03   2.6855380582752337E+03   5.2202751581209286E+03  -4.2538600415749812E+00   2.3450641272933288E+06
   7.8000000000000000E+03   1.7900143910791810E+03   2.7292214647408505E+03   5.2015639951282683E+03  -4.2521637368436069E+00   2.3724675650721430E+06
   7.9000000000000000E+03   1.8063530283955797E+03   2.7728193969103299E+03   5.1824780230068973E+03  -4.2504178047778618E+00   2.3993926680483315E+06
   8.0000000000000000E+03   1.8223179793917693E+03   2.8163204122533289E+03   5.1631979493274284E+03  -4.2486225153792638E+00   2.4258386639648029E+06
   8.1000000000000000E+03   1.8378193829675579E+03   2.8597128088170189E+03   5.1430369320516065E+03  -4.2467781503025472E+00   2.4518052015444674E+06
   8.2000000000000000E+03   1.8529274741318202E+03   2.9029846612383053E+03   5.1225972278843419E+03  -4.2448850020143070E+00   2.4772923338261661E+06
   8.3000000000000000E+03   1.8676430452202997E+03   2.9461238585626688E+03   5.1019060021565983E+03  -4.2429433729094965E+00   2.5023005024766242E+06
   8.4000000000000000E+03   1.8819810285246631E+03   2.9891181434811006E+03   5.0810902841710240E+03  -4.2409535747225027E+00   2.5268305015990864E+06
   8.5000000000000000E+03   1.8958780801978144E+03   3.0319551522937059E+03   5.0597071752991760E+03  -4.2389159277908881E+00   2.5508834613914364E+06
   8.6000000000000000E+03   1.9094287900544068E+03   3.0746224552982394E+03   5.0384522417272910E+03  -4.2368307605085249E+00   2.5744608346147053E+06
   8.7000000000000000E+03   1.9225598324289699E+03   3.1171075970893021E+03   5.0168155990205460E+03  -4.2346984087365938E+00   2.5975643626216110E+06
   8.8000000000000000E+03   1.9352919773092055E+03   3.1593981364596302E+03   4.9949571946109400E+03  -4.2325192152987752E+00   2.6201960712684914E+06
   8.9000000000000000E+03   1.9474279518376111E+03   3.2014816855701256E+03   4.9716010997542171E+03  -4.2302935295394981E+00   2.6423582503902037E+06
   9.0000000000000000E+03   1.9594844482933436E+03   3.2433459480402857E+03   4.9501335984238494E+03  -4.2280217068191268E+00   2.6640534333712431E+06
   9.1000000000000000E+03   1.9711283661996465E+03   3.2849787558049584E+03   4.9283501829120250E+03  -4.2257041081353215E+00   2.6852843944319799E+06
   9.2000000000000000E+03   1.9821908112701558E+03   3.3263681044870682E+03   4.9052281457877507E+03  -4.2233410997864942E+00   2.7060541173606301E+06
   9.3000000000000000E+03   1.9929140252967270E+03   3.3675021870318806E+03   4.8822931300977507E+03  -4.2209330529300653E+00   2.7263657991223866E+06
   9.4000000000000000E+03   2.0032066149886066E+03   3.4083694255758023E+03   4.8589872491609603E+03  -4.2184803432669682E+00   2.7462228236929281E+06
   9.5000000000000000E+03   2.0131458213939409E+03   3.4489585013818146E+03   4.8357675705138281E+03  -4.2159833507471296E+00   2.7656287638875451E+06
   9.6000000000000000E+03   2.0226986820119012E+03   3.4892583827072831E+03   4.8124316579505912E+03  -4.2134424592119109E+00   2.7845873554975917E+06
   9.7000000000000000E+03   2.0318322406423324E+03   3.5292583506305364E+03   4.7887911493835209E+03  -4.2108580561416664E+00   2.8031025011009425E+06
   9.8000000000000000E+03   2.0405789748619563E+03   3.5689480227231538E+03   4.7650273392643421E+03  -4.2082305323717968E+00   2.8211782579732705E+06
   9.9000000000000000E+03   2.0488624285014544E+03   3.6083173745759436E+03   4.7407242623375714E+03  -4.2055602818298006E+00   2.8388188036070885E+06
   1.0000000000000000E+04   2.0567630217871438E+03   3.6473567591480041E+03   4.7163196567893165E+03  -4.2028477012407910E+00   2.8560284751982656E+06
   1.0100000000000000E+04   2.0642237434276017E+03   3.6860569240304931E+03   4.6915097762280238E+03  -4.2000931899381868E+00   2.8728117055381243E+06
   1.0200000000000000E+04   2.0713138331672071E+03   3.7244090265673844E+03   4.6666519677154183E+03  -4.1972971496218108E+00   2.8891730561577021E+06
   1.0300000000000000E+04   2.0780379763350484E+03   3.7624046468923057E+03   4.6417563795625420E+03  -4.1944599840949550E+00   2.9051171955332500E+06
   1.0400000000000000E+04   2.0844010919915713E+03   3.8000357989646664E+03   4.6168329054987043E+03  -4.1915820990330097E+00   2.9206488912239335E+06
   1.0500000000000000E+04   2.0904082991101459E+03   3.8372949397233206E+03   4.5918910830501081E+03  -4.1886639018782619E+00   2.9357729925352978E+06
   1.0600000000000000E+04   2.0960649192003634E+03   3.8741749762354484E+03   4.5669401769604819E+03  -4.1857058015244144E+00   2.9504944387502274E+06
   1.0700000000000000E+04   2.1013764576494709E+03   3.9106692711224064E+03   4.5419891566450233E+03  -4.1827082081482709E+00   2.9648182529275673E+06
   1.0800000000000000E+04   2.1063485912589567E+03   3.9467716462738763E+03   4.5170467053741504E+03  -4.1796715330625247E+00   2.9787495218290719E+06
   1.0900000000000000E+04   2.1109871529910611E+03   3.9824763848752928E+03   4.4921212168011407E+03  -4.1765961884843428E+00   2.9922933921201658E+06
   1.1000000000000000E+04   2.1152981186550574E+03   4.0177782319236003E+03   4.4672208008313582E+03  -4.1734825873671255E+00   3.0054550894452198E+06
   1.1100000000000000E+04   2.1192311884298229E+03   4.0526723932925333E+03   4.4421054598161027E+03  -4.1703311432427119E+00   3.0182398656841354E+06
   1.1200000000000000E+04   2.1213676010758782E+03   4.0871545334340549E+03   4.4106291811678475E+03  -4.1671422700636489E+00   3.0306530402625436E+06
   1.1300000000000000E+04   2.1238754417784235E+03   4.1212207717780620E+03   4.3822965692808502E+03  -4.1639163819928235E+00   3.0426999574148194E+06
   1.1400000000000000E+04   2.1268662650508322E+03   4.1548676780032956E+03   4.3574170331716778E+03  -4.1606538932772592E+00   3.0543860273039211E+06
   1.1500000000000000E+04   2.1302702983957224E+03   4.1880922662280900E+03   4.3355395661775292E+03  -4.1573552181324311E+00   3.0657166540002325E+06
   1.1600000000000000E+04   2.1326836378732028E+03   4.2208919881558722E+03   4.3107898113478905E+03  -4.1540207705424343E+00   3.0766972810157435E+06
   1.1700000000000000E+04   2.1348118306242045E+03   4.2532647253317518E+03   4.2861089227420916E+03  -4.1506509640916995E+00   3.0873333964879308E+06
   1.1800000000000000E+04   2.1366648908824945E+03   4.2852087806634081E+03   4.2615164601913384E+03  -4.1472462119439690E+00   3.0976304871037584E+06
   1.1900000000000000E+04   2.1382615714975841E+03   4.3167228690568127E+03   4.2370652331765941E+03  -4.1438069265688293E+00   3.1075940493717035E+06
   1.2000000000000000E+04   2.1396045981583161E+03   4.3478061075596006E+03   4.2127432211372625E+03  -4.1403335197522555E+00   3.1172295895968326E+06
   1.2100000000000000E+04   2.1406326184917607E+03   4.3784580047655809E+03   4.1882937253222844E+03  -4.1368264023336456E+00   3.1265426336551239E+06
   1.2200000000000000E+04   2.1414335895346835E+03   4.4086784498653233E+03   4.1640372785418976E+03  -4.1332859842058411E+00   3.1355386960866028E+06
   1.2300000000000000E+04   2.1420386457501063E+03   4.4384677011398053E+03   4.1400666488874904E+03  -4.1297126741047796E+00   3.1442233134356043E+06
   1.2400000000000000E+04   2.1423820753843193E+03   4.4678263742121262E+03   4.1161128412605940E+03  -4.1261068796199956E+00   3.1526019595629815E+06
   1.2500000000000000E+04   2.1424624029254546E+03   4.4967554298322812E+03   4.0921539219883339E+03  -4.1224690069211931E+00   3.1606801664425139E+06
   1.2600000000000000E+04   2.1423307722944887E+03   4.5252561616140765E+03   4.0683588210494650E+03  -4.1187994608318510E+00   3.1684634102635174E+06
   1.2700000000000000E+04   2.1419908155232124E+03   4.5533301833984715E+03   4.0447195292457445E+03  -4.1150986445768041E+00   3.1759571815823466E+06
   1.2800000000000000E+04   2.1414382275436287E+03   4.5809794166580132E+03   4.0212005791069346E+03  -4.1113669598453582E+00   3.1831669166092332E+06
   1.2900000000000000E+04   2.1407034683173674E+03   4.6082060776320677E+03   3.9978894838323558E+03  -4.1076048065283510E+00   3.1900980711083217E+06
   1.3000000000000000E+04   2.1397320759888757E+03   4.6350126646131712E+03   3.9745771743270416E+03  -4.1038125828022975E+00   3.1967560342506515E+06
   1.3100000000000000E+04   2.1385605225012964E+03   4.6614019450655715E+03   3.9513740697564645E+03  -4.0999906849085113E+00   3.2031462214894718E+06
   1.3200000000000000E+04   2.1371668697494483E+03   4.6873769429049917E+03   3.9281888240714347E+03  -4.0961395071531079E+00   3.2092739754682672E+06
   1.3300000000000000E+04   2.1354169030542043E+03   4.7129409258071501E+03   3.9045586490074611E+03  -4.0922594418228924E+00   3.2151446338721262E+06
   1.3400000000000000E+04   2.1337858596387687E+03   4.7380973926355982E+03   3.8820567700528886E+03  -4.0883508791222090E+00   3.2207634714028258E+06
   1.3500000000000000E+04   2.1320011302845587E+03   4.7628500609743660E+03   3.8597433683547724E+03  -4.0844142070467724E+00   3.2261357772631953E+06
   1.3600000000000000E+04   2.1299469103420979E+03   4.7872028548917569E+03   3.8372246192060466E+03  -4.0804498113836507E+00   3.2312667557024085E+06
   1.3700000000000000E+04   2.1277741333395243E+03   4.8111598928481862E+03   3.8149794658064270E+03  -4.0764580756271220E+00   3.2361616108977129E+06
   1.3800000000000000E+04   2.1254895246559731E+03   4.8347254758519930E+03   3.7930097409840801E+03  -4.0724393809681709E+00   3.2408254683272969E+06
   1.3900000000000000E+04   2.1230273504822676E+03   4.8579040757701732E+03   3.7710888843787438E+03  -4.0683941061367221E+00   3.2452634384626201E+06
   1.4000000000000000E+04   2.1203969274307169E+03   4.8807003239764026E+03   3.7492335022377251E+03  -4.0643226274226691E+00   3.2494806044868468E+06
   1.4100000000000000E+04   2.1176079744212407E+03   4.9031190002471903E+03   3.7274610648439470E+03  -4.0602253186758768E+00   3.2534819515628549E+06
   1.4200000000000000E+04   2.1147671721060506E+03   4.9251650218596105E+03   3.7060864198807335E+03  -4.0561025511589541E+00   3.2572724586872323E+06
   1.4300000000000000E+04   2.1118144867604328E+03   4.9468434330460459E+03   3.6849061591873760E+03  -4.0519546935472235E+00   3.2608570607535378E+06
   1.4400000000000000E+04   2.1086179822273862E+03   4.9681593947451865E+03   3.6635070897985870E+03  -4.0477821119392710E+00   3.2642406142218970E+06
   1.4500000000000000E+04   2.1053184329709388E+03   4.9891181745888016E+03   3.6423064700530749E+03  -4.0435851697307150E+00   3.2674279679124514E+06
   1.4600000000000000E+04   2.1018768436206537E+03   5.0097251372781502E+03   3.6211742139081171E+03  -4.0393642276668018E+00   3.2704238964887056E+06
   1.4700000000000000E+04   2.0983323917276707E+03   5.0299857352063582E+03   3.6002148827008309E+03  -4.0351196437582582E+00   3.2732330978190461E+06
   1.4800000000000000E+04   2.0946906521667765E+03   5.0499054994368935E+03   3.5794317471595982E+03  -4.0308517732918325E+00   3.2758602672993392E+06
   1.4900000000000000E+04   2.0909560945830899E+03   5.0694900309543655E+03   3.5588250136126508E+03  -4.0265609687461295E+00   3.2783100434741280E+06
   1.5000000000000000E+04   2.0871335909211725E+03   5.0887449922944897E+03   3.5383962774762881E+03  -4.0222475798547173E+00   3.2805869568685526E+06
   1.5100000000000000E+04   2.0831984137483864E+03   5.1076760994196320E+03   3.5180629034431240E+03  -4.0179119535114962E+00   3.2826955417474443E+06
   1.5200000000000000E+04   2.0791841372639060E+03   5.1262891139615622E+03   3.4979100130409106E+03  -4.0135544338022209E+00   3.2846402583852657E+06
   1.5300000000000000E+04   2.0750951719593522E+03   5.1445898357349506E+03   3.4779384554177564E+03  -4.0091753619414092E+00   3.2864255060872822E+06
   1.5400000000000000E+04   2.0709358319696071E+03   5.1625840956015354E+03   3.4581490122611422E+03  -4.0047750763144121E+00   3.2880556297913631E+06
   1.5500000000000000E+04   2.0667101364339137E+03   5.1802777485912184E+03   3.4385418485062355E+03  -4.0003539124037948E+00   3.2895349499386768E+06
   1.5600000000000000E+04   2.0624220836692243E+03   5.1976766673727352E+03   3.4191172858119385E+03  -3.9959122028419118E+00   3.2908676795814978E+06
   1.5700000000000000E+04   2.0580756926458898E+03   5.2147867359734782E+03   3.3998759076554020E+03  -3.9914502773478162E+00   3.2920580372010684E+06
   1.5800000000000000E+04   2.0534094206209083E+03   5.2316138438400640E+03   3.3800988613283994E+03  -3.9869684628008737E+00   3.2931101090390743E+06
   1.5900000000000000E+04   2.0491309297326047E+03   5.2481638801158051E+03   3.3616955804605168E+03  -3.9824670831355893E+00   3.2940279869169006E+06
   1.6000000000000000E+04   2.0444787880740923E+03   5.2644427282470187E+03   3.3425969013658923E+03  -3.9779464593731704E+00   3.2948156835536445E+06
   1.6100000000000000E+04   2.0402403461081005E+03   5.2804562608725055E+03   3.3249018561389712E+03  -3.9734069096951212E+00   3.2954771715308833E+06
   1.6200000000000000E+04   2.0343707203482497E+03   5.2962103349116906E+03   3.3031836347944341E+03  -3.9688487493275844E+00   3.2960163432504851E+06
   1.6300000000000000E+04   2.0294643646194952E+03   5.3117107869824877E+03   3.2843139637227864E+03  -3.9642722906359751E+00   3.2964370507904571E+06
   1.6400000000000000E+04   2.0263372168464384E+03   5.3269634290255281E+03   3.2703564581728110E+03  -3.9596778430934414E+00   3.2967430817587012E+06
   1.6500000000000000E+04   2.0219492423830479E+03   5.3419740441729728E+03   3.2533493019757561E+03  -3.9550657132492981E+00   3.2969381756449635E+06
   1.6600000000000000E+04   2.0174793538955271E+03   5.3567483828916475E+03   3.2363757375206405E+03  -3.9504362048237027E+00   3.2970259988991083E+06
   1.6700000000000000E+04   2.0129478728940728E+03   5.3712921592930034E+03   3.2194826392665786E+03  -3.9457896186024657E+00   3.2970102039073356E+06
   1.6800000000000000E+04   2.0076248657353724E+03   5.3856110477363463E+03   3.2008084326176509E+03  -3.9411262525737749E+00   3.2968943363519306E+06
   1.6900000000000000E+04   2.0022481806236765E+03   5.3997106795741302E+03   3.1822458341810848E+03  -3.9364464018230425E+00   3.2966819198298473E+06
   1.7000000000000000E+04   2.0005300241037626E+03   5.4135966401526439E+03   3.1731178542158023E+03  -3.9317503585959832E+00   3.2963764312641779E+06
   1.7100000000000000E+04   1.9959739163462596E+03   5.4272744660061080E+03   3.1570240246294170E+03  -3.9270384123512150E+00   3.2959812484211423E+06
   1.7200000000000000E+04   1.9914781257806794E+03   5.4407496422041550E+03   3.1412818181195266E+03  -3.9223108496656072E+00   3.2954997283831323E+06
   1.7300000000000000E+04   1.9860344554286353E+03   5.4540275999456753E+03   3.1233875855482202E+03  -3.9175679543815098E+00   3.2949351733636302E+06
   1.7400000000000000E+04   1.9813812461144209E+03   5.4671137142609714E+03   3.1076500227143119E+03  -3.9128100074805574E+00   3.2942908127520434E+06
   1.7500000000000000E+04   1.9766357544445189E+03   5.4800133019460372E+03   3.0918706535591878E+03  -3.9080372872098685E+00   3.2935698757503135E+06
   1.7600000000000000E+04   1.9719131436448370E+03   5.4927316196234806E+03   3.0763272088994891E+03  -3.9032500690610190E+00   3.2927754648725982E+06
   1.7700000000000000E+04   1.9672884965320113E+03   5.5052738619700831E+03   3.0611946687832278E+03  -3.8984486257910684E+00   3.2919106646978715E+06
   1.7800000000000000E+04   1.9627689265923293E+03   5.5176451600898217E+03   3.0464808777693556E+03  -3.8936332274225665E+00   3.2909785061912807E+06
   1.7900000000000000E+04   1.9584670364568935E+03   5.5298505800348767E+03   3.0324466541838560E+03  -3.8888041412645857E+00   3.2899820047326311E+06
   1.8000000000000000E+04   1.9538289044276064E+03   5.5418951214671270E+03   3.0177578167893525E+03  -3.8839616319547909E+00   3.2889240668595163E+06
   1.8100000000000000E+04   1.9491357126739588E+03   5.5537837164456805E+03   3.0030888372081163E+03  -3.8791059614804762E+00   3.2878075650210865E+06
   1.8200000000000000E+04   1.9445058842643634E+03   5.5655212283323763E+03   2.9887166303284412E+03  -3.8742373891575181E+00   3.2866353579192357E+06
   1.8300000000000000E+04   1.9398267834933783E+03   5.5771124508341463E+03   2.9743696525744745E+03  -3.8693561717145348E+00   3.2854101951406230E+06
   1.8400000000000000E+04   1.9350969932459554E+03   5.5885621071374171E+03   2.9600418761275664E+03  -3.8644625632507972E+00   3.2841347936665677E+06
   1.8500000000000000E+04   1.9302100024622407E+03   5.5998748491633050E+03   2.9454827342362619E+03  -3.8595568152678017E+00   3.2828118882106156E+06
   1.8600000000000000E+04   1.9255343942835332E+03   5.6110552569327501E+03   2.9315476124270626E+03  -3.8546391767639032E+00   3.2814440852049822E+06
   1.8700000000000000E+04   1.9209429478237214E+03   5.6221078380041572E+03   2.9179322520786304E+03  -3.8497098941501884E+00   3.2800339802773227E+06
   1.8800000000000000E+04   1.9100827112346371E+03   5.6330370270317489E+03   2.8900614201531512E+03  -3.8447692113766903E+00   3.2785840695153796E+06
   1.8900000000000000E+04   1.9055095753952135E+03   5.6438471853859646E+03   2.8767880207178209E+03  -3.8398173698587534E+00   3.2770968898979262E+06
   1.9000000000000000E+04   1.9008738452929665E+03   5.6545426008752538E+03   2.8634844566702491E+03  -3.8348546085506636E+00   3.2755748698677947E+06
   1.9100000000000000E+04   1.8962224746282341E+03   5.6651274875410363E+03   2.8502554526327176E+03  -3.8298811639877144E+00   3.2740204097800977E+06
   1.9200000000000000E+04   1.8915837006648053E+03   5.6756059855210187E+03   2.8371618783992212E+03  -3.8248972702651747E+00   3.2724358726520594E+06
   1.9300000000000000E+04   1.8869549518384019E+03   5.6859821609903847E+03   2.8241946172163875E+03  -3.8199031591013868E+00   3.2708235537381624E+06
   1.9400000000000000E+04   1.8823466377908742E+03   5.6962600061619323E+03   2.8113737347844117E+03  -3.8148990598167458E+00   3.2691857430102937E+06
   1.9500000000000000E+04   1.8777642335729499E+03   5.7064434393571864E+03   2.7987080701730106E+03  -3.8098851994388534E+00   3.2675246217000228E+06
   1.9600000000000000E+04   1.8731561662746331E+03   5.7165363051226459E+03   2.7860801801621478E+03  -3.8048618025973613E+00   3.2658424089181293E+06
   1.9700000000000000E+04   1.8686100531843831E+03   5.7265423744172049E+03   2.7736812779035226E+03  -3.7998290916922386E+00   3.2641412156158434E+06
   1.9800000000000000E+04   1.8641265270876024E+03   5.7364653448370627E+03   2.7615086706809361E+03  -3.7947872868096360E+00   3.2624231287603318E+06
   1.9900000000000000E+04   1.8603096011740622E+03   5.7463088408975700E+03   2.7508789499386885E+03  -3.7897366058060271E+00   3.2606902123858333E+06
   2.0000000000000000E+04   1.8563305939467223E+03   5.7560764143561837E+03   2.7399685110612218E+03  -3.7846772642871747E+00   3.2589444653199548E+06
   2.0100000000000000E+04   1.8526765124715075E+03   5.7657715445804770E+03   2.7298364668551571E+03  -3.7796094757132903E+00   3.2571878645656011E+06
   2.0200000000000000E+04   1.8485354368991723E+03   5.7753976389523959E+03   2.7187170439047186E+03  -3.7745334513044058E+00   3.2554223553648959E+06
   2.0300000000000000E+04   1.8445236724572696E+03   5.7849580333124286E+03   2.7079481751095327E+03  -3.7694494001770691E+00   3.2536497968864734E+06
   2.0400000000000000E+04   1.8397011537257813E+03   5.7944559924356172E+03   2.6955065002144906E+03  -3.7643575293233242E+00   3.2518720500065656E+06
   2.0500000000000000E+04   1.8362890829086846E+03   5.8038947105415009E+03   2.6861612507787108E+03  -3.7592580435896790E+00   3.2500909344038637E+06
   2.0600000000000000E+04   1.8325041793112816E+03   5.8132773118308705E+03   2.6760768862713130E+03  -3.7541511457927905E+00   3.2483081954299132E+06
   2.0700000000000000E+04   1.8284726305170223E+03   5.8226068510516779E+03   2.6655281664479862E+03  -3.7490370366879153E+00   3.2465255598708177E+06
   2.0800000000000000E+04   1.8244873324735941E+03   5.8318863140921494E+03   2.6551393443209786E+03  -3.7439159149478725E+00   3.2447448047777163E+06
   2.0900000000000000E+04   1.8187338440720007E+03   5.8411186185868482E+03   2.6410800344540185E+03  -3.7387879773523554E+00   3.2429674875391857E+06
   2.1000000000000000E+04   1.8142395146270881E+03   5.8503066145624789E+03   2.6297524719034973E+03  -3.7336534185775889E+00   3.2411952842215165E+06
   2.1100000000000000E+04   1.8104438116566007E+03   5.8594530850815236E+03   2.6199521564950346E+03  -3.7285124314277112E+00   3.2394297874564161E+06
   2.1200000000000000E+04   1.8077698847889690E+03   5.8685607469194692E+03   2.6125470987121066E+03  -3.7233652067506275E+00   3.2376725287790266E+06
   2.1300000000000000E+04   1.8039945241018204E+03   5.8776322512517972E+03   2.6028864386428354E+03  -3.7182119334800880E+00   3.2359250248103156E+06
   2.1400000000000000E+04   1.8003308344840489E+03   5.8866701843566243E+03   2.5935080124135084E+03  -3.7130527986567174E+00   3.2341887782275630E+06
   2.1500000000000000E+04   1.7967865786699217E+03   5.8956770683283057E+03   2.5844246035046453E+03  -3.7078879874700883E+00   3.2324652085689288E+06
   2.1600000000000000E+04   1.7932432827712835E+03   5.9046553618040234E+03   2.5753885431804197E+03  -3.7027176832797513E+00   3.2307557455100715E+06
   2.1700000000000000E+04   1.7896839711803541E+03   5.9136074607033970E+03   2.5663639277404423E+03  -3.6975420676152408E+00   3.2290617831375757E+06
   2.1800000000000000E+04   1.7867108037228129E+03   5.9225356989728216E+03   2.5585847531751251E+03  -3.6923613202181365E+00   3.2273846329839346E+06
   2.1900000000000000E+04   1.7832258300651940E+03   5.9314423493424165E+03   2.5497948715398561E+03  -3.6871756190420690E+00   3.2257256423501656E+06
   2.2000000000000000E+04   1.7797429439170558E+03   5.9403296240820309E+03   2.5410502281813392E+03  -3.6819851403158252E+00   3.2240860767568164E+06
   2.2100000000000000E+04   1.7763273962805902E+03   5.9491996757704410E+03   2.5324825832691390E+03  -3.6767900585433466E+00   3.2224671673248564E+06
   2.2200000000000000E+04   1.7690956543056250E+03   5.9580545980735651E+03   2.5162262602857122E+03  -3.6715905464826872E+00   3.2208701834599366E+06
   2.2300000000000000E+04   1.7660274397637411E+03   5.9668964265080676E+03   2.5084578578129331E+03  -3.6663867752512043E+00   3.2192962895479756E+06
   2.2400000000000000E+04   1.7620665851805709E+03   5.9757271392256353E+03   2.4989267595553843E+03  -3.6611789143045033E+00   3.2177466410386902E+06
   2.2500000000000000E+04   1.7570622196478575E+03   5.9845486578049386E+03   2.4873466780078734E+03  -3.6559671313943829E+00   3.2162223853188604E+06
   2.2600000000000000E+04   1.7555756394847863E+03   5.9933628480094167E+03   2.4828527948248770E+03  -3.6507515927371075E+00   3.2147246135967653E+06
   2.2700000000000000E+04   1.7525237086453444E+03   6.0021715205912851E+03   2.4752516817094574E+03  -3.6455324629082351E+00   3.2132543607966658E+06
   2.2800000000000000E+04   1.7494431709009798E+03   6.0109764320720697E+03   2.4676239806340054E+03  -3.6403099048846848E+00   3.2118127288512820E+06
   2.2900000000000000E+04   1.7464006392078234E+03   6.0197792855173620E+03   2.4601017747857295E+03  -3.6350840801078421E+00   3.2104006907907976E+06
   2.3000000000000000E+04   1.7434289546950370E+03   6.0285817313219286E+03   2.4527489436223964E+03  -3.6298551484835602E+00   3.2090192508413312E+06
   2.3100000000000000E+04   1.7404631159816161E+03   6.0373853679894328E+03   2.4454355777656247E+03  -3.6246232684031896E+00   3.2076693336692024E+06
   2.3200000000000000E+04   1.7374967900659565E+03   6.0461917429192745E+03   2.4381486413858838E+03  -3.6193885967225499E+00   3.2063519090294419E+06
   2.3300000000000000E+04   1.7352017228898776E+03   6.0550023531730749E+03   2.4322072740286135E+03  -3.6141512888250338E+00   3.2050678929601214E+06
   2.3400000000000000E+04   1.7325646338054341E+03   6.0638186462388376E+03   2.4256156997776388E+03  -3.6089114986741850E+00   3.2038180972604696E+06
   2.3500000000000000E+04   1.7299232636681850E+03   6.0726420208208683E+03   2.4190386923961814E+03  -3.6036693787400869E+00   3.2026034056388950E+06
   2.3600000000000000E+04   1.7272878219291138E+03   6.0814738275901946E+03   2.4124958529837368E+03  -3.5984250800835005E+00   3.2014246742612896E+06
   2.3700000000000000E+04   1.7246425216338766E+03   6.0903153699550558E+03   2.4059560168884418E+03  -3.5931787523348158E+00   3.2002826811551601E+06
   2.3800000000000000E+04   1.7219888010494722E+03   6.0991679047924772E+03   2.3994217688720964E+03  -3.5879305438097644E+00   3.1991781640088009E+06
   2.3900000000000000E+04   1.7196264220216744E+03   6.1080326432504644E+03   2.3934735734111941E+03  -3.5826806013306087E+00   3.1981119357157471E+06
   2.4000000000000000E+04   1.7175031702730646E+03   6.1169107514338912E+03   2.3880064336055539E+03  -3.5774290704785687E+00   3.1970846805881565E+06
   2.4100000000000000E+04   1.7156992610120699E+03   6.1258033511945678E+03   2.3831719315075975E+03  -3.5721760954255295E+00   3.1960970820683208E+06
   2.4200000000000000E+04   1.7135773361067440E+03   6.1347115208439900E+03   2.3777388756853479E+03  -3.5669218190392291E+00   3.1951498752201516E+06
   2.4300000000000000E+04   1.7114172710247356E+03   6.1436362958879135E+03   2.3722485745165950E+03  -3.5616663828832569E+00   3.1942436665578028E+06
   2.4400000000000000E+04   1.7075701987637256E+03   6.1525786697492631E+03   2.3635410484794529E+03  -3.5564099272380809E+00   3.1933791150335586E+06
   2.4500000000000000E+04   1.7049143230177224E+03   6.1615395944911670E+03   2.3571416636103399E+03  -3.5511525911010544E+00   3.1925568029874838E+06
   2.4600000000000000E+04   1.7039684100468187E+03   6.1705199815276710E+03   2.3540243415570521E+03  -3.5458945122074428E+00   3.1917773404352632E+06
   2.4700000000000000E+04   1.7019900543202905E+03   6.1795207023278354E+03   2.3489471323905918E+03  -3.5406358270514717E+00   3.1910412873708359E+06
   2.4800000000000000E+04   1.6995428010467399E+03   6.1885425891062368E+03   2.3429925379509186E+03  -3.5353766709283843E+00   3.1903491273662439E+06
   2.4900000000000000E+04   1.6982335655187078E+03   6.1975864355475642E+03   2.3392140190113200E+03  -3.5301171778503067E+00   3.1897014784280630E+06
   2.5000000000000000E+04   1.6964036951387493E+03   6.2066529974500709E+03   2.3344583355786144E+03  -3.5248574806934849E+00   3.1890987777355672E+06
   2.5100000000000000E+04   1.6945965017698711E+03   6.2157429934295242E+03   2.3297578063434239E+03  -3.5195977111352015E+00   3.1885415187184969E+06
   2.5200000000000000E+04   1.6929590895225110E+03   6.2248571055970169E+03   2.3253895786091766E+03  -3.5143379996537467E+00   3.1880301726049562E+06
   2.5300000000000000E+04   1.6912506550282681E+03   6.2339959801929299E+03   2.3208982741207751E+03  -3.5090784756336117E+00   3.1875651086368840E+06
   2.5400000000000000E+04   1.6896975021476069E+03   6.2431602283017128E+03   2.3167099145617708E+03  -3.5038192672182396E+00   3.1871468609168949E+06
   2.5500000000000000E+04   1.6882283424323750E+03   6.2523504264341254E+03   2.3126890566148995E+03  -3.4985605015203700E+00   3.1867757019098373E+06
   2.5600000000000000E+04   1.6867549083681110E+03   6.2615671172247476E+03   2.3086694244209984E+03  -3.4933023044853213E+00   3.1864520833831429E+06
   2.5700000000000000E+04   1.6853037909352286E+03   6.2708108100559066E+03   2.3047006986048414E+03  -3.4880448009435687E+00   3.1861763561867736E+06
   2.5800000000000000E+04   1.6839789125452403E+03   6.2800819816691228E+03   2.3009766028162753E+03  -3.4827881146738515E+00   3.1859488505976512E+06
   2.5900000000000000E+04   1.6826443204400773E+03   6.2893810768249141E+03   2.2972424750199198E+03  -3.4775323683190367E+00   3.1857699037113488E+06
   2.6000000000000000E+04   1.6814629550541092E+03   6.2987085088714930E+03   2.2938015530915832E+03  -3.4722776835228437E+00   3.1856397650188482E+06
   2.6100000000000000E+04   1.6802297613006897E+03   6.3080646603947680E+03   2.2902714141075394E+03  -3.4670241808351809E+00   3.1855587727643806E+06
   2.6200000000000000E+04   1.6790546987261225E+03   6.3174498838177560E+03   2.2868564423928979E+03  -3.4617719797331965E+00   3.1855271918676551E+06
   2.6300000000000000E+04   1.6779131070350404E+03   6.3268645019579199E+03   2.2835104031983587E+03  -3.4565211987264335E+00   3.1855452409058367E+06
   2.6400000000000000E+04   1.6770297402845272E+03   6.3363088086619282E+03   2.2806486067496817E+03  -3.4512719552516695E+00   3.1856131468786416E+06
   2.6500000000000000E+04   1.6728344387150389E+03   6.3457830693571996E+03   2.2716801099473601E+03  -3.4460243657570442E+00   3.1857311732059582E+06
   2.6600000000000000E+04   1.6703401859871767E+03   6.3552875216389375E+03   2.2658722458017896E+03  -3.4407785456810456E+00   3.1858994830957423E+06
   2.6700000000000000E+04   1.6692900971474896E+03   6.3648223758238255E+03   2.2627328131286040E+03  -3.4355346094945474E+00   3.1861182767275521E+06
   2.6800000000000000E+04   1.6699710021916424E+03   6.3743878155325028E+03   2.2627762868450823E+03  -3.4302926706587717E+00   3.1863876816574791E+06
   2.6900000000000000E+04   1.6690796121208798E+03   6.3839839982201265E+03   2.2599350194565877E+03  -3.4250528416883701E+00   3.1867078908244041E+06
   2.7000000000000000E+04   1.6682129758683300E+03   6.3936110557454394E+03   2.2571442120971819E+03  -3.4198152341093642E+00   3.1870789973722282E+06
   2.7100000000000000E+04   1.6675428582082397E+03   6.4032690948773252E+03   2.2547176746978716E+03  -3.4145799585432872E+00   3.1875011606670036E+06
   2.7200000000000000E+04   1.6668796652124756E+03   6.4129581978693304E+03   2.2523077821685292E+03  -3.4093471246230362E+00   3.1879744961197898E+06
   2.7300000000000000E+04   1.6663260365830836E+03   6.4226784229424993E+03   2.2501016349087517E+03  -3.4041168410980558E+00   3.1884990194097231E+06
   2.7400000000000000E+04   1.6657870124204028E+03   6.4324298048373503E+03   2.2479255303649147E+03  -3.3988892157712236E+00   3.1890748414322282E+06
   2.7500000000000000E+04   1.6652605127249196E+03   6.4422123553214251E+03   2.2457755915065286E+03  -3.3936643555198924E+00   3.1897020297116498E+06
   2.7600000000000000E+04   1.6646662875578966E+03   6.4520260636898738E+03   2.2435059775990649E+03  -3.3884423663169225E+00   3.1903806364162336E+06
   2.7700000000000000E+04   1.6641844317470739E+03   6.4618708972487593E+03   2.2414438760196017E+03  -3.3832233532727498E+00   3.1911106705534235E+06
   2.7800000000000000E+04   1.6637423340073556E+03   6.4717468018319796E+03   2.2394569724799439E+03  -3.3780074205933195E+00   3.1918921541830488E+06
   2.7900000000000000E+04   1.6627156212655482E+03   6.4816537022819975E+03   2.2364153017182471E+03  -3.3727946716011190E+00   3.1927250666098651E+06
   2.8000000000000000E+04   1.6624670881673323E+03   6.4915915029446569E+03   2.2347855007520720E+03  -3.3675852087141438E+00   3.1936094853656534E+06
   2.8100000000000000E+04   1.6624489154910966E+03   6.5015600880844122E+03   2.2335737146629285E+03  -3.3623791335721021E+00   3.1945452767167320E+06
   2.8200000000000000E+04   1.6623065882945525E+03   6.5115593224392887E+03   2.2321393738762740E+03  -3.3571765468681418E+00   3.1955324620321416E+06
   2.8300000000000000E+04   1.6624295516540419E+03   6.5215890516128920E+03   2.2311847065807456E+03  -3.3519775484960945E+00   3.1965709644010253E+06
   2.8400000000000000E+04   1.6627289453127262E+03   6.5316491025649775E+03   2.2305483911631168E+03  -3.3467822374873633E+00   3.1976607784184800E+06
   2.8500000000000000E+04   1.6627821165468702E+03   6.5417392840320044E+03   2.2294696836224452E+03  -3.3415907120740385E+00   3.1988017722107880E+06
   2.8600000000000000E+04   1.6627597406687764E+03   6.5518593870174473E+03   2.2282564895954861E+03  -3.3364030696047497E+00   3.1999938859647354E+06
   2.8700000000000000E+04   1.6627966852708112E+03   6.5620091851669586E+03   2.2271512252313064E+03  -3.3312194066708765E+00   3.2012369903338226E+06
   2.8800000000000000E+04   1.6628241220905261E+03   6.5721884352693296E+03   2.2260302491208113E+03  -3.3260398189803397E+00   3.2025310288913986E+06
   2.8900000000000000E+04   1.6629120605985281E+03   6.5823968776188840E+03   2.2250189933644924E+03  -3.3208644014838162E+00   3.2038758761222367E+06
   2.9000000000000000E+04   1.6627085375241879E+03   6.5926342364603443E+03   2.2234877154644164E+03  -3.3156932483326558E+00   3.2052713372969530E+06
   2.9100000000000000E+04   1.6631784481427803E+03   6.6029002204175849E+03   2.2231619204695571E+03  -3.3105264528578604E+00   3.2067173200704348E+06
   2.9200000000000000E+04   1.6633886265847693E+03   6.6131945228940904E+03   2.2223725101981840E+03  -3.3053641075911102E+00   3.2082136634786609E+06
   2.9300000000000000E+04   1.6635730539558515E+03   6.6235168224438830E+03   2.2215381106225373E+03  -3.3002063043278760E+00   3.2097602238467527E+06
   2.9400000000000000E+04   1.6638179648825758E+03   6.6338667832179262E+03   2.2208125380652987E+03  -3.2950531340432692E+00   3.2113567890339014E+06
   2.9500000000000000E+04   1.6641199731555373E+03   6.6442440553120887E+03   2.2201895086471095E+03  -3.2899046869761852E+00   3.2130031933319881E+06
   2.9600000000000000E+04   1.6644471829799604E+03   6.6546482751794847E+03   2.2196120698740933E+03  -3.2847610525872395E+00   3.2146992028466417E+06
   2.9700000000000000E+04   1.6648382856312130E+03   6.6650790660384810E+03   2.2191488956650210E+03  -3.2796223195166960E+00   3.2164447171322224E+06
   2.9800000000000000E+04   1.6652494195440204E+03   6.6755360381427554E+03   2.2187218733948262E+03  -3.2744885757737694E+00   3.2182393951255572E+06
   2.9900000000000000E+04   1.6656973428058686E+03   6.6860187892862732E+03   2.2183606866592154E+03  -3.2693599085052587E+00   3.2200831162019763E+06
   3.0000000000000000E+04   1.6662161141012866E+03   6.6965269050745064E+03   2.2181255793917330E+03  -3.2642364041638130E+00   3.2219755768763879E+06
   3.0100000000000000E+04   1.6667624362590986E+03   6.7070599593229581E+03   2.2179396249492688E+03  -3.2591181484448342E+00   3.2239166083871261E+06
   3.0200000000000000E+04   1.6673188945860520E+03   6.7176175143771179E+03   2.2177719480648307E+03  -3.2540052263495798E+00   3.2259058590644761E+06
   3.0300000000000000E+04   1.6679642514010104E+03   6.7281991215265280E+03   2.2177618033637959E+03  -3.2488977220799837E+00   3.2279431705201361E+06
   3.0400000000000000E+04   1.6668459432239233E+03   6.7388043212643688E+03   2.2146373861646434E+03  -3.2437957191859108E+00   3.2300282306278287E+06
   3.0500000000000000E+04   1.6675624168325405E+03   6.7494326437043237E+03   2.2147555346985437E+03  -3.2386993004389342E+00   3.2321607473160569E+06
   3.0600000000000000E+04   1.6678008243515264E+03   6.7600836088800552E+03   2.2140312100949536E+03  -3.2336085478954533E+00   3.2343404779135771E+06
   3.0700000000000000E+04   1.6685697389234126E+03   6.7707567270383724E+03   2.2142426004112976E+03  -3.2285235429597856E+00   3.2365671132597793E+06
   3.0800000000000000E+04   1.6692001291821718E+03   6.7814514990430052E+03   2.2142103154355186E+03  -3.2234443662579730E+00   3.2388403359042988E+06
   3.0900000000000000E+04   1.6713615733682939E+03   6.7921674166197381E+03   2.2168713221148787E+03  -3.2183710977639746E+00   3.2411598784822891E+06
   3.1000000000000000E+04   1.6722115460511934E+03   6.8029039627254124E+03   2.2172240370863733E+03  -3.2133038167155341E+00   3.2435253784683230E+06
   3.1100000000000000E+04   1.6731060537349963E+03   6.8136606118215750E+03   2.2176550582078994E+03  -3.2082426016772869E+00   3.2459365529632824E+06
   3.1200000000000000E+04   1.6740148008270462E+03   6.8244368302086450E+03   2.2181110976744885E+03  -3.2031875304986892E+00   3.2483930824867622E+06
   3.1300000000000000E+04   1.6750278505120116E+03   6.8352320763029120E+03   2.2187501873078700E+03  -3.1981386803560845E+00   3.2508946110591264E+06
   3.1400000000000000E+04   1.6732137866298892E+03   6.8460458009215081E+03   2.2144346049424521E+03  -3.1930961277737442E+00   3.2534408046881026E+06
   3.1500000000000000E+04   1.6731606752471962E+03   6.8568774476301387E+03   2.2132107528494771E+03  -3.1880599485397201E+00   3.2560312932220772E+06
   3.1600000000000000E+04   1.6759993816539666E+03   6.8677264529793520E+03   2.2170474546196706E+03  -3.1830302177899883E+00   3.2586657289080969E+06
   3.1700000000000000E+04   1.6770221964909838E+03   6.8785922468029585E+03   2.2177057632449805E+03  -3.1780070099874180E+00   3.2613437866336172E+06
   3.1800000000000000E+04   1.6781090735397186E+03   6.8894742524988387E+03   2.2184761301540061E+03  -3.1729903989217654E+00   3.2640650763740572E+06
   3.1900000000000000E+04   1.6792179058101174E+03   6.9003718873054368E+03   2.2192848690115634E+03  -3.1679804577096782E+00   3.2668292310673622E+06
   3.2000000000000000E+04   1.6803690229573913E+03   6.9112845625461841E+03   2.2201674639654343E+03  -3.1629772588367540E+00   3.2696358482500580E+06
   3.2100000000000000E+04   1.6815666162262585E+03   6.9222116839386872E+03   2.2211311637717235E+03  -3.1579808740944606E+00   3.2724845780934440E+06
   3.2200000000000000E+04   1.6827220673321194E+03   6.9331526518448309E+03   2.2220213705623664E+03  -3.1529913746011431E+00   3.2753750650707111E+06
   3.2300000000000000E+04   1.6839518459124611E+03   6.9441068614740743E+03   2.2230412474534583E+03  -3.1480088308861767E+00   3.2783068307410371E+06
   3.2400000000000000E+04   1.6852094340196209E+03   6.9550737032084635E+03   2.2241096203323632E+03  -3.1430333127847940E+00   3.2812794791257777E+06
   3.2500000000000000E+04   1.6864688550436708E+03   6.9660525628402120E+03   2.2251812529231129E+03  -3.1380648894591157E+00   3.2842927263748348E+06
   3.2600000000000000E+04   1.6877921831880728E+03   6.9770428217620083E+03   2.2263642131947281E+03  -3.1331036294822914E+00   3.2873460487733292E+06
   3.2700000000000000E+04   1.6891118944960947E+03   6.9880438572522362E+03   2.2275409613686952E+03  -3.1281496007753913E+00   3.2904390349636995E+06
   3.2800000000000000E+04   1.6904082810685568E+03   6.9990550427430708E+03   2.2286773136466095E+03  -3.1232028705653470E+00   3.2935713569046431E+06
   3.2900000000000000E+04   1.6917691247754462E+03   7.0100757479549520E+03   2.2299259055577486E+03  -3.1182635055321803E+00   3.2967425056734225E+06
   3.3000000000000000E+04   1.6932054795758763E+03   7.0211053392428921E+03   2.2313058327317167E+03  -3.1133315716407388E+00   3.2999521147066364E+06
   3.3100000000000000E+04   1.6945246741931953E+03   7.0321431797372989E+03   2.2324825421950131E+03  -3.1084071342668911E+00   3.3031997249389044E+06
   3.3200000000000000E+04   1.6961386639111288E+03   7.0431886295815275E+03   2.2341711090322083E+03  -3.1034902581765067E+00   3.3064848730495260E+06
   3.3300000000000000E+04   1.6977867441385292E+03   7.0542410462103080E+03   2.2359188117373546E+03  -3.0985810074413105E+00   3.3098071798558827E+06
   3.3400000000000000E+04   1.6995077989282249E+03   7.0652997844482452E+03   2.2377930635102698E+03  -3.0936794456071510E+00   3.3131661740317843E+06
   3.3500000000000000E+04   1.7012452328291715E+03   7.0763641968395932E+03   2.2396957046424627E+03  -3.0887856355257379E+00   3.3165614098870009E+06
   3.3600000000000000E+04   1.7028072794199154E+03   7.0874336337981376E+03   2.2412945281196949E+03  -3.0838996394387728E+00   3.3199924674845729E+06
   3.3700000000000000E+04   1.7043652274148944E+03   7.0985074437970479E+03   2.2428865922389227E+03  -3.0790215189989856E+00   3.3234588939673211E+06
   3.3800000000000000E+04   1.7060643970557912E+03   7.1095849735697839E+03   2.2447235333885542E+03  -3.0741513352701348E+00   3.3269601742856218E+06
   3.3900000000000000E+04   1.7076349097747238E+03   7.1206655683830522E+03   2.2463381185666408E+03  -3.0692891486218312E+00   3.3304959666253198E+06
   3.4000000000000000E+04   1.7092044536453641E+03   7.1317485720956911E+03   2.2479515436729189E+03  -3.0644350189188576E+00   3.3340656613650518E+06
   3.4100000000000000E+04   1.7106185958961214E+03   7.1428333274849874E+03   2.2492968560925351E+03  -3.0595890053318460E+00   3.3376689400253636E+06
   3.4200000000000000E+04   1.7122469275597748E+03   7.1539191763281369E+03   2.2510132124277129E+03  -3.0547511664845284E+00   3.3413052460035332E+06
   3.4300000000000000E+04   1.7138185190184572E+03   7.1650054596313739E+03   2.2526321660515141E+03  -3.0499215603906298E+00   3.3449741376210162E+06
   3.4400000000000000E+04   1.7159589141549379E+03   7.1760915178104760E+03   2.2552342777416120E+03  -3.0451002444538711E+00   3.3486751706076683E+06
   3.4500000000000000E+04   1.7173831953506171E+03   7.1871766908525942E+03   2.2566000857319646E+03  -3.0402872754889967E+00   3.3524078394413958E+06
   3.4600000000000000E+04   1.7191685106006742E+03   7.1982603185053867E+03   2.2585900920344748E+03  -3.0354827097007475E+00   3.3561717244451866E+06
   3.4700000000000000E+04   1.7209339769574958E+03   7.2093417404010379E+03   2.2605465350427507E+03  -3.0306866027469646E+00   3.3599662861420796E+06
   3.4800000000000000E+04   1.7227049600274838E+03   7.2204202962697364E+03   2.2625132618032098E+03  -3.0258990096754741E+00   3.3637910711531453E+06
   3.4900000000000000E+04   1.7245058843411589E+03   7.2314953261195651E+03   2.2645324408778092E+03  -3.0211199849030694E+00   3.3676456241222038E+06
   3.5000000000000000E+04   1.7263230575509774E+03   7.2425661703036194E+03   2.2665804824172683E+03  -3.0163495823417072E+00   3.3715293996800082E+06
   3.5100000000000000E+04   1.7281895101344592E+03   7.2536321697869789E+03   2.2687143453205331E+03  -3.0115878552512680E+00   3.3754420269630100E+06
   3.5200000000000000E+04   1.7304342311281387E+03   7.2646926662072028E+03   2.2715008732784077E+03  -3.0068348563657672E+00   3.3793829278795822E+06
   3.5300000000000000E+04   1.7321165475100299E+03   7.2757470020886030E+03   2.2733192410770462E+03  -3.0020906378092107E+00   3.3833516403042777E+06
   3.5400000000000000E+04   1.7338033208416200E+03   7.2867945209432346E+03   2.2751465081505467E+03  -2.9973552511587025E+00   3.3873476713412851E+06
   3.5500000000000000E+04   1.7356012146072073E+03   7.2978345674797611E+03   2.2771663351338993E+03  -2.9926287473603068E+00   3.3913705854726909E+06
   3.5600000000000000E+04   1.7374463841545116E+03   7.3088664876664416E+03   2.2792687349603220E+03  -2.9879111768342193E+00   3.3954198872653251E+06
   3.5700000000000000E+04   1.7392885658695652E+03   7.3198896288860960E+03   2.2813672203379092E+03  -2.9832025894537320E+00   3.3994950509101134E+06
   3.5800000000000000E+04   1.7411706275692136E+03   7.3309033401205897E+03   2.2835355867205417E+03  -2.9785030344821335E+00   3.4035955789715056E+06
   3.5900000000000000E+04   1.7430470412782545E+03   7.3419069720364714E+03   2.2856955493107516E+03  -2.9738125606358050E+00   3.4077210024214596E+06
   3.6000000000000000E+04   1.7422211171681201E+03   7.3528998771154920E+03   2.2832134909918896E+03  -2.9691312160842318E+00   3.4118708221401870E+06
   3.6100000000000000E+04   1.7432305362343830E+03   7.3638814098472294E+03   2.2838890419470317E+03  -2.9644590483658528E+00   3.4160446261420790E+06
   3.6200000000000000E+04   1.7450803833497873E+03   7.3748509267247136E+03   2.2860092757246166E+03  -2.9597961045563443E+00   3.4202417969903778E+06
   3.6300000000000000E+04   1.7489129630789480E+03   7.3858077864799288E+03   2.2915337939178926E+03  -2.9551424311213790E+00   3.4244619508283078E+06
   3.6400000000000000E+04   1.7507238546561923E+03   7.3967513501384883E+03   2.2935894389479340E+03  -2.9504980740007585E+00   3.4287045279176626E+06
   3.6500000000000000E+04   1.7525932392688219E+03   7.4076809812018464E+03   2.2957471570329435E+03  -2.9458630785242770E+00   3.4329690851685582E+06
   3.6600000000000000E+04   1.7544933155571916E+03   7.4185960456468338E+03   2.2979592343482072E+03  -2.9412374895589704E+00   3.4372550624227934E+06
   3.6700000000000000E+04   1.7563893310256715E+03   7.4294959121682723E+03   2.3001660850875501E+03  -2.9366213513408295E+00   3.4415620745694553E+06
   3.6800000000000000E+04   1.7584203082110494E+03   7.4403799521729688E+03   2.3026061479705554E+03  -2.9320147076220455E+00   3.4458895321904966E+06
   3.6900000000000000E+04   1.7602786197219546E+03   7.4512475399682025E+03   2.3047519532568977E+03  -2.9274176015658422E+00   3.4502370209253076E+06
   3.7000000000000000E+04   1.7622763026308473E+03   7.4620980527829233E+03   2.3071385637588182E+03  -2.9228300758516395E+00   3.4546039808151270E+06
   3.7100000000000000E+04   1.7642432276220422E+03   7.4729308709848819E+03   2.3094743491441714E+03  -2.9182521725278221E+00   3.4589899977867026E+06
   3.7200000000000000E+04   1.7661786509254716E+03   7.4837453780133419E+03   2.3117581213331073E+03  -2.9136839332220767E+00   3.4633945124780303E+06
   3.7300000000000000E+04   1.7683842510832744E+03   7.4945409606581925E+03   2.3145067234651906E+03  -2.9091253989100139E+00   3.4678171114138514E+06
   3.7400000000000000E+04   1.7705856170239749E+03   7.5053170089871746E+03   2.3172500051077136E+03  -2.9045766101255164E+00   3.4722572361870063E+06
   3.7500000000000000E+04   1.7727350759176450E+03   7.5160729165539897E+03   2.3199063788407807E+03  -2.9000376068134979E+00   3.4767144742099219E+06
   3.7600000000000000E+04   1.7747310033018925E+03   7.5268080804036335E+03   2.3223019227910218E+03  -2.8955084284350674E+00   3.4811882683475981E+06
   3.7700000000000000E+04   1.7766888145800160E+03   7.5375219012429607E+03   2.3246344148720505E+03  -2.8909891138623678E+00   3.4856782072396246E+06
   3.7800000000000000E+04   1.7786490155230197E+03   7.5482137834071382E+03   2.3269732735382731E+03  -2.8864797015258112E+00   3.4901837353056455E+06
   3.7900000000000000E+04   1.7806054644264821E+03   7.5588831350426199E+03   2.3293080364867433E+03  -2.8819802292878722E+00   3.4947043559093787E+06
   3.8000000000000000E+04   1.7825621337425737E+03   7.5695293681871735E+03   2.3316455537660909E+03  -2.8774907344430862E+00   3.4992397178967395E+06
   3.8100000000000000E+04   1.7841095123466566E+03   7.5801518987287081E+03   2.3332854051117743E+03  -2.8730112538653008E+00   3.5037892107466580E+06
   3.8200000000000000E+04   1.7865331445378404E+03   7.5907501465989953E+03   2.3364265540018296E+03  -2.8685418238604190E+00   3.5083524274145388E+06
   3.8300000000000000E+04   1.7885061881817790E+03   7.6013235358300890E+03   2.3387994786562567E+03  -2.8640824801874469E+00   3.5129288752669664E+06
   3.8400000000000000E+04   1.7904639737756615E+03   7.6118714945398870E+03   2.3411488777192503E+03  -2.8596332581636581E+00   3.5175180628827265E+06
   3.8500000000000000E+04   1.7924393985140666E+03   7.6223934550861004E+03   2.3435310479797558E+03  -2.8551941925594271E+00   3.5221195289366245E+06
   3.8600000000000000E+04   1.7944140624425415E+03   7.6328888540987964E+03   2.3459145728315093E+03  -2.8507653176402918E+00   3.5267327846252229E+06
   3.8700000000000000E+04   1.7963875120299360E+03   7.6433571325621406E+03   2.3482987246425600E+03  -2.8463466671459248E+00   3.5313574287655312E+06
   3.8800000000000000E+04   1.7983808152377828E+03   7.6537977358254102E+03   2.3507195471296091E+03  -2.8419382743532342E+00   3.5359928891411559E+06
   3.8900000000000000E+04   1.8004004580091359E+03   7.6642101136976771E+03   2.3531881505726133E+03  -2.8375401720342968E+00   3.5406387674471503E+06
   3.9000000000000000E+04   1.8023842121084720E+03   7.6745937205408864E+03   2.3555982695076414E+03  -2.8331523924142838E+00   3.5452945807687999E+06
   3.9100000000000000E+04   1.8043579875099636E+03   7.6849480152401566E+03   2.3579942266864009E+03  -2.8287749672766402E+00   3.5499598764446038E+06
   3.9200000000000000E+04   1.8063190484301365E+03   7.6952724613273140E+03   2.3603714030600513E+03  -2.8244079278789433E+00   3.5546341748781046E+06
   3.9300000000000000E+04   1.8083234037754455E+03   7.7055665269990322E+03   2.3628254760682576E+03  -2.8200513049949696E+00   3.5593170268085087E+06
   3.9400000000000000E+04   1.8075397125204970E+03   7.7158296851675204E+03   2.3605254033827405E+03  -2.8157051289146997E+00   3.5640080132331904E+06
   3.9500000000000000E+04   1.8087226564192210E+03   7.7260614135093629E+03   2.3615856548278089E+03  -2.8113694294443161E+00   3.5687066028170856E+06
   3.9600000000000000E+04   1.8125987472262034E+03   7.7362611945300059E+03   2.3672411239101466E+03  -2.8070442358851655E+00   3.5734123802995440E+06
   3.9700000000000000E+04   1.8145546414556545E+03   7.7464285155741400E+03   2.3696252003888653E+03  -2.8027295770758336E+00   3.5781249037305363E+06
   3.9800000000000000E+04   1.8164447170234318E+03   7.7565628689040168E+03   2.3719002358598300E+03  -2.7984254813500726E+00   3.5828437047051680E+06
   3.9900000000000000E+04   1.8183517674137956E+03   7.7666637517062227E+03   2.3742074721562535E+03  -2.7941319765788717E+00   3.5875683736484111E+06
   4.0000000000000000E+04   1.8202863959263038E+03   7.7767306661490793E+03   2.3765650099576319E+03  -2.7898490901494197E+00   3.5922984745580894E+06
   4.0100000000000000E+04   1.8221168452300612E+03   7.7867631193857596E+03   2.3787483108807405E+03  -2.7855768490071799E+00   3.5970334885592507E+06
   4.0200000000000000E+04   1.8241738372792465E+03   7.7967606236434140E+03   2.3813210680589245E+03  -2.7813152795927767E+00   3.6017730406666249E+06
   4.0300000000000000E+04   1.8259393534346329E+03   7.8067226962581854E+03   2.3834005305598466E+03  -2.7770644078420084E+00   3.6065167013234044E+06
   4.0400000000000000E+04   1.8291309062684468E+03   7.8166488596029258E+03   2.3879133430548254E+03  -2.7728242593120456E+00   3.6112639867227301E+06
   4.0500000000000000E+04   1.8298708743532063E+03   7.8265386412418438E+03   2.3882522199556647E+03  -2.7685948590341902E+00   3.6160145001071906E+06
   4.0600000000000000E+04   1.8317378568038323E+03   7.8363915739078357E+03   2.3905150543116533E+03  -2.7643762315769802E+00   3.6207678468593927E+06
   4.0700000000000000E+04   1.8336464789694501E+03   7.8462071954956136E+03   2.3928523761499200E+03  -2.7601684010882632E+00   3.6255235221225070E+06
   4.0800000000000000E+04   1.8355615195682647E+03   7.8559850491592442E+03   2.3952042217069734E+03  -2.7559713912110482E+00   3.6302811641687052E+06
   4.0900000000000000E+04   1.8374866833670123E+03   7.8657246832668470E+03   2.3975769305681351E+03  -2.7517852251676564E+00   3.6350403292631442E+06
   4.1000000000000000E+04   1.8395977876110699E+03   7.8754256514599083E+03   2.4002698439585492E+03  -2.7476099257176405E+00   3.6398005762568661E+06
   4.1100000000000000E+04   1.8415730240223213E+03   7.8850875126934761E+03   2.4027351109444317E+03  -2.7434455151367558E+00   3.6445615504928301E+06
   4.1200000000000000E+04   1.8435897214129807E+03   7.8947098311861992E+03   2.4052746655624314E+03  -2.7392920153011011E+00   3.6493228157269126E+06
   4.1300000000000000E+04   1.8455275440418898E+03   7.9042921764931179E+03   2.4076837132343076E+03  -2.7351494476240075E+00   3.6540839384125136E+06
   4.1400000000000000E+04   1.8473385839937043E+03   7.9138341235060734E+03   2.4098807999542187E+03  -2.7310178330770785E+00   3.6588445155497147E+06
   4.1500000000000000E+04   1.8486292400305849E+03   7.9233352524883712E+03   2.4111963930891393E+03  -2.7268971921691549E+00   3.6636041745432322E+06
   4.1600000000000000E+04   1.8510122079962769E+03   7.9327951490545965E+03   2.4143743383709975E+03  -2.7227875449883876E+00   3.6683625174918952E+06
   4.1700000000000000E+04   1.8527953653951340E+03   7.9422134041847094E+03   2.4165357169627941E+03  -2.7186889112022210E+00   3.6731191214147531E+06
   4.1800000000000000E+04   1.8545741942917903E+03   7.9515896142725414E+03   2.4186937192090986E+03  -2.7146013100153503E+00   3.6778735938574704E+06
   4.1900000000000000E+04   1.8563412190758929E+03   7.9609233811016784E+03   2.4208356644248975E+03  -2.7105247602117650E+00   3.6826255450700442E+06
   4.2000000000000000E+04   1.8581037503303742E+03   7.9702143118556723E+03   2.4229740209575152E+03  -2.7064592801547707E+00   3.6873745880246060E+06
   4.2100000000000000E+04   1.8598440172147605E+03   7.9794620191450113E+03   2.4250786065761381E+03  -2.7024048877659337E+00   3.6921203660342209E+06
   4.2200000000000000E+04   1.8615840810410182E+03   7.9886661209970325E+03   2.4271869680573982E+03  -2.6983616005461331E+00   3.6968624424407906E+06
   4.2300000000000000E+04   1.8633051757872863E+03   7.9978262408625487E+03   2.4292672356262792E+03  -2.6943294355755540E+00   3.7016004936509854E+06
   4.2400000000000000E+04   1.8650246968476624E+03   8.0069420076033639E+03   2.4313490128329167E+03  -2.6903084095347176E+00   3.7063341162422071E+06
   4.2500000000000000E+04   1.8667277822106512E+03   8.0160130555324276E+03   2.4334070722405177E+03  -2.6862985386624203E+00   3.7110629372076299E+06
   4.2600000000000000E+04   1.8684240513281256E+03   8.0250390243811535E+03   2.4354577948481037E+03  -2.6822998387977930E+00   3.7157865864112913E+06
   4.2700000000000000E+04   1.8701105323347247E+03   8.0340195593193957E+03   2.4374961617848926E+03  -2.6783123253592831E+00   3.7205046965992735E+06
   4.2800000000000000E+04   1.8717442650896892E+03   8.0429543109565057E+03   2.4394492318396979E+03  -2.6743360133446337E+00   3.7252169034394356E+06
   4.2900000000000000E+04   1.8734023952760697E+03   8.0518429353232086E+03   2.4414480876927096E+03  -2.6703709173519354E+00   3.7299228999843122E+06
   4.3000000000000000E+04   1.8750588230670348E+03   8.0606850938344669E+03   2.4434484146880195E+03  -2.6664170516216816E+00   3.7346222731093639E+06
   4.3100000000000000E+04   1.8766819433423059E+03   8.0694804533772913E+03   2.4453965738538609E+03  -2.6624744299316099E+00   3.7393146401734450E+06
   4.3200000000000000E+04   1.8783183631009388E+03   8.0782286862536430E+03   2.4473717347258580E+03  -2.6585430656597921E+00   3.7439997300862577E+06
   4.3300000000000000E+04   1.8799300179726740E+03   8.0869294701221697E+03   2.4493092969173276E+03  -2.6546229718477483E+00   3.7486771389172343E+06
   4.3400000000000000E+04   1.8815341495642533E+03   8.0955824881192448E+03   2.4512385617445593E+03  -2.6507141610531986E+00   3.7533465741782770E+06
   4.3500000000000000E+04   1.8831110912091840E+03   8.1041874286726106E+03   2.4531261801545365E+03  -2.6468166455604165E+00   3.7580076381297139E+06
   4.3600000000000000E+04   1.8846773656792313E+03   8.1127439857108284E+03   2.4550002265939061E+03  -2.6429304371277982E+00   3.7626600441738474E+06
   4.3700000000000000E+04   1.8862313709170480E+03   8.1212518584388754E+03   2.4568580098754901E+03  -2.6390555472402970E+00   3.7673034277119054E+06
   4.3800000000000000E+04   1.8877892786081838E+03   8.1297107514556501E+03   2.4587269900052934E+03  -2.6351919869621692E+00   3.7719374542445475E+06
   4.3900000000000000E+04   1.8893259816478608E+03   8.1381203747443997E+03   2.4605645983117693E+03  -2.6313397669369771E+00   3.7765618459051303E+06
   4.4000000000000000E+04   1.8908585323556069E+03   8.1464804436080103E+03   2.4623997859839287E+03  -2.6274988974506943E+00   3.7811762473360347E+06
   4.4100000000000000E+04   1.8923715328381736E+03   8.1547906786214799E+03   2.4642064635466286E+03  -2.6236693884737696E+00   3.7857803331116061E+06
   4.4200000000000000E+04   1.8938827612379550E+03   8.1630508057282359E+03   2.4660148029793772E+03  -2.6198512495349289E+00   3.7903737542912299E+06
   4.4300000000000000E+04   1.8953560661288091E+03   8.1712605561730279E+03   2.4677635371331935E+03  -2.6160444897842692E+00   3.7949562716044956E+06
   4.4400000000000000E+04   1.8968309587907731E+03   8.1794196664338779E+03   2.4695196789436627E+03  -2.6122491180563681E+00   3.7995275155844078E+06
   4.4500000000000000E+04   1.8982857414428374E+03   8.1875278782799878E+03   2.4712464698999188E+03  -2.6084651427861427E+00   3.8040871997659421E+06
   4.4600000000000000E+04   1.8997338142986241E+03   8.1955849387384733E+03   2.4729666455483780E+03  -2.6046925720298861E+00   3.8086350670770779E+06
   4.4700000000000000E+04   1.9011483796614211E+03   8.2035906000240720E+03   2.4746348211255799E+03  -2.6009314135283725E+00   3.8131707575706183E+06
   4.4800000000000000E+04   1.9025680047308333E+03   8.2115446195949553E+03   2.4763163689421062E+03  -2.5971816746227137E+00   3.8176939939063541E+06
   4.4900000000000000E+04   1.9039568788288434E+03   8.2194467600629487E+03   2.4779506409297337E+03  -2.5934433623385029E+00   3.8222044753617141E+06
   4.5000000000000000E+04   1.9053550994843506E+03   8.2272967892479992E+03   2.4796055803151448E+03  -2.5897164833016748E+00   3.8267019306389992E+06
   4.5100000000000000E+04   1.9066894820842938E+03   8.2350944800870529E+03   2.4811572638141647E+03  -2.5860010438226380E+00   3.8311860651829070E+06
   4.5200000000000000E+04   1.9080706939361901E+03   8.2428396106510099E+03   2.4827931220032588E+03  -2.5822970498542186E+00   3.8356565875886022E+06
   4.5300000000000000E+04   1.9066494199262927E+03   8.2505319641429251E+03   2.4796915570035912E+03  -2.5786045069706103E+00   3.8401132618268407E+06
   4.5400000000000000E+04   1.9079403378395916E+03   8.2581713287687744E+03   2.4811850494028804E+03  -2.5749234204936005E+00   3.8445557243360644E+06
   4.5500000000000000E+04   1.9085683081138595E+03   8.2657574978975663E+03   2.4815625793226632E+03  -2.5712537952822001E+00   3.8489837973674885E+06
   4.5600000000000000E+04   1.9098336132259783E+03   8.2732902698403213E+03   2.4830227817915447E+03  -2.5675956359640497E+00   3.8533971757353512E+06
   4.5700000000000000E+04   1.9110714026217540E+03   8.2807694479728270E+03   2.4844414242327839E+03  -2.5639489467671233E+00   3.8577955835416950E+06
   4.5800000000000000E+04   1.9144144755752004E+03   8.2881948406403644E+03   2.4894237439176941E+03  -2.5603137316038764E+00   3.8621787738961368E+06
   4.5900000000000000E+04   1.9156180519454797E+03   8.2955662611344087E+03   2.4907939625671593E+03  -2.5566899940712449E+00   3.8665464770495188E+06
   4.6000000000000000E+04   1.9168430485098984E+03   8.3028835276869559E+03   2.4922054009098651E+03  -2.5530777374296076E+00   3.8708984521628134E+06
   4.6100000000000000E+04   1.9180851759029488E+03   8.3101464634280674E+03   2.4936507996554556E+03  -2.5494769646238278E+00   3.8752344356569611E+06
   4.6200000000000000E+04   1.9192593982606679E+03   8.3173548963792255E+03   2.4949864468636624E+03  -2.5458876782622033E+00   3.8795541671141037E+06
   4.6300000000000000E+04   1.9203998387038423E+03   8.3245086594280583E+03   2.4962700563614949E+03  -2.5423098806164859E+00   3.8838574148626230E+06
   4.6400000000000000E+04   1.9216127930357256E+03   8.3316075902663943E+03   2.4976812366409977E+03  -2.5387435736639392E+00   3.8881439501512400E+06
   4.6500000000000000E+04   1.9228132834164194E+03   8.3386515313641594E+03   2.4990763966682648E+03  -2.5351887590873359E+00   3.8924135471626273E+06
   4.6600000000000000E+04   1.9239067044931198E+03   8.3456403299608919E+03   2.5002957644370313E+03  -2.5316454382539346E+00   3.8966658813212225E+06
   4.6700000000000000E+04   1.9250507282797316E+03   8.3525738380930470E+03   2.5016056846971442E+03  -2.5281136121523682E+00   3.9009008601746964E+06
   4.6800000000000000E+04   1.9261526368450984E+03   8.3594519124218459E+03   2.5028495728185485E+03  -2.5245932815609184E+00   3.9051181146201710E+06
   4.6900000000000000E+04   1.9273243662536488E+03   8.3662744143502678E+03   2.5042164348375750E+03  -2.5210844468792457E+00   3.9093175323980376E+06
   4.7000000000000000E+04   1.9283695246108741E+03   8.3730412099044534E+03   2.5053747166571425E+03  -2.5175871082335579E+00   3.9134988520385600E+06
   4.7100000000000000E+04   1.9294253203527699E+03   8.3797521697052343E+03   2.5065560850041925E+03  -2.5141012654766124E+00   3.9176618405490187E+06
   4.7200000000000000E+04   1.9305036563385672E+03   8.3864071689754728E+03   2.5077806183999710E+03  -2.5106269181456446E+00   3.9218062931510247E+06
   4.7300000000000000E+04   1.9316698804112648E+03   8.3930060875108684E+03   2.5091585618991789E+03  -2.5071640654623724E+00   3.9259320079679321E+06
   4.7400000000000000E+04   1.9326629511584867E+03   8.3995488096143181E+03   2.5102494687706167E+03  -2.5037127063750577E+00   3.9300387610040195E+06
   4.7500000000000000E+04   1.9338065829791915E+03   8.4060352240842203E+03   2.5115995052847270E+03  -2.5002728395374807E+00   3.9341263562837606E+06
   4.7600000000000000E+04   1.9348668145981615E+03   8.4124652241482690E+03   2.5128139724080343E+03  -2.4968444633510036E+00   3.9381945758142066E+06
   4.7700000000000000E+04   1.9358891399417012E+03   8.4188387075233077E+03   2.5139696452852349E+03  -2.4934275758593989E+00   3.9422432543396289E+06
   4.7800000000000000E+04   1.9368580194415017E+03   8.4251555762223652E+03   2.5150403476478095E+03  -2.4900221749381606E+00   3.9462721301242490E+06
   4.7900000000000000E+04   1.9377675356183242E+03   8.4314157367400985E+03   2.5160161419175765E+03  -2.4866282580420882E+00   3.9502810932526812E+06
   4.8000000000000000E+04   1.9386503297006418E+03   8.4376190998053316E+03   2.5169520932260980E+03  -2.4832458224577070E+00   3.9542699126488250E+06
   4.8100000000000000E+04   1.9395117230655874E+03   8.4437655804578480E+03   2.5178571884157077E+03  -2.4798748651770501E+00   3.9582384097078620E+06
   4.8200000000000000E+04   1.9403537880340803E+03   8.4498550980347245E+03   2.5187349332923227E+03  -2.4765153828766366E+00   3.9621864086456196E+06
   4.8300000000000000E+04   1.9411782948659791E+03   8.4558875760305218E+03   2.5195883220568176E+03  -2.4731673720436684E+00   3.9661136874809014E+06
   4.8400000000000000E+04   1.9419851700044219E+03   8.4618629422092126E+03   2.5204172407089900E+03  -2.4698308288077579E+00   3.9700201252003592E+06
   4.8500000000000000E+04   1.9427746058929852E+03   8.4677811284460058E+03   2.5212220229579193E+03  -2.4665057490881757E+00   3.9739055543541214E+06
   4.8600000000000000E+04   1.9435443701584211E+03   8.4736420707130001E+03   2.5219989189247731E+03  -2.4631921285728029E+00   3.9777697373166420E+06
   4.8700000000000000E+04   1.9436192357843959E+03   8.4794457091543354E+03   2.5216112845487073E+03  -2.4598899625919373E+00   3.9816125611974131E+06
   4.8800000000000000E+04   1.9444102863305147E+03   8.4851919878738991E+03   2.5224346776193725E+03  -2.4565992463286288E+00   3.9854338427578188E+06
   4.8900000000000000E+04   1.9458541750872514E+03   8.4908808550639715E+03   2.5243618964213915E+03  -2.4533199746293732E+00   3.9892334500187063E+06
   4.9000000000000000E+04   1.9465595548625286E+03   8.4965122628286936E+03   2.5250513806154454E+03  -2.4500521421723920E+00   3.9930111812232397E+06
   4.9100000000000000E+04   1.9472457502281129E+03   8.5020861672942956E+03   2.5257138395364664E+03  -2.4467957432993450E+00   3.9967668858572473E+06
   4.9200000000000000E+04   1.9479140769242276E+03   8.5076025284682582E+03   2.5263514949675255E+03  -2.4435507721415526E+00   4.0005004400303988E+06
   4.9300000000000000E+04   1.9485680823754847E+03   8.5130613102238331E+03   2.5269703199686210E+03  -2.4403172225989462E+00   4.0042116983946022E+06
   4.9400000000000000E+04   1.9492004780798511E+03   8.5184624802665894E+03   2.5275580626124824E+03  -2.4370950883400826E+00   4.0079004944180804E+06
   4.9500000000000000E+04   1.9498135843804798E+03   8.5238060101365027E+03   2.5281186336743940E+03  -2.4338843627600579E+00   4.0115666882519033E+06
   4.9600000000000000E+04   1.9504112571237772E+03   8.5290918751384797E+03   2.5286585217041857E+03  -2.4306850390225967E+00   4.0152101426798399E+06
   4.9700000000000000E+04   1.9509912054661709E+03   8.5343200542729173E+03   2.5291738804051965E+03  -2.4274971101021028E+00   4.0188306994273420E+06
   4.9800000000000000E+04   1.9515552023955822E+03   8.5394905302910538E+03   2.5296676941607243E+03  -2.4243205686785001E+00   4.0224282502978840E+06
   4.9900000000000000E+04   1.9521073992538843E+03   8.5446032895718508E+03   2.5301469402141388E+03  -2.4211554072423982E+00   4.0260026658923812E+06
   5.0000000000000000E+04   1.9526345833072251E+03   8.5496583221415003E+03   2.5305894258042922E+03  -2.4180016180319872E+00   4.0295538194031175E+06


