#Te   kappa_tot   kappa_e_ph  kappa_e_e mu Ce
#[K]  [W/(K*m)]   [W/(K*m)]   [W/(K*m)]   [eV]  [J/(m^3*K)]
   3.0000000000000000E+02   1.5830519661622056E+00   1.5938538519036327E+00   2.3358453648093212E+02   4.0884137988480296E+00   2.8482674631952964E+03
   4.0000000000000000E+02   3.4572062113075170E+00   3.4901000960626480E+00   3.6681577198967898E+02   4.0903510253536703E+00   4.1411290118464867E+03
   5.0000000000000000E+02   5.8066985202180970E+00   5.8803024904103802E+00   4.6390355955392278E+02   4.0925128705825395E+00   5.8113783923998153E+03
   6.0000000000000000E+02   8.4691384291096430E+00   8.6035749665540759E+00   5.4200196436244562E+02   4.0949263783570506E+00   7.8598236928594815E+03
   7.0000000000000000E+02   1.1401358965311104E+01   1.1621670203398509E+01   6.0143474711371050E+02   4.0975677657490417E+00   1.0288721508612613E+04
   8.0000000000000000E+02   1.4590735637809789E+01   1.4928301751397594E+01   6.4525109484794052E+02   4.1003729571114151E+00   1.3077280735071043E+04
   9.0000000000000000E+02   1.8018522693536053E+01   1.8511222138888741E+01   6.7697432855012323E+02   4.1032495840778092E+00   1.6183409477018675E+04
   1.0000000000000000E+03   2.1664129906396724E+01   2.2359024524381624E+01   6.9706801483249046E+02   4.1060896564366169E+00   1.9554933318978809E+04
   1.1000000000000000E+03   2.5524835454056124E+01   2.6474107817855202E+01   7.1185812588000579E+02   4.1087818073300326E+00   2.3140492733267612E+04
   1.2000000000000000E+03   2.9608803573457248E+01   3.0875028150138789E+01   7.2196722497540031E+02   4.1112218100155573E+00   2.6897313245681846E+04
   1.3000000000000000E+03   3.3932995237358384E+01   3.5590984266214562E+01   7.2841778719822844E+02   4.1133203147038193E+00   3.0795402141670140E+04
   1.4000000000000000E+03   3.8513574088598332E+01   4.0655137454994893E+01   7.3113626849608534E+02   4.1150073043499509E+00   3.4818518859053773E+04
   1.5000000000000000E+03   4.3390699047431447E+01   4.6100047199830080E+01   7.3830056589416279E+02   4.1162334204950008E+00   3.8962719176825885E+04
   1.6000000000000000E+03   4.8559120614055018E+01   5.1955379726761315E+01   7.4284896027572631E+02   4.1169688335393175E+00   4.3233516614483524E+04
   1.7000000000000000E+03   5.4021547059056445E+01   5.8246990855836614E+01   7.4467741352156827E+02   4.1172005783473296E+00   4.7642633522937431E+04
   1.8000000000000000E+03   5.9800188272281858E+01   6.4996599961198839E+01   7.4797940336939632E+02   4.1169292350416873E+00   5.2205043499853462E+04
   1.9000000000000000E+03   6.5879202171652281E+01   7.2221648251068558E+01   7.5016870568965021E+02   4.1161656155167883E+00   5.6936650818994742E+04
   2.0000000000000000E+03   7.2239360011577801E+01   7.9935207688927392E+01   7.5033556898950644E+02   4.1149278466502688E+00   6.1852683427564669E+04
   2.1000000000000000E+03   7.8780905745377211E+01   8.8145933902402078E+01   7.4150513956484042E+02   4.1132390113624773E+00   6.6966708511209843E+04
   2.2000000000000000E+03   8.5602299521858484E+01   9.6858090152850153E+01   7.3662308728009452E+02   4.1111253562372667E+00   7.2290115304268838E+04
   2.3000000000000000E+03   9.2634847649675962E+01   1.0607166230448918E+02   7.3126946601175871E+02   4.1086149919096471E+00   7.7831922981056996E+04
   2.4000000000000000E+03   9.9824083140775599E+01   1.1578256726426696E+02   7.2424727382640697E+02   4.1057369844542322E+00   8.3598779868353813E+04
   2.5000000000000000E+03   1.0721007999363809E+02   1.2598294285680386E+02   7.1947691089851025E+02   4.1025207360753839E+00   8.9595071235219686E+04
   2.6000000000000000E+03   1.1472410813726016E+02   1.3666149889087845E+02   7.1468702695972422E+02   4.0989955689497757E+00   9.5823076499136092E+04
   2.7000000000000000E+03   1.2240380108391820E+02   1.4780390662532704E+02   7.1227105558668779E+02   4.0951904456432642E+00   1.0228314105683204E+05
   2.8000000000000000E+03   1.3024154408316144E+02   1.5939320518699751E+02   7.1212467399283059E+02   4.0911337771516711E+00   1.0897384199169803E+05
   2.9000000000000000E+03   1.3811787660256684E+02   1.7141020683487491E+02   7.1111915659976307E+02   4.0868532855221220E+00   1.1589214202659184E+05
   3.0000000000000000E+03   1.4586944643395938E+02   1.8383388722190827E+02   7.0633853174981630E+02   4.0823758986239858E+00   1.2303352979454289E+05
   3.1000000000000000E+03   1.5379613251714892E+02   1.9664175092945180E+02   7.0585375833124010E+02   4.0777276638208440E+00   1.3039214697878623E+05
   3.2000000000000000E+03   1.6150055892383673E+02   2.0981016628529412E+02   7.0140208073833321E+02   4.0729336728355960E+00   1.3796090595956557E+05
   3.3000000000000000E+03   1.6932032623358492E+02   2.2331466657883473E+02   7.0029028887282334E+02   4.0680179936531937E+00   1.4573160448730210E+05
   3.4000000000000000E+03   1.7713104265047659E+02   2.3713021709764178E+02   7.0006167560566655E+02   4.0630036084332630E+00   1.5369503534095598E+05
   3.5000000000000000E+03   1.8491126300386199E+02   2.5123144920000971E+02   7.0047337383022602E+02   4.0579123570751525E+00   1.6184109708755990E+05
   3.6000000000000000E+03   1.9251075021950874E+02   2.6559286370603479E+02   6.9961689674482534E+02   4.0527648875525033E+00   1.7015890746704099E+05
   3.7000000000000000E+03   2.0002904840278569E+02   2.8018900661107864E+02   6.9917626727926199E+02   4.0475806137992967E+00   1.7863691769365687E+05
   3.8000000000000000E+03   2.0761751298591190E+02   2.9499462033571820E+02   7.0093931094711252E+02   4.0423776825101747E+00   1.8726302991373118E+05
   3.9000000000000000E+03   2.1512818471176405E+02   3.0998477377251055E+02   7.0302403164909038E+02   4.0371729494806905E+00   1.9602471402318918E+05
   4.0000000000000000E+03   2.2248505317216200E+02   3.2513497410320929E+02   7.0470265681035653E+02   4.0319819664257146E+00   2.0490912373621558E+05
   4.1000000000000000E+03   2.2953690505833222E+02   3.4042126309432598E+02   7.0469130660751398E+02   4.0268189782314527E+00   2.1390320916954672E+05
   4.2000000000000000E+03   2.3658476600592496E+02   3.5582030010942890E+02   7.0601153485396594E+02   4.0216969307973178E+00   2.2299383044811821E+05
   4.3000000000000000E+03   2.4342577837277534E+02   3.7130943369270818E+02   7.0678530174695186E+02   4.0166274890209728E+00   2.3216786055423098E+05
   4.4000000000000000E+03   2.5045242503867212E+02   3.8686676311973548E+02   7.1027518333609464E+02   4.0116210647029895E+00   2.4141228015399756E+05
   4.5000000000000000E+03   2.5702282444337379E+02   4.0247119110172747E+02   7.1120965240563351E+02   4.0066868528743660E+00   2.5071426981478860E+05
   4.6000000000000000E+03   2.6349336907681260E+02   4.1810246837968009E+02   7.1255332648231911E+02   4.0018328761669517E+00   2.6006128766577243E+05
   4.7000000000000000E+03   2.7027630189916613E+02   4.3374123084172015E+02   7.1715674188614764E+02   3.9970660358417622E+00   2.6944113909570192E+05
   4.8000000000000000E+03   2.7631355298650550E+02   4.4936902958546551E+02   7.1749681435741559E+02   3.9923921684696539E+00   2.7884203704693855E+05
   4.9000000000000000E+03   2.8246269295755474E+02   4.6496835430372641E+02   7.1962816127417614E+02   3.9878161068346043E+00   2.8825265252050699E+05
   5.0000000000000000E+03   2.8870913413331948E+02   4.8052265025773340E+02   7.2326122314224381E+02   3.9833417441212013E+00   2.9766215416013438E+05
   5.1000000000000000E+03   2.9478850642638895E+02   4.9601632910784713E+02   7.2663864704369041E+02   3.9789721003362928E+00   3.0706023903715773E+05
   5.2000000000000000E+03   3.0036848248739648E+02   5.1143477394543970E+02   7.2782293126997740E+02   3.9747093895125962E+00   3.1643715599939454E+05
   5.3000000000000000E+03   3.0603862910146353E+02   5.2676433877947272E+02   7.3036456122297409E+02   3.9705550871804087E+00   3.2578372076352499E+05
   5.4000000000000000E+03   3.1118024778958340E+02   5.4199234283357498E+02   7.3071262366412600E+02   3.9665099971690649E+00   3.3509132156195544E+05
   5.5000000000000000E+03   3.1678954097562354E+02   5.5710706007985470E+02   7.3438545177570018E+02   3.9625743166210659E+00   3.4435192391318240E+05
   5.6000000000000000E+03   3.2170703147668485E+02   5.7209770431342156E+02   7.3504277169821944E+02   3.9587476993305875E+00   3.5355806314038538E+05
   5.7000000000000000E+03   3.2681475492886557E+02   5.8695441030877396E+02   7.3739377212342617E+02   3.9550293160211853E+00   3.6270284069641388E+05
   5.8000000000000000E+03   3.3191625760133934E+02   6.0166821137517888E+02   7.4032257503043945E+02   3.9514179120542074E+00   3.7177990629003040E+05
   5.9000000000000000E+03   3.3649308656621395E+02   6.1623101384657912E+02   7.4125621042169325E+02   3.9479118615625661E+00   3.8078344660480390E+05
   6.0000000000000000E+03   3.4101533037554611E+02   6.3063556888922642E+02   7.4254616312378926E+02   3.9445092182108925E+00   3.8970816652158363E+05
   6.1000000000000000E+03   3.4572098339295695E+02   6.4487544207901271E+02   7.4525705878077292E+02   3.9412077622693538E+00   3.9854926900063478E+05
   6.2000000000000000E+03   3.5000185740431237E+02   6.5894498112024212E+02   7.4651917979374798E+02   3.9380050442468475E+00   4.0730243310873763E+05
   6.3000000000000000E+03   3.5410362216721575E+02   6.7283928214850380E+02   7.4749975248819555E+02   3.9348984246814251E+00   4.1596379271150113E+05
   6.4000000000000000E+03   3.5841378822721521E+02   6.8655415495122793E+02   7.4989394921401197E+02   3.9318851103784156E+00   4.2452991522588121E+05
   6.5000000000000000E+03   3.6195194260866737E+02   7.0008608740789600E+02   7.4939938254696858E+02   3.9289621874760345E+00   4.3299777329881903E+05
   6.6000000000000000E+03   3.6605317724365943E+02   7.1343220953724392E+02   7.5178437030235057E+02   3.9261266508469523E+00   4.4136472832728724E+05
   6.7000000000000000E+03   3.6966759334712538E+02   7.2659025735359592E+02   7.5253520964559129E+02   3.9233754305954744E+00   4.4962850339039369E+05
   6.8000000000000000E+03   3.7315793468228986E+02   7.3955853681296219E+02   7.5319782382715391E+02   3.9207054155832650E+00   4.5778716009979363E+05
   6.9000000000000000E+03   3.7687674022714407E+02   7.5233588807324440E+02   7.5517642513043597E+02   3.9181134741400259E+00   4.6583907904763683E+05
   7.0000000000000000E+03   3.7979075286343055E+02   7.6492165024726717E+02   7.5431540653414095E+02   3.9155964722719432E+00   4.7378293745986582E+05
   7.1000000000000000E+03   3.8265840559064827E+02   7.7731562683404979E+02   7.5368279710651802E+02   3.9131512894125078E+00   4.8161768805043085E+05
   7.2000000000000000E+03   3.8598431873622297E+02   7.8951805192559334E+02   7.5518243541597792E+02   3.9107748322966867E+00   4.8934253826664417E+05
   7.3000000000000000E+03   3.8894829752245766E+02   8.0152955739468086E+02   7.5561734640865768E+02   3.9084640464221572E+00   4.9695693391775119E+05
   7.4000000000000000E+03   3.9199962541985406E+02   8.1335114104853153E+02   7.5669205117280762E+02   3.9062159262594491E+00   5.0446053764667548E+05
   7.5000000000000000E+03   3.9435672789541724E+02   8.2498413594471936E+02   7.5549776520388116E+02   3.9040275233842783E+00   5.1185321360449697E+05
   7.6000000000000000E+03   3.9742608996688625E+02   8.3643018084034622E+02   7.5721202424396552E+02   3.9018959534928292E+00   5.1913501095297566E+05
   7.7000000000000000E+03   4.0003313403553551E+02   8.4769119186813464E+02   7.5750800916921253E+02   3.8998184020541773E+00   5.2630614618769882E+05
   7.8000000000000000E+03   4.0247471420135190E+02   8.5876933547759836E+02   7.5747757423592509E+02   3.8977921286892583E+00   5.3336699132778938E+05
   7.9000000000000000E+03   4.0504506922898418E+02   8.6966700262316067E+02   7.5815260960746605E+02   3.8958144707678595E+00   5.4031805787014496E+05
   8.0000000000000000E+03   4.0640099049313579E+02   8.8038678424934881E+02   7.5485397631985893E+02   3.8938828459779136E+00   5.4715998307629849E+05
   8.1000000000000000E+03   4.0866754738317235E+02   8.9093144806264343E+02   7.5496998480151308E+02   3.8919947540681403E+00   5.5389352133390075E+05
   8.2000000000000000E+03   4.1138690377909023E+02   9.0130391655124015E+02   7.5683149988185107E+02   3.8901477781662068E+00   5.6051952760727424E+05
   8.3000000000000000E+03   4.1320917273912687E+02   9.1150724629734680E+02   7.5585914370234889E+02   3.8883395851808720E+00   5.6703895132641075E+05
   8.4000000000000000E+03   4.1493958998117927E+02   9.2154460849894997E+02   7.5479975133035009E+02   3.8865679259695556E+00   5.7345282250419073E+05
   8.5000000000000000E+03   4.1626913445792184E+02   9.3141927071505665E+02   7.5263707868739891E+02   3.8848306349473489E+00   5.7976224519259227E+05
   8.6000000000000000E+03   4.1874497064563985E+02   9.4113457978821737E+02   7.5440890302902642E+02   3.8831256293497574E+00   5.8596838668276253E+05
   8.7000000000000000E+03   4.2006941456764025E+02   9.5069394591219111E+02   7.5261776586242831E+02   3.8814509081826292E+00   5.9207247041608859E+05
   8.8000000000000000E+03   4.2184220738103767E+02   9.6010082780480127E+02   7.5244694119469807E+02   3.8798045509375174E+00   5.9807576967356075E+05
   8.9000000000000000E+03   4.2272215148324767E+02   9.6935871894459467E+02   7.4961945033119082E+02   3.8781847161394731E+00   6.0397959723625239E+05
   9.0000000000000000E+03   4.2469431595640469E+02   9.7847113484849876E+02   7.5039459060228762E+02   3.8765896395597221E+00   6.0978530258582695E+05
   9.1000000000000000E+03   4.2546290365024197E+02   9.8744160131468004E+02   7.4757241266686810E+02   3.8750176324953465E+00   6.1549426287902333E+05
   9.2000000000000000E+03   4.2680642851845829E+02   9.9627364361936031E+02   7.4669091456811589E+02   3.8734670797920678E+00   6.2110788034056197E+05
   9.3000000000000000E+03   4.2839142741404680E+02   1.0049707766032716E+03   7.4668103549644843E+02   3.8719364378669954E+00   6.2662757521221845E+05
   9.4000000000000000E+03   4.2970223712820211E+02   1.0135364956158867E+03   7.4596324769525609E+02   3.8704242326196976E+00   6.3205478248835914E+05
   9.5000000000000000E+03   4.3016869398047203E+02   1.0219742682625474E+03   7.4284757590101640E+02   3.8689290573879385E+00   6.3739094498329365E+05
   9.6000000000000000E+03   4.3141072037396623E+02   1.0302875269313154E+03   7.4218450158528094E+02   3.8674495707246841E+00   6.4263751485181670E+05
   9.7000000000000000E+03   4.3233283785099360E+02   1.0384796620276506E+03   7.4069324696173976E+02   3.8659844943761916E+00   6.4779594423433673E+05
   9.8000000000000000E+03   4.3342981867379319E+02   1.0465540159065590E+03   7.3983006933015042E+02   3.8645326110925171E+00   6.5286768508520839E+05
   9.9000000000000000E+03   4.3449925442822860E+02   1.0545138774403135E+03   7.3899143105066105E+02   3.8630927625497633E+00   6.5785418572585157E+05
   1.0000000000000000E+04   4.3460987606487390E+02   1.0623624771965067E+03   7.3550188994522387E+02   3.8616638472164402E+00   6.6275688925506384E+05
   1.0100000000000000E+04   4.3573283992921540E+02   1.0701029831764045E+03   7.3502672980384830E+02   3.8602448183315494E+00   6.6757722950870567E+05
   1.0200000000000000E+04   4.3655103295672114E+02   1.0777384970822254E+03   7.3377581515907139E+02   3.8588346819385286E+00   6.7231662935820327E+05
   1.0300000000000000E+04   4.3734358248075119E+02   1.0852720510919867E+03   7.3254501042087986E+02   3.8574324947851300E+00   6.7697649982406304E+05
   1.0400000000000000E+04   4.3792364962628733E+02   1.0927066050787939E+03   7.3081020280401037E+02   3.8560373625025854E+00   6.8155823715822538E+05
   1.0500000000000000E+04   4.3791106276782506E+02   1.1000450442730851E+03   7.2752933376865053E+02   3.8546484376395336E+00   6.8606322235138435E+05
   1.0600000000000000E+04   4.3875093669902162E+02   1.1072901773105525E+03   7.2669571654198455E+02   3.8532649179305563E+00   6.9049281851707399E+05
   1.0700000000000000E+04   4.3918347293267385E+02   1.1144447346656507E+03   7.2482420760505227E+02   3.8518860443747931E+00   6.9484837254903128E+05
   1.0800000000000000E+04   4.3980608894077506E+02   1.1215113674081765E+03   7.2354952173954359E+02   3.8505110996385064E+00   6.9913120951190463E+05
   1.0900000000000000E+04   4.3978232581330150E+02   1.1284926462881635E+03   7.2060938524287815E+02   3.8491394063124527E+00   7.0334263609005813E+05
   1.1000000000000000E+04   4.4122994811273804E+02   1.1353910611074057E+03   7.2168914334435726E+02   3.8477703252697575E+00   7.0748393792138109E+05
   1.1100000000000000E+04   4.4137646582929165E+02   1.1422090203515750E+03   7.1935040315694425E+02   3.8464032541690361E+00   7.1155637815451436E+05
   1.1200000000000000E+04   4.4207062483466615E+02   1.1489488510747058E+03   7.1853470321094608E+02   3.8450376258792995E+00   7.1556119929468865E+05
   1.1300000000000000E+04   4.4188976255913394E+02   1.1556127990035247E+03   7.1547846893933206E+02   3.8436729070054190E+00   7.1949962107041443E+05
   1.1400000000000000E+04   4.4176971639275297E+02   1.1622030288381886E+03   7.1266291212697217E+02   3.8423085965811294E+00   7.2337283890631632E+05
   1.1500000000000000E+04   4.4108996419830851E+02   1.1687216247541839E+03   7.0847848927682196E+02   3.8409442245386378E+00   7.2718202781549469E+05
   1.1600000000000000E+04   4.4179586417838027E+02   1.1751705910518344E+03   7.0794027637708598E+02   3.8395793505580245E+00   7.3092833742504998E+05
   1.1700000000000000E+04   4.4147506187393935E+02   1.1815518529730132E+03   7.0482642297682696E+02   3.8382135626932299E+00   7.3461289574565680E+05
   1.1800000000000000E+04   4.4125924500198965E+02   1.1878672576433421E+03   7.0205167959009589E+02   3.8368464762214702E+00   7.3823680517803552E+05
   1.1900000000000000E+04   4.4124814334160175E+02   1.1941185751425703E+03   6.9985827833742303E+02   3.8354777324256082E+00   7.4180114616719191E+05
   1.2000000000000000E+04   4.4111002668723080E+02   1.2003074996788753E+03   6.9740441986700228E+02   3.8341069974994224E+00   7.4530697684637830E+05
   1.2100000000000000E+04   4.4162056178500075E+02   1.2064356508617100E+03   6.9662170307621125E+02   3.8327339614528637E+00   7.4875532971092965E+05
   1.2200000000000000E+04   4.4105023572811666E+02   1.2125045750584829E+03   6.9320425252278278E+02   3.8313583370731683E+00   7.5214721482676733E+05
   1.2300000000000000E+04   4.4094587414892106E+02   1.2185157468274224E+03   6.9099833986391877E+02   3.8299798588859728E+00   7.5548362106375187E+05
   1.2400000000000000E+04   4.4097037223190949E+02   1.2244705704070593E+03   6.8915776215121468E+02   3.8285982822951681E+00   7.5876551084518584E+05
   1.2500000000000000E+04   4.4030088392651561E+02   1.2303703812748183E+03   6.8567786536566302E+02   3.8272133824993175E+00   7.6199382864855241E+05
   1.2600000000000000E+04   4.4076495591973685E+02   1.2362164477355773E+03   6.8499574606313513E+02   3.8258249537543980E+00   7.6516949186221499E+05
   1.2700000000000000E+04   4.4004787986818695E+02   1.2420099725629168E+03   6.8150834083064422E+02   3.8244328084130932E+00   7.6829340032560029E+05
   1.2800000000000000E+04   4.4023313518053709E+02   1.2477520946620011E+03   6.8023395625764738E+02   3.8230367761875423E+00   7.7136642735286790E+05
   1.2900000000000000E+04   4.4015167129227024E+02   1.2534438907663427E+03   6.7836063124845828E+02   3.8216367032779930E+00   7.7438942834855651E+05
   1.3000000000000000E+04   4.3985004637797419E+02   1.2590863771470777E+03   6.7600664250583043E+02   3.8202324516578865E+00   7.7736323703546345E+05
   1.3100000000000000E+04   4.3909402686534634E+02   1.2646805113368082E+03   6.7262929912971458E+02   3.8188238983700877E+00   7.8028866520464944E+05
   1.3200000000000000E+04   4.3868096742524978E+02   1.2702271938657348E+03   6.7010645534420223E+02   3.8174109347784433E+00   7.8316650374184200E+05
   1.3300000000000000E+04   4.3833217699621446E+02   1.2757272699990194E+03   6.6777595926303638E+02   3.8159934658975350E+00   7.8599752593604464E+05
   1.3400000000000000E+04   4.3943071244183466E+02   1.2811815314700107E+03   6.6883274766655450E+02   3.8145714098229635E+00   7.8878248209481372E+05
   1.3500000000000000E+04   4.3901082186823686E+02   1.2865907182192236E+03   6.6640000670753147E+02   3.8131446969940801E+00   7.9152210593530000E+05
   1.3600000000000000E+04   4.3838136120456613E+02   1.2919555201137146E+03   6.6352667030948146E+02   3.8117132697136382E+00   7.9421710907788598E+05
   1.3700000000000000E+04   4.3737112168301519E+02   1.2972765786666318E+03   6.5982987750168365E+02   3.8102770814775409E+00   7.9686818856687844E+05
   1.3800000000000000E+04   4.3740986580943206E+02   1.3025544887345436E+03   6.5856062562174498E+02   3.8088360964945069E+00   7.9947601941083651E+05
   1.3900000000000000E+04   4.3688373524811192E+02   1.3077898002019876E+03   6.5604330458059894E+02   3.8073902891610354E+00   8.0204125939912349E+05
   1.4000000000000000E+04   4.3609136306152226E+02   1.3129830196515049E+03   6.5296613374459969E+02   3.8059396434805217E+00   8.0456455089335155E+05
   1.4100000000000000E+04   4.3465265471178498E+02   1.3181346120049902E+03   6.4849169091216265E+02   3.8044841526611108E+00   8.0704651733915973E+05
   1.4200000000000000E+04   4.3449979047977627E+02   1.3232450021494560E+03   6.4692295231295316E+02   3.8030238186018406E+00   8.0948776592771150E+05
   1.4300000000000000E+04   4.3438709175830780E+02   1.3283145765340287E+03   6.4546925300719454E+02   3.8015586514904949E+00   8.1188888592032576E+05
   1.4400000000000000E+04   4.3366413669541384E+02   1.3333436847489152E+03   6.4269921353212214E+02   3.8000886692785656E+00   8.1425045393154921E+05
   1.4500000000000000E+04   4.3237212569565230E+02   1.3383326410670124E+03   6.3872290137150662E+02   3.7986138973796533E+00   8.1657302775285195E+05
   1.4600000000000000E+04   4.3182556918104240E+02   1.3432817259662561E+03   6.3641393123264015E+02   3.7971343682226282E+00   8.1885715113873943E+05
   1.4700000000000000E+04   4.3146482352766094E+02   1.3481911876230918E+03   6.3453730102256600E+02   3.7956501208271396E+00   8.2110335259925306E+05
   1.4800000000000000E+04   4.3092825059140637E+02   1.3530612433696463E+03   6.3230826693621577E+02   3.7941612005243388E+00   8.2331214834043791E+05
   1.4900000000000000E+04   4.3001666345768086E+02   1.3578920811281207E+03   6.2930454988054726E+02   3.7926676585547519E+00   8.2548403514966916E+05
   1.5000000000000000E+04   4.2867146197798985E+02   1.3626838608130042E+03   6.2541319960754220E+02   3.7911695517107842E+00   8.2761950290742668E+05
   1.5100000000000000E+04   4.2836894736464268E+02   1.3674367156975195E+03   6.2377545715472820E+02   3.7896669420798115E+00   8.2971902206464077E+05
   1.5200000000000000E+04   4.2809348954065797E+02   1.3721507537572700E+03   6.2221734487603499E+02   3.7881598966420325E+00   8.3178305360571737E+05
   1.5300000000000000E+04   4.2734044107060367E+02   1.3768260589700899E+03   6.1967600585611524E+02   3.7866484871028887E+00   8.3381204335596005E+05
   1.5400000000000000E+04   4.2657992804613423E+02   1.3814626926013564E+03   6.1714828027375620E+02   3.7851327894239057E+00   8.3580642781147594E+05
   1.5500000000000000E+04   4.2530408801992036E+02   1.3860606944357389E+03   6.1357608748215375E+02   3.7836128837556662E+00   8.3776662712606275E+05
   1.5600000000000000E+04   4.2473997512809524E+02   1.3906200839993955E+03   6.1151682746707763E+02   3.7820888539798010E+00   8.3969305443717400E+05
   1.5700000000000000E+04   4.2376338845101901E+02   1.3951408617301568E+03   6.0863015171379652E+02   3.7805607876196277E+00   8.4158610701894877E+05
   1.5800000000000000E+04   4.2360016934602083E+02   1.3996230101328683E+03   6.0744535817922417E+02   3.7790287754603389E+00   8.4344617519321886E+05
   1.5900000000000000E+04   4.2257279254938152E+02   1.4040664948902388E+03   6.0450749531629629E+02   3.7774929114037836E+00   8.4527363564049779E+05
   1.6000000000000000E+04   4.2162386221993575E+02   1.4084712659470711E+03   6.0175979865941395E+02   3.7759532922450587E+00   8.4706885513692035E+05
   1.6100000000000000E+04   4.2102001306613067E+02   1.4128372585670425E+03   5.9974028860709666E+02   3.7744100173932220E+00   8.4883219084210577E+05
   1.6200000000000000E+04   4.2026270254668742E+02   1.4171643943524184E+03   5.9743236792454900E+02   3.7728631887037443E+00   8.5056399119379034E+05
   1.6300000000000000E+04   4.1883837759602648E+02   1.4214525822326782E+03   5.9380656150565494E+02   3.7713129103221084E+00   8.5226459249496460E+05
   1.6400000000000000E+04   4.1801523550231315E+02   1.4257017194299044E+03   5.9141910654660342E+02   3.7697592884157207E+00   8.5393432341709710E+05
   1.6500000000000000E+04   4.1710957372856683E+02   1.4299116923843894E+03   5.8889080649981270E+02   3.7682024310733651E+00   8.5557350153643533E+05
   1.6600000000000000E+04   4.1570186798362732E+02   1.4340823776618604E+03   5.8539093940907867E+02   3.7666424480259324E+00   8.5718244174806576E+05
   1.6700000000000000E+04   4.1503148608955473E+02   1.4382136428173214E+03   5.8337994028521780E+02   3.7650794506017378E+00   8.5876144393506099E+05
   1.6800000000000000E+04   4.1477018039384490E+02   1.4423053472420454E+03   5.8219442833625862E+02   3.7635135514919424E+00   8.6031080326200719E+05
   1.6900000000000000E+04   4.1377041742643883E+02   1.4463573429747858E+03   5.7957336737792298E+02   3.7619448646388349E+00   8.6183080337750912E+05
   1.7000000000000000E+04   4.1272016485279187E+02   1.4503694754924049E+03   5.7687768197302057E+02   3.7603735050124181E+00   8.6332172634549323E+05
   1.7100000000000000E+04   4.1122227252178288E+02   1.4543415844617680E+03   5.7333580592332805E+02   3.7587995885657284E+00   8.6478384317521413E+05
   1.7200000000000000E+04   4.1075375533675566E+02   1.4582735044718677E+03   5.7181863994876460E+02   3.7572232320784367E+00   8.6621741722186527E+05
   1.7300000000000000E+04   4.1000881666328837E+02   1.4621650657411469E+03   5.6978283301206193E+02   3.7556445529781293E+00   8.6762270639625692E+05
   1.7400000000000000E+04   4.0893959680312366E+02   1.4660160947930692E+03   5.6714157570578209E+02   3.7540636692509293E+00   8.6899996274898120E+05
   1.7500000000000000E+04   4.0790266701947252E+02   1.4698264151045857E+03   5.6458490155997265E+02   3.7524806993744702E+00   8.7034942997048667E+05
   1.7600000000000000E+04   4.0650489483117923E+02   1.4735958477386878E+03   5.6136163789648276E+02   3.7508957621168371E+00   8.7167134557782928E+05
   1.7700000000000000E+04   4.0568707798407837E+02   1.4773242119434781E+03   5.5926705391788641E+02   3.7493089764695240E+00   8.7296594388049201E+05
   1.7800000000000000E+04   4.0450626913794969E+02   1.4810113257270955E+03   5.5650306726757697E+02   3.7477204615804180E+00   8.7423345138608990E+05
   1.7900000000000000E+04   4.0367495428831086E+02   1.4846570064153025E+03   5.5442072143498535E+02   3.7461303365974081E+00   8.7547408972007362E+05
   1.8000000000000000E+04   4.0216714546348760E+02   1.4882610711782838E+03   5.5108466452962568E+02   3.7445387206236957E+00   8.7668807370901096E+05
   1.8100000000000000E+04   4.0157986216210543E+02   1.4918233375387463E+03   5.4949763405101658E+02   3.7429457326172666E+00   8.7787561577560531E+05
   1.8200000000000000E+04   3.9967655881792649E+02   1.4953436238596214E+03   5.4547025543000882E+02   3.7413514912680017E+00   8.7903692262189032E+05
   1.8300000000000000E+04   3.9904622298499942E+02   1.4988217498029749E+03   5.4383748647067023E+02   3.7397561149753464E+00   8.8017219537007622E+05
   1.8400000000000000E+04   3.9805876263206261E+02   1.5022575367725669E+03   5.4155718177449012E+02   3.7381597217589380E+00   8.8128163114973705E+05
   1.8500000000000000E+04   3.9763850023698109E+02   1.5056508083367023E+03   5.4034122629414060E+02   3.7365624291580626E+00   8.8236542327479122E+05
   1.8600000000000000E+04   3.9653676560002771E+02   1.5090013906260242E+03   5.3788185014045234E+02   3.7349643541981554E+00   8.8342375994953676E+05
   1.8700000000000000E+04   3.9529500034806773E+02   1.5123091127183245E+03   5.3518413475533657E+02   3.7333656132679129E+00   8.8445682660558051E+05
   1.8800000000000000E+04   3.9365666322984458E+02   1.5155738069915956E+03   5.3178234333636374E+02   3.7317663221639776E+00   8.8546480534382153E+05
   1.8900000000000000E+04   3.9241993672531419E+02   1.5187953094743793E+03   5.2913582244612746E+02   3.7301665959233783E+00   8.8644787285543361E+05
   1.9000000000000000E+04   3.9182578833893251E+02   1.5219734601635500E+03   5.2767303399980847E+02   3.7285665488458717E+00   8.8740620276230725E+05
   1.9100000000000000E+04   3.9093039691065781E+02   1.5251081033354519E+03   5.2567698411917490E+02   3.7269662943710569E+00   8.8833996652044321E+05
   1.9200000000000000E+04   3.8955282781813446E+02   1.5281990878294421E+03   5.2282635708753025E+02   3.7253659450895569E+00   8.8924933358407870E+05
   1.9300000000000000E+04   3.8824434604654158E+02   1.5312462673188440E+03   5.2011960314962812E+02   3.7237656126983221E+00   8.9013446775719512E+05
   1.9400000000000000E+04   3.8695180554248725E+02   1.5342495005709172E+03   5.1745995566030001E+02   3.7221654078889408E+00   8.9099553107812500E+05
   1.9500000000000000E+04   3.8579448501212676E+02   1.5372086516785389E+03   5.1505933946210098E+02   3.7205654403923019E+00   8.9183268320113467E+05
   1.9600000000000000E+04   3.8481924337956070E+02   1.5401235902879368E+03   5.1299832491032714E+02   3.7189658188780728E+00   8.9264608229635563E+05
   1.9700000000000000E+04   3.8355955777546927E+02   1.5429941918024815E+03   5.1044720632701848E+02   3.7173666509658578E+00   8.9343587975782168E+05
   1.9800000000000000E+04   3.8229394528998949E+02   1.5458203375818705E+03   5.0790232132132815E+02   3.7157680431135063E+00   8.9420223190920381E+05
   1.9900000000000000E+04   3.8061080236156022E+02   1.5486019151107425E+03   5.0463964238700584E+02   3.7141701007064616E+00   8.9494528618283162E+05
   2.0000000000000000E+04   3.7995596976094026E+02   1.5513388181727746E+03   5.0320050860040624E+02   3.7125729279125510E+00   8.9566519208409556E+05
   2.0100000000000000E+04   3.7900363804788054E+02   1.5540309469968308E+03   5.0125080333463177E+02   3.7109766277154992E+00   8.9636209664552449E+05
   2.0200000000000000E+04   3.7792607632846540E+02   1.5566782083938165E+03   4.9909499325654991E+02   3.7093813019037469E+00   8.9703614292816748E+05
   2.0300000000000000E+04   3.7675590434833168E+02   1.5592805158886265E+03   4.9679147069179999E+02   3.7077870509699253E+00   8.9768747484806832E+05
   2.0400000000000000E+04   3.7568085859766074E+02   1.5618377898249537E+03   4.9466689139067813E+02   3.7061939741890479E+00   8.9831623332514393E+05
   2.0500000000000000E+04   3.7386256221499394E+02   1.5643499574744831E+03   4.9127095812286831E+02   3.7046021695067979E+00   8.9892255875125749E+05
   2.0600000000000000E+04   3.7277668944701765E+02   1.5668169531195958E+03   4.8915673493029425E+02   3.7030117336065591E+00   8.9950658948363713E+05
   2.0700000000000000E+04   3.7186515445303343E+02   1.5692387181385543E+03   4.8735433618403863E+02   3.7014227618200475E+00   9.0006846191647416E+05
   2.0800000000000000E+04   3.7063077037540859E+02   1.5716152010696167E+03   4.8500957865826541E+02   3.6998353481608186E+00   9.0060831298049598E+05
   2.0900000000000000E+04   3.6895567984083976E+02   1.5739463576717562E+03   4.8192609213635939E+02   3.6982495852795978E+00   9.0112627862430492E+05
   2.1000000000000000E+04   3.6727485425972168E+02   1.5762321509697590E+03   4.7885101905775156E+02   3.6966655644866013E+00   9.0162249062498496E+05
   2.1100000000000000E+04   3.6609338619735348E+02   1.5784725512977575E+03   4.7663996376605104E+02   3.6950833756845332E+00   9.0209708397593559E+05
   2.1200000000000000E+04   3.6517386692146624E+02   1.5806675363218640E+03   4.7488398425030363E+02   3.6935031074355948E+00   9.0255019045234355E+05
   2.1300000000000000E+04   3.6459924076354332E+02   1.5828170910649285E+03   4.7371979447441282E+02   3.6919248469056352E+00   9.0298194028708839E+05
   2.1400000000000000E+04   3.6377217523095095E+02   1.5849212079210229E+03   4.7213748685941550E+02   3.6903486798306449E+00   9.0339246800430818E+05
   2.1500000000000000E+04   3.6238261795853157E+02   1.5869798866508015E+03   4.6961882136662427E+02   3.6887746906061087E+00   9.0378189847126685E+05
   2.1600000000000000E+04   3.6067372687659127E+02   1.5889931343882477E+03   4.6657902843213594E+02   3.6872029621641427E+00   9.0415036510046991E+05
   2.1700000000000000E+04   3.5950665552065215E+02   1.5909609656198597E+03   4.6445982698929777E+02   3.6856335760740211E+00   9.0449799587395636E+05
   2.1800000000000000E+04   3.5819717478515940E+02   1.5928834021739647E+03   4.6211443989908099E+02   3.6840666124528068E+00   9.0482491917470039E+05
   2.1900000000000000E+04   3.5752749778816667E+02   1.5947604731879871E+03   4.6084345704261483E+02   3.6825021500435646E+00   9.0513126384537062E+05
   2.2000000000000000E+04   3.5630911620281370E+02   1.5965922150825145E+03   4.5866976789911172E+02   3.6809402661483146E+00   9.0541715924973984E+05
   2.2100000000000000E+04   3.5467362895897082E+02   1.5983786715179037E+03   4.5581769348740988E+02   3.6793810366839002E+00   9.0568272943962773E+05
   2.2200000000000000E+04   3.5307981782124102E+02   1.6001198933532071E+03   4.5304882459073127E+02   3.6778245361484676E+00   9.0592810493949323E+05
   2.2300000000000000E+04   3.5231238027333620E+02   1.6018159385974636E+03   4.5165104359042414E+02   3.6762708376103079E+00   9.0615341272798378E+05
   2.2400000000000000E+04   3.5115105953324786E+02   1.6034668723483289E+03   4.4961429488451324E+02   3.6747200127748627E+00   9.0635877877862006E+05
   2.2500000000000000E+04   3.5013116040437478E+02   1.6050727667391923E+03   4.4781843833609918E+02   3.6731721319065427E+00   9.0654433063156332E+05
   2.2600000000000000E+04   3.4889266967324437E+02   1.6066337008678997E+03   4.4567419459185425E+02   3.6716272638957514E+00   9.0671019489635283E+05
   2.2700000000000000E+04   3.4725518868355510E+02   1.6081497607314045E+03   4.4289059606880903E+02   3.6700854762141977E+00   9.0685650153251295E+05
   2.2800000000000000E+04   3.4571624666324033E+02   1.6096210391444931E+03   4.4028011248440049E+02   3.6685468349930912E+00   9.0698337452986639E+05
   2.2900000000000000E+04   3.4475056905628821E+02   1.6110476356681813E+03   4.3860923618772023E+02   3.6670114049561211E+00   9.0709094042667281E+05
   2.3000000000000000E+04   3.4362728819162800E+02   1.6124296565247726E+03   4.3669120116733927E+02   3.6654792494529640E+00   9.0717932921377872E+05
   2.3100000000000000E+04   3.4257097641220128E+02   1.6137672145114125E+03   4.3488943233800455E+02   3.6639504304704635E+00   9.0724866667551023E+05
   2.3200000000000000E+04   3.4115314280369137E+02   1.6150604289102528E+03   4.3251416107727727E+02   3.6624250086437824E+00   9.0729907952762861E+05
   2.3300000000000000E+04   3.3980879059395636E+02   1.6163094253965139E+03   4.3026704107715142E+02   3.6609030432564298E+00   9.0733069716338860E+05
   2.3400000000000000E+04   3.3896973242212999E+02   1.6175143359436117E+03   4.2883791471460637E+02   3.6593845922402366E+00   9.0734364739036851E+05
   2.3500000000000000E+04   3.3737282999018078E+02   1.6186752987201248E+03   4.2620464698371609E+02   3.6578697122312254E+00   9.0733805643450830E+05
   2.3600000000000000E+04   3.3601323722837060E+02   1.6197924579960747E+03   4.2396052112752250E+02   3.6563584585025746E+00   9.0731405412446102E+05
   2.3700000000000000E+04   3.3485852283356724E+02   1.6208659640317342E+03   4.2205104343811951E+02   3.6548508850539960E+00   9.0727176787973021E+05
   2.3800000000000000E+04   3.3321673758608409E+02   1.6218959729793885E+03   4.1937735161477667E+02   3.6533470445446952E+00   9.0721132789911493E+05
   2.3900000000000000E+04   3.3268943137816353E+02   1.6228826467679373E+03   4.1847678200943164E+02   3.6518469883827578E+00   9.0713286285765225E+05
   2.4000000000000000E+04   3.3134133876561526E+02   1.6238261529986889E+03   4.1628398688495503E+02   3.6503507666804427E+00   9.0703650164288539E+05
   2.4100000000000000E+04   3.3007697811882957E+02   1.6247266648318989E+03   4.1423164374167368E+02   3.6488584282877170E+00   9.0692237509760738E+05
   2.4200000000000000E+04   3.2845146990035522E+02   1.6255843608739942E+03   4.1161979353967649E+02   3.6473700208034132E+00   9.0679060996300797E+05
   2.4300000000000000E+04   3.2708978108446024E+02   1.6263994250656551E+03   4.0943175813779811E+02   3.6458855905640624E+00   9.0664134102429554E+05
   2.4400000000000000E+04   3.2649619185234388E+02   1.6271720465632486E+03   4.0845340118162449E+02   3.6444051826885762E+00   9.0647469811362110E+05
   2.4500000000000000E+04   3.2529545643901184E+02   1.6279024196214086E+03   4.0653034690922971E+02   3.6429288411005865E+00   9.0629081044252275E+05
   2.4600000000000000E+04   3.2383964271684522E+02   1.6285907434824028E+03   4.0421674616089729E+02   3.6414566084726023E+00   9.0608981008442910E+05
   2.4700000000000000E+04   3.2272499077687593E+02   1.6292372222504998E+03   4.0244213169829050E+02   3.6399885263153626E+00   9.0587182937402779E+05
   2.4800000000000000E+04   3.2129069273605398E+02   1.6298420647744724E+03   4.0017770584430406E+02   3.6385246349778413E+00   9.0563700003758131E+05
   2.4900000000000000E+04   3.1993085690534701E+02   1.6304054845362220E+03   3.9803672102667855E+02   3.6370649735802241E+00   9.0538545406639320E+05
   2.5000000000000000E+04   3.1853574949811122E+02   1.6309276995192290E+03   3.9584879893177367E+02   3.6356095801479573E+00   9.0511732632680051E+05
   2.5100000000000000E+04   3.1766588621486318E+02   1.6314089320987509E+03   3.9447817883239014E+02   3.6341584915223817E+00   9.0483274933838064E+05
   2.5200000000000000E+04   3.1609711911356771E+02   1.6318494089120584E+03   3.9203648056221812E+02   3.6327117434724370E+00   9.0453185588124651E+05
   2.5300000000000000E+04   3.1493134755014705E+02   1.6322493607473666E+03   3.9022201592036896E+02   3.6312693706164758E+00   9.0421477899606968E+05
   2.5400000000000000E+04   3.1355431295014284E+02   1.6326090224207182E+03   3.8808974083174837E+02   3.6298314064669310E+00   9.0388165459767100E+05
   2.5500000000000000E+04   3.1325022699885216E+02   1.6329286326541257E+03   3.8760599753683340E+02   3.6283978834638448E+00   9.0353261885623599E+05
   2.5600000000000000E+04   3.1206503769447716E+02   1.6332084339550770E+03   3.8577739021192184E+02   3.6269688329972007E+00   9.0316780383189511E+05
   2.5700000000000000E+04   3.1013774393105120E+02   1.6334486725030238E+03   3.8282317116804916E+02   3.6255442853622450E+00   9.0278734619216528E+05
   2.5800000000000000E+04   3.0964965513757403E+02   1.6336495980252644E+03   3.8206877376509800E+02   3.6241242698265022E+00   9.0239138284473203E+05
   2.5900000000000000E+04   3.0927707690570747E+02   1.6338114636799742E+03   3.8149287685355762E+02   3.6227088146297861E+00   9.0198004831708793E+05
   2.6000000000000000E+04   3.0661181736154020E+02   1.6339345259376232E+03   3.7743920993029894E+02   3.6212979470065427E+00   9.0155347998025990E+05
   2.6100000000000000E+04   3.0576802479201365E+02   1.6340190444685913E+03   3.7615689225772417E+02   3.6198916931523248E+00   9.0111181455682695E+05
   2.6200000000000000E+04   3.0452081344319106E+02   1.6340652820171786E+03   3.7426870680967926E+02   3.6184900783355110E+00   9.0065518811074656E+05
   2.6300000000000000E+04   3.0343596155390537E+02   1.6340735042995991E+03   3.7263089992469196E+02   3.6170931267744213E+00   9.0018374039996613E+05
   2.6400000000000000E+04   3.0281062823777853E+02   1.6340439798752720E+03   3.7168981944867255E+02   3.6157008617937163E+00   8.9969760789356183E+05
   2.6500000000000000E+04   3.0037338938962205E+02   1.6339769800433132E+03   3.6802780610365056E+02   3.6143133057350174E+00   8.9919692725404899E+05
   2.6600000000000000E+04   2.9887713312529428E+02   1.6338727787234823E+03   3.6578936688405594E+02   3.6129304800351165E+00   8.9868183793526003E+05
   2.6700000000000000E+04   2.9732063262804559E+02   1.6337316523513930E+03   3.6346761681307646E+02   3.6115524051701127E+00   8.9815248043155984E+05
   2.6800000000000000E+04   2.9774374036656889E+02   1.6335538797583135E+03   3.6410896122635495E+02   3.6101791007671205E+00   8.9760899018113327E+05
   2.6900000000000000E+04   2.9733336075216727E+02   1.6333397420730093E+03   3.6350604424547123E+02   3.6088105855037438E+00   8.9705150886142778E+05
   2.7000000000000000E+04   2.9452027034589594E+02   1.6330895226038847E+03   3.5932243840578309E+02   3.6074468772197683E+00   8.9648017568123294E+05
   2.7100000000000000E+04   2.9276606366240162E+02   1.6328035067366477E+03   3.5672843163604665E+02   3.6060879928836571E+00   8.9589512911475240E+05
   2.7200000000000000E+04   2.9203010821825643E+02   1.6324819818277460E+03   3.5565162703961136E+02   3.6047339486148919E+00   8.9529650949261070E+05
   2.7300000000000000E+04   2.9177309126128614E+02   1.6321252371012993E+03   3.5528739759368204E+02   3.6033847596839776E+00   8.9468445725412294E+05
   2.7400000000000000E+04   2.9080092804521991E+02   1.6317335635429972E+03   3.5386537849807138E+02   3.6020404405571123E+00   8.9405911207093997E+05
   2.7500000000000000E+04   2.8832154561250240E+02   1.6313072538041026E+03   3.5022042745266748E+02   3.6007010048515222E+00   8.9342061543361400E+05
   2.7600000000000000E+04   2.8769592497207975E+02   1.6308466020904943E+03   3.4931890343277820E+02   3.5993664654583180E+00   8.9276910631255922E+05
   2.7700000000000000E+04   2.8625050087040290E+02   1.6303519040782014E+03   3.4721267906097853E+02   3.5980368344084677E+00   8.9210472806407616E+05
   2.7800000000000000E+04   2.8536723120150708E+02   1.6298234568031542E+03   3.4593778388511885E+02   3.5967121230180070E+00   8.9142761805343581E+05
   2.7900000000000000E+04   2.8553482531623968E+02   1.6292615585752490E+03   3.4620946581448766E+02   3.5953923417986684E+00   8.9073792058961035E+05
   2.8000000000000000E+04   2.8276884265890175E+02   1.6286665088754403E+03   3.4217768211652992E+02   3.5940775005584240E+00   8.9003577655659686E+05
   2.8100000000000000E+04   2.8165634645302697E+02   1.6280386082673674E+03   3.4057742685285683E+02   3.5927676083679780E+00   8.8932132513808634E+05
   2.8200000000000000E+04   2.8100688030637650E+02   1.6273781583093808E+03   3.3965702241030363E+02   3.5914626735384094E+00   8.8859470982478000E+05
   2.8300000000000000E+04   2.7956518722846846E+02   1.6266854614551644E+03   3.3758279367786577E+02   3.5901627037329007E+00   8.8785607066037983E+05
   2.8400000000000000E+04   2.7900995875075239E+02   1.6259608209763976E+03   3.3680461129915057E+02   3.5888677058661820E+00   8.8710555024646525E+05
   2.8500000000000000E+04   2.7738027667201567E+02   1.6252045408675749E+03   3.3446473488405491E+02   3.5875776862050786E+00   8.8634328943777515E+05
   2.8600000000000000E+04   2.7616670649196232E+02   1.6244169257663784E+03   3.3273487810009499E+02   3.5862926503238262E+00   8.8556943161193782E+05
   2.8700000000000000E+04   2.7467611727012121E+02   1.6235982808670278E+03   3.3060741666949480E+02   3.5850126031487561E+00   8.8478411752387160E+05
   2.8800000000000000E+04   2.7383549431317141E+02   1.6227489118384328E+03   3.2942533200884003E+02   3.5837375489694598E+00   8.8398748786592984E+05
   2.8900000000000000E+04   2.7236260642064735E+02   1.6218691247460526E+03   3.2733187731257289E+02   3.5824674914276180E+00   8.8317968580834509E+05
   2.9000000000000000E+04   2.7125108312570330E+02   1.6209592259731817E+03   3.2576446106357474E+02   3.5812024335281842E+00   8.8236085357341182E+05
   2.9100000000000000E+04   2.7060793237664177E+02   1.6200195221395941E+03   3.2487503191891341E+02   3.5799423776952222E+00   8.8153113073180174E+05
   2.9200000000000000E+04   2.6998549480828797E+02   1.6190503200313144E+03   3.2401712178724028E+02   3.5786873257272345E+00   8.8069066183262982E+05
   2.9300000000000000E+04   2.6766505230759259E+02   1.6180519265234768E+03   3.2071990761965077E+02   3.5774372788418352E+00   8.7983958620815095E+05
   2.9400000000000000E+04   2.6644273051422573E+02   1.6170246485079522E+03   3.1900653852768829E+02   3.5761922376869379E+00   8.7897804644120124E+05
   2.9500000000000000E+04   2.6532745455311255E+02   1.6159687928246422E+03   3.1744984718602723E+02   3.5749522023295630E+00   8.7810618327272532E+05
   2.9600000000000000E+04   2.6469915745354933E+02   1.6148846661901337E+03   3.1659250359246755E+02   3.5737171722893644E+00   8.7722413981056772E+05
   2.9700000000000000E+04   2.6469532318237725E+02   1.6137725751321002E+03   3.1662979469864166E+02   3.5724871465274615E+00   8.7633205645757075E+05
   2.9800000000000000E+04   2.6239457939762212E+02   1.6126328259200450E+03   3.1338625843988189E+02   3.5712621234911093E+00   8.7543007427507488E+05
   2.9900000000000000E+04   2.6102159421034884E+02   1.6114657245059120E+03   3.1147334642700685E+02   3.5700421010690238E+00   8.7451833413009217E+05
   3.0000000000000000E+04   2.6035776229608337E+02   1.6102715764558261E+03   3.1057294172219918E+02   3.5688270766584043E+00   8.7359698002579412E+05
   3.0100000000000000E+04   2.5963431482064709E+02   1.6090506868896196E+03   3.0958922779464012E+02   3.5676170471649371E+00   8.7266614738047612E+05
   3.0200000000000000E+04   2.5820540744246006E+02   1.6078033604259711E+03   3.0760532857092767E+02   3.5664120089581095E+00   8.7172598308258364E+05
   3.0300000000000000E+04   2.5700056187313737E+02   1.6065299011156392E+03   3.0594302416905316E+02   3.5652119579717438E+00   8.7077662292492995E+05
   3.0400000000000000E+04   2.5579621455614011E+02   1.6052306123936953E+03   3.0428445784244138E+02   3.5640168896146354E+00   8.6981820995320380E+05
   3.0500000000000000E+04   2.5522932517108134E+02   1.6039057970147446E+03   3.0353001832266824E+02   3.5628267988822619E+00   8.6885088112984074E+05
   3.0600000000000000E+04   2.5591097094168137E+02   1.6025557570090614E+03   3.0454326486647085E+02   3.5616416802562401E+00   8.6787478143818025E+05
   3.0700000000000000E+04   2.5278842990657276E+02   1.6011807936197572E+03   3.0017967300042852E+02   3.5604615278272118E+00   8.6689004563502665E+05
   3.0800000000000000E+04   2.5153202897852276E+02   1.5997812072617419E+03   2.9845834098459761E+02   3.5592863351943014E+00   8.6589681645939371E+05
   3.0900000000000000E+04   2.5070496601016069E+02   1.5983572974618132E+03   2.9734383459316712E+02   3.5581160955879949E+00   8.6489523056500789E+05
   3.1000000000000000E+04   2.5005115943616045E+02   1.5969093628223943E+03   2.9647444451410558E+02   3.5569508017472669E+00   8.6388543087751267E+05
   3.1100000000000000E+04   2.4862407121076609E+02   1.5954377009634468E+03   2.9452049475436144E+02   3.5557904460536203E+00   8.6286755259744416E+05
   3.1200000000000000E+04   2.4715386166232213E+02   1.5939426084839035E+03   2.9250992175620013E+02   3.5546350204640720E+00   8.6184173715712549E+05
   3.1300000000000000E+04   2.4701624578678695E+02   1.5924243809153895E+03   2.9236830222932207E+02   3.5534845165446569E+00   8.6080812072989543E+05
   3.1400000000000000E+04   2.4628509808306393E+02   1.5908833126792942E+03   2.9139623156467349E+02   3.5523389254816040E+00   8.5976684159350500E+05
   3.1500000000000000E+04   2.4436392576355732E+02   1.5893196970451822E+03   2.8876220969944865E+02   3.5511982380925042E+00   8.5871803684933507E+05
   3.1600000000000000E+04   2.4324214622045122E+02   1.5877338260944275E+03   2.8724892036685372E+02   3.5500624447928071E+00   8.5766184485324996E+05
   3.1700000000000000E+04   2.4237498884397772E+02   1.5861259906772304E+03   2.8609263827231143E+02   3.5489315356516511E+00   8.5659840195574251E+05
   3.1800000000000000E+04   2.4172772964104925E+02   1.5844964803768373E+03   2.8524400542971159E+02   3.5478055003807230E+00   8.5552784573698358E+05
   3.1900000000000000E+04   2.4122801848303496E+02   1.5828455834710865E+03   2.8460174764390035E+02   3.5466843283677494E+00   8.5445031095674995E+05
   3.2000000000000000E+04   2.3933494933431660E+02   1.5811735869029765E+03   2.8202355314188799E+02   3.5455680086206525E+00   8.5336593680299516E+05
   3.2100000000000000E+04   2.3832945290967768E+02   1.5794807762378489E+03   2.8068181623827684E+02   3.5444565298792483E+00   8.5227485400526982E+05
   3.2200000000000000E+04   2.3781823759144663E+02   1.5777674356450411E+03   2.8002693790132184E+02   3.5433498804588730E+00   8.5117720171346783E+05
   3.2300000000000000E+04   2.3666183138128167E+02   1.5760338478478166E+03   2.7847905747243288E+02   3.5422480484737773E+00   8.5007311222540948E+05
   3.2400000000000000E+04   2.3533216694694934E+02   1.5742802941111383E+03   2.7669391030084682E+02   3.5411510216360687E+00   8.4896272220381617E+05
   3.2500000000000000E+04   2.3411764308494273E+02   1.5725070542006947E+03   2.7507064999640301E+02   3.5400587874009268E+00   8.4784616546118294E+05
   3.2600000000000000E+04   2.3331649889002438E+02   1.5707144063603596E+03   2.7401985901211748E+02   3.5389713329107439E+00   8.4672357377563138E+05
   3.2700000000000000E+04   2.3321529912239743E+02   1.5689026272821286E+03   2.7393543968080593E+02   3.5378886450398150E+00   8.4559508164273424E+05
   3.2800000000000000E+04   2.3137841521676540E+02   1.5670719920866122E+03   2.7145944274830572E+02   3.5368107103273139E+00   8.4446082308070408E+05
   3.2900000000000000E+04   2.3036851347644202E+02   1.5652227742885098E+03   2.7012540196931792E+02   3.5357375151001627E+00   8.4332092768626672E+05
   3.3000000000000000E+04   2.2993833712775617E+02   1.5633552457838837E+03   2.6958958088944195E+02   3.5346690453501632E+00   8.4217553088114597E+05
   3.3100000000000000E+04   2.2843166766091912E+02   1.5614696768149574E+03   2.6757610797846360E+02   3.5336052868903836E+00   8.4102475973398029E+05
   3.3200000000000000E+04   2.2750133538421272E+02   1.5595663359639823E+03   2.6635593901021696E+02   3.5325462251764259E+00   8.3986874945514509E+05
   3.3300000000000000E+04   2.2681196809913081E+02   1.5576454901200541E+03   2.6546719282993098E+02   3.5314918454628161E+00   8.3870763003720064E+05
   3.3400000000000000E+04   2.2633658334689159E+02   1.5557074044618823E+03   2.6487229373519199E+02   3.5304421327806699E+00   8.3754152863823529E+05
   3.3500000000000000E+04   2.2439265954467237E+02   1.5537523424451072E+03   2.6226959105178082E+02   3.5293970718706507E+00   8.3637057736019592E+05
   3.3600000000000000E+04   2.2342113393388703E+02   1.5517805657785450E+03   2.6099906795659763E+02   3.5283566472611878E+00   8.3519490466618037E+05
   3.3700000000000000E+04   2.2268425898209014E+02   1.5497923344096519E+03   2.6004992656905472E+02   3.5273208432461165E+00   8.3401464081540657E+05
   3.3800000000000000E+04   2.2267190651019331E+02   1.5477879065081042E+03   2.6008959518723174E+02   3.5262896438958591E+00   8.3282991167208401E+05
   3.3900000000000000E+04   2.2081523416480968E+02   1.5457675384493580E+03   2.5761608162292924E+02   3.5252630330797627E+00   8.3164084642332012E+05
   3.4000000000000000E+04   2.1993576849686963E+02   1.5437314848053627E+03   2.5647595492321415E+02   3.5242409944102433E+00   8.3044757140340738E+05
   3.4100000000000000E+04   2.1892340279994073E+02   1.5416799983243795E+03   2.5515641532519905E+02   3.5232235113321582E+00   8.2925021393246576E+05
   3.4200000000000000E+04   2.1892582656340264E+02   1.5396133299233368E+03   2.5521640810864713E+02   3.5222105670669466E+00   8.2804889924886124E+05
   3.4300000000000000E+04   2.1727289909298167E+02   1.5375317286746597E+03   2.5302915508047363E+02   3.5212021446349722E+00   8.2684375507940352E+05
   3.4400000000000000E+04   2.1620871009415612E+02   1.5354354417939103E+03   2.5164326065116981E+02   3.5201982268778673E+00   8.2563490402091143E+05
   3.4500000000000000E+04   2.1575867886243654E+02   1.5333247146317331E+03   2.5109034819867858E+02   3.5191987964361897E+00   8.2442247190552985E+05
   3.4600000000000000E+04   2.1434884890812293E+02   1.5311997906647391E+03   2.4923922835148520E+02   3.5182038357494219E+00   8.2320658247307455E+05
   3.4700000000000000E+04   2.1361106421269611E+02   1.5290609114818826E+03   2.4829857955112251E+02   3.5172133271229979E+00   8.2198735888759070E+05
   3.4800000000000000E+04   2.1319819222679098E+02   1.5269083167855326E+03   2.4779750627564854E+02   3.5162272526165892E+00   8.2076492523553665E+05
   3.4900000000000000E+04   2.1163717466664303E+02   1.5247422443722992E+03   2.4574738772896814E+02   3.5152455942005076E+00   8.1953940201247612E+05
   3.5000000000000000E+04   2.1102836343545624E+02   1.5225629301388831E+03   2.4498322158775161E+02   3.5142683335993010E+00   8.1831091212836129E+05
   3.5100000000000000E+04   2.1030683665273895E+02   1.5203706080660311E+03   2.4406776227177795E+02   3.5132954524258149E+00   8.1707957788485137E+05
   3.5200000000000000E+04   2.0911843186450787E+02   1.5181655102187135E+03   2.4252480759275963E+02   3.5123269321141568E+00   8.1584551800894272E+05
   3.5300000000000000E+04   2.0797424258978387E+02   1.5159478667391543E+03   2.4104317057288731E+02   3.5113627539532142E+00   8.1460885286460968E+05
   3.5400000000000000E+04   2.0704350327258649E+02   1.5137179058455972E+03   2.3984969597290635E+02   3.5104028990531466E+00   8.1336970368244033E+05
   3.5500000000000000E+04   2.0658724338676097E+02   1.5114758538240221E+03   2.3929370491058370E+02   3.5094473484123969E+00   8.1212818665163580E+05
   3.5600000000000000E+04   2.0530376335131174E+02   1.5092219350306054E+03   2.3762913173844572E+02   3.5084960828506846E+00   8.1088442177971872E+05
   3.5700000000000000E+04   2.0417947514864139E+02   1.5069563718854440E+03   2.3617978017124193E+02   3.5075490830648439E+00   8.0963852770785301E+05
   3.5800000000000000E+04   2.0364017131482558E+02   1.5046793848702423E+03   2.3551416784088431E+02   3.5066063296400007E+00   8.0839061952948431E+05
   3.5900000000000000E+04   2.0312824656681249E+02   1.5023911925339733E+03   2.3488554764384227E+02   3.5056678029602120E+00   8.0714081610430055E+05
   3.6000000000000000E+04   2.0207313385076304E+02   1.5000920114824505E+03   2.3353149869270717E+02   3.5047334833425015E+00   8.0588923128679476E+05
   3.6100000000000000E+04   2.0158891154422753E+02   1.4977820563833775E+03   2.3294078947954043E+02   3.5038033509698496E+00   8.0463597977270884E+05
   3.6200000000000000E+04   2.0068777000062380E+02   1.4954615399701104E+03   2.3179403888091815E+02   3.5028773858465030E+00   8.0338117996269721E+05
   3.6300000000000000E+04   2.0026453081593220E+02   1.4931306730328608E+03   2.3128543931783969E+02   3.5019555679320211E+00   8.0212494238747749E+05
   3.6400000000000000E+04   1.9922561325015337E+02   1.4907896644299481E+03   2.2995645074802553E+02   3.5010378770072341E+00   8.0086738128612912E+05
   3.6500000000000000E+04   1.9828789960078558E+02   1.4884387210831974E+03   2.2876347693128241E+02   3.5001242927636054E+00   7.9960861024896184E+05
   3.6600000000000000E+04   1.9769515572919923E+02   1.4860780479803213E+03   2.2803037271621162E+02   3.4992147948032328E+00   7.9834874078926013E+05
   3.6700000000000000E+04   1.9646375059251935E+02   1.4837078481832873E+03   2.2644874362462602E+02   3.4983093625606472E+00   7.9708788591972459E+05
   3.6800000000000000E+04   1.9609966272881741E+02   1.4813283228226971E+03   2.2602046897628080E+02   3.4974079754257010E+00   7.9582615515218268E+05
   3.6900000000000000E+04   1.9548644282676750E+02   1.4789396711093284E+03   2.2526154369288943E+02   3.4965106126318521E+00   7.9456366090372566E+05
   3.7000000000000000E+04   1.9402558615557399E+02   1.4765420903293896E+03   2.2337875857908614E+02   3.4956172533790482E+00   7.9330050997937052E+05
   3.7100000000000000E+04   1.9354394788689231E+02   1.4741357758583085E+03   2.2279546967973653E+02   3.4947278766996743E+00   7.9203681208207307E+05
   3.7200000000000000E+04   1.9273196481475972E+02   1.4717209211583261E+03   2.2177491321327551E+02   3.4938424615590904E+00   7.9077267765393376E+05
   3.7300000000000000E+04   1.9219782444891300E+02   1.4692977177851237E+03   2.2112273777452259E+02   3.4929609868332903E+00   7.8950821296275186E+05
   3.7400000000000000E+04   1.9098075595852339E+02   1.4668663553924339E+03   2.1956768347198684E+02   3.4920834313200713E+00   7.8824352572569484E+05
   3.7500000000000000E+04   1.9024296360759914E+02   1.4644270217415833E+03   2.1864732557646983E+02   3.4912097736831780E+00   7.8697872160505410E+05
   3.7600000000000000E+04   1.8949939367296665E+02   1.4619799026998253E+03   2.1771988109708013E+02   3.4903399925640217E+00   7.8571390699503664E+05
   3.7700000000000000E+04   1.8899461806466525E+02   1.4595251822543335E+03   2.1710804301024291E+02   3.4894740664699571E+00   7.8444918762200966E+05
   3.7800000000000000E+04   1.8813581937747577E+02   1.4570630425149654E+03   2.1602952824228987E+02   3.4886119738301451E+00   7.8318466785299312E+05
   3.7900000000000000E+04   1.8736996273634094E+02   1.4545936637189172E+03   2.1507422908536535E+02   3.4877536930290614E+00   7.8192045070250845E+05
   3.8000000000000000E+04   1.8670130163563849E+02   1.4521172242424252E+03   2.1424748262618166E+02   3.4868992023394765E+00   7.8065664058422239E+05
   3.8100000000000000E+04   1.8613031222931329E+02   1.4496339006036912E+03   2.1354969864764172E+02   3.4860484799894791E+00   7.7939333849661355E+05
   3.8200000000000000E+04   1.8501624852746014E+02   1.4471438674750509E+03   2.1213792125316911E+02   3.4852015040954463E+00   7.7813064887436433E+05
   3.8300000000000000E+04   1.8416577509613006E+02   1.4446472976864338E+03   2.1107377184887775E+02   3.4843582527290695E+00   7.7686867069783364E+05
   3.8400000000000000E+04   1.8379578507329023E+02   1.4421443622350373E+03   2.1064120074253285E+02   3.4835187038950224E+00   7.7560750568708754E+05
   3.8500000000000000E+04   1.8312258731298547E+02   1.4396352302951800E+03   2.0981064506671649E+02   3.4826828355086081E+00   7.7434725352702895E+05
   3.8600000000000000E+04   1.8262150316164664E+02   1.4371200692247035E+03   2.0920631905480641E+02   3.4818506254292734E+00   7.7308801390465931E+05
   3.8700000000000000E+04   1.8151696636675052E+02   1.4345990445730881E+03   2.0781086175638887E+02   3.4810220514717867E+00   7.7182988515524135E+05
   3.8800000000000000E+04   1.8084614597562933E+02   1.4320723200933705E+03   2.0698476838520259E+02   3.4801970913615472E+00   7.7057296494306612E+05
   3.8900000000000000E+04   1.8031550063429421E+02   1.4295400577484595E+03   2.0634259046681083E+02   3.4793757227792708E+00   7.6931735025862593E+05
   3.9000000000000000E+04   1.7949187008359834E+02   1.4270024177219718E+03   2.0531716790340198E+02   3.4785579233386494E+00   7.6806313874995080E+05
   3.9100000000000000E+04   1.7855250301007831E+02   1.4244595584277934E+03   2.0414108619734927E+02   3.4777436705863498E+00   7.6681042538572557E+05
   3.9200000000000000E+04   1.7800020402834227E+02   1.4219116365183945E+03   2.0347152924215311E+02   3.4769329420243560E+00   7.6555930711339007E+05
   3.9300000000000000E+04   1.7748365834001518E+02   1.4193588068947456E+03   2.0284888850378394E+02   3.4761257151099665E+00   7.6430987754325080E+05
   3.9400000000000000E+04   1.7695470539433211E+02   1.4168012227184715E+03   2.0221022478617996E+02   3.4753219672222864E+00   7.6306223027702805E+05
   3.9500000000000000E+04   1.7627849888294881E+02   1.4142390354185468E+03   2.0137954875598103E+02   3.4745216757180808E+00   7.6181645758327481E+05
   3.9600000000000000E+04   1.7515249088657845E+02   1.4116723947058081E+03   1.9996276281913433E+02   3.4737248178647429E+00   7.6057265498804301E+05
   3.9700000000000000E+04   1.7462168591583543E+02   1.4091014485778796E+03   1.9932256325248281E+02   3.4729313709296692E+00   7.5933091078022448E+05
   3.9800000000000000E+04   1.7576448128788789E+02   1.4065263433359739E+03   2.0086531828570614E+02   3.4721413120797218E+00   7.5809131976441876E+05
   3.9900000000000000E+04   1.7344459512573437E+02   1.4039472235894173E+03   1.9789235076839350E+02   3.4713546184817559E+00   7.5685397018685786E+05
   4.0000000000000000E+04   1.7325783717720705E+02   1.4013642322719388E+03   1.9770057134358041E+02   3.4705712672132667E+00   7.5561895352029474E+05
   4.0100000000000000E+04   1.7220448813934087E+02   1.3987775106471631E+03   1.9638110477053152E+02   3.4697912353517437E+00   7.5438635795818607E+05
   4.0200000000000000E+04   1.7149145551527170E+02   1.3961871983250417E+03   1.9550502744724704E+02   3.4690144998853172E+00   7.5315627231180272E+05
   4.0300000000000000E+04   1.7108391395527076E+02   1.3935934332675924E+03   1.9502622700222284E+02   3.4682410378021098E+00   7.5192878470750630E+05
   4.0400000000000000E+04   1.7041392695457444E+02   1.3909963518041347E+03   1.9420659011999598E+02   3.4674708260232250E+00   7.5070398130986607E+05
   4.0500000000000000E+04   1.6975154810434066E+02   1.3883960886412237E+03   1.9339715363187648E+02   3.4667038414250793E+00   7.4948195016419364E+05
   4.0600000000000000E+04   1.6910735431207544E+02   1.3857927768713973E+03   1.9261161987833401E+02   3.4659400608840878E+00   7.4826277607421170E+05
   4.0700000000000000E+04   1.6842306421966299E+02   1.3831865479898729E+03   1.9177438234877022E+02   3.4651794611873088E+00   7.4704654444376100E+05
   4.0800000000000000E+04   1.6805664098837121E+02   1.3805775319008012E+03   1.9134946405803498E+02   3.4644220191217872E+00   7.4583333999278874E+05
   4.0900000000000000E+04   1.6749885351002212E+02   1.3779658569327473E+03   1.9067657404915360E+02   3.4636677114075525E+00   7.4462324675936718E+05
   4.1000000000000000E+04   1.6676285043745199E+02   1.3753516498464242E+03   1.8977303247755003E+02   3.4629165147646330E+00   7.4341634746955300E+05
   4.1100000000000000E+04   1.6612263055328282E+02   1.3727350358502401E+03   1.8899387591823557E+02   3.4621684058460258E+00   7.4221272417588462E+05
   4.1200000000000000E+04   1.6567826877859579E+02   1.3701161386094343E+03   1.8846839306232312E+02   3.4614233612823933E+00   7.4101246075557068E+05
   4.1300000000000000E+04   1.6507658206450589E+02   1.3674950802578574E+03   1.8773947188784393E+02   3.4606813576820561E+00   7.3981563602093421E+05
   4.1400000000000000E+04   1.6438689982059773E+02   1.3648719814110380E+03   1.8689701114728430E+02   3.4599423716086442E+00   7.3862233123959554E+05
   4.1500000000000000E+04   1.6372638169390592E+02   1.3622469611767503E+03   1.8609256256845157E+02   3.4592063796034553E+00   7.3743262575210142E+05
   4.1600000000000000E+04   1.6301236311668302E+02   1.3596201371681311E+03   1.8521933110161839E+02   3.4584733581630980E+00   7.3624660069939971E+05
   4.1700000000000000E+04   1.6276665606293025E+02   1.3569916255143100E+03   1.8495090526522162E+02   3.4577432837618423E+00   7.3506433220783004E+05
   4.1800000000000000E+04   1.6225539149860501E+02   1.3543615408723317E+03   1.8433967659703890E+02   3.4570161328516127E+00   7.3388589882633148E+05
   4.1900000000000000E+04   1.6153680396875976E+02   1.3517299964390922E+03   1.8346109256453070E+02   3.4562918818619965E+00   7.3271137719297502E+05
   4.2000000000000000E+04   1.6202464834717898E+02   1.3490971039657138E+03   1.8413954668196362E+02   3.4555705071555556E+00   7.3154084449936869E+05
   4.2100000000000000E+04   1.6033790247305910E+02   1.3464629737646108E+03   1.8201204425767457E+02   3.4548519851171879E+00   7.3037437603383057E+05
   4.2200000000000000E+04   1.6007515991924393E+02   1.3438277147263223E+03   1.8172162371703283E+02   3.4541362920647734E+00   7.2921204702468985E+05
   4.2300000000000000E+04   1.5950821735565250E+02   1.3411914343278297E+03   1.8103925971840201E+02   3.4534234043161893E+00   7.2805393202491978E+05
   4.2400000000000000E+04   1.5890378896176858E+02   1.3385542386469324E+03   1.8030878580057396E+02   3.4527132981446296E+00   7.2690010491452739E+05
   4.2500000000000000E+04   1.5829493678430472E+02   1.3359162323712233E+03   1.7957281882112594E+02   3.4520059498344589E+00   7.2575063829585072E+05
   4.2600000000000000E+04   1.5783669073517623E+02   1.3332775188153814E+03   1.7903079965763044E+02   3.4513013355806743E+00   7.2460560531088198E+05
   4.2700000000000000E+04   1.5723434804292086E+02   1.3306381999260072E+03   1.7830351375667516E+02   3.4505994316229605E+00   7.2346507602211973E+05
   4.2800000000000000E+04   1.5656041403001774E+02   1.3279983762988838E+03   1.7748441003384951E+02   3.4499002141451416E+00   7.2232912283361726E+05
   4.2900000000000000E+04   1.5612922277402146E+02   1.3253581471896896E+03   1.7697743623761011E+02   3.4492036592975341E+00   7.2119781687074027E+05
   4.3000000000000000E+04   1.5586949754474315E+02   1.3227176105253081E+03   1.7669080238688878E+02   3.4485097432081124E+00   7.2007122620350542E+05
   4.3100000000000000E+04   1.5538513598786386E+02   1.3200768629134159E+03   1.7611554896134786E+02   3.4478184420271885E+00   7.1894942062649666E+05
   4.3200000000000000E+04   1.5487982987607236E+02   1.3174359996595251E+03   1.7551346662061718E+02   3.4471297318268870E+00   7.1783246926371136E+05
   4.3300000000000000E+04   1.5439131257724435E+02   1.3147951147747701E+03   1.7493302172554550E+02   3.4464435886793221E+00   7.1672043938567117E+05
   4.3400000000000000E+04   1.5388982094832039E+02   1.3121543009877439E+03   1.7433599485732265E+02   3.4457599886566155E+00   7.1561339760420145E+05
   4.3500000000000000E+04   1.5325532384415396E+02   1.3095136497585372E+03   1.7356842668646436E+02   3.4450789077862041E+00   7.1451140987451817E+05
   4.3600000000000000E+04   1.5280900816980559E+02   1.3068732512893371E+03   1.7304236442969724E+02   3.4444003220731800E+00   7.1341454325501213E+05
   4.3700000000000000E+04   1.5230550921265993E+02   1.3042331945350211E+03   1.7244303037140878E+02   3.4437242075226417E+00   7.1232286296104500E+05
   4.3800000000000000E+04   1.5169585773334481E+02   1.3015935672170613E+03   1.7170775362953455E+02   3.4430505400949944E+00   7.1123643238244054E+05
   4.3900000000000000E+04   1.5143375065856088E+02   1.2989544558340308E+03   1.7141786138971548E+02   3.4423792957283137E+00   7.1015531659023336E+05
   4.4000000000000000E+04   1.5085182033404666E+02   1.2963159456699186E+03   1.7071824058655602E+02   3.4417104504053486E+00   7.0907957650154992E+05
   4.4100000000000000E+04   1.5069800126343668E+02   1.2936781208122784E+03   1.7056701490276299E+02   3.4410439800194874E+00   7.0800927587710018E+05
   4.4200000000000000E+04   1.5017991950940720E+02   1.2910410641604049E+03   1.6994920372913717E+02   3.4403798604417735E+00   7.0694447896769829E+05
   4.4300000000000000E+04   1.4987047059050869E+02   1.2884048574335766E+03   1.6959860371901340E+02   3.4397180675879371E+00   7.0588524358235998E+05
   4.4400000000000000E+04   1.4941010073877740E+02   1.2857695811868230E+03   1.6905474540172324E+02   3.4390585773290212E+00   7.0483163036250835E+05
   4.4500000000000000E+04   1.4895990334640055E+02   1.2831353148233200E+03   1.6852394307115040E+02   3.4384013654690468E+00   7.0378370159481268E+05
   4.4600000000000000E+04   1.4843995130796208E+02   1.2805021366003687E+03   1.6790391665419327E+02   3.4377464078567144E+00   7.0274151431427232E+05
   4.4700000000000000E+04   1.4788870015996724E+02   1.2778701236438924E+03   1.6724394545910894E+02   3.4370936803183869E+00   7.0170512835597526E+05
   4.4800000000000000E+04   1.4760594116753882E+02   1.2752393519606912E+03   1.6692739232304339E+02   3.4364431586357438E+00   7.0067460175882967E+05
   4.4900000000000000E+04   1.4729021165095995E+02   1.2726098964480104E+03   1.6656865025047412E+02   3.4357948185792928E+00   6.9964999134810397E+05
   4.5000000000000000E+04   1.4686268623815030E+02   1.2699818309041368E+03   1.6606692535340451E+02   3.4351486359195400E+00   6.9863135331016837E+05
   4.5100000000000000E+04   1.4638426878323941E+02   1.2673552280405017E+03   1.6550015574734218E+02   3.4345045864046511E+00   6.9761874432627659E+05
   4.5200000000000000E+04   1.4596031340745029E+02   1.2647301594926619E+03   1.6500302640561455E+02   3.4338626457604522E+00   6.9661221986712446E+05
   4.5300000000000000E+04   1.4542232909644119E+02   1.2621066958307206E+03   1.6436022634817718E+02   3.4332227897015923E+00   6.9561183420068049E+05
   4.5400000000000000E+04   1.4515849325253760E+02   1.2594849065697060E+03   1.6406766377163362E+02   3.4325849939427298E+00   6.9461764208624233E+05
   4.5500000000000000E+04   1.4458542104608028E+02   1.2568648601834152E+03   1.6338010810357531E+02   3.4319492341314906E+00   6.9362969652083144E+05
   4.5600000000000000E+04   1.4439152816363912E+02   1.2542466241101122E+03   1.6317678533962319E+02   3.4313154859601869E+00   6.9264805043042265E+05
   4.5700000000000000E+04   1.4397803671370244E+02   1.2516302647662699E+03   1.6269300385856013E+02   3.4306837250987887E+00   6.9167275610788213E+05
   4.5800000000000000E+04   1.4345269248129995E+02   1.2490158475591704E+03   1.6206644139796398E+02   3.4300539271502410E+00   6.9070386521577521E+05
   4.5900000000000000E+04   1.4290264572186882E+02   1.2464034368924856E+03   1.6140844682115642E+02   3.4294260677621735E+00   6.8974142878526950E+05
   4.6000000000000000E+04   1.4262295389447198E+02   1.2437930961807626E+03   1.6109540079114436E+02   3.4288001225375289E+00   6.8878549722033436E+05
   4.6100000000000000E+04   1.4243544206476730E+02   1.2411848878569012E+03   1.6089993843733140E+02   3.4281760671015991E+00   6.8783611918831069E+05
   4.6200000000000000E+04   1.4220769306150328E+02   1.2385788733883710E+03   1.6065311403640112E+02   3.4275538769679557E+00   6.8689334550910990E+05
   4.6300000000000000E+04   1.4162625759799687E+02   1.2359751132768113E+03   1.5995496213963261E+02   3.4269335277842345E+00   6.8595722194537800E+05
   4.6400000000000000E+04   1.4151772182177879E+02   1.2333736670808798E+03   1.5986012832383236E+02   3.4263149950416678E+00   6.8502780027624278E+05
   4.6500000000000000E+04   1.4118383165983386E+02   1.2307745934157822E+03   1.5947774073265779E+02   3.4256982543208605E+00   6.8410512392780976E+05
   4.6600000000000000E+04   1.4075557059212099E+02   1.2281779499710606E+03   1.5897492217841895E+02   3.4250832811130496E+00   6.8318924287674238E+05
   4.6700000000000000E+04   1.4053731585744379E+02   1.2255837935139434E+03   1.5873998049451342E+02   3.4244700509764985E+00   6.8228019988013804E+05
   4.6800000000000000E+04   1.4008313707695865E+02   1.2229921799059518E+03   1.5820403598649042E+02   3.4238585393800998E+00   6.8137804257714795E+05
   4.6900000000000000E+04   1.3990300589437103E+02   1.2204031641089748E+03   1.5801762708112054E+02   3.4232487217927532E+00   6.8048281470060349E+05
   4.7000000000000000E+04   1.3958700456521476E+02   1.2178168001923241E+03   1.5765785729300168E+02   3.4226405737503747E+00   6.7959456046955858E+05
   4.7100000000000000E+04   1.3921592734130650E+02   1.2152331413508632E+03   1.5722779013788792E+02   3.4220340706548371E+00   6.7871332349526265E+05
   4.7200000000000000E+04   1.3905631056154343E+02   1.2126522399063026E+03   1.5706742347512349E+02   3.4214291879750358E+00   6.7783914786697307E+05
   4.7300000000000000E+04   1.3885639132548332E+02   1.2100741473205371E+03   1.5685562379155232E+02   3.4208259011575244E+00   6.7697207380655699E+05
   4.7400000000000000E+04   1.3832491507621808E+02   1.2074989142060781E+03   1.5622076939592174E+02   3.4202241856041740E+00   6.7611214527932077E+05
   4.7500000000000000E+04   1.3797822867985434E+02   1.2049265903327735E+03   1.5582163354729934E+02   3.4196240167391960E+00   6.7525940130829671E+05
   4.7600000000000000E+04   1.3747200489712822E+02   1.2023572246399265E+03   1.5521903695284649E+02   3.4190253699421218E+00   6.7441388464968314E+05
   4.7700000000000000E+04   1.3744885788078386E+02   1.1997908652420140E+03   1.5523238559768038E+02   3.4184282206371575E+00   6.7357563205673022E+05
   4.7800000000000000E+04   1.3721027910948510E+02   1.1972275594433097E+03   1.5497099022484903E+02   3.4178325441591566E+00   6.7274468616594654E+05
   4.7900000000000000E+04   1.3722207064293883E+02   1.1946673537425693E+03   1.5502904086870848E+02   3.4172383158653012E+00   6.7192108470017172E+05
   4.8000000000000000E+04   1.3685231160975030E+02   1.1921102938421645E+03   1.5460015669433488E+02   3.4166455111351239E+00   6.7110486479554314E+05
   4.8100000000000000E+04   1.3633361380301881E+02   1.1895564246597669E+03   1.5398121321028108E+02   3.4160541053034668E+00   6.7029606407603703E+05
   4.8200000000000000E+04   1.3601050588929141E+02   1.1870057903372669E+03   1.5361178154294700E+02   3.4154640736604955E+00   6.6949472171848209E+05
   4.8300000000000000E+04   1.3587805901169372E+02   1.1844584342453086E+03   1.5348552845977673E+02   3.4148753915633967E+00   6.6870087095528655E+05
   4.8400000000000000E+04   1.3577982231766441E+02   1.1819143989981874E+03   1.5340294706621833E+02   3.4142880342799908E+00   6.6791454979041859E+05
   4.8500000000000000E+04   1.3532494200262761E+02   1.1793737264582403E+03   1.5286515679016094E+02   3.4137019771004380E+00   6.6713579243492230E+05
   4.8600000000000000E+04   1.3540494785589001E+02   1.1768364577453933E+03   1.5301004212253230E+02   3.4131171953149044E+00   6.6636463465405395E+05
   4.8700000000000000E+04   1.3512238107366548E+02   1.1743026332457650E+03   1.5269205469751833E+02   3.4125336642135515E+00   6.6560110950213519E+05
   4.8800000000000000E+04   1.3476715729576483E+02   1.1717722926235535E+03   1.5228123323121378E+02   3.4119513589971722E+00   6.6484525158774923E+05
   4.8900000000000000E+04   1.3448540048058547E+02   1.1692454748227269E+03   1.5196416042783412E+02   3.4113702549559335E+00   6.6409709175511578E+05
   4.9000000000000000E+04   1.3442486002142758E+02   1.1667222180813083E+03   1.5192954784291112E+02   3.4107903273129727E+00   6.6335666346645111E+05
   4.9100000000000000E+04   1.3413371492699227E+02   1.1642025599379697E+03   1.5160036637194875E+02   3.4102115512690827E+00   6.6262399960875255E+05
   4.9200000000000000E+04   1.3419427156104246E+02   1.1616865372386101E+03   1.5172053732609285E+02   3.4096339020474029E+00   6.6189913038050977E+05
   4.9300000000000000E+04   1.3394376983587779E+02   1.1591741861453577E+03   1.5144318576466827E+02   3.4090573548710701E+00   6.6118208541791269E+05
   4.9400000000000000E+04   1.3352452770808813E+02   1.1566655421471069E+03   1.5095008219965877E+02   3.4084818848961973E+00   6.6047289590951323E+05
   4.9500000000000000E+04   1.3334895124640965E+02   1.1541606400634344E+03   1.5076836659335191E+02   3.4079074673235827E+00   6.5977159142212989E+05
   4.9600000000000000E+04   1.3313131484199997E+02   1.1516595140566126E+03   1.5053284285587984E+02   3.4073340772869960E+00   6.5907820201730740E+05
   4.9700000000000000E+04   1.3288969254998142E+02   1.1491621976346310E+03   1.5026659716726971E+02   3.4067616899872308E+00   6.5839275403544970E+05
   4.9800000000000000E+04   1.3271992817170545E+02   1.1466687236638400E+03   1.5009218544171202E+02   3.4061902805580582E+00   6.5771527537334838E+05
   4.9900000000000000E+04   1.3280383376476638E+02   1.1441791243750388E+03   1.5024232413165825E+02   3.4056198241109135E+00   6.5704579547657107E+05
   5.0000000000000000E+04   1.3283181387193849E+02   1.1416934313687698E+03   1.5032112109753004E+02   3.4050502958019040E+00   6.5638433903076162E+05


