#Te   kappa_tot   kappa_e_ph  kappa_e_e mu Ce  
#[K]  [W/(K*m)]   [W/(K*m)]   [W/(K*m)]   [eV]  [J/(m^3*K)]
  3.0000000000000000E+02  2.8080464654232621E+01  2.9275631962085747E+01  6.9818336139621613E+02 -6.3706516331897012E+00  1.1148591861927186E+05
  4.0000000000000000E+02  3.8762464792430443E+01  3.9137509779766880E+01  4.0920901918663003E+03 -6.3697674779211511E+00  1.4904545880748387E+05
  5.0000000000000000E+02  4.7842992489181512E+01  4.9065981659210671E+01  8.1005543107646254E+03 -6.3685153305100384E+00  1.8721710406270082E+05
  6.0000000000000000E+02  5.9035634072304937E+01  5.9084753198978341E+01  7.1643228094319609E+04 -6.3668765688125024E+00  2.2578215577387315E+05
  7.0000000000000000E+02  6.8526766497003962E+01  6.9212552418892486E+01  6.9648642399451228E+03 -6.3648364992908641E+00  2.6443477558182710E+05
  8.0000000000000000E+02  7.7994026889209138E+01  7.9467911852349218E+01  4.2291698355644521E+03 -6.3623853649290982E+00  3.0288733487846213E+05
  9.0000000000000000E+02  8.7430538723131917E+01  8.9871743400026119E+01  3.2345307218544581E+03 -6.3595196785940811E+00  3.4091134470446093E+05
  1.0000000000000000E+03  9.5947167177973526E+01  1.0044702601007110E+02  2.7983583829447425E+03 -6.3562416784133404E+00  3.7834233856708137E+05
  1.1000000000000000E+03  1.0634159788345168E+02  1.1121732465931916E+02  2.4359044550102567E+03 -6.3525580374841848E+00  4.1507154736465291E+05
  1.2000000000000000E+03  1.1585909685026461E+02  1.2220534368281031E+02  2.2379863211661518E+03 -6.3484785807107809E+00  4.5103531149142684E+05
  1.3000000000000000E+03  1.2452163028976133E+02  1.3343192558034008E+02  2.1188889821592834E+03 -6.3440152580562756E+00  4.8620573897767690E+05
  1.4000000000000000E+03  1.3518715139610123E+02  1.4491549892532288E+02  2.0194823371151040E+03 -6.3391813899084202E+00  5.2058308002205007E+05
  1.5000000000000000E+03  1.4488982344078107E+02  1.5667185675894501E+02  1.9328552949317564E+03 -6.3339911301611114E+00  5.5418949694170139E+05
  1.6000000000000000E+03  1.5480943673700926E+02  1.6871414277821466E+02  1.8831051167859925E+03 -6.3284590872958235E+00  5.8706390507036808E+05
  1.7000000000000000E+03  1.6473776386845316E+02  1.8105295017977841E+02  1.8330140864280772E+03 -6.3226000565207698E+00  6.1925766655148123E+05
  1.8000000000000000E+03  1.7487211124852269E+02  1.9369646772210899E+02  1.8037554830096874E+03 -6.3164288297765818E+00  6.5083103105793148E+05
  1.9000000000000000E+03  1.8496518578072920E+02  2.0665063255555324E+02  1.7675800166230329E+03 -6.3099600611939319E+00  6.8185022324229148E+05
  2.0000000000000000E+03  1.9543686737277065E+02  2.1991926867949456E+02  1.7599460841749496E+03 -6.3032081726587448E+00  7.1238510192618542E+05
  2.1000000000000000E+03  2.0531943683382033E+02  2.3350420369728735E+02  1.7057064961041083E+03 -6.2961872889562240E+00  7.4250731719378359E+05
  2.2000000000000000E+03  2.1553230429556456E+02  2.4740536531880895E+02  1.6771922501112990E+03 -6.2889111949888967E+00  7.7228887195770699E+05
  2.3000000000000000E+03  2.2537735794669203E+02  2.6162086363539839E+02  1.6305041508322506E+03 -6.2813933095668224E+00  8.0180102222393663E+05
  2.4000000000000000E+03  2.3556737105977203E+02  2.7614706664266771E+02  1.6073097218268517E+03 -6.2736466715657047E+00  8.3111344449175452E+05
  2.5000000000000000E+03  2.4544416883097264E+02  2.9097867592688988E+02  1.5725904014822697E+03 -6.2656839352827820E+00  8.6029361611456273E+05
  2.6000000000000000E+03  2.5586614750609019E+02  3.0610880779917477E+02  1.5630348492799324E+03 -6.2575173724508391E+00  8.8940634178230481E+05
  2.7000000000000000E+03  2.6572348777090036E+02  3.2152908318327792E+02  1.5346992377074966E+03 -6.2491588789098911E+00  9.1851341481330933E+05
  2.8000000000000000E+03  2.7609842528249459E+02  3.3722972767997794E+02  1.5268077309176065E+03 -6.2406199843491059E+00  9.4767335088741314E+05
  2.9000000000000000E+03  2.8607422529067480E+02  3.5319968168815609E+02  1.5091131754222126E+03 -6.2319118639254594E+00  9.7694118171009456E+05
  3.0000000000000000E+03  2.9611915151535277E+02  3.6942671933327858E+02  1.4953148356276029E+03 -6.2230453506999082E+00  1.0063683043127067E+06
  3.1000000000000000E+03  3.0571740282153490E+02  3.8589757424678254E+02  1.4748359890779470E+03 -6.2140309482182214E+00  1.0360023546387006E+06
  3.2000000000000000E+03  3.1609718350148938E+02  4.0259806987220418E+02  1.4745269991753662E+03 -6.2048788426672035E+00  1.0658871034941119E+06
  3.3000000000000000E+03  3.2533857124268820E+02  4.1951325187941222E+02  1.4524240697505800E+03 -6.1955989141816401E+00  1.0960623710209664E+06
  3.4000000000000000E+03  3.3560011563266949E+02  4.3662752036930885E+02  1.4537384430831596E+03 -6.1862007470795231E+00  1.1265639657564047E+06
  3.5000000000000000E+03  3.4500280033487127E+02  4.5392475976917120E+02  1.4409377694143418E+03 -6.1766936388239788E+00  1.1574236234775428E+06
  3.6000000000000000E+03  3.5495990637235906E+02  4.7138846461374908E+02  1.4401648508374140E+03 -6.1670866076827240E+00  1.1886689855604828E+06
  3.7000000000000000E+03  3.6396544709835069E+02  4.8900185972429688E+02  1.4263293752194652E+03 -6.1573883990683207E+00  1.2203235656104062E+06
  3.8000000000000000E+03  3.7390347456360217E+02  5.0674801361880020E+02  1.4292419150716428E+03 -6.1476074905926366E+00  1.2524067645144968E+06
  3.9000000000000000E+03  3.8330705834202661E+02  5.2460994429491029E+02  1.4258195666536421E+03 -6.1377520959911553E+00  1.2849338756860448E+06
  4.0000000000000000E+03  3.9303855003484773E+02  5.4257071679556452E+02  1.4285762395776808E+03 -6.1278301679671987E+00  1.3179161449846877E+06
  4.1000000000000000E+03  4.0165916945373561E+02  5.6061353221884815E+02  1.4189666033947633E+03 -6.1178494001784607E+00  1.3513608215937668E+06
  4.2000000000000000E+03  4.1118038913505291E+02  5.7872180803482877E+02  1.4229137687933867E+03 -6.1078172284812657E+00  1.3852712449700173E+06
  4.3000000000000000E+03  4.2035440828946832E+02  5.9687924974686587E+02  1.4239189862478111E+03 -6.0977408315951118E+00  1.4196469611245359E+06
  4.4000000000000000E+03  4.2969773625157376E+02  6.1506991408031195E+02  1.4280428102382423E+03 -6.0876271313919377E+00  1.4544838475650190E+06
  4.5000000000000000E+03  4.3819865668502996E+02  6.3327826398633465E+02  1.4249151437050673E+03 -6.0774827929212361E+00  1.4897742625917471E+06
  4.6000000000000000E+03  4.4744810074230338E+02  6.5148921583917263E+02  1.4308717190624564E+03 -6.0673142243476210E+00  1.5255072326571057E+06
  4.7000000000000000E+03  4.5588949780311816E+02  6.6968817926670977E+02  1.4301878794926874E+03 -6.0571275769356232E+00  1.5616686185801241E+06
  4.8000000000000000E+03  4.6529233638431077E+02  6.8786109009493521E+02  1.4401965926574917E+03 -6.0469287451860261E+00  1.5982413389125646E+06
  4.9000000000000000E+03  4.7336371211870284E+02  7.0599443691712463E+02  1.4387284680089356E+03 -6.0367233672585412E+00  1.6352055874524782E+06
  5.0000000000000000E+03  4.8273556698783511E+02  7.2407528180674637E+02  1.4504214609468700E+03 -6.0265168257378461E+00  1.6725390529902366E+06
  5.1000000000000000E+03  4.9118842769754764E+02  7.4209127569686120E+02  1.4547656390610277E+03 -6.0163142488333090E+00  1.7102171782429218E+06
  5.2000000000000000E+03  4.9883550948282556E+02  7.6003066894204176E+02  1.4601815880173260E+03 -6.0061205120791481E+00  1.7482133851933083E+06
  5.3000000000000000E+03  5.0759233598902335E+02  7.7788231755725201E+02  1.4628709979954797E+03 -5.9959402405391922E+00  1.7864993400493350E+06
  5.4000000000000000E+03  5.1662014833870899E+02  7.9563568561378656E+02  1.4752249600731132E+03 -5.9857778115676563E+00  1.8250451875876207E+06
  5.5000000000000000E+03  5.2411949199102776E+02  8.1328084424618578E+02  1.4759375685562031E+03 -5.9756373581398616E+00  1.8638198156172528E+06
  5.6000000000000000E+03  5.3336117120910319E+02  8.3080846768955325E+02  1.4916358043305986E+03 -5.9655227727181357E+00  1.9027910935297359E+06
  5.7000000000000000E+03  5.4081639878013289E+02  8.4820982674847585E+02  1.4940691109203012E+03 -5.9554377116820607E+00  1.9419260946407386E+06
  5.8000000000000000E+03  5.4915811032000181E+02  8.6547678005308592E+02  1.5044154233721636E+03 -5.9453856002424974E+00  1.9811913502807408E+06
  5.9000000000000000E+03  5.5643800054396615E+02  8.8260176344800061E+02  1.5074462900096473E+03 -5.9353696378949365E+00  2.0205530516350553E+06
  6.0000000000000000E+03  5.6499936338850262E+02  8.9957777780044762E+02  1.5208895487463992E+03 -5.9253928042578954E+00  2.0599772687182962E+06
  6.1000000000000000E+03  5.7156618316221181E+02  9.1639837551652749E+02  1.5206070999737924E+03 -5.9154578653700636E+00  2.0994301430591005E+06
  6.2000000000000000E+03  5.7986607980135773E+02  9.3305764599630436E+02  1.5335477681235739E+03 -5.9055673802987965E+00  2.1388780735907038E+06
  6.3000000000000000E+03  5.8659881885147479E+02  9.4955020025999545E+02  1.5361829412584143E+03 -5.8957237081114302E+00  2.1782878700684709E+06
  6.4000000000000000E+03  5.9437099842673683E+02  9.6587115491762620E+02  1.5468143843008634E+03 -5.8859290150328700E+00  2.2176269455836397E+06
  6.5000000000000000E+03  6.0070544939983313E+02  9.8201611567480847E+02  1.5484591804892025E+03 -5.8761852818895068E+00  2.2568634062069929E+06
  6.6000000000000000E+03  6.0891071555944836E+02  9.9798116049742725E+02  1.5633820752947997E+03 -5.8664943116393520E+00  2.2959662251783623E+06
  6.7000000000000000E+03  6.1481297722541149E+02  1.0137628225818371E+03  1.5637124261488721E+03 -5.8568577370619979E+00  2.3349053165339702E+06
  6.8000000000000000E+03  6.2226237583416150E+02  1.0293580732261473E+03  1.5747460267036806E+03 -5.8472770284819573E+00  2.3736516566225677E+06
  6.9000000000000000E+03  6.2815119390757479E+02  1.0447643047004344E+03  1.5768313968939487E+03 -5.8377535015114441E+00  2.4121773608467756E+06
  7.0000000000000000E+03  6.3573478904548813E+02  1.0599793132006182E+03  1.5897580837743644E+03 -5.8282883248112380E+00  2.4504557397075081E+06
  7.1000000000000000E+03  6.4113346647176058E+02  1.0750012819312121E+03  1.5898703027721565E+03 -5.8188825277153162E+00  2.4884613783005648E+06
  7.2000000000000000E+03  6.4899654837101718E+02  1.0898287643968665E+03  1.6058755568083911E+03 -5.8095370078373962E+00  2.5261701713782428E+06
  7.3000000000000000E+03  6.5460916986810787E+02  1.1044606679268559E+03  1.6085830036395678E+03 -5.8002525385148598E+00  2.5635593575350940E+06
  7.4000000000000000E+03  6.6113159756033485E+02  1.1188962374765201E+03  1.6173771998267935E+03 -5.7910297761122589E+00  2.6006075330644408E+06
  7.5000000000000000E+03  6.6623465101539728E+02  1.1331350397286812E+03  1.6182475183533202E+03 -5.7818692671343896E+00  2.6372946967276596E+06
  7.6000000000000000E+03  6.7267968310887670E+02  1.1471769475239673E+03  1.6277197038419386E+03 -5.7727714551725438E+00  2.6736022137259669E+06
  7.7000000000000000E+03  6.7748847571873534E+02  1.1610221246263295E+03  1.6280933763499893E+03 -5.7637366876116820E+00  2.7095128557419260E+06
  7.8000000000000000E+03  6.8347674620042085E+02  1.1746710108453431E+03  1.6357129643696594E+03 -5.7547652221387970E+00  2.7450107528954269E+06
  7.9000000000000000E+03  6.8895595730344417E+02  1.1881243075122634E+03  1.6411577221179846E+03 -5.7458572329858022E+00  2.7800814062614357E+06
  8.0000000000000000E+03  6.9445585222637214E+02  1.2013829633247174E+03  1.6470718534361738E+03 -5.7370128169527508E+00  2.8147116595708481E+06
  8.1000000000000000E+03  6.9849951349431740E+02  1.2144481605566914E+03  1.6453605718449217E+03 -5.7282319991739294E+00  2.8488896479482325E+06
  8.2000000000000000E+03  7.0370324729608751E+02  1.2273213016316877E+03  1.6506905805958868E+03 -5.7195147386156231E+00  2.8826048127614362E+06
  8.3000000000000000E+03  7.0697915319866456E+02  1.2400039960669271E+03  1.6461091546162629E+03 -5.7108609333501050E+00  2.9158478215991082E+06
  8.4000000000000000E+03  7.1147204816057820E+02  1.2524980477722402E+03  1.6482408963505536E+03 -5.7022704255321379E+00  2.9486105555887660E+06
  8.5000000000000000E+03  7.1464617631422323E+02  1.2648054427159400E+03  1.6441202806223450E+03 -5.6937430061683516E+00  2.9808860758213727E+06
  8.6000000000000000E+03  7.1896432913360843E+02  1.2769283369421460E+03  1.6465059345024335E+03 -5.6852784196183324E+00  3.0126685402045595E+06
  8.7000000000000000E+03  7.2182725693558086E+02  1.2888690449315588E+03  1.6418330209088194E+03 -5.6768763678121452E+00  3.0439532203610973E+06
  8.8000000000000000E+03  7.2698533745408804E+02  1.3006300283217286E+03  1.6494469690908550E+03 -5.6685365143079807E+00  3.0747363981454959E+06
  8.9000000000000000E+03  7.2994254227684246E+02  1.3122138849551725E+03  1.6460034475371854E+03 -5.6602584880453932E+00  3.1050153565598396E+06
  9.0000000000000000E+03  7.3385378745027560E+02  1.3236233382695521E+03  1.6479226612868611E+03 -5.6520418869108484E+00  3.1347883195223701E+06
  9.1000000000000000E+03  7.3665334706986414E+02  1.3348612270153728E+03  1.6447482319969713E+03 -5.6438862810669921E+00  3.1640543900336884E+06
  9.2000000000000000E+03  7.4065204528504069E+02  1.3459304952981113E+03  1.6478369842508423E+03 -5.6357912160650327E+00  3.1928135528940004E+06
  9.3000000000000000E+03  7.4337489111626076E+02  1.3568341829482974E+03  1.6450938337211221E+03 -5.6277562157972927E+00  3.2210665577808875E+06
  9.4000000000000000E+03  7.4730195107863005E+02  1.3675754161968202E+03  1.6485544517962085E+03 -5.6197807851925692E+00  3.2488149321683366E+06
  9.5000000000000000E+03  7.4996484921365447E+02  1.3781573986692974E+03  1.6462124570207241E+03 -5.6118644127683304E+00  3.2760609052518555E+06
  9.6000000000000000E+03  7.5444941599731499E+02  1.3885834026851048E+03  1.6544037677131237E+03 -5.6040065729938657E+00  3.3028073709744578E+06
  9.7000000000000000E+03  7.5737592238648745E+02  1.3988567608602666E+03  1.6524076127144970E+03 -5.5962067284866048E+00  3.3290578494272446E+06
  9.8000000000000000E+03  7.6132599418732048E+02  1.4089808580068689E+03  1.6572637781462367E+03 -5.5884643320388703E+00  3.3548164362159828E+06
  9.9000000000000000E+03  7.6319028143430728E+02  1.4189591233307026E+03  1.6524353541499117E+03 -5.5807788285097759E+00  3.3800877560175569E+06
  1.0000000000000000E+04  7.6694889940953158E+02  1.4287950229165137E+03  1.6566429245385020E+03 -5.5731496565572689E+00  3.4048769522123747E+06
  1.0100000000000000E+04  7.6906712958884475E+02  1.4384920525009759E+03  1.6535868897928717E+03 -5.5655762502353436E+00  3.4291895987994699E+06
  1.0200000000000000E+04  7.7301600354250354E+02  1.4480537305324883E+03  1.6592143148620330E+03 -5.5580580404897582E+00  3.4530317037783549E+06
  1.0300000000000000E+04  7.7454641381574152E+02  1.4574835915012104E+03  1.6539373464158730E+03 -5.5505944564744620E+00  3.4764096636395180E+06
  1.0400000000000000E+04  7.7725083273634004E+02  1.4667851795576457E+03  1.6541939587380070E+03 -5.5431849268360178E+00  3.4993302167864600E+06
  1.0500000000000000E+04  7.7901612300648071E+02  1.4759620423891288E+03  1.6507073882304655E+03 -5.5358288808075979E+00  3.5218004133255584E+06
  1.0600000000000000E+04  7.8197957635435125E+02  1.4850177253747568E+03  1.6525613644205180E+03 -5.5285257492682387E+00  3.5438275988843939E+06
  1.0700000000000000E+04  7.8274597720218378E+02  1.4939557659976588E+03  1.6451099880268416E+03 -5.5212749656700160E+00  3.5654193686479693E+06
  1.0800000000000000E+04  7.8609636902616353E+02  1.5027796885218881E+03  1.6491388065925235E+03 -5.5140759669068515E+00  3.5865835161734684E+06
  1.0900000000000000E+04  7.8731885378461584E+02  1.5114929989170992E+03  1.6441329873553573E+03 -5.5069281940498662E+00  3.6073280691588186E+06
  1.1000000000000000E+04  7.9024343767555820E+02  1.5200991800467380E+03  1.6466623759258714E+03 -5.4998310930882983E+00  3.6276611975029670E+06
  1.1100000000000000E+04  7.9132052855525706E+02  1.5286016870907490E+03  1.6413635586991688E+03 -5.4927841155119372E+00  3.6475912288712487E+06
  1.1200000000000000E+04  7.9451229805576043E+02  1.5370039432207027E+03  1.6454451895654797E+03 -5.4857867188921947E+00  3.6671266020716070E+06
  1.1300000000000000E+04  7.9514880496145190E+02  1.5453093355087935E+03  1.6387443765276112E+03 -5.4788383673727887E+00  3.6862758519676970E+06
  1.1400000000000000E+04  7.9704612020292154E+02  1.5535212110703430E+03  1.6377327994703164E+03 -5.4719385320992924E+00  3.7050475939228190E+06
  1.1500000000000000E+04  7.9870708591817345E+02  1.5616428734385890E+03  1.6357946405725434E+03 -5.4650866916180778E+00  3.7234504880422251E+06
  1.1600000000000000E+04  8.0062535721824634E+02  1.5696775791596397E+03  1.6350623098502365E+03 -5.4582823321974328E+00  3.7414932460003076E+06
  1.1700000000000000E+04  8.0218423880513876E+02  1.5776285346098207E+03  1.6329451864961597E+03 -5.4515249481236436E+00  3.7591845834369883E+06
  1.1800000000000000E+04  8.0390147384348484E+02  1.5854988930276636E+03  1.6315571699630757E+03 -5.4448140419567705E+00  3.7765332252316535E+06
  1.1900000000000000E+04  8.0454672982994362E+02  1.5932917517533265E+03  1.6260053219632362E+03 -5.4381491247336040E+00  3.7935478667287030E+06
  1.2000000000000000E+04  8.0652581521782849E+02  1.6010101496721459E+03  1.6261318271036780E+03 -5.4315297161289156E+00  3.8102371970653525E+06
  1.2100000000000000E+04  8.0743823051543939E+02  1.6086570648606730E+03  1.6219324491736397E+03 -5.4249553446194785E+00  3.8266098407450109E+06
  1.2200000000000000E+04  8.0886416841299206E+02  1.6162354124222913E+03  1.6200834089353159E+03 -5.4184255475744285E+00  3.8426743778304877E+06
  1.2300000000000000E+04  8.0953948970720774E+02  1.6237480425137887E+03  1.6152641806921351E+03 -5.4119398713470179E+00  3.8584393062591925E+06
  1.2400000000000000E+04  8.1048869422696157E+02  1.6311977385545861E+03  1.6116861003820047E+03 -5.4054978713315922E+00  3.8739130589463999E+06
  1.2500000000000000E+04  8.1094136874641026E+02  1.6385872156117634E+03  1.6064228649739839E+03 -5.3990991119830678E+00  3.8891039733157554E+06
  1.2600000000000000E+04  8.1224483531445458E+02  1.6459191189604019E+03  1.6043598258898705E+03 -5.3927431668447223E+00  3.9040202794297673E+06
  1.2700000000000000E+04  8.1323421781112904E+02  1.6531960228073281E+03  1.6013563835778350E+03 -5.3864296185259537E+00  3.9186701129222773E+06
  1.2800000000000000E+04  8.1493724477242051E+02  1.6604204291793110E+03  1.6011035321386773E+03 -5.3801580586911744E+00  3.9330614800804211E+06
  1.2900000000000000E+04  8.1624964808715151E+02  1.6675947669634072E+03  1.5995005596072929E+03 -5.3739280880014038E+00  3.9472022642989480E+06
  1.3000000000000000E+04  8.1770128270928012E+02  1.6747213910998209E+03  1.5985143481223818E+03 -5.3677393160614617E+00  3.9611002346760496E+06
  1.3100000000000000E+04  8.1790152900581131E+02  1.6818025819197271E+03  1.5928275715182385E+03 -5.3615913613601958E+00  3.9747630002123029E+06
  1.3200000000000000E+04  8.1821675297063189E+02  1.6888405446198904E+03  1.5878343003336263E+03 -5.3554838511662162E+00  3.9881980392083218E+06
  1.3300000000000000E+04  8.1836108711160307E+02  1.6958374088741971E+03  1.5822720946927707E+03 -5.3494164214570059E+00  4.0014126894075489E+06
  1.3400000000000000E+04  8.1970922261542364E+02  1.7027952285707584E+03  1.5812348250627479E+03 -5.3433887167924272E+00  4.0144141294642827E+06
  1.3500000000000000E+04  8.1976736999554430E+02  1.7097159816747735E+03  1.5755469281957808E+03 -5.3374003902271303E+00  4.0272093790260167E+06
  1.3600000000000000E+04  8.2106370972821310E+02  1.7166015702066488E+03  1.5744281702659184E+03 -5.3314511031674012E+00  4.0398053085720674E+06
  1.3700000000000000E+04  8.2289705651500572E+02  1.7234538203347215E+03  1.5755317849158369E+03 -5.3255405252585408E+00  4.0522086249501505E+06
  1.3800000000000000E+04  8.2384249266456607E+02  1.7302744825742000E+03  1.5732183330194143E+03 -5.3196683342486502E+00  4.0644258635259322E+06
  1.3900000000000000E+04  8.2391829975266751E+02  1.7370652320885242E+03  1.5679348345258068E+03 -5.3138342158412764E+00  4.0764634143573837E+06
  1.4000000000000000E+04  8.2435658430864464E+02  1.7438276690892144E+03  1.5640150536079473E+03 -5.3080378635744756E+00  4.0883274765129872E+06
  1.4100000000000000E+04  8.2474538833044312E+02  1.7505633193260976E+03  1.5600746893443197E+03 -5.3022789786512217E+00  4.1000240957145886E+06
  1.4200000000000000E+04  8.2551459744213935E+02  1.7572736346665704E+03  1.5575172460177271E+03 -5.2965572697976295E+00  4.1115591345425793E+06
  1.4300000000000000E+04  8.2553047460066443E+02  1.7639599937571518E+03  1.5523340873595589E+03 -5.2908724531114171E+00  4.1229383107082038E+06
  1.4400000000000000E+04  8.2741735096890295E+02  1.7706237027632610E+03  1.5539325170668933E+03 -5.2852242519103960E+00  4.1341671415829984E+06
  1.4500000000000000E+04  8.2840383463525700E+02  1.7772659961819968E+03  1.5523226780542047E+03 -5.2796123965656641E+00  4.1452510045540356E+06
  1.4600000000000000E+04  8.2823344620494572E+02  1.7838880377250612E+03  1.5466984327796497E+03 -5.2740366243500816E+00  4.1561950850604996E+06
  1.4700000000000000E+04  8.2767923404305441E+02  1.7904909212651223E+03  1.5399123060245649E+03 -5.2684966792825847E+00  4.1670044035140304E+06
  1.4800000000000000E+04  8.2881956399854448E+02  1.7970756718436442E+03  1.5389683402589412E+03 -5.2629923119558111E+00  4.1776838238844560E+06
  1.4900000000000000E+04  8.2773247334713028E+02  1.8036432467345628E+03  1.5304340385655773E+03 -5.2575232793901447E+00  4.1882380346957510E+06
  1.5000000000000000E+04  8.2878910381207459E+02  1.8101945365603624E+03  1.5293242204309820E+03 -5.2520893448599573E+00  4.1986715611439003E+06
  1.5100000000000000E+04  8.2808435826816185E+02  1.8167303664564861E+03  1.5223324149122054E+03 -5.2466902777573736E+00  4.2089887494494328E+06
  1.5200000000000000E+04  8.3012960764491652E+02  1.8232514972803433E+03  1.5245685563376312E+03 -5.2413258533921026E+00  4.2191938163037924E+06
  1.5300000000000000E+04  8.2990292016945966E+02  1.8297586268609107E+03  1.5193434385652404E+03 -5.2359958528774557E+00  4.2292907842372116E+06
  1.5400000000000000E+04  8.3164034535839414E+02  1.8362523912862707E+03  1.5207296875839650E+03 -5.2307000629440648E+00  4.2392835420447532E+06
  1.5500000000000000E+04  8.3113682613281890E+02  1.8427333662238427E+03  1.5146164277842995E+03 -5.2254382758050557E+00  4.2491757897201907E+06
  1.5600000000000000E+04  8.3251309969466706E+02  1.8492020682722559E+03  1.5147898962420181E+03 -5.2202102889697688E+00  4.2589711190991960E+06
  1.5700000000000000E+04  8.3233904812740184E+02  1.8556589563392408E+03  1.5098888343708218E+03 -5.2150159051325504E+00  4.2686729236217160E+06
  1.5800000000000000E+04  8.3348756083919034E+02  1.8621044330448615E+03  1.5093362662996358E+03 -5.2098549319767642E+00  4.2782844837322840E+06
  1.5900000000000000E+04  8.3374532080671611E+02  1.8685388461440702E+03  1.5059942966966030E+03 -5.2047271820677405E+00  4.2878089030437749E+06
  1.6000000000000000E+04  8.3326280021254092E+02  1.8749624899692390E+03  1.5002652907195638E+03 -5.1996324726706806E+00  4.2972491677005496E+06
  1.6100000000000000E+04  8.3272298184083525E+02  1.8813756068864491E+03  1.4944764541747145E+03 -5.1945706256311137E+00  4.3066080935076354E+06
  1.6200000000000000E+04  8.3403204252036358E+02  1.8877783887656383E+03  1.4946634467367835E+03 -5.1895414672052969E+00  4.3158883837966351E+06
  1.6300000000000000E+04  8.3393840137119605E+02  1.8941709784594682E+03  1.4903813229037637E+03 -5.1845448279476276E+00  4.3250925905760918E+06
  1.6400000000000000E+04  8.3459744307750566E+02  1.9005534712912493E+03  1.4885217762515219E+03 -5.1795805425480008E+00  4.3342231356152073E+06
  1.6500000000000000E+04  8.3456528008954433E+02  1.9069259165472668E+03  1.4846136381236738E+03 -5.1746484496997489E+00  4.3432823192366967E+06
  1.6600000000000000E+04  8.3445948042754787E+02  1.9132883189705844E+03  1.4803692466384941E+03 -5.1697483919898275E+00  4.3522722955142511E+06
  1.6700000000000000E+04  8.3542507403333798E+02  1.9196406402598309E+03  1.4795775766828169E+03 -5.1648802157208866E+00  4.3611951147996588E+06
  1.6800000000000000E+04  8.3584726908092966E+02  1.9259828005609263E+03  1.4772422212385063E+03 -5.1600437708320239E+00  4.3700526867628414E+06
  1.6900000000000000E+04  8.3588872945706078E+02  1.9323146799612059E+03  1.4736043462024193E+03 -5.1552389107292163E+00  4.3788468274779059E+06
  1.7000000000000000E+04  8.3648332276397173E+02  1.9386361199741289E+03  1.4717624176419299E+03 -5.1504654921879922E+00  4.3875792164532188E+06
  1.7100000000000000E+04  8.3587029846561813E+02  1.9449469250186110E+03  1.4662765898479861E+03 -5.1457233752311193E+00  4.3962514238768723E+06
  1.7200000000000000E+04  8.3645954250925683E+02  1.9512468638918704E+03  1.4644946908972677E+03 -5.1410124229826355E+00  4.4048649316626163E+06
  1.7300000000000000E+04  8.3501831002202289E+02  1.9575356712270652E+03  1.4566268753285569E+03 -5.1363325015927890E+00  4.4134210830858983E+06
  1.7400000000000000E+04  8.3676529193580268E+02  1.9638130489453997E+03  1.4584508678320074E+03 -5.1316834800823541E+00  4.4219211463709865E+06
  1.7500000000000000E+04  8.3665784530009910E+02  1.9700786676895041E+03  1.4546962996393379E+03 -5.1270652302647752E+00  4.4303662780273864E+06
  1.7600000000000000E+04  8.3722646795641924E+02  1.9763321682465025E+03  1.4529891897299808E+03 -5.1224776266155052E+00  4.4387575408003014E+06
  1.7700000000000000E+04  8.3637103706613584E+02  1.9825731629529314E+03  1.4470272677117478E+03 -5.1179205461788726E+00  4.4470958974567903E+06
  1.7800000000000000E+04  8.3704351231513044E+02  1.9888012370849956E+03  1.4458175179275386E+03 -5.1133938684485294E+00  4.4553822436197866E+06
  1.7900000000000000E+04  8.3713955741937059E+02  1.9950159502273832E+03  1.4427787926457952E+03 -5.1088974752896092E+00  4.4636173593408223E+06
  1.8000000000000000E+04  8.3800781236677142E+02  2.0012168376266650E+03  1.4421367000361167E+03 -5.1044312508261269E+00  4.4718019465184752E+06
  1.8100000000000000E+04  8.3843062703906469E+02  2.0074034115242746E+03  1.4401092380347463E+03 -5.0999950813381183E+00  4.4799366434726492E+06
  1.8200000000000000E+04  8.3911195127152735E+02  2.0135751624663728E+03  1.4390472451550170E+03 -5.0955888551810107E+00  4.4880219901931044E+06
  1.8300000000000000E+04  8.3925874555479970E+02  2.0197315605940566E+03  1.4362764837967461E+03 -5.0912124626924840E+00  4.4960584624179918E+06
  1.8400000000000000E+04  8.3895720797405886E+02  2.0258720569112841E+03  1.4322371136237734E+03 -5.0868657960979569E+00  4.5040464592862297E+06
  1.8500000000000000E+04  8.3991471133716766E+02  2.0319960845294220E+03  1.4319875757375883E+03 -5.0825487494257811E+00  4.5119863133516284E+06
  1.8600000000000000E+04  8.3886954786229035E+02  2.0381030598867587E+03  1.4259203176920387E+03 -5.0782612184335676E+00  4.5198782871792419E+06
  1.8700000000000000E+04  8.4053579804280957E+02  2.0441923839470855E+03  1.4277815288712225E+03 -5.0740031005136679E+00  4.5277225773704629E+06
  1.8800000000000000E+04  8.3926618393759145E+02  2.0502634433710919E+03  1.4211919498750747E+03 -5.0697742946167113E+00  4.5355193273147373E+06
  1.8900000000000000E+04  8.4021851838106409E+02  2.0563156116619025E+03  1.4210137337476776E+03 -5.0655747011890586E+00  4.5432686060610712E+06
  1.9000000000000000E+04  8.4135163553648852E+02  2.0623482502899342E+03  1.4213655284304336E+03 -5.0614042220713156E+00  4.5509704474678878E+06
  1.9100000000000000E+04  8.4050945724317535E+02  2.0683607097850163E+03  1.4161625788768320E+03 -5.0572627604538676E+00  4.5586248172499817E+06
  1.9200000000000000E+04  8.4098742106005739E+02  2.0743523308081903E+03  1.4146902641698384E+03 -5.0531502207906724E+00  4.5662316285502370E+06
  1.9300000000000000E+04  8.3961872902785581E+02  2.0803224451940005E+03  1.4081093212208207E+03 -5.0490665087381164E+00  4.5737907587310737E+06
  1.9400000000000000E+04  8.4041904872546479E+02  2.0862703769682144E+03  1.4076373480647376E+03 -5.0450115310841053E+00  4.5813020282554086E+06
  1.9500000000000000E+04  8.3952479169416415E+02  2.0921954433359087E+03  1.4024897788486273E+03 -5.0409851956966447E+00  4.5887652159522679E+06
  1.9600000000000000E+04  8.4093872821730565E+02  2.0980969556489754E+03  1.4038065031240058E+03 -5.0369874114362503E+00  4.5961800597252753E+06
  1.9700000000000000E+04  8.4085551236636843E+02  2.1039742203370979E+03  1.4009584400699991E+03 -5.0330180881323310E+00  4.6035462599582635E+06
  1.9800000000000000E+04  8.4055157019945455E+02  2.1098265398214048E+03  1.3975356747988542E+03 -5.0290771364983771E+00  4.6108634801485240E+06
  1.9900000000000000E+04  8.4110111136682917E+02  2.1156532133961009E+03  1.3964838937725071E+03 -5.0251644680861052E+00  4.6181313459926397E+06
  2.0000000000000000E+04  8.4155686006509609E+02  2.1214535380828020E+03  1.3952382742293944E+03 -5.0212799952395786E+00  4.6253494501931770E+06
  2.0100000000000000E+04  8.4280965971262719E+02  2.1272268094635206E+03  1.3961558833500467E+03 -5.0174236310229130E+00  4.6325173586265361E+06
  2.0200000000000000E+04  8.4266671976851683E+02  2.1329723224790732E+03  1.3932772622219450E+03 -5.0135952891938791E+00  4.6396346106675025E+06
  2.0300000000000000E+04  8.4221622260647962E+02  2.1386893722068180E+03  1.3895899641038427E+03 -5.0097948841455153E+00  4.6467007096564621E+06
  2.0400000000000000E+04  8.4172865008997383E+02  2.1443772546114142E+03  1.3859008223818985E+03 -5.0060223308560818E+00  4.6537151360616339E+06
  2.0500000000000000E+04  8.4245555574784612E+02  2.1500352672671934E+03  1.3854778483184650E+03 -5.0022775448501324E+00  4.6606773644883260E+06
  2.0600000000000000E+04  8.4244530239443270E+02  2.1556627100561191E+03  1.3831917687543255E+03 -4.9985604421540506E+00  4.6675868245953713E+06
  2.0700000000000000E+04  8.4291494365010840E+02  2.1612588858380927E+03  1.3821232019737695E+03 -4.9948709392640591E+00  4.6744429364524912E+06
  2.0800000000000000E+04  8.4219255934887258E+02  2.1668231011016715E+03  1.3779175649872054E+03 -4.9912089530836727E+00  4.6812451105163526E+06
  2.0900000000000000E+04  8.4222255855822334E+02  2.1723546665803506E+03  1.3758109838134976E+03 -4.9875744009139709E+00  4.6879927310778089E+06
  2.1000000000000000E+04  8.4234226294371570E+02  2.1778528978518316E+03  1.3739029512258985E+03 -4.9839672004007678E+00  4.6946851715973867E+06
  2.1100000000000000E+04  8.4254640258615291E+02  2.1833171159088261E+03  1.3723072946442401E+03 -4.9803872695068216E+00  4.7013217892274726E+06
  2.1200000000000000E+04  8.4323404733938128E+02  2.1887466477093412E+03  1.3719645081782921E+03 -4.9768345264645548E+00  4.7079019344226560E+06
  2.1300000000000000E+04  8.4362903821653708E+02  2.1941408266958379E+03  1.3708889674732279E+03 -4.9733088897691209E+00  4.7144249521480203E+06
  2.1400000000000000E+04  8.4454228903902003E+02  2.1994989932996423E+03  1.3712153180297014E+03 -4.9698102781255731E+00  4.7208901600598991E+06
  2.1500000000000000E+04  8.4432300487337102E+02  2.2048204954157472E+03  1.3686007374399283E+03 -4.9663386104335698E+00  4.7272968986399909E+06
  2.1600000000000000E+04  8.4339401833327463E+02  2.2101046888574897E+03  1.3640792338333144E+03 -4.9628938057568064E+00  4.7336444686670238E+06
  2.1700000000000000E+04  8.4338282492437361E+02  2.2153509377914193E+03  1.3620375890222888E+03 -4.9594757832840708E+00  4.7399321972317379E+06
  2.1800000000000000E+04  8.4361969933001160E+02  2.2205586151421717E+03  1.3607613423384066E+03 -4.9560844623292670E+00  4.7461593875843249E+06
  2.1900000000000000E+04  8.4320992225009809E+02  2.2257271029852409E+03  1.3576917666798827E+03 -4.9527197622869172E+00  4.7523253458279753E+06
  2.2000000000000000E+04  8.4269459563670682E+02  2.2308557929138074E+03  1.3545016990604654E+03 -4.9493816026140998E+00  4.7584293831315134E+06
  2.2100000000000000E+04  8.4394741646015996E+02  2.2359440863835725E+03  1.3558361227068872E+03 -4.9460699028165376E+00  4.7644708047570763E+06
  2.2200000000000000E+04  8.4304180957829647E+02  2.2409913950412165E+03  1.3516744903897302E+03 -4.9427845824208054E+00  4.7704489228930073E+06
  2.2300000000000000E+04  8.4322090239791999E+02  2.2459971410312637E+03  1.3503294647792750E+03 -4.9395255609534807E+00  4.7763630430828352E+06
  2.2400000000000000E+04  8.4291595276333646E+02  2.2509607572800387E+03  1.3477413953231051E+03 -4.9362927579397420E+00  4.7822124769449867E+06
  2.2500000000000000E+04  8.4264136463147838E+02  2.2558816877699969E+03  1.3453168618028390E+03 -4.9330860928589004E+00  4.7879965507011991E+06
  2.2600000000000000E+04  8.4139934357277502E+02  2.2607593877837376E+03  1.3404046102194527E+03 -4.9299054851555040E+00  4.7937145748373251E+06
  2.2700000000000000E+04  8.4121669677409227E+02  2.2655933241402608E+03  1.3382145044493338E+03 -4.9267508542059932E+00  4.7993658785919687E+06
  2.2800000000000000E+04  8.4064270080359233E+02  2.2703829754091248E+03  1.3351193524213220E+03 -4.9236221193047900E+00  4.8049498116537267E+06
  2.2900000000000000E+04  8.4056368567785171E+02  2.2751278321022423E+03  1.3332982740950924E+03 -4.9205191996768063E+00  4.8104656988634011E+06
  2.3000000000000000E+04  8.4073837489232244E+02  2.2798273968634576E+03  1.3321418124109916E+03 -4.9174420144246307E+00  4.8159128958633766E+06
  2.3100000000000000E+04  8.3993736907305356E+02  2.2844811846257189E+03  1.3285264967279111E+03 -4.9143904825507603E+00  4.8212907615404250E+06
  2.3200000000000000E+04  8.3961420123283733E+02  2.2890887227632725E+03  1.3261389556468639E+03 -4.9113645229311942E+00  4.8265986624850202E+06
  2.3300000000000000E+04  8.3929859410668746E+02  2.2936495512248016E+03  1.3238416169258703E+03 -4.9083640543070901E+00  4.8318359735740190E+06
  2.3400000000000000E+04  8.4044683859048951E+02  2.2981632226507259E+03  1.3252117067727438E+03 -4.9053889952819896E+00  4.8370020908704149E+06
  2.3500000000000000E+04  8.4141849438633710E+02  2.3026293024771685E+03  1.3261582754901385E+03 -4.9024392643148591E+00  4.8420963999095876E+06
  2.3600000000000000E+04  8.4194630474558903E+02  2.3070473690317340E+03  1.3260030322700334E+03 -4.8995147796881282E+00  4.8471183231324917E+06
  2.3700000000000000E+04  8.4113698069596899E+02  2.3114170136022194E+03  1.3225531721408504E+03 -4.8966154595368740E+00  4.8520672831968628E+06
  2.3800000000000000E+04  8.4074248260019544E+02  2.3157378405035024E+03  1.3201290658863584E+03 -4.8937412218279679E+00  4.8569427036767993E+06
  2.3900000000000000E+04  8.4142325919486575E+02  2.3200094671323313E+03  1.3204756480008507E+03 -4.8908919843392358E+00  4.8617440470148977E+06
  2.4000000000000000E+04  8.3996872903817223E+02  2.3242315239995814E+03  1.3155030460917355E+03 -4.8880676646830761E+00  4.8664707675548187E+06
  2.4100000000000000E+04  8.4033798722639438E+02  2.3284036547630940E+03  1.3151167512931042E+03 -4.8852681802772802E+00  4.8711223374083405E+06
  2.4200000000000000E+04  8.3851412030940025E+02  2.3325255162401349E+03  1.3093435560491316E+03 -4.8824934483547491E+00  4.8756982537105279E+06
  2.4300000000000000E+04  8.3913820118123454E+02  2.3365967784112827E+03  1.3096341513331543E+03 -4.8797433859648986E+00  4.8801980115769710E+06
  2.4400000000000000E+04  8.3924153107172219E+02  2.3406171244188981E+03  1.3087508111171169E+03 -4.8770179099527962E+00  4.8846211351894476E+06
  2.4500000000000000E+04  8.3873425942146673E+02  2.3445862505461382E+03  1.3061537704095006E+03 -4.8743169369772401E+00  4.8889671555267321E+06
  2.4600000000000000E+04  8.3763172947561327E+02  2.3485038661948702E+03  1.3022644339031187E+03 -4.8716403834954640E+00  4.8932356235185862E+06
  2.4700000000000000E+04  8.3726117069367615E+02  2.3523696938493367E+03  1.3001614792394041E+03 -4.8689881657659173E+00  4.8974261043473855E+06
  2.4800000000000000E+04  8.3630381156188253E+02  2.3561834690279275E+03  1.2967058223966740E+03 -4.8663601998649515E+00  4.9015381696424056E+06
  2.4900000000000000E+04  8.3691945068785662E+02  2.3599449402404648E+03  1.2970393220962555E+03 -4.8637564016464960E+00  4.9055714205987602E+06
  2.5000000000000000E+04  8.3532125933547161E+02  2.3636538689150102E+03  1.2920788448870558E+03 -4.8611766867907260E+00  4.9095254651168222E+06
  2.5100000000000000E+04  8.3663449672504066E+02  2.3673100293404686E+03  1.2942563991534612E+03 -4.8586209707595689E+00  4.9133999383646855E+06
  2.5200000000000000E+04  8.3477931978414131E+02  2.3709132085790925E+03  1.2888018013523435E+03 -4.8560891688411898E+00  4.9171944702557884E+06
  2.5300000000000000E+04  8.3580023730996822E+02  2.3744632063918120E+03  1.2900058485019285E+03 -4.8535811961166342E+00  4.9209087303793486E+06
  2.5400000000000000E+04  8.3430368457121335E+02  2.3779598351429240E+03  1.2854594843130867E+03 -4.8510969674806717E+00  4.9245423899996076E+06
  2.5500000000000000E+04  8.3583669222330229E+02  2.3814029197057507E+03  1.2880824058198964E+03 -4.8486363976334612E+00  4.9280951487164851E+06
  2.5600000000000000E+04  8.3429513869954133E+02  2.3847922973573250E+03  1.2835304690415076E+03 -4.8461994010916687E+00  4.9315667081523556E+06
  2.5700000000000000E+04  8.3480260361643707E+02  2.3881278176691103E+03  1.2836962412909991E+03 -4.8437858921912467E+00  4.9349567938625459E+06
  2.5800000000000000E+04  8.3297668367540768E+02  2.3914093423950731E+03  1.2784711072245352E+03 -4.8413957850818807E+00  4.9382651540994793E+06
  2.5900000000000000E+04  8.3404759108128019E+02  2.3946367453488228E+03  1.2800841292084719E+03 -4.8390289937394915E+00  4.9414915446669078E+06
  2.6000000000000000E+04  8.3106450162472811E+02  2.3978099122791059E+03  1.2721742056225555E+03 -4.8366854319704062E+00  4.9446357323931772E+06
  2.6100000000000000E+04  8.3272879838512131E+02  2.4009287407446150E+03  1.2752198069526055E+03 -4.8343650133974654E+00  4.9476975203328663E+06
  2.6200000000000000E+04  8.2973755312610297E+02  2.4039931399718530E+03  1.2672863378237766E+03 -4.8320676514961587E+00  4.9506767107199486E+06
  2.6300000000000000E+04  8.3038445455131136E+02  2.4070030307255929E+03  1.2679611655615822E+03 -4.8297932595654327E+00  4.9535731281458922E+06
  2.6400000000000000E+04  8.2742408267513417E+02  2.4099583451595781E+03  1.2602886230450827E+03 -4.8275417507610534E+00  4.9563866121127699E+06
  2.6500000000000000E+04  8.2834870637421864E+02  2.4128590266762048E+03  1.2616560232045370E+03 -4.8253130380803197E+00  4.9591170200517494E+06
  2.6600000000000000E+04  8.2619912059558828E+02  2.4157050297765336E+03  1.2558707663724399E+03 -4.8231070343704001E+00  4.9617642261281144E+06
  2.6700000000000000E+04  8.2735657200658829E+02  2.4184963199054068E+03  1.2577983473926483E+03 -4.8209236523450132E+00  4.9643281171165714E+06
  2.6800000000000000E+04  8.2746570093852074E+02  2.4212328732992719E+03  1.2573450042462541E+03 -4.8187628045788706E+00  4.9668086003411226E+06
  2.6900000000000000E+04  8.2726404581755139E+02  2.4239146768282794E+03  1.2561491853805123E+03 -4.8166244035146235E+00  4.9692055945310127E+06
  2.7000000000000000E+04  8.2363347611085703E+02  2.4265417278362684E+03  1.2471100763331033E+03 -4.8145083614684259E+00  4.9715190386018734E+06
  2.7100000000000000E+04  8.2529262631018878E+02  2.4291140339749572E+03  1.2502971597594317E+03 -4.8124145906493947E+00  4.9737488778006397E+06
  2.7200000000000000E+04  8.2315790471491368E+02  2.4316316130466503E+03  1.2447014499216839E+03 -4.8103430031387573E+00  4.9758950821702871E+06
  2.7300000000000000E+04  8.2263447682931587E+02  2.4340944928342878E+03  1.2427988343924694E+03 -4.8082935109120983E+00  4.9779576421991177E+06
  2.7400000000000000E+04  8.2180044654521885E+02  2.4365027109311641E+03  1.2403076853792088E+03 -4.8062660258532492E+00  4.9799365438583763E+06
  2.7500000000000000E+04  8.2055214562970866E+02  2.4388563145767057E+03  1.2368728770256146E+03 -4.8042604597445742E+00  4.9818318067319421E+06
  2.7600000000000000E+04  8.2058605158074567E+02  2.4411553604845158E+03  1.2363800090409629E+03 -4.8022767242780739E+00  4.9836434551899042E+06
  2.7700000000000000E+04  8.1967616738992888E+02  2.4433999146702054E+03  1.2337242639730698E+03 -4.8003147310651268E+00  4.9853715278199930E+06
  2.7800000000000000E+04  8.1902767394568195E+02  2.4455900522787892E+03  1.2316895107561254E+03 -4.7983743916448258E+00  4.9870160827521402E+06
  2.7900000000000000E+04  8.1914678620339726E+02  2.4477258574157568E+03  1.2313775423415786E+03 -4.7964556174742494E+00  4.9885771972234398E+06
  2.8000000000000000E+04  8.1788705789479900E+02  2.4498074229658823E+03  1.2279941261355791E+03 -4.7945583199646045E+00  4.9900549447469506E+06
  2.8100000000000000E+04  8.1613199775254498E+02  2.4518348504280384E+03  1.2236130067372860E+03 -4.7926824104548089E+00  4.9914494294854617E+06
  2.8200000000000000E+04  8.1454628362159860E+02  2.4538082497343903E+03  1.2195841363897130E+03 -4.7908278002420843E+00  4.9927607605970781E+06
  2.8300000000000000E+04  8.1425678257055779E+02  2.4557277390790268E+03  1.2184420877929795E+03 -4.7889944005777725E+00  4.9939890646671960E+06
  2.8400000000000000E+04  8.1236363455979279E+02  2.4575934447438785E+03  1.2136990935270078E+03 -4.7871821226729043E+00  4.9951344783789143E+06
  2.8500000000000000E+04  8.1141089045546823E+02  2.4594055009232711E+03  1.2111288279323226E+03 -4.7853908777093226E+00  4.9961971552974582E+06
  2.8600000000000000E+04  8.1116653140984431E+02  2.4611640495485826E+03  1.2101758340441077E+03 -4.7836205768507956E+00  4.9971772535639489E+06
  2.8700000000000000E+04  8.0986885960097618E+02  2.4628692401188846E+03  1.2068912395267203E+03 -4.7818711312346807E+00  4.9980749562927783E+06
  2.8800000000000000E+04  8.0791978590051178E+02  2.4645212295237520E+03  1.2021341261159073E+03 -4.7801424519927735E+00  4.9988904473766331E+06
  2.8900000000000000E+04  8.0896469265868541E+02  2.4661201818721529E+03  1.2041033901777571E+03 -4.7784344502527016E+00  4.9996239258798631E+06
  2.9000000000000000E+04  8.0748121617866764E+02  2.4676662683233199E+03  1.2004476589177343E+03 -4.7767470371351406E+00  5.0002756138416324E+06
  2.9100000000000000E+04  8.0785805688523612E+02  2.4691596669072142E+03  1.2009020570041216E+03 -4.7750801237899578E+00  5.0008457238976117E+06
  2.9200000000000000E+04  8.0556808324830797E+02  2.4706005623662832E+03  1.1955177527244894E+03 -4.7734336213600699E+00  5.0013344969989937E+06
  2.9300000000000000E+04  8.0418632627059094E+02  2.4719891459765245E+03  1.1921467385390260E+03 -4.7718074410231459E+00  5.0017421814972600E+06
  2.9400000000000000E+04  8.0218964370929143E+02  2.4733256153829043E+03  1.1874179889323100E+03 -4.7702014939846578E+00  5.0020690291537400E+06
  2.9500000000000000E+04  8.0259744684341001E+02  2.4746101744337402E+03  1.1880009131124175E+03 -4.7686156914792663E+00  5.0023153132050671E+06
  2.9600000000000000E+04  8.0026289407098079E+02  2.4758430330119591E+03  1.1826337899100838E+03 -4.7670499447875070E+00  5.0024813106391830E+06
  2.9700000000000000E+04  8.0045106400119028E+02  2.4770244068738029E+03  1.1827911033016071E+03 -4.7655041652302277E+00  5.0025673137211688E+06
  2.9800000000000000E+04  7.9871058779179953E+02  2.4781545174801417E+03  1.1787440350027368E+03 -4.7639782641950017E+00  5.0025736174695129E+06
  2.9900000000000000E+04  7.9865712171137363E+02  2.4792335918397384E+03  1.1783569086430521E+03 -4.7624721531236123E+00  5.0025005294843055E+06
  3.0000000000000000E+04  7.9629357367833268E+02  2.4802618623479948E+03  1.1729895448462844E+03 -4.7609857435217897E+00  5.0023483688500552E+06
  3.0100000000000000E+04  7.9683423711114233E+02  2.4812395666287007E+03  1.1739342576789054E+03 -4.7595189469619852E+00  5.0021174679575814E+06
  3.0200000000000000E+04  7.9272000367017256E+02  2.4821669473707129E+03  1.1648435403620254E+03 -4.7580716751139587E+00  5.0018081569552589E+06
  3.0300000000000000E+04  7.9450350237730947E+02  2.4830442521830937E+03  1.1685084260984790E+03 -4.7566438397086355E+00  5.0014207855120078E+06
  3.0400000000000000E+04  7.9221728672091331E+02  2.4838717334300632E+03  1.1633827352475585E+03 -4.7552353525867508E+00  5.0009557078888360E+06
  3.0500000000000000E+04  7.9173935328005678E+02  2.4846496480854862E+03  1.1621883727120680E+03 -4.7538461256794031E+00  5.0004132850718368E+06
  3.0600000000000000E+04  7.8908750411842868E+02  2.4853782575818218E+03  1.1563256629071254E+03 -4.7524760710149936E+00  4.9997938880393784E+06
  3.0700000000000000E+04  7.9007073186179673E+02  2.4860578276584533E+03  1.1582941568564931E+03 -4.7511251007372985E+00  4.9990978954158779E+06
  3.0800000000000000E+04  7.8671657772056574E+02  2.4866886282172850E+03  1.1509918397832100E+03 -4.7497931271013041E+00  4.9983256919437349E+06
  3.0900000000000000E+04  7.8706734911735248E+02  2.4872709331772480E+03  1.1516635229257511E+03 -4.7484800624801533E+00  4.9974776762916967E+06
  3.1000000000000000E+04  7.8518838394264299E+02  2.4878050203295038E+03  1.1474733334208772E+03 -4.7471858193776582E+00  4.9965542414547224E+06
  3.1100000000000000E+04  7.8550546344065549E+02  2.4882911712008399E+03  1.1480528879632245E+03 -4.7459103104157840E+00  4.9955558057527710E+06
  3.1200000000000000E+04  7.8234842758908576E+02  2.4887296709073012E+03  1.1411993848116349E+03 -4.7446534483666314E+00  4.9944827757020714E+06
  3.1300000000000000E+04  7.8141237157208775E+02  2.4891208080223341E+03  1.1391700905737578E+03 -4.7434151461371332E+00  4.9933355759697836E+06
  3.1400000000000000E+04  7.7853853635595397E+02  2.4894648744398919E+03  1.1329404249556605E+03 -4.7421953167801831E+00  4.9921146378849056E+06
  3.1500000000000000E+04  7.7920750259681961E+02  2.4897621652403768E+03  1.1343157139984701E+03 -4.7409938735015889E+00  4.9908203917954843E+06
  3.1600000000000000E+04  7.7743038139201360E+02  2.4900129785585914E+03  1.1304825380536702E+03 -4.7398107296684042E+00  4.9894532776607936E+06
  3.1700000000000000E+04  7.7762472008563691E+02  2.4902176154574036E+03  1.1308596763986041E+03 -4.7386457988019810E+00  4.9880137428313158E+06
  3.1800000000000000E+04  7.7372941042166690E+02  2.4903763797975325E+03  1.1226438294627555E+03 -4.7374989945932624E+00  4.9865022399334433E+06
  3.1900000000000000E+04  7.7420206640495394E+02  2.4904895781114187E+03  1.1235922010203881E+03 -4.7363702309111302E+00  4.9849192226253655E+06
  3.2000000000000000E+04  7.7213244669075323E+02  2.4905575194852167E+03  1.1192443762626331E+03 -4.7352594217870925E+00  4.9832651566504324E+06
  3.2100000000000000E+04  7.7304406787441178E+02  2.4905805154294990E+03  1.1211622971359984E+03 -4.7341664814500621E+00  4.9815405060614804E+06
  3.2200000000000000E+04  7.7005058002457258E+02  2.4905588797675287E+03  1.1148365950459679E+03 -4.7330913243027037E+00  4.9797457458445113E+06
  3.2300000000000000E+04  7.7026412496872854E+02  2.4904929285140920E+03  1.1152942326064353E+03 -4.7320338649409122E+00  4.9778813508091019E+06
  3.2400000000000000E+04  7.6577064857158973E+02  2.4903829797595076E+03  1.1059740088963442E+03 -4.7309940181621375E+00  4.9759478000813145E+06
  3.2500000000000000E+04  7.6656455385247841E+02  2.4902293535613289E+03  1.1076341949065848E+03 -4.7299716989501039E+00  4.9739455822674660E+06
  3.2600000000000000E+04  7.6431213759616037E+02  2.4900323718268455E+03  1.1029389412710159E+03 -4.7289668225053934E+00  4.9718751833200082E+06
  3.2700000000000000E+04  7.6401889657293873E+02  2.4897923582106096E+03  1.1023719447565909E+03 -4.7279793042231892E+00  4.9697370977279553E+06
  3.2800000000000000E+04  7.6097800619936118E+02  2.4895096380010345E+03  1.0960913578606749E+03 -4.7270090597224934E+00  4.9675318218453284E+06
  3.2900000000000000E+04  7.5990797108141442E+02  2.4891845380208933E+03  1.0939564244575824E+03 -4.7260560048294185E+00  4.9652598559129629E+06
  3.3000000000000000E+04  7.5831454532570319E+02  2.4888173865222893E+03  1.0907379525468518E+03 -4.7251200555883255E+00  4.9629217028075457E+06
  3.3100000000000000E+04  7.5840855777240790E+02  2.4884085130828994E+03  1.0910127648339137E+03 -4.7242011282771106E+00  4.9605178694281904E+06
  3.3200000000000000E+04  7.5708015929077874E+02  2.4879582485129745E+03  1.0883411022926025E+03 -4.7232991393877395E+00  4.9580488645194359E+06
  3.3300000000000000E+04  7.5711471589423650E+02  2.4874669247531388E+03  1.0885048900370969E+03 -4.7224140056498900E+00  4.9555152009621430E+06
  3.3400000000000000E+04  7.5330631461780217E+02  2.4869348747808658E+03  1.0807465268693225E+03 -4.7215456440295460E+00  4.9529173941302504E+06
  3.3500000000000000E+04  7.5190275645618601E+02  2.4863624325187548E+03  1.0779669887346615E+03 -4.7206939717262326E+00  4.9502559598852703E+06
  3.3600000000000000E+04  7.4972856927599776E+02  2.4857499327431469E+03  1.0736362911746023E+03 -4.7198589061785636E+00  4.9475314208797757E+06
  3.3700000000000000E+04  7.4983558241223182E+02  2.4850977109923888E+03  1.0739699813317709E+03 -4.7190403650767649E+00  4.9447442950532660E+06
  3.3800000000000000E+04  7.4730877178593994E+02  2.4844061034834026E+03  1.0689346856696202E+03 -4.7182382663515439E+00  4.9418951089551356E+06
  3.3900000000000000E+04  7.4580305523618517E+02  2.4836754470235096E+03  1.0659635043310011E+03 -4.7174525281879918E+00  4.9389843869407661E+06
  3.4000000000000000E+04  7.4421969220486119E+02  2.4829060789277087E+03  1.0628708519282750E+03 -4.7166830690255894E+00  4.9360126575427121E+06
  3.4100000000000000E+04  7.4366050229638859E+02  2.4820983369382129E+03  1.0618980403540295E+03 -4.7159298075568135E+00  4.9329804490912063E+06
  3.4200000000000000E+04  7.4036867545672817E+02  2.4812525591422345E+03  1.0553627476878869E+03 -4.7151926627396410E+00  4.9298882920895852E+06
  3.4300000000000000E+04  7.4121944674262943E+02  2.4803690838971788E+03  1.0572430807573501E+03 -4.7144715537878366E+00  4.9267367190321628E+06
  3.4400000000000000E+04  7.3869757329709432E+02  2.4794482497503723E+03  1.0522966209744122E+03 -4.7137664001903898E+00  4.9235262603719328E+06
  3.4500000000000000E+04  7.3950401640820394E+02  2.4784903953708827E+03  1.0541263943102460E+03 -4.7130771216892908E+00  4.9202574536863249E+06
  3.4600000000000000E+04  7.3656904428006760E+02  2.4774958594695968E+03  1.0483418365293987E+03 -4.7124036383114998E+00  4.9169308301083101E+06
  3.4700000000000000E+04  7.3627540282960786E+02  2.4764649807335895E+03  1.0479057526442093E+03 -4.7117458703508692E+00  4.9135469267936349E+06
  3.4800000000000000E+04  7.3331390340378005E+02  2.4753980977551205E+03  1.0421183315557250E+03 -4.7111037383778829E+00  4.9101062809659448E+06
  3.4900000000000000E+04  7.3262082794121147E+02  2.4742955489666015E+03  1.0409121010819881E+03 -4.7104771632326994E+00  4.9066094281822639E+06
  3.5000000000000000E+04  7.2925827897491763E+02  2.4731576725685218E+03  1.0343789829771963E+03 -4.7098660660529532E+00  4.9030569047445748E+06
  3.5100000000000000E+04  7.3026291469578337E+02  2.4719848064725229E+03  1.0366279165813989E+03 -4.7092703682473500E+00  4.8994492488808706E+06
  3.5200000000000000E+04  7.2561977607200515E+02  2.4707772882367449E+03  1.0274817832547037E+03 -4.7086899915067821E+00  4.8957869972760854E+06
  3.5300000000000000E+04  7.2550042773965151E+02  2.4695354550037709E+03  1.0274349628146570E+03 -4.7081248578112769E+00  4.8920706897687148E+06
  3.5400000000000000E+04  7.2269328844766937E+02  2.4682596434410343E+03  1.0220228119987984E+03 -4.7075748894341718E+00  4.8883008613483477E+06
  3.5500000000000000E+04  7.2288713925722493E+02  2.4669501896853099E+03  1.0226169800277479E+03 -4.7070400089351629E+00  4.8844780502736615E+06
  3.5600000000000000E+04  7.2025030793846076E+02  2.4656074292854237E+03  1.0176381043785984E+03 -4.7065201391672558E+00  4.8806027938200617E+06
  3.5700000000000000E+04  7.1971154531201705E+02  2.4642316971484843E+03  1.0167794929278549E+03 -4.7060152032753697E+00  4.8766756271543354E+06
  3.5800000000000000E+04  7.1738005991436125E+02  2.4628233274859194E+03  1.0123504659301112E+03 -4.7055251247019045E+00  4.8726970883384338E+06
  3.5900000000000000E+04  7.1663790862403141E+02  2.4613826537610962E+03  1.0111214368629671E+03 -4.7050498271923002E+00  4.8686677112190351E+06
  3.6000000000000000E+04  7.1415739923756030E+02  2.4599100086447916E+03  1.0064383191559052E+03 -4.7045892347727927E+00  4.8645880339678293E+06
  3.6100000000000000E+04  7.1314987492010539E+02  2.4584057239558774E+03  1.0046805454348845E+03 -4.7041432717976788E+00  4.8604585866823383E+06
  3.6200000000000000E+04  7.1062079215999768E+02  2.4568701306265052E+03  9.9994753479956637E+02 -4.7037118628978831E+00  4.8562799052857002E+06
  3.6300000000000000E+04  7.1136739199238514E+02  2.4553035586471092E+03  1.0016957940042063E+03 -4.7032949330212697E+00  4.8520525216326490E+06
  3.6400000000000000E+04  7.0741960027483049E+02  2.4537063370243645E+03  9.9414165892692142E+02 -4.7028924074242990E+00  4.8477769655007897E+06
  3.6500000000000000E+04  7.0821610342646864E+02  2.4520787937431674E+03  9.9598698820744664E+02 -4.7025042116511839E+00  4.8434537700319178E+06
  3.6600000000000000E+04  7.0645434201719479E+02  2.4504212557163837E+03  9.9277844121954149E+02 -4.7021302715714128E+00  4.8390834613864217E+06
  3.6700000000000000E+04  7.0375549427478359E+02  2.4487340487499814E+03  9.8770521781629850E+02 -4.7017705133575189E+00  4.8346665690301787E+06
  3.6800000000000000E+04  7.0056605481602378E+02  2.4470174975042960E+03  9.8172230918270975E+02 -4.7014248634836777E+00  4.8302036193045033E+06
  3.6900000000000000E+04  7.0070432691222879E+02  2.4452719254521489E+03  9.8230489031881427E+02 -4.7010932487437902E+00  4.8256951363581568E+06
  3.7000000000000000E+04  6.9753156571301338E+02  2.4434976548448894E+03  9.7636637681447951E+02 -4.7007755962417406E+00  4.8211416451322716E+06
  3.7100000000000000E+04  6.9777335260023983E+02  2.4416950066765439E+03  9.7711793740030919E+02 -4.7004718333927960E+00  4.8165436655203449E+06
  3.7200000000000000E+04  6.9363795824105830E+02  2.4398643006502548E+03  9.6928523240378399E+02 -4.7001818879222146E+00  4.8119017191927340E+06
  3.7300000000000000E+04  6.9322124796143078E+02  2.4380058551446973E+03  9.6878562431349769E+02 -4.6999056878680214E+00  4.8072163256041855E+06
  3.7400000000000000E+04  6.8954388654540548E+02  2.4361199871797517E+03  9.6188167424511153E+02 -4.6996431615921299E+00  4.8024879999050116E+06
  3.7500000000000000E+04  6.9273380798531957E+02  2.4342070123897147E+03  9.6842812294343605E+02 -4.6993942377636664E+00  4.7977172578497129E+06
  3.7600000000000000E+04  6.8805943428466503E+02  2.4322672449911711E+03  9.5963977115333307E+02 -4.6991588453700874E+00  4.7929046130018486E+06
  3.7700000000000000E+04  6.8777143175597996E+02  2.4303009977545671E+03  9.5940125269883265E+02 -4.6989369137171710E+00  4.7880505760433208E+06
  3.7800000000000000E+04  6.8420093669620906E+02  2.4283085819780767E+03  9.5275494625557769E+02 -4.6987283724234761E+00  4.7831556563539552E+06
  3.7900000000000000E+04  6.8516965531507242E+02  2.4262903074588821E+03  9.5493852904208268E+02 -4.6985331514300546E+00  4.7782203608549731E+06
  3.8000000000000000E+04  6.8218120105878313E+02  2.4242464824692752E+03  9.4944046048851635E+02 -4.6983511809948997E+00  4.7732451946458090E+06
  3.8100000000000000E+04  6.8197467735102794E+02  2.4221774137333805E+03  9.4938069335855471E+02 -4.6981823916873822E+00  4.7682306611252706E+06
  3.8200000000000000E+04  6.7926676152016353E+02  2.4200834063994052E+03  9.4449410125077429E+02 -4.6980267144077192E+00  4.7631772605436351E+06
  3.8300000000000000E+04  6.7840739367673132E+02  2.4179647640206804E+03  9.4315802133440377E+02 -4.6978840803716686E+00  4.7580854910113504E+06
  3.8400000000000000E+04  6.7711127503301554E+02  2.4158217885359818E+03  9.4095254380452138E+02 -4.6977544211022053E+00  4.7529558491852731E+06
  3.8500000000000000E+04  6.7561312443436123E+02  2.4136547802423679E+03  9.3839664729434730E+02 -4.6976376684587002E+00  4.7477888289119052E+06
  3.8600000000000000E+04  6.7157342985359469E+02  2.4114640377815072E+03  9.3094244461230846E+02 -4.6975337546105180E+00  4.7425849212100469E+06
  3.8700000000000000E+04  6.7211242684588433E+02  2.4092498581169975E+03  9.3231070033306855E+02 -4.6974426120536847E+00  4.7373446150075663E+06
  3.8800000000000000E+04  6.6743297383089362E+02  2.4070125365198483E+03  9.2366104510083244E+02 -4.6973641735956182E+00  4.7320683968247212E+06
  3.8900000000000000E+04  6.6997006042948965E+02  2.4047523665480044E+03  9.2894115974682040E+02 -4.6972983723703958E+00  4.7267567509306753E+06
  3.9000000000000000E+04  6.6527925611448268E+02  2.4024696400321636E+03  9.2020858393460514E+02 -4.6972451418290415E+00  4.7214101584242377E+06
  3.9100000000000000E+04  6.6621769549964984E+02  2.4001646470599512E+03  9.2237627629284418E+02 -4.6972044157409050E+00  4.7160290983342212E+06
  3.9200000000000000E+04  6.6173899527121830E+02  2.3978376759591697E+03  9.1412848094795504E+02 -4.6971761282033970E+00  4.7106140467978297E+06
  3.9300000000000000E+04  6.6387353551995568E+02  2.3954890132876321E+03  9.1853892580851129E+02 -4.6971602136239197E+00  4.7051654773984002E+06
  3.9400000000000000E+04  6.5810276407176173E+02  2.3931189438171423E+03  9.0790242965124594E+02 -4.6971566067337625E+00  4.6996838610668462E+06
  3.9500000000000000E+04  6.5875549169420697E+02  2.3907277505208613E+03  9.0949307257216242E+02 -4.6971652425881061E+00  4.6941696659725215E+06
  3.9600000000000000E+04  6.5514921091240581E+02  2.3883157145638679E+03  9.0299052686560276E+02 -4.6971860565562933E+00  4.6886233576003872E+06
  3.9700000000000000E+04  6.5613878120139543E+02  2.3858831152918578E+03  9.0520162050812326E+02 -4.6972189843218199E+00  4.6830453986512963E+06
  3.9800000000000000E+04  6.5443471990478326E+02  2.3834302302180049E+03  9.0227885817673086E+02 -4.6972639618962484E+00  4.6774362489786586E+06
  3.9900000000000000E+04  6.5369097429001783E+02  2.3809573350156679E+03  9.0122637625184927E+02 -4.6973209256080777E+00  4.6717963657421283E+06
  4.0000000000000000E+04  6.4931301745387213E+02  2.3784647035100793E+03  8.9327300722516134E+02 -4.6973898120985762E+00  4.6661262032227535E+06
  4.0100000000000000E+04  6.5038665091510165E+02  2.3759526076677316E+03  8.9571863716961866E+02 -4.6974705583329071E+00  4.6604262128406428E+06
  4.0200000000000000E+04  6.4592499187262308E+02  2.3734213175906525E+03  8.8758612392554585E+02 -4.6975631015903847E+00  4.6546968428921606E+06
  4.0300000000000000E+04  6.4789943401454673E+02  2.3708711015090726E+03  8.9172514095147255E+02 -4.6976673794644892E+00  4.6489385393768223E+06
  4.0400000000000000E+04  6.4278771034189617E+02  2.3683022257742259E+03  8.8239286469598323E+02 -4.6977833298670264E+00  4.6431517444834346E+06
  4.0500000000000000E+04  6.4346912416993052E+02  2.3657149548507196E+03  8.8403751974429269E+02 -4.6979108910350869E+00  4.6373368985011755E+06
  4.0600000000000000E+04  6.3907371310754547E+02  2.3631095513157748E+03  8.7611728310457261E+02 -4.6980500015087943E+00  4.6314944379406339E+06
  4.0700000000000000E+04  6.3850652401686455E+02  2.3604862758514901E+03  8.7541861134487317E+02 -4.6982006001452206E+00  4.6256247971714046E+06
  4.0800000000000000E+04  6.3703346456008478E+02  2.3578453872398700E+03  8.7301230952704884E+02 -4.6983626261211464E+00  4.6197284064146886E+06
  4.0900000000000000E+04  6.3580790743992748E+02  2.3551871423612738E+03  8.7102852203104635E+02 -4.6985360189219598E+00  4.6138056941118417E+06
  4.1000000000000000E+04  6.3277541332237092E+02  2.3525117961891269E+03  8.6576255801606806E+02 -4.6987207183513773E+00  4.6078570848915409E+06
  4.1100000000000000E+04  6.3403443153168450E+02  2.3498196017896794E+03  8.6846676233552284E+02 -4.6989166645189293E+00  4.6018830003296295E+06
  4.1200000000000000E+04  6.2918317442754824E+02  2.3471108103172883E+03  8.5975650689314318E+02 -4.6991237978510929E+00  4.5958838600403797E+06
  4.1300000000000000E+04  6.3227943427413652E+02  2.3443856710140376E+03  8.6590646459419952E+02 -4.6993420590843291E+00  4.5898600792775769E+06
  4.1400000000000000E+04  6.2804544184621489E+02  2.3416444312085573E+03  8.5839788907416971E+02 -4.6995713892637019E+00  4.5838120706980815E+06
  4.1500000000000000E+04  6.2874552528762081E+02  2.3388873363142347E+03  8.6009888033141237E+02 -4.6998117297470410E+00  4.5777402447791491E+06
  4.1600000000000000E+04  6.2392155701186755E+02  2.3361146298305221E+03  8.5144587351597306E+02 -4.7000630221952182E+00  4.5716450068669301E+06
  4.1700000000000000E+04  6.2391378335158493E+02  2.3333265533404351E+03  8.5178021079873292E+02 -4.7003252085846494E+00  4.5655267619578829E+06
  4.1800000000000000E+04  6.2068485660351428E+02  2.3305233465134947E+03  8.4616506440076682E+02 -4.7005982311934114E+00  4.5593859096442377E+06
  4.1900000000000000E+04  6.1975199285083625E+02  2.3277052471045213E+03  8.4477282706180995E+02 -4.7008820326109433E+00  4.5532228477016035E+06
  4.2000000000000000E+04  6.1696454451797831E+02  2.3248724909555631E+03  8.3997198788826881E+02 -4.7011765557339054E+00  4.5470379716121368E+06
  4.2100000000000000E+04  6.1876511589322081E+02  2.3220253120004227E+03  8.4368388538194517E+02 -4.7014817437494845E+00  4.5408316700940607E+06
  4.2200000000000000E+04  6.1482610692842013E+02  2.3191639422604703E+03  8.3677304545960828E+02 -4.7017975401673624E+00  4.5346043339604801E+06
  4.2300000000000000E+04  6.1563448781018565E+02  2.3162886118519732E+03  8.3860700643561472E+02 -4.7021238887919239E+00  4.5283563467626180E+06
  4.2400000000000000E+04  6.1264679131596324E+02  2.3133995489891813E+03  8.3347871304301611E+02 -4.7024607337194695E+00  4.5220880912936116E+06
  4.2500000000000000E+04  6.1146330613122132E+02  2.3104969799808559E+03  8.3162921147493796E+02 -4.7028080193715818E+00  4.5157999462446142E+06
  4.2600000000000000E+04  6.0895911030844275E+02  2.3075811292425633E+03  8.2739762348310194E+02 -4.7031656904464665E+00  4.5094922878599409E+06
  4.2700000000000000E+04  6.0833450878701990E+02  2.3046522192922721E+03  8.2662458530475328E+02 -4.7035336919606650E+00  4.5031654890737096E+06
  4.2800000000000000E+04  6.0418817811811755E+02  2.3017104707617859E+03  8.1937274162216818E+02 -4.7039119692087317E+00  4.4968199171508327E+06
  4.2900000000000000E+04  6.0599463773978027E+02  2.2987561023928565E+03  8.2305671907903093E+02 -4.7043004678049396E+00  4.4904559425554899E+06
  4.3000000000000000E+04  6.0214160218995255E+02  2.2957893310488880E+03  8.1634051790192154E+02 -4.7046991336443655E+00  4.4840739268334992E+06
  4.3100000000000000E+04  6.0264495374246155E+02  2.2928103717156014E+03  8.1765913071416423E+02 -4.7051079129237277E+00  4.4776742305304380E+06
  4.3200000000000000E+04  5.9897311777664686E+02  2.2898194375086000E+03  8.1127485813904036E+02 -4.7055267521274953E+00  4.4712572110955156E+06
  4.3300000000000000E+04  5.9903816476036957E+02  2.2868167396747763E+03  8.1179219954563268E+02 -4.7059555980473498E+00  4.4648232231854638E+06
  4.3400000000000000E+04  5.9515885356564263E+02  2.2838024876032118E+03  8.0506248491634881E+02 -4.7063943977529830E+00  4.4583726184078585E+06
  4.3500000000000000E+04  5.9514530162250799E+02  2.2807768888268329E+03  8.0542328096825906E+02 -4.7068430986129588E+00  4.4519057450244389E+06
  4.3600000000000000E+04  5.9112042398560664E+02  2.2777401490302323E+03  7.9841920015709570E+02 -4.7073016482849814E+00  4.4454229479677621E+06
  4.3700000000000000E+04  5.9225200043064103E+02  2.2746924720570955E+03  8.0086874481878169E+02 -4.7077699947075500E+00  4.4389245672670510E+06
  4.3800000000000000E+04  5.8893197084891881E+02  2.2716340599118057E+03  7.9516686807937276E+02 -4.7082480861263694E+00  4.4324109464007001E+06
  4.3900000000000000E+04  5.8923141967350455E+02  2.2685651127732808E+03  7.9609903443077587E+02 -4.7087358710540475E+00  4.4258824184355224E+06
  4.4000000000000000E+04  5.8608634863600821E+02  2.2654858289955946E+03  7.9075395198501303E+02 -4.7092332983034479E+00  4.4193393181807119E+06
  4.4100000000000000E+04  5.8493532212161904E+02  2.2623964051199041E+03  7.8901994930896558E+02 -4.7097403169598886E+00  4.4127819740191996E+06
  4.4200000000000000E+04  5.8227156265086614E+02  2.2592970358780740E+03  7.8458914748202824E+02 -4.7102568764006119E+00  4.4062107144397246E+06
  4.4300000000000000E+04  5.8182135538776106E+02  2.2561879142012285E+03  7.8413406360640840E+02 -4.7107829262878180E+00  4.3996258633683529E+06
  4.4400000000000000E+04  5.7877207757914982E+02  2.2530692312298115E+03  7.7898438191564651E+02 -4.7113184165533948E+00  4.3930277413502149E+06
  4.4500000000000000E+04  5.7921258391435299E+02  2.2499411763171925E+03  7.8015766736441105E+02 -4.7118632974225294E+00  4.3864166679999297E+06
  4.4600000000000000E+04  5.7569741980774222E+02  2.2468039370414172E+03  7.7415045293653691E+02 -4.7124175193900921E+00  4.3797929561216980E+06
  4.4700000000000000E+04  5.7701640264521268E+02  2.2436576992117630E+03  7.7693795123755160E+02 -4.7129810332289681E+00  4.3731569204289615E+06
  4.4800000000000000E+04  5.7317223700983345E+02  2.2405026468754809E+03  7.7030727686672742E+02 -4.7135537899983975E+00  4.3665088691793364E+06
  4.4900000000000000E+04  5.7299664481583181E+02  2.2373389623294074E+03  7.7037505578801722E+02 -4.7141357410231297E+00  4.3598491087122504E+06
  4.5000000000000000E+04  5.7039996043227825E+02  2.2341668261263103E+03  7.6607653678720089E+02 -4.7147268379059311E+00  4.3531779427820044E+06
  4.5100000000000000E+04  5.7016488388780658E+02  2.2309864170848377E+03  7.6601100435785656E+02 -4.7153270325192462E+00  4.3464956710982528E+06
  4.5200000000000000E+04  5.6589058719604077E+02  2.2277979122958704E+03  7.5870196872009785E+02 -4.7159362770177040E+00  4.3398025938804848E+06
  4.5300000000000000E+04  5.6750678602512289E+02  2.2246014871360958E+03  7.6198768604566817E+02 -4.7165545238103190E+00  4.3330990026610801E+06
  4.5400000000000000E+04  5.6298548943045296E+02  2.2213973152711287E+03  7.5422863351025421E+02 -4.7171817255938580E+00  4.3263851923109265E+06
  4.5500000000000000E+04  5.6416905751239619E+02  2.2181855686703816E+03  7.5671686138316386E+02 -4.7178178353180797E+00  4.3196614492517654E+06
  4.5600000000000000E+04  5.6030315326631671E+02  2.2149664176118995E+03  7.5014993245236678E+02 -4.7184628062107610E+00  4.3129280627112985E+06
  4.5700000000000000E+04  5.6280870739552267E+02  2.2117400306942850E+03  7.5504420897730870E+02 -4.7191165917610141E+00  4.3061853145658597E+06
  4.5800000000000000E+04  5.5636543317127871E+02  2.2085065748460174E+03  7.4385383354348369E+02 -4.7197791457192881E+00  4.2994334850499118E+06
  4.5900000000000000E+04  5.5722308787091129E+02  2.2052662153337310E+03  7.4576706659832246E+02 -4.7204504221029291E+00  4.2926728523984738E+06
  4.6000000000000000E+04  5.5344251554372806E+02  2.2020191157718068E+03  7.3939024129654786E+02 -4.7211303751961804E+00  4.2859036938079661E+06
  4.6100000000000000E+04  5.5278693579779440E+02  2.1987654381349794E+03  7.3854255830174020E+02 -4.7218189595307170E+00  4.2791262766662445E+06
  4.6200000000000000E+04  5.5010950591804556E+02  2.1955053427628759E+03  7.3411168737177309E+02 -4.7225161299162357E+00  4.2723408752149427E+06
  4.6300000000000000E+04  5.5074875732490250E+02  2.1922389883744818E+03  7.3565577565760270E+02 -4.7232218414112577E+00  4.2655477561538098E+06
  4.6400000000000000E+04  5.4829447412777904E+02  2.1889665320772397E+03  7.3164705850501809E+02 -4.7239360493272962E+00  4.2587471806219192E+06
  4.6500000000000000E+04  5.4947440944440405E+02  2.1856881293759798E+03  7.3416066510394035E+02 -4.7246587092330339E+00  4.2519394106044611E+06
  4.6600000000000000E+04  5.4585601325290486E+02  2.1824039341815060E+03  7.2806545642752531E+02 -4.7253897769626558E+00  4.2451247063370990E+06
  4.6700000000000000E+04  5.4582857585266788E+02  2.1791140988236484E+03  7.2840200534400242E+02 -4.7261292085964026E+00  4.2383033244594727E+06
  4.6800000000000000E+04  5.4132025234525520E+02  2.1758187740605026E+03  7.2071892763558060E+02 -4.7268769604647174E+00  4.2314755164903291E+06
  4.6900000000000000E+04  5.4315805350478672E+02  2.1725181090877040E+03  7.2435912774377789E+02 -4.7276329891524371E+00  4.2246415331307128E+06
  4.7000000000000000E+04  5.3837601857541529E+02  2.1692122515495989E+03  7.1621169237699473E+02 -4.7283972514918329E+00  4.2178016244177874E+06
  4.7100000000000000E+04  5.3927096010892478E+02  2.1659013475480169E+03  7.1821630589815300E+02 -4.7291697045709453E+00  4.2109560342836957E+06
  4.7200000000000000E+04  5.3574277064542878E+02  2.1625855416556137E+03  7.1229416886862009E+02 -4.7299503057127508E+00  4.2041050044448692E+06
  4.7300000000000000E+04  5.3531237964208071E+02  2.1592649769230002E+03  7.1191345176649679E+02 -4.7307390124946007E+00  4.1972487775539504E+06
  4.7400000000000000E+04  5.3223640094523898E+02  2.1559397948895303E+03  7.0681827728075200E+02 -4.7315357827440696E+00  4.1903875916885808E+06
  4.7500000000000000E+04  5.3330379268556396E+02  2.1526101355967521E+03  7.0907044346234613E+02 -4.7323405745180924E+00  4.1835216791585451E+06
  4.7600000000000000E+04  5.2893280873090055E+02  2.1492761375954192E+03  7.0170152347419639E+02 -4.7331533461238209E+00  4.1766512748902859E+06
  4.7700000000000000E+04  5.3018491178298098E+02  2.1459379379567285E+03  7.0429742325808718E+02 -4.7339740561116699E+00  4.1697766070532016E+06
  4.7800000000000000E+04  5.2430926730070200E+02  2.1425956722831111E+03  6.9426283221628398E+02 -4.7348026632725411E+00  4.1628979071762040E+06
  4.7900000000000000E+04  5.2427235381861283E+02  2.1392494747199271E+03  6.9458026818186931E+02 -4.7356391266280919E+00  4.1560153961387477E+06
  4.8000000000000000E+04  5.2173693096038403E+02  2.1358994779640498E+03  6.9046356383828663E+02 -4.7364834054418514E+00  4.1491292988199601E+06
  4.8100000000000000E+04  5.2250289618992042E+02  2.1325458132748468E+03  6.9220722412895759E+02 -4.7373354592150525E+00  4.1422398348729997E+06
  4.8200000000000000E+04  5.1884085537660746E+02  2.1291886104850264E+03  6.8613034488754977E+02 -4.7381952476824676E+00  4.1353472208703621E+06
  4.8300000000000000E+04  5.1871109123918563E+02  2.1258279980110701E+03  6.8625758889832218E+02 -4.7390627308124014E+00  4.1284516760432436E+06
  4.8400000000000000E+04  5.1592546396269040E+02  2.1224641028632141E+03  6.8172660646020597E+02 -4.7399378688080791E+00  4.1215534097798243E+06
  4.8500000000000000E+04  5.1828486452477478E+02  2.1190970506576937E+03  6.8618116228166605E+02 -4.7408206220951463E+00  4.1146526318154698E+06
  4.8600000000000000E+04  5.1459061899457652E+02  2.1157269656233079E+03  6.8007133714028964E+02 -4.7417109513466817E+00  4.1077495571305649E+06
  4.8700000000000000E+04  5.1324683889386256E+02  2.1123539706177312E+03  6.7807169925732364E+02 -4.7426088174428793E+00  4.1008443824380138E+06
  4.8800000000000000E+04  5.1183936990353322E+02  2.1089781871325754E+03  6.7600000192527546E+02 -4.7435141815058222E+00  4.0939373173821121E+06
  4.8900000000000000E+04  5.1284119088515968E+02  2.1055997353068788E+03  6.7808294994895618E+02 -4.7444270048786041E+00  4.0870285603463463E+06
  4.9000000000000000E+04  5.0650667611081417E+02  2.1022187339360830E+03  6.6736319605990877E+02 -4.7453472491336921E+00  4.0801183133891700E+06
  4.9100000000000000E+04  5.0816594124661469E+02  2.0988353004845294E+03  6.7061281383521589E+02 -4.7462748760576217E+00  4.0732067683169311E+06
  4.9200000000000000E+04  5.0471696824143601E+02  2.0954495510921029E+03  6.6496036158564152E+02 -4.7472098476760216E+00  4.0662941243985258E+06
  4.9300000000000000E+04  5.0554414366551521E+02  2.0920616005894794E+03  6.6672560019287516E+02 -4.7481521262188684E+00  4.0593805731558716E+06
  4.9400000000000000E+04  5.0210351765106100E+02  2.0886715625051047E+03  6.6110468665559915E+02 -4.7491016741427217E+00  4.0524663005575640E+06
  4.9500000000000000E+04  5.0274758505958471E+02  2.0852795490760509E+03  6.6257102044346016E+02 -4.7500584541265489E+00  4.0455514959992245E+06
  4.9600000000000000E+04  4.9957607675322481E+02  2.0818856712593501E+03  6.5740639387989256E+02 -4.7510224290633989E+00  4.0386363472990273E+06
  4.9700000000000000E+04  5.0076859762385703E+02  2.0784900387411190E+03  6.5980472263839465E+02 -4.7519935620673390E+00  4.0317210387987085E+06
  4.9800000000000000E+04  4.9843526722945171E+02  2.0750927599495271E+03  6.5609748555707245E+02 -4.7529718164540018E+00  4.0248057467811829E+06
  4.9900000000000000E+04  4.9739744795562109E+02  2.0716939420606627E+03  6.5464716361404385E+02 -4.7539571557697702E+00  4.0178906537262583E+06
  5.0000000000000000E+04  4.9453210425883060E+02  2.0682936910120702E+03  6.5003085024987126E+02 -4.7549495437681530E+00  4.0109759340779260E+06
