#Te   kappa_tot   kappa_e_ph  kappa_e_e mu Ce
#[K]  [W/(K*m)]   [W/(K*m)]   [W/(K*m)]   [eV]  [J/(m^3*K)]
   3.0000000000000000E+02   1.2098840863862151E+02   1.2222221353880012E+02   1.1985258864029791E+04   2.9052500934891090E+00   8.0647504953473137E+04
   4.0000000000000000E+02   1.6504374129053107E+02   1.6733348456058630E+02   1.2061327877336285E+04   2.9131814188226657E+00   1.0789108876309874E+05
   5.0000000000000000E+02   2.0978973970228185E+02   2.1349850689832161E+02   1.2076734349044938E+04   2.9213688693693678E+00   1.3507125921372432E+05
   6.0000000000000000E+02   2.5444300979872975E+02   2.5996764591113481E+02   1.1973087264044847E+04   2.9289061317202818E+00   1.6278915399818419E+05
   7.0000000000000000E+02   2.9872720382217199E+02   3.0646262492023635E+02   1.1835001851590685E+04   2.9352082902556726E+00   1.9131164387689030E+05
   8.0000000000000000E+02   3.4269689378250001E+02   3.5304194865855362E+02   1.1695093030416119E+04   2.9401299143026605E+00   2.2060893028624525E+05
   9.0000000000000000E+02   3.8646145695187965E+02   3.9982335570335323E+02   1.1563949064609364E+04   2.9438262092242051E+00   2.5053347694130984E+05
   1.0000000000000000E+03   4.2998082667043110E+02   4.4685311388340489E+02   1.1387802310530835E+04   2.9465562078984608E+00   2.8093186945815041E+05
   1.1000000000000000E+03   4.7333765858983583E+02   4.9409934121423294E+02   1.1264781834507829E+04   2.9485682353241920E+00   3.1167788558413327E+05
   1.2000000000000000E+03   5.1641258067822923E+02   5.4148348017222827E+02   1.1153524087051639E+04   2.9500619938148902E+00   3.4267356750628981E+05
   1.3000000000000000E+03   5.5893913703226997E+02   5.8890898536206544E+02   1.0983181377717312E+04   2.9511868082809340E+00   3.7384321045758447E+05
   1.4000000000000000E+03   6.0094615286992791E+02   6.3627931099429463E+02   1.0821834910620601E+04   2.9520510646521556E+00   4.0512728808227176E+05
   1.5000000000000000E+03   6.4240054774239911E+02   6.8350742822345876E+02   1.0681558443216347E+04   2.9527328233773704E+00   4.3647772464754072E+05
   1.6000000000000000E+03   6.8318881265103209E+02   7.3052008184376723E+02   1.0544469984531537E+04   2.9532886234557547E+00   4.6785465745642729E+05
   1.7000000000000000E+03   7.2342530569152598E+02   7.7725904711411249E+02   1.0444915194471632E+04   2.9537600436639040E+00   4.9922449474993290E+05
   1.8000000000000000E+03   7.6261366929299766E+02   8.2368075507121239E+02   1.0286231853804495E+04   2.9541783423166836E+00   5.3055895617042982E+05
   1.9000000000000000E+03   8.0140099087157478E+02   8.6975508359432524E+02   1.0197232646116156E+04   2.9545676338715188E+00   5.6183474550298485E+05
   2.0000000000000000E+03   8.3912583423117667E+02   9.1546377673962377E+02   1.0063007727514479E+04   2.9549470128168243E+00   5.9303355981739808E+05
   2.1000000000000000E+03   8.7519482655176103E+02   9.6079875971152080E+02   9.8229844449735174E+03   2.9553319471670365E+00   6.2414219800983730E+05
   2.2000000000000000E+03   9.1012463122000520E+02   1.0057605004512634E+03   9.5713816576016416E+03   2.9557351797605547E+00   6.5515261471085541E+05
   2.3000000000000000E+03   9.4397145566436654E+02   1.0503564974908059E+03   9.3199808439282660E+03   2.9561673071349794E+00   6.8606183194935322E+05
   2.4000000000000000E+03   9.7660465869809593E+02   1.0945999294002256E+03   9.0596121700627864E+03   2.9566371539658518E+00   7.1687168265315483E+05
   2.5000000000000000E+03   1.0094197629029330E+03   1.1385084746628061E+03   8.9026603402385717E+03   2.9571520218903862E+00   7.4758838362913369E+05
   2.6000000000000000E+03   1.0409285092273510E+03   1.1821032951804380E+03   8.7160395710733319E+03   2.9577178647413729E+00   7.7822196131948475E+05
   2.7000000000000000E+03   1.0716431644951679E+03   1.2254081689805801E+03   8.5403066347854383E+03   2.9583394227935251E+00   8.0878559260285611E+05
   2.8000000000000000E+03   1.1015801070725483E+03   1.2684487549522555E+03   8.3736395844930412E+03   2.9590203353721618E+00   8.3929486443265877E+05
   2.9000000000000000E+03   1.1308838569818313E+03   1.3112519723299451E+03   8.2213737449190994E+03   2.9597632430623557E+00   8.6976702729159640E+05
   3.0000000000000000E+03   1.1596186743548881E+03   1.3538454794105203E+03   8.0830475467364395E+03   2.9605698849233661E+00   9.0022025367892114E+05
   3.1000000000000000E+03   1.1871694765902464E+03   1.3962572381231571E+03   7.9277426972075800E+03   2.9614411929231785E+00   9.3067293926510727E+05
   3.2000000000000000E+03   1.2138564774868030E+03   1.4385151531554664E+03   7.7724616306204180E+03   2.9623773841764640E+00   9.6114307968067448E+05
   3.3000000000000000E+03   1.2392518460336858E+03   1.4806467763970231E+03   7.6012128681080094E+03   2.9633780501474400E+00   9.9164770310830127E+05
   3.4000000000000000E+03   1.2648767344832700E+03   1.5226790686866002E+03   7.4708451884973456E+03   2.9644422421613812E+00   1.0222023936082517E+06
   3.5000000000000000E+03   1.2891123677977819E+03   1.5646382119681937E+03   7.3205273220384452E+03   2.9655685523407054E+00   1.0528209258892275E+06
   3.6000000000000000E+03   1.3132527031124166E+03   1.6065494657818997E+03   7.1934153293039781E+03   2.9667551888992141E+00   1.0835149402625212E+06
   3.7000000000000000E+03   1.3368482273839375E+03   1.6484370621864666E+03   7.0724939997756146E+03   2.9680000457489455E+00   1.1142937445335223E+06
   3.8000000000000000E+03   1.3604993835713706E+03   1.6903241338696766E+03   6.9724450335688316E+03   2.9693007657360444E+00   1.1451641718544750E+06
   3.9000000000000000E+03   1.3846231241552575E+03   1.7322326702636833E+03   6.8999526581360687E+03   2.9706547976058952E+00   1.1761305025126776E+06
   4.0000000000000000E+03   1.4078270785967734E+03   1.7741834968271389E+03   6.8177966726985869E+03   2.9720594467886965E+00   1.2071944615629248E+06
   4.1000000000000000E+03   1.4301943017875858E+03   1.8161962729567958E+03   6.7292753781612182E+03   2.9735119202424238E+00   1.2383552614659523E+06
   4.2000000000000000E+03   1.4522727422480550E+03   1.8582895043534511E+03   6.6468763023079628E+03   2.9750093656448442E+00   1.2696096846917637E+06
   4.3000000000000000E+03   1.4734249755825547E+03   1.9004805660213021E+03   6.5570281581097588E+03   2.9765489054176570E+00   1.3009522144087593E+06
   4.4000000000000000E+03   1.4949294362748669E+03   1.9427857325829409E+03   6.4849542229394601E+03   2.9781276658653049E+00   1.3323751707436596E+06
   4.5000000000000000E+03   1.5163432831404648E+03   1.9852202129480049E+03   6.4201822356540715E+03   2.9797428020391235E+00   1.3638688984539902E+06
   4.6000000000000000E+03   1.5379130896517031E+03   2.0277981869105586E+03   6.3659364048257257E+03   2.9813915186822801E+00   1.3954219481521822E+06
   4.7000000000000000E+03   1.5594255347767614E+03   2.0705328417084356E+03   6.3173461622720661E+03   2.9830710875380686E+00   1.4270212667890016E+06
   4.8000000000000000E+03   1.5803970464945792E+03   2.1134364068827649E+03   6.2660825890216311E+03   2.9847788617415785E+00   1.4586524042477121E+06
   4.9000000000000000E+03   1.6003719594690506E+03   2.1565201863649722E+03   6.2056017971146775E+03   2.9865122872674132E+00   1.4902997192923657E+06
   5.0000000000000000E+03   1.6219976119360738E+03   2.1997945868826923E+03   6.1752859938445927E+03   2.9882689120988006E+00   1.5219465729506353E+06
   5.1000000000000000E+03   1.6420916767592917E+03   2.2432691422509115E+03   6.1273979792453229E+03   2.9900463931272045E+00   1.5535755157960684E+06
   5.2000000000000000E+03   1.6623573563101879E+03   2.2869525332366070E+03   6.0867142552494624E+03   2.9918425013566701E+00   1.5851684854349047E+06
   5.3000000000000000E+03   1.6816501697639246E+03   2.3308526030563307E+03   6.0376832781507910E+03   2.9936551253490706E+00   1.6167069688712507E+06
   5.4000000000000000E+03   1.7039143062826656E+03   2.3749763686100146E+03   6.0303754879586959E+03   2.9954822734115671E+00   1.6481721822873983E+06
   5.5000000000000000E+03   1.7241241713635229E+03   2.4193300278175157E+03   5.9999859620598636E+03   2.9973220744807096E+00   1.6795452055265193E+06
   5.6000000000000000E+03   1.7438940014995583E+03   2.4639189634465820E+03   5.9675896359432663E+03   2.9991727780130657E+00   1.7108071387328685E+06
   5.7000000000000000E+03   1.7635828967784107E+03   2.5087477439366312E+03   5.9374575040824993E+03   3.0010327530008607E+00   1.7419392113719401E+06
   5.8000000000000000E+03   1.7814883401637326E+03   2.5538201217633632E+03   5.8907335916877009E+03   3.0029004862493522E+00   1.7729229132805937E+06
   5.9000000000000000E+03   1.8011232416440225E+03   2.5991390299282707E+03   5.8662620261347929E+03   3.0047745799706229E+00   1.8037400802519380E+06
   6.0000000000000000E+03   1.8203692638118821E+03   2.6447065771161897E+03   5.8402579709578222E+03   3.0066537489672198E+00   1.8343729956345288E+06
   6.1000000000000000E+03   1.8406150961938945E+03   2.6905240421330677E+03   5.8267643755066028E+03   3.0085368172780558E+00   1.8648044562846301E+06
   6.2000000000000000E+03   1.8581036079740866E+03   2.7365918681410208E+03   5.7882062337169164E+03   3.0104227145052853E+00   1.8950178437170165E+06
   6.3000000000000000E+03   1.8767924829876094E+03   2.7829096572007916E+03   5.7640932918012095E+03   3.0123104719042302E+00   1.9249971755303356E+06
   6.4000000000000000E+03   1.8968335297422921E+03   2.8294761656062678E+03   5.7546642799111705E+03   3.0141992182363038E+00   1.9547271530673469E+06
   6.5000000000000000E+03   1.9151518879289847E+03   2.8762893004338894E+03   5.7312625773245436E+03   3.0160881754578988E+00   1.9841931937730510E+06
   6.6000000000000000E+03   1.9322450369616672E+03   2.9233461176828901E+03   5.6993389847818826E+03   3.0179766542998845E+00   2.0133814503763937E+06
   6.7000000000000000E+03   1.9488717675857667E+03   2.9706428223211065E+03   5.6660461276254136E+03   3.0198640498288909E+00   2.0422788444290550E+06
   6.8000000000000000E+03   1.9668759470361590E+03   3.0181747705381440E+03   5.6467059863609247E+03   3.0217498368992044E+00   2.0708730631792441E+06
   6.9000000000000000E+03   1.9848834105546650E+03   3.0659364743815659E+03   5.6292578500002737E+03   3.0236335657322790E+00   2.0991525775800627E+06
   7.0000000000000000E+03   2.0032872871115662E+03   3.1139216090075852E+03   5.6166817911205508E+03   3.0255148573868591E+00   2.1271066262765625E+06
   7.1000000000000000E+03   2.0220130760858253E+03   3.1621230226043617E+03   5.6081030776219950E+03   3.0273933994205247E+00   2.1547252204348892E+06
   7.2000000000000000E+03   2.0412117452985658E+03   3.2105327491084108E+03   5.6044295234531610E+03   3.0292689415694456E+00   2.1819991375902365E+06
   7.3000000000000000E+03   2.0576378001323551E+03   3.2591420237397824E+03   5.5814483980024370E+03   3.0311412915010694E+00   2.2089198898571925E+06
   7.4000000000000000E+03   2.0731670482892114E+03   3.3079413013095727E+03   5.5539827517255917E+03   3.0330103107946518E+00   2.2354797356027672E+06
   7.5000000000000000E+03   2.0887485468227642E+03   3.3569202773382658E+03   5.5290322141465394E+03   3.0348759108580019E+00   2.2616716311709601E+06
   7.6000000000000000E+03   2.1046832339903031E+03   3.4060679117992750E+03   5.5085127019211586E+03   3.0367380491814511E+00   2.2874892271456346E+06
   7.7000000000000000E+03   2.1202503975994919E+03   3.4553724554797400E+03   5.4873296260396046E+03   3.0385967255827073E+00   2.3129268350185119E+06
   7.8000000000000000E+03   2.1359681430661726E+03   3.5048214787507577E+03   5.4689474983101336E+03   3.0404519787069288E+00   2.3379794153375439E+06
   7.9000000000000000E+03   2.1520829357029893E+03   3.5544019026451247E+03   5.4547987024612876E+03   3.0423038826088011E+00   2.3626425403277543E+06
   8.0000000000000000E+03   2.1657910293552945E+03   3.6041000320527910E+03   5.4270170760801066E+03   3.0441525434804642E+00   2.3869123710162174E+06
   8.1000000000000000E+03   2.1813584874325475E+03   3.6539015907988269E+03   5.4127238986156426E+03   3.0459980966528768E+00   2.4107856360802548E+06
   8.2000000000000000E+03   2.1951716071444466E+03   3.7037917585096625E+03   5.3893344190705684E+03   3.0478407035698103E+00   2.4342595969996648E+06
   8.3000000000000000E+03   2.2078759910572885E+03   3.7537552089279648E+03   5.3612377385563796E+03   3.0496805490991097E+00   2.4573320307476493E+06
   8.4000000000000000E+03   2.2227261664747139E+03   3.8037761495799386E+03   5.3475556556905312E+03   3.0515178388530417E+00   2.4800011911951890E+06
   8.5000000000000000E+03   2.2353162508153059E+03   3.8538383624871681E+03   5.3224774981816990E+03   3.0533527967547545E+00   2.5022658023401387E+06
   8.6000000000000000E+03   2.2497300829856222E+03   3.9039252457705079E+03   5.3093965359872591E+03   3.0551856626776317E+00   2.5241250045558466E+06
   8.7000000000000000E+03   2.2627964335789379E+03   3.9540198558417269E+03   5.2903371076354006E+03   3.0570166903580978E+00   2.5455783669459336E+06
   8.8000000000000000E+03   2.2755945920083750E+03   4.0041049501187613E+03   5.2714289663182471E+03   3.0588461452354951E+00   2.5666258286036546E+06
   8.9000000000000000E+03   2.2870608111937854E+03   4.0541630298740429E+03   5.2470747248228645E+03   3.0606743026291978E+00   2.5872676964729852E+06
   9.0000000000000000E+03   2.2986909916221507E+03   4.1041763831340677E+03   5.2253168728429409E+03   3.0625014459704234E+00   2.6075046159502342E+06
   9.1000000000000000E+03   2.3086350169262068E+03   4.1541271274275996E+03   5.1966428339468075E+03   3.0643278651160504E+00   2.6273375585229634E+06
   9.2000000000000000E+03   2.3209336633351509E+03   4.2039972521563168E+03   5.1815556314836203E+03   3.0661538548265206E+00   2.6467677772213463E+06
   9.3000000000000000E+03   2.3311606353960597E+03   4.2537686604318760E+03   5.1576909719262658E+03   3.0679797133622162E+00   2.6657968185223234E+06
   9.4000000000000000E+03   2.3439914690876694E+03   4.3034232101928583E+03   5.1480166830799644E+03   3.0698057412347772E+00   2.6844264877586546E+06
   9.5000000000000000E+03   2.3545527074180682E+03   4.3529427545694862E+03   5.1287450928896988E+03   3.0716322398946314E+00   2.7026588210077761E+06
   9.6000000000000000E+03   2.3639313519538864E+03   4.4023091811443137E+03   5.1054110505286881E+03   3.0734595107375209E+00   2.7204960937694279E+06
   9.7000000000000000E+03   2.3713967656878062E+03   4.4515044501892726E+03   5.0748734473108361E+03   3.0752878540472248E+00   2.7379407818223727E+06
   9.8000000000000000E+03   2.3812785267713939E+03   4.5005106316361798E+03   5.0570059324886342E+03   3.0771175681023553E+00   2.7549955653173574E+06
   9.9000000000000000E+03   2.3883031719469473E+03   4.5493099407551390E+03   5.0278099626996836E+03   3.0789489483104751E+00   2.7716632927688924E+06
   1.0000000000000000E+04   2.3978795304907380E+03   4.5978847723653817E+03   5.0114306863266238E+03   3.0807822865062984E+00   2.7879469933683081E+06
   1.0100000000000000E+04   2.4017416792049971E+03   4.6462177336164941E+03   4.9717682483424915E+03   3.0826178702225246E+00   2.8038498332068473E+06
   1.0200000000000000E+04   2.4046915659741680E+03   4.6942916751523753E+03   4.9302598974426664E+03   3.0844559821247590E+00   2.8193751380548524E+06
   1.0300000000000000E+04   2.4164957830145399E+03   4.7420897207047828E+03   4.9274465447484399E+03   3.0862968994464066E+00   2.8345263595102946E+06
   1.0400000000000000E+04   2.4250619394870409E+03   4.7895952950256851E+03   4.9122019058458427E+03   3.0881408934964973E+00   2.8493070657279589E+06
   1.0500000000000000E+04   2.4276131876896811E+03   4.8367921501027986E+03   4.8738016531334915E+03   3.0899882292677678E+00   2.8637209442700013E+06
   1.0600000000000000E+04   2.4359272839410564E+03   4.8836643897083641E+03   4.8601017259869323E+03   3.0918391650356245E+00   2.8777717735666907E+06
   1.0700000000000000E+04   2.4417807455501220E+03   4.9301964922107491E+03   4.8378004690792441E+03   3.0936939520300228E+00   2.8914634337209105E+06
   1.0800000000000000E+04   2.4479009170987797E+03   4.9763733316201287E+03   4.8177978024746881E+03   3.0955528342076093E+00   2.9047998856647103E+06
   1.0900000000000000E+04   2.4521790111272512E+03   5.0221801969824055E+03   4.7919374266908499E+03   3.0974160479691757E+00   2.9177851739313365E+06
   1.1000000000000000E+04   2.4544574936074910E+03   5.0676028100062767E+03   4.7598637601936243E+03   3.0992838219955972E+00   2.9304234014742626E+06
   1.1100000000000000E+04   2.4601362260256110E+03   5.1126273410398499E+03   4.7418668664583302E+03   3.1011563770655397E+00   2.9427187500694417E+06
   1.1200000000000000E+04   2.4630001331213202E+03   5.1572404233455254E+03   4.7146068950596991E+03   3.1030339259552124E+00   2.9546754412080552E+06
   1.1300000000000000E+04   2.4669070591202699E+03   5.2014291657782887E+03   4.6923893192636842E+03   3.1049166733198690E+00   2.9662977574066841E+06
   1.1400000000000000E+04   2.4688771442464435E+03   5.2451811638030877E+03   4.6643695364506157E+03   3.1068048156846984E+00   2.9775900278398907E+06
   1.1500000000000000E+04   2.4764744786890369E+03   5.2884845090548379E+03   4.6574502850947965E+03   3.1086985413354546E+00   2.9885566188108525E+06
   1.1600000000000000E+04   2.4786299375788240E+03   5.3313277973061868E+03   4.6322426472154339E+03   3.1105980303366763E+00   2.9992019293158678E+06
   1.1700000000000000E+04   2.4796503636061962E+03   5.3737001349665961E+03   4.6042392309365778E+03   3.1125034545772690E+00   3.0095303971754843E+06
   1.1800000000000000E+04   2.4807366355963736E+03   5.4155911442762063E+03   4.5776222689350616E+03   3.1144149777067001E+00   3.0195464774429868E+06
   1.1900000000000000E+04   2.4828973312989306E+03   5.4569909669871577E+03   4.5557235139704717E+03   3.1163327552808258E+00   3.0292546514747506E+06
   1.2000000000000000E+04   2.4841730308194428E+03   5.4978902668927694E+03   4.5318487626977303E+03   3.1182569347436657E+00   3.0386594237321182E+06
   1.2100000000000000E+04   2.4825332837627457E+03   5.5382802310146235E+03   4.4993794465421543E+03   3.1201876555458967E+00   3.0477653000876582E+06
   1.2200000000000000E+04   2.4829279721893604E+03   5.5781525696402414E+03   4.4746836981413935E+03   3.1221250492359838E+00   3.0565768165048086E+06
   1.2300000000000000E+04   2.4836372402858606E+03   5.6174995152721194E+03   4.4519604785372321E+03   3.1240692395239904E+00   3.0650984989290601E+06
   1.2400000000000000E+04   2.4820298785152131E+03   5.6563138204546112E+03   4.4227738165254877E+03   3.1260203424274122E+00   3.0733348899154123E+06
   1.2500000000000000E+04   2.4822595993617510E+03   5.6945887546387848E+03   4.4003733482288644E+03   3.1279784663805339E+00   3.0812905327015668E+06
   1.2600000000000000E+04   2.4787029972315040E+03   5.7323181001067760E+03   4.3670543707713305E+03   3.1299437123529374E+00   3.0889699658535384E+06
   1.2700000000000000E+04   2.4799892356336704E+03   5.7694961470070111E+03   4.3496757189161026E+03   3.1319161739862031E+00   3.0963777291947287E+06
   1.2800000000000000E+04   2.4751101303502687E+03   5.8061176875427318E+03   4.3142444019416434E+03   3.1338959377670932E+00   3.1035183617721014E+06
   1.2900000000000000E+04   2.4762743220220636E+03   5.8421780094916985E+03   4.2980538758261118E+03   3.1358830831004632E+00   3.1103963768471302E+06
   1.3000000000000000E+04   2.4721050593605760E+03   5.8776728888826065E+03   4.2666085696236132E+03   3.1378776825462285E+00   3.1170163026876841E+06
   1.3100000000000000E+04   2.4712831926821309E+03   5.9125985821554596E+03   4.2459652334839357E+03   3.1398798019105301E+00   3.1233826376942513E+06
   1.3200000000000000E+04   2.4702151265284742E+03   5.9469518176688043E+03   4.2252985030981026E+03   3.1418895004097691E+00   3.1294998684514342E+06
   1.3300000000000000E+04   2.4673625475086396E+03   5.9807297866460422E+03   4.2001384079515738E+03   3.1439068308620306E+00   3.1353724740473749E+06
   1.3400000000000000E+04   2.4643175541302321E+03   6.0139301336850049E+03   4.1751693362579954E+03   3.1459318398237879E+00   3.1410049126518327E+06
   1.3500000000000000E+04   2.4577804918031138E+03   6.0465509468161072E+03   4.1409990262875335E+03   3.1479645677448498E+00   3.1464016166518410E+06
   1.3600000000000000E+04   2.4562818339840701E+03   6.0785907471565788E+03   4.1218825854881752E+03   3.1500050491415337E+00   3.1515670092836022E+06
   1.3700000000000000E+04   2.4523657253681863E+03   6.1100484782230851E+03   4.0966028168071580E+03   3.1520533127698473E+00   3.1565054881105046E+06
   1.3800000000000000E+04   2.4527774651634008E+03   6.1409234949955662E+03   4.0839811227602154E+03   3.1541093817439649E+00   3.1612214139743503E+06
   1.3900000000000000E+04   2.4491869676912938E+03   6.1712155526364286E+03   4.0608126352027375E+03   3.1561732737549848E+00   3.1657191407425823E+06
   1.4000000000000000E+04   2.4413871533209244E+03   6.2009247950596500E+03   4.0267872211983863E+03   3.1582450012167489E+00   3.1700030020199558E+06
   1.4100000000000000E+04   2.4412438293638129E+03   6.2300517433716868E+03   4.0142112559712596E+03   3.1603245713569978E+00   3.1740772681157519E+06
   1.4200000000000000E+04   2.4379405591259228E+03   6.2585972840176983E+03   3.9935773508608759E+03   3.1624119864816755E+00   3.1779462214710121E+06
   1.4300000000000000E+04   2.4335995978199121E+03   6.2865626569757778E+03   3.9707041356990680E+03   3.1645072440660895E+00   3.1816140915294113E+06
   1.4400000000000000E+04   2.4271398892783868E+03   6.3139494438285865E+03   3.9427809206815932E+03   3.1666103369007312E+00   3.1850850791207571E+06
   1.4500000000000000E+04   2.4233834370684690E+03   6.3407595557272343E+03   3.9225469345649808E+03   3.1687212533100251E+00   3.1883633655479630E+06
   1.4600000000000000E+04   2.4183412764725294E+03   6.3669952214776804E+03   3.8994471446858438E+03   3.1708399772161293E+00   3.1914530884359251E+06
   1.4700000000000000E+04   2.4142853716822187E+03   6.3926589755102023E+03   3.8794001236779372E+03   3.1729664883485631E+00   3.1943583573091663E+06
   1.4800000000000000E+04   2.4045984438286519E+03   6.4177536459744988E+03   3.8453834084797745E+03   3.1751007623535945E+00   3.1970832356793610E+06
   1.4900000000000000E+04   2.4046321673870734E+03   6.4422823428231613E+03   3.8367165751969055E+03   3.1772427709856221E+00   3.1996317743685469E+06
   1.5000000000000000E+04   2.3983977695430535E+03   6.4662484460964761E+03   3.8124889735552101E+03   3.1793924821618775E+00   3.2020079660933386E+06
   1.5100000000000000E+04   2.3925288242747106E+03   6.4896555941419574E+03   3.7896528325149538E+03   3.1815498602085071E+00   3.2042157825373211E+06
   1.5200000000000000E+04   2.3881342894006025E+03   6.5125076721521918E+03   3.7709347429342292E+03   3.1837148658788097E+00   3.2062591457407521E+06
   1.5300000000000000E+04   2.3825158927452371E+03   6.5348088006496037E+03   3.7495634746675028E+03   3.1858874565901987E+00   3.2081419519805131E+06
   1.5400000000000000E+04   2.3745532643468823E+03   6.5565633242810509E+03   3.7228291231833368E+03   3.1880675864788954E+00   3.2098680498274751E+06
   1.5500000000000000E+04   2.3701893305318695E+03   6.5777758006838640E+03   3.7053484538009807E+03   3.1902552065639931E+00   3.2114412537070462E+06
   1.5600000000000000E+04   2.3640213872748714E+03   6.5984509895927713E+03   3.6838206623493329E+03   3.1924502648385942E+00   3.2128653397786026E+06
   1.5700000000000000E+04   2.3567365674932225E+03   6.6185938420745442E+03   3.6599729010246820E+03   3.1946527064338697E+00   3.2141440342260054E+06
   1.5800000000000000E+04   2.3530591894724412E+03   6.6382094900546563E+03   3.6451696548646150E+03   3.1968624736737503E+00   3.2152810310178720E+06
   1.5900000000000000E+04   2.3468592440575017E+03   6.6573032359299259E+03   3.6246274558248529E+03   3.1990795062754445E+00   3.2162799879254559E+06
   1.6000000000000000E+04   2.3383740389511263E+03   6.6758805425499886E+03   3.5990045743759765E+03   3.2013037413676604E+00   3.2171445185881620E+06
   1.6100000000000000E+04   2.3340364423613582E+03   6.6939470233070251E+03   3.5835405349634716E+03   3.2035351136455574E+00   3.2178781803989252E+06
   1.6200000000000000E+04   2.3249865422116222E+03   6.7115084325000316E+03   3.5572982818231044E+03   3.2057735554710018E+00   3.2184845082880594E+06
   1.6300000000000000E+04   2.3151249632993190E+03   6.7285706559101964E+03   3.5295510532510352E+03   3.2080189970001705E+00   3.2189669838906745E+06
   1.6400000000000000E+04   2.3069718121460760E+03   6.7451397016946994E+03   3.5061420721467239E+03   3.2102713662108924E+00   3.2193290582918511E+06
   1.6500000000000000E+04   2.3006214048846018E+03   6.7612216914097271E+03   3.4872013512210210E+03   3.2125305890667084E+00   3.2195741204564604E+06
   1.6600000000000000E+04   2.3019718755543477E+03   6.7768228513503154E+03   3.4861620406582529E+03   3.2147965895897888E+00   3.2197055360267502E+06
   1.6700000000000000E+04   2.2929661114569226E+03   6.7919495041265745E+03   3.4616064751569575E+03   3.2170692899429612E+00   3.2197266156249186E+06
   1.6800000000000000E+04   2.2907499022877919E+03   6.8066080604917888E+03   3.4527738036138967E+03   3.2193486105026237E+00   3.2196406222121888E+06
   1.6900000000000000E+04   2.2818993395262369E+03   6.8208050113592644E+03   3.4291063916673788E+03   3.2216344700045831E+00   3.2194507910533301E+06
   1.7000000000000000E+04   2.2769675972659284E+03   6.8345469201640135E+03   3.4145410922461951E+03   3.2239267855622744E+00   3.2191603095386322E+06
   1.7100000000000000E+04   2.2700945834732292E+03   6.8478404153974252E+03   3.3958297394044098E+03   3.2262254727761408E+00   3.2187723085358478E+06
   1.7200000000000000E+04   2.2603185715591353E+03   6.8606921834270970E+03   3.3708892503742036E+03   3.2285304457883166E+00   3.2182898908976349E+06
   1.7300000000000000E+04   2.2548423879747997E+03   6.8731089615030687E+03   3.3557563594096659E+03   3.2308416174102321E+00   3.2177161024993816E+06
   1.7400000000000000E+04   2.2475732155210439E+03   6.8850975310857930E+03   3.3368581476071481E+03   3.2331588991408395E+00   3.2170539527539955E+06
   1.7500000000000000E+04   2.2377417476008354E+03   6.8966647113555600E+03   3.3125584311804237E+03   3.2354822012577595E+00   3.2163064104940342E+06
   1.7600000000000000E+04   2.2279756860610810E+03   6.9078173529764072E+03   3.2886687630880297E+03   3.2378114328810748E+00   3.2154763954235236E+06
   1.7700000000000000E+04   2.2234644264275576E+03   6.9185623320775740E+03   3.2764337478211614E+03   3.2401465020553779E+00   3.2145667778617516E+06
   1.7800000000000000E+04   2.2197125656765588E+03   6.9289065444888129E+03   3.2659901020003276E+03   3.2424873157953220E+00   3.2135804001800548E+06
   1.7900000000000000E+04   2.2097852735662623E+03   6.9388569001731394E+03   3.2423665793338801E+03   3.2448337801676610E+00   3.2125200510997437E+06
   1.8000000000000000E+04   2.2081182301632448E+03   6.9484203179244623E+03   3.2366995374533103E+03   3.2471858003094809E+00   3.2113884741302920E+06
   1.8100000000000000E+04   2.2011675835776905E+03   6.9576037202293073E+03   3.2198165450676006E+03   3.2495432805193447E+00   3.2101883630941268E+06
   1.8200000000000000E+04   2.1942096782012300E+03   6.9664140283539182E+03   3.2030843530164234E+03   3.2519061243301928E+00   3.2089223886387409E+06
   1.8300000000000000E+04   2.1879777640366274E+03   6.9748581576882361E+03   3.1880542861631461E+03   3.2542742345093627E+00   3.2075931586318864E+06
   1.8400000000000000E+04   2.1806910396304525E+03   6.9829430132117341E+03   3.1709375815623603E+03   3.2566475131770645E+00   3.2062032536205892E+06
   1.8500000000000000E+04   2.1840652369000759E+03   6.9906754852559652E+03   3.1764779170559132E+03   3.2590258617790435E+00   3.2047552047350402E+06
   1.8600000000000000E+04   2.1657624997631601E+03   6.9980624453685850E+03   3.1364239359693329E+03   3.2614091811959445E+00   3.2032514844596433E+06
   1.8700000000000000E+04   2.1614187501343076E+03   7.0051107424156644E+03   3.1259167035295213E+03   3.2637973717797881E+00   3.2016945475107059E+06
   1.8800000000000000E+04   2.1546849925767915E+03   7.0118271988847946E+03   3.1105284124392333E+03   3.2661903333630589E+00   3.2000867948018052E+06
   1.8900000000000000E+04   2.1506221300786574E+03   7.0182186073089651E+03   3.1008191252527140E+03   3.2685879653589871E+00   3.1984305825150404E+06
   1.9000000000000000E+04   2.1400762786238465E+03   7.0242917269404852E+03   3.0777757979820635E+03   3.2709901667433030E+00   3.1967282268217574E+06
   1.9100000000000000E+04   2.1330968586239901E+03   7.0300532805362973E+03   3.0622662888258374E+03   3.2733968361271719E+00   3.1949820087924371E+06
   1.9200000000000000E+04   2.1266687384040629E+03   7.0355099513150353E+03   3.0480104006704469E+03   3.2758078718209704E+00   3.1931941558778444E+06
   1.9300000000000000E+04   2.1197287612465007E+03   7.0406683801293302E+03   3.0328165796814083E+03   3.2782231718069639E+00   3.1913668702032017E+06
   1.9400000000000000E+04   2.1130129523262235E+03   7.0455351627156024E+03   3.0181936177663342E+03   3.2806426338395527E+00   3.1895022910648044E+06
   1.9500000000000000E+04   2.1042274502952928E+03   7.0501168471604988E+03   2.9994705112061638E+03   3.2830661554361673E+00   3.1876025472330013E+06
   1.9600000000000000E+04   2.1017961911852385E+03   7.0544199314851412E+03   2.9937571922471266E+03   3.2854936339137164E+00   3.1856696809332254E+06
   1.9700000000000000E+04   2.0949201648318899E+03   7.0584508613501066E+03   2.9791074027788259E+03   3.2879249664615045E+00   3.1837057533206153E+06
   1.9800000000000000E+04   2.0857945119746832E+03   7.0622160279443597E+03   2.9600248665020345E+03   3.2903600501321288E+00   3.1817127343831654E+06
   1.9900000000000000E+04   2.0771452563337416E+03   7.0657217659844200E+03   2.9420277348450090E+03   3.2927987818688034E+00   3.1796925751811806E+06
   2.0000000000000000E+04   2.0733830620178942E+03   7.0689743518213345E+03   2.9339253026606125E+03   3.2952410585691778E+00   3.1776471938925581E+06
   2.0100000000000000E+04   2.0688869798634205E+03   7.0719800017111575E+03   2.9244164127076642E+03   3.2976867770762111E+00   3.1755784614167782E+06
   2.0200000000000000E+04   2.0623806447474913E+03   7.0747448701692811E+03   2.9109650118324976E+03   3.3001358342328624E+00   3.1734882113576117E+06
   2.0300000000000000E+04   2.0552599242495048E+03   7.0772750484688322E+03   2.8963751442843536E+03   3.3025881268820929E+00   3.1713782403269815E+06
   2.0400000000000000E+04   2.0454450329109413E+03   7.0795765632206976E+03   2.8765407954013990E+03   3.3050435519215493E+00   3.1692503082584739E+06
   2.0500000000000000E+04   2.0410676885974767E+03   7.0816553750977437E+03   2.8675501482904083E+03   3.3075020062853335E+00   3.1671061186179961E+06
   2.0600000000000000E+04   2.0345465312716633E+03   7.0835173776237616E+03   2.8543927363453718E+03   3.3099633869986969E+00   3.1649473687649337E+06
   2.0700000000000000E+04   2.0311830523659892E+03   7.0851683960801302E+03   2.8475100322908779E+03   3.3124275911962608E+00   3.1627757002449548E+06
   2.0800000000000000E+04   2.0246070263648276E+03   7.0866141865027321E+03   2.8343715094111453E+03   3.3148945161493595E+00   3.1605927241392415E+06
   2.0900000000000000E+04   2.0180965230138661E+03   7.0878604347873370E+03   2.8214304941959613E+03   3.3173640592569380E+00   3.1584000061677401E+06
   2.1000000000000000E+04   2.0097601352171114E+03   7.0889127558601313E+03   2.8049982591301018E+03   3.3198361180819900E+00   3.1561990822237064E+06
   2.1100000000000000E+04   2.0051726121926333E+03   7.0897766929330419E+03   2.7959356963661294E+03   3.3223105903880357E+00   3.1539914639874538E+06
   2.1200000000000000E+04   1.9990897278764871E+03   7.0904577168606347E+03   2.7840182085417905E+03   3.3247873741299960E+00   3.1517786084085922E+06
   2.1300000000000000E+04   1.9926201588127767E+03   7.0909612255650654E+03   2.7714097778910350E+03   3.3272663674633063E+00   3.1495619436401855E+06
   2.1400000000000000E+04   1.9858815881089474E+03   7.0912925435072611E+03   2.7583415754524017E+03   3.3297474688168345E+00   3.1473428799376823E+06
   2.1500000000000000E+04   1.9796718458202338E+03   7.0914569212929309E+03   2.7463513050052197E+03   3.3322305768199705E+00   3.1451227631578320E+06
   2.1600000000000000E+04   1.9717660941401757E+03   7.0914595352669512E+03   2.7311595177325726E+03   3.3347155904119887E+00   3.1429029323808220E+06
   2.1700000000000000E+04   1.9668808823903132E+03   7.0913054872508192E+03   2.7218184029546937E+03   3.3372024087691439E+00   3.1406846679705251E+06
   2.1800000000000000E+04   1.9634606924847419E+03   7.0909998042655097E+03   2.7153180273366997E+03   3.3396909314140335E+00   3.1384692497426872E+06
   2.1900000000000000E+04   1.9556739602914415E+03   7.0905474383960773E+03   2.7005142480357376E+03   3.3421810581244671E+00   3.1362579100511135E+06
   2.2000000000000000E+04   1.9516791838510542E+03   7.0899532666382484E+03   2.6929887316304412E+03   3.3446726890245886E+00   3.1340518391927755E+06
   2.2100000000000000E+04   1.9455918195975332E+03   7.0892220908536419E+03   2.6815170958830777E+03   3.3471657245393329E+00   3.1318521909583136E+06
   2.2200000000000000E+04   1.9403392612852419E+03   7.0883586377268512E+03   2.6716722601690431E+03   3.3496600654764319E+00   3.1296601205274146E+06
   2.2300000000000000E+04   1.9347070250047266E+03   7.0873675588204551E+03   2.6611455800070580E+03   3.3521556129808525E+00   3.1274767206902197E+06
   2.2400000000000000E+04   1.9289530548041419E+03   7.0862534306547250E+03   2.6504273953450602E+03   3.3546522685439153E+00   3.1253030649468042E+06
   2.2500000000000000E+04   1.9226530379310473E+03   7.0850207548189046E+03   2.6387187866324948E+03   3.3571499340488486E+00   3.1231402026438010E+06
   2.2600000000000000E+04   1.9177918381430238E+03   7.0836739581476313E+03   2.6297565034236004E+03   3.3596485117525852E+00   3.1209891430992237E+06
   2.2700000000000000E+04   1.9121460802040190E+03   7.0822173929179589E+03   2.6193515346139466E+03   3.3621479043221987E+00   3.1188508721904345E+06
   2.2800000000000000E+04   1.9052195570715758E+03   7.0806553371117980E+03   2.6065830199604538E+03   3.3646480147893447E+00   3.1167263363784226E+06
   2.2900000000000000E+04   1.9004068957863346E+03   7.0789919946660066E+03   2.5978071123693489E+03   3.3671487466505092E+00   3.1146164703986989E+06
   2.3000000000000000E+04   1.8936406875169246E+03   7.0772314958192082E+03   2.5854150165546766E+03   3.3696500037758743E+00   3.1125221813444672E+06
   2.3100000000000000E+04   1.8908568264914361E+03   7.0753778974426250E+03   2.5804749203057040E+03   3.3721516904639963E+00   3.1104443103518439E+06
   2.3200000000000000E+04   1.8869563306784662E+03   7.0734351834113268E+03   2.5734730012345190E+03   3.3746537114691582E+00   3.1083837266533966E+06
   2.3300000000000000E+04   1.8815521325286873E+03   7.0714072650205972E+03   2.5636980377696696E+03   3.3771559719740134E+00   3.1063412342416137E+06
   2.3400000000000000E+04   1.8763322912536491E+03   7.0692979814125310E+03   2.5542922619642304E+03   3.3796583776169409E+00   3.1043176330166543E+06
   2.3500000000000000E+04   1.8719827528531621E+03   7.0671111000437895E+03   2.5465222815781331E+03   3.3821608344646954E+00   3.1023136691585947E+06
   2.3600000000000000E+04   1.8664071195920731E+03   7.0648503171517505E+03   2.5365068790160558E+03   3.3846632490762159E+00   3.1003300967734712E+06
   2.3700000000000000E+04   1.8610740529539037E+03   7.0625192582806130E+03   2.5269652608495976E+03   3.3871655284296969E+00   3.0983676112830397E+06
   2.3800000000000000E+04   1.8566581523116522E+03   7.0601214787774979E+03   2.5191360594801872E+03   3.3896675800410909E+00   3.0964269225920816E+06
   2.3900000000000000E+04   1.8517233565216459E+03   7.0576604643703731E+03   2.5103712268384506E+03   3.3921693118456058E+00   3.0945086712522581E+06
   2.4000000000000000E+04   1.8457275805635929E+03   7.0551396317141516E+03   2.4996805157898862E+03   3.3946706322706390E+00   3.0926134961944898E+06
   2.4100000000000000E+04   1.8431315513195073E+03   7.0525623289734540E+03   2.4952438569559672E+03   3.3971714502357595E+00   3.0907420013353499E+06
   2.4200000000000000E+04   1.8381595186320333E+03   7.0499318364170749E+03   2.4864668908492295E+03   3.3996716751709428E+00   3.0888948069831496E+06
   2.4300000000000000E+04   1.8317374804047952E+03   7.0472513670434610E+03   2.4750608939835347E+03   3.4021712169618903E+00   3.0870724537795759E+06
   2.4400000000000000E+04   1.8266516150097666E+03   7.0445240671891452E+03   2.4661184002172408E+03   3.4046699860320544E+00   3.0852754995084400E+06
   2.4500000000000000E+04   1.8243347314311070E+03   7.0417530171859389E+03   2.4622358982577762E+03   3.4071678932606000E+00   3.0835044569418281E+06
   2.4600000000000000E+04   1.8199321934879702E+03   7.0389412319909861E+03   2.4545647768881267E+03   3.4096648500826872E+00   3.0817598283698657E+06
   2.4700000000000000E+04   1.8154604457584926E+03   7.0360916618655565E+03   2.4467819265681096E+03   3.4121607684074098E+00   3.0800420945720649E+06
   2.4800000000000000E+04   1.8111468656809300E+03   7.0332071930371476E+03   2.4392998864114575E+03   3.4146555606633959E+00   3.0783517036687387E+06
   2.4900000000000000E+04   1.8070944097760855E+03   7.0302906483785482E+03   2.4323035837507036E+03   3.4171491398079041E+00   3.0766890944283260E+06
   2.5000000000000000E+04   1.8026921854578918E+03   7.0273447880997801E+03   2.4246855240901509E+03   3.4196414193085980E+00   3.0750546851743846E+06
   2.5100000000000000E+04   1.7985991788424362E+03   7.0243723104435167E+03   2.4176384912401318E+03   3.4221323131435599E+00   3.0734488509733272E+06
   2.5200000000000000E+04   1.7947309375690306E+03   7.0213758523813649E+03   2.4110075721532776E+03   3.4246217358377260E+00   3.0718719875685940E+06
   2.5300000000000000E+04   1.7908443640029395E+03   7.0183579903252166E+03   2.4043527669140585E+03   3.4271096024446734E+00   3.0703244598000022E+06
   2.5400000000000000E+04   1.7854982668824662E+03   7.0153212408479340E+03   2.3950799060527524E+03   3.4295958284919332E+00   3.0688065552811669E+06
   2.5500000000000000E+04   1.7797258338556121E+03   7.0122680613820075E+03   2.3850576029965191E+03   3.4320803301085796E+00   3.0673186358081866E+06
   2.5600000000000000E+04   1.7740984682839203E+03   7.0092008509544803E+03   2.3753140979124987E+03   3.4345630239341034E+00   3.0658609866696205E+06
   2.5700000000000000E+04   1.7729083077679925E+03   7.0061219509126695E+03   2.3735342485549222E+03   3.4370438271001666E+00   3.0644338749788171E+06
   2.5800000000000000E+04   1.7711869622106260E+03   7.0030336456362138E+03   2.3708037791642273E+03   3.4395226573491051E+00   3.0630375909998724E+06
   2.5900000000000000E+04   1.7697852777327762E+03   6.9999381632828763E+03   2.3686472991343253E+03   3.4419994328971981E+00   3.0616723373689344E+06
   2.6000000000000000E+04   1.7641140559794705E+03   6.9968376765077001E+03   2.3588518308345047E+03   3.4444740725258236E+00   3.0603383698334768E+06
   2.6100000000000000E+04   1.7622577458520013E+03   6.9937343031968257E+03   2.3558860128955153E+03   3.4469464955632221E+00   3.0590358922411813E+06
   2.6200000000000000E+04   1.7572909675309820E+03   6.9906301072003271E+03   2.3473676780498968E+03   3.4494166218753861E+00   3.0577650978291333E+06
   2.6300000000000000E+04   1.7539616193402956E+03   6.9875270990632062E+03   2.3417791166159218E+03   3.4518843718751748E+00   3.0565261754715056E+06
   2.6400000000000000E+04   1.7523123336497329E+03   6.9844272367584117E+03   2.3391875402390542E+03   3.4543496665040818E+00   3.0553192628573757E+06
   2.6500000000000000E+04   1.7490956383091375E+03   6.9813324264158218E+03   2.3338045641181102E+03   3.4568124272504668E+00   3.0541445056731920E+06
   2.6600000000000000E+04   1.7457369206207777E+03   6.9782445230496760E+03   2.3281722704717440E+03   3.4592725761860130E+00   3.0530020698793032E+06
   2.6700000000000000E+04   1.7425402436836353E+03   6.9751653312928565E+03   2.3228314837434827E+03   3.4617300358745817E+00   3.0518920356390271E+06
   2.6800000000000000E+04   1.7392784064712921E+03   6.9720966061159897E+03   2.3173778664186520E+03   3.4641847294815875E+00   3.0508145157753183E+06
   2.6900000000000000E+04   1.7344254049345832E+03   6.9690400535578838E+03   2.3091060045989075E+03   3.4666365806646255E+00   3.0497695969831063E+06
   2.7000000000000000E+04   1.7328255008297604E+03   6.9659973314412255E+03   2.3066045230972300E+03   3.4690855136828338E+00   3.0487573460257580E+06
   2.7100000000000000E+04   1.7295091412366369E+03   6.9629700500951640E+03   2.3010624444356672E+03   3.4715314533239980E+00   3.0477778396950597E+06
   2.7200000000000000E+04   1.7262841761978141E+03   6.9599597730703781E+03   2.2956845912276885E+03   3.4739743249045381E+00   3.0468310938494531E+06
   2.7300000000000000E+04   1.7235963271152607E+03   6.9569680178492617E+03   2.2912579560618860E+03   3.4764140543424160E+00   3.0459171706333850E+06
   2.7400000000000000E+04   1.7210662013001374E+03   6.9539962565577416E+03   2.2871102412508817E+03   3.4788505680477870E+00   3.0450360777450493E+06
   2.7500000000000000E+04   1.7183229711946676E+03   6.9510459166676928E+03   2.2825863316100467E+03   3.4812837930141187E+00   3.0441878102805745E+06
   2.7600000000000000E+04   1.7156422189539483E+03   6.9481183816988796E+03   2.2781728701997854E+03   3.4837136567999769E+00   3.0433723868030258E+06
   2.7700000000000000E+04   1.7127356050548685E+03   6.9452149919157500E+03   2.2733614644111035E+03   3.4861400874652224E+00   3.0425897602185272E+06
   2.7800000000000000E+04   1.7101584744437098E+03   6.9423370450191733E+03   2.2691306058918094E+03   3.4885630136712655E+00   3.0418399313272834E+06
   2.7900000000000000E+04   1.7073901756301573E+03   6.9394857968344440E+03   2.2645629459487900E+03   3.4909823646081528E+00   3.0411228298019911E+06
   2.8000000000000000E+04   1.7045873342588998E+03   6.9366624619938302E+03   2.2599344783993474E+03   3.4933980700127973E+00   3.0404384338022396E+06
   2.8100000000000000E+04   1.6996872630147691E+03   6.9338682146151186E+03   2.2516240070379854E+03   3.4958100601963205E+00   3.0397866687674727E+06
   2.8200000000000000E+04   1.6992662761369240E+03   6.9311041889727421E+03   2.2511766994571931E+03   3.4982182659711389E+00   3.0391674434472625E+06
   2.8300000000000000E+04   1.6971213341355283E+03   6.9283714801678243E+03   2.2477011654140024E+03   3.5006226187512155E+00   3.0385806920456551E+06
   2.8400000000000000E+04   1.6947383474039480E+03   6.9256711447887292E+03   2.2438063965284555E+03   3.5030230504791566E+00   3.0380263146906509E+06
   2.8500000000000000E+04   1.6925507963144480E+03   6.9230042015690378E+03   2.2402524917786927E+03   3.5054194936626568E+00   3.0375042255276162E+06
   2.8600000000000000E+04   1.6904274747420495E+03   6.9203716320357189E+03   2.2368090347397133E+03   3.5078118813107073E+00   3.0370142751667164E+06
   2.8700000000000000E+04   1.6878508383134517E+03   6.9177743811594519E+03   2.2325701691136783E+03   3.5102001470338524E+00   3.0365563706379356E+06
   2.8800000000000000E+04   1.6855050373339730E+03   6.9152133579904585E+03   2.2287336567307766E+03   3.5125842249621568E+00   3.0361303678882448E+06
   2.8900000000000000E+04   1.6816408766137999E+03   6.9126894362949097E+03   2.2222430151018475E+03   3.5149640497907759E+00   3.0357361258945549E+06
   2.9000000000000000E+04   1.6816747131403629E+03   6.9102034551806537E+03   2.2225591531696928E+03   3.5173395567435111E+00   3.0353734949300555E+06
   2.9100000000000000E+04   1.6794022894771638E+03   6.9077562197224543E+03   2.2188439737108133E+03   3.5197106816183630E+00   3.0350423287706026E+06
   2.9200000000000000E+04   1.6753881585647096E+03   6.9053485015723500E+03   2.2120892610141109E+03   3.5220773607146256E+00   3.0347424370085052E+06
   2.9300000000000000E+04   1.6734714929348024E+03   6.9029810395758859E+03   2.2089914709916748E+03   3.5244395309149246E+00   3.0344736691360353E+06
   2.9400000000000000E+04   1.6717463949923626E+03   6.9006545403714908E+03   2.2062243264204972E+03   3.5267971296305154E+00   3.0342358309156438E+06
   2.9500000000000000E+04   1.6694136299844590E+03   6.8983696789902824E+03   2.2023960918484800E+03   3.5291500948286321E+00   3.0340287384973629E+06
   2.9600000000000000E+04   1.6677589612150027E+03   6.8961270994426950E+03   2.1997452099216189E+03   3.5314983649869238E+00   3.0338521946835788E+06
   2.9700000000000000E+04   1.6645047449349518E+03   6.8939274153087408E+03   2.1943100830284075E+03   3.5338418791481270E+00   3.0337059771817797E+06
   2.9800000000000000E+04   1.6651572601080466E+03   6.8917712103150370E+03   2.1956630000203518E+03   3.5361805769018448E+00   3.0335898926821430E+06
   2.9900000000000000E+04   1.6633059798557747E+03   6.8896590389049388E+03   2.1926591925771722E+03   3.5385143983663170E+00   3.0335037291649012E+06
   3.0000000000000000E+04   1.6637899830012254E+03   6.8875914268064726E+03   2.1937100301764372E+03   3.5408432842066544E+00   3.0334472561347065E+06
   3.0100000000000000E+04   1.6619044290569645E+03   6.8855688715895585E+03   2.1906379190627058E+03   3.5431671756165950E+00   3.0334202427555881E+06
   3.0200000000000000E+04   1.6598542578430638E+03   6.8835918432188710E+03   2.1872766469372009E+03   3.5454860143185178E+00   3.0334224520709882E+06
   3.0300000000000000E+04   1.6561638557557508E+03   6.8816607846055977E+03   2.1810667988554560E+03   3.5477997425998988E+00   3.0334536412165198E+06
   3.0400000000000000E+04   1.6549956442737830E+03   6.8797761121375006E+03   2.1792302220540641E+03   3.5501083032403886E+00   3.0335135615842119E+06
   3.0500000000000000E+04   1.6529465255429989E+03   6.8779382162258507E+03   2.1758626138454470E+03   3.5524116396029619E+00   3.0336019590434339E+06
   3.0600000000000000E+04   1.6516747944679610E+03   6.8761474618195452E+03   2.1738384271209934E+03   3.5547096955427757E+00   3.0337185860246154E+06
   3.0700000000000000E+04   1.6510226219497547E+03   6.8744041889311611E+03   2.1728829653374437E+03   3.5570024154436148E+00   3.0338631659369189E+06
   3.0800000000000000E+04   1.6495270942581362E+03   6.8727087131608423E+03   2.1704623848949013E+03   3.5592897442725997E+00   3.0340354410631298E+06
   3.0900000000000000E+04   1.6486917957835694E+03   6.8710613261835906E+03   2.1691805550835729E+03   3.5615716274525591E+00   3.0342351131401206E+06
   3.1000000000000000E+04   1.6477402118871212E+03   6.8694622962722915E+03   2.1676927796403506E+03   3.5638480109896564E+00   3.0344619387978292E+06
   3.1100000000000000E+04   1.6527582901748519E+03   6.8679118687811606E+03   2.1765415162235263E+03   3.5661188414004523E+00   3.0347156225910853E+06
   3.1200000000000000E+04   1.6490514279177592E+03   6.8664102666311883E+03   2.1702673718431693E+03   3.5683840656936932E+00   3.0349958766859681E+06
   3.1300000000000000E+04   1.6491917845064252E+03   6.8649576908098616E+03   2.1706556674610783E+03   3.5706436314614485E+00   3.0353024091497567E+06
   3.1400000000000000E+04   1.6477490362923702E+03   6.8635543208275094E+03   2.1682970127769672E+03   3.5728974867697336E+00   3.0356349240882522E+06
   3.1500000000000000E+04   1.6436594957630427E+03   6.8622003151976633E+03   2.1613552715536239E+03   3.5751455802132015E+00   3.0359931218211190E+06
   3.1600000000000000E+04   1.6395105519498800E+03   6.8608958119031831E+03   2.1543154774877898E+03   3.5773878609242589E+00   3.0363767167846453E+06
   3.1700000000000000E+04   1.6404801093837236E+03   6.8596409288488376E+03   2.1561137681985210E+03   3.5796242785457197E+00   3.0367853844362819E+06
   3.1800000000000000E+04   1.6392390257018253E+03   6.8584357643088861E+03   2.1540892446075459E+03   3.5818547832125707E+00   3.0372188205820760E+06
   3.1900000000000000E+04   1.6384945939357005E+03   6.8572803973882401E+03   2.1529178018359844E+03   3.5840793256249053E+00   3.0376767296434920E+06
   3.2000000000000000E+04   1.6354424643253903E+03   6.8561748884404460E+03   2.1477598628888836E+03   3.5862978569476374E+00   3.0381587835010332E+06
   3.2100000000000000E+04   1.6302790049947268E+03   6.8551192795146753E+03   2.1389662556056160E+03   3.5885103288743285E+00   3.0386646747474317E+06
   3.2200000000000000E+04   1.6329854570638515E+03   6.8541135947791799E+03   2.1437259393207974E+03   3.5907166936089419E+00   3.0391940579599729E+06
   3.2300000000000000E+04   1.6319778804092784E+03   6.8531578409470203E+03   2.1420832248477141E+03   3.5929169038840816E+00   3.0397466439097747E+06
   3.2400000000000000E+04   1.6326180395628817E+03   6.8522520076785668E+03   2.1432748556132196E+03   3.5951109129063026E+00   3.0403220938814953E+06
   3.2500000000000000E+04   1.6298336033183673E+03   6.8513960679992924E+03   2.1385620907153011E+03   3.5972986743925612E+00   3.0409200786119225E+06
   3.2600000000000000E+04   1.6301975361630803E+03   6.8505899787126818E+03   2.1392673113109140E+03   3.5994801426066791E+00   3.0415402783653373E+06
   3.2700000000000000E+04   1.6294406604634260E+03   6.8498336807708320E+03   2.1380377824891425E+03   3.6016552722499791E+00   3.0421823596228948E+06
   3.2800000000000000E+04   1.6272014828410852E+03   6.8491270996935791E+03   2.1342528772951050E+03   3.6038240185706418E+00   3.0428459869627189E+06
   3.2900000000000000E+04   1.6243713265127240E+03   6.8484701459363550E+03   2.1294502497111594E+03   3.6059863372908043E+00   3.0435308231773828E+06
   3.3000000000000000E+04   1.6264343163312753E+03   6.8478627152799818E+03   2.1330559499579267E+03   3.6081421846430008E+00   3.0442365410230234E+06
   3.3100000000000000E+04   1.6264824582572210E+03   6.8473046892008233E+03   2.1331929092162686E+03   3.6102915173519530E+00   3.0449627884505242E+06
   3.3200000000000000E+04   1.6236410488404258E+03   6.8467959352399275E+03   2.1283571280713959E+03   3.6124342926345610E+00   3.0457092468148754E+06
   3.3300000000000000E+04   1.6231593081983365E+03   6.8463363073666633E+03   2.1275737939051028E+03   3.6145704681999002E+00   3.0464755613366659E+06
   3.3400000000000000E+04   1.6227130126726270E+03   6.8459256463421088E+03   2.1268467147017486E+03   3.6167000022674527E+00   3.0472614107702831E+06
   3.3500000000000000E+04   1.6223208721686724E+03   6.8455637800509094E+03   2.1262080278478320E+03   3.6188228534942022E+00   3.0480664265334290E+06
   3.3600000000000000E+04   1.6195408387186360E+03   6.8452505238743652E+03   2.1214654932259787E+03   3.6209389810657564E+00   3.0488902852744460E+06
   3.3700000000000000E+04   1.6203641380035249E+03   6.8449856810168130E+03   2.1229038756882587E+03   3.6230483446416808E+00   3.0497326281809327E+06
   3.3800000000000000E+04   1.6202762401764260E+03   6.8447690428474471E+03   2.1227738401612651E+03   3.6251509043737196E+00   3.0505931301742978E+06
   3.3900000000000000E+04   1.6190835203535050E+03   6.8446003892206054E+03   2.1207432626650111E+03   3.6272466208693350E+00   3.0514714424796919E+06
   3.4000000000000000E+04   1.6184164123373735E+03   6.8444794888182623E+03   2.1196104556145419E+03   3.6293354552463977E+00   3.0523672157977014E+06
   3.4100000000000000E+04   1.6171209448845593E+03   6.8444060994485835E+03   2.1173959582155353E+03   3.6314173690602725E+00   3.0532800889798999E+06
   3.4200000000000000E+04   1.6162461954457820E+03   6.8443799683840471E+03   2.1158990118703418E+03   3.6334923243767268E+00   3.0542097347796424E+06
   3.4300000000000000E+04   1.6185599486956025E+03   6.8444008326551784E+03   2.1198642106685693E+03   3.6355602837172603E+00   3.0551558141727713E+06
   3.4400000000000000E+04   1.6181224503543319E+03   6.8444684193676840E+03   2.1191073219767904E+03   3.6376212100955381E+00   3.0561179652359965E+06
   3.4500000000000000E+04   1.6178979656827987E+03   6.8445824459854502E+03   2.1187114043407537E+03   3.6396750669627269E+00   3.0570958486986510E+06
   3.4600000000000000E+04   1.6170951880285647E+03   6.8447426206438786E+03   2.1173195969720909E+03   3.6417218182621691E+00   3.0580891252400423E+06
   3.4700000000000000E+04   1.6169881778983674E+03   6.8449486424288652E+03   2.1171164373223592E+03   3.6437614283929256E+00   3.0590974443060434E+06
   3.4800000000000000E+04   1.6163259963535975E+03   6.8452002016626211E+03   2.1159573938417784E+03   3.6457938622097825E+00   3.0601204555497519E+06
   3.4900000000000000E+04   1.6161316652084381E+03   6.8454969801910347E+03   2.1155960173748713E+03   3.6478190850414758E+00   3.0611578089234461E+06
   3.5000000000000000E+04   1.6165240217726987E+03   6.8458386516540231E+03   2.1162357618229403E+03   3.6498370626724603E+00   3.0622091883321833E+06
   3.5100000000000000E+04   1.6094853335483572E+03   6.8462248817573118E+03   2.1041524857066570E+03   3.6518477613429137E+00   3.0632742220121007E+06
   3.5200000000000000E+04   1.6160325870022759E+03   6.8466553285330783E+03   2.1153156458850435E+03   3.6538511477305060E+00   3.0643525612126174E+06
   3.5300000000000000E+04   1.6055315102958016E+03   6.8471296426284716E+03   2.0973150017947100E+03   3.6558471890233117E+00   3.0654439022732135E+06
   3.5400000000000000E+04   1.6049464519112410E+03   6.8476474675117852E+03   2.0962682163676909E+03   3.6578358527739852E+00   3.0665478641685704E+06
   3.5500000000000000E+04   1.6038039194090013E+03   6.8482084397913795E+03   2.0942670409921802E+03   3.6598171070820480E+00   3.0676641333508166E+06
   3.5600000000000000E+04   1.6037368897049073E+03   6.8488121893923271E+03   2.0940962962807571E+03   3.6617909203933658E+00   3.0687923415811611E+06
   3.5700000000000000E+04   1.5999842319031391E+03   6.8494583398608474E+03   2.0876425172270033E+03   3.6637572616642160E+00   3.0699321768016815E+06
   3.5800000000000000E+04   1.6026929473837497E+03   6.8501465085784066E+03   2.0921922166271784E+03   3.6657161002883636E+00   3.0710832836817084E+06
   3.5900000000000000E+04   1.6086175720584417E+03   6.8508763069978659E+03   2.1022312267772786E+03   3.6676674060970691E+00   3.0722453518477068E+06
   3.6000000000000000E+04   1.6073857116596864E+03   6.8516473408543879E+03   2.1000554159445319E+03   3.6696111493043970E+00   3.0734180061343429E+06
   3.6100000000000000E+04   1.6060921966315841E+03   6.8524592104489093E+03   2.0977718937033233E+03   3.6715473006530526E+00   3.0746009491809919E+06
   3.6200000000000000E+04   1.6040785790766060E+03   6.8533115108091906E+03   2.0942584055990201E+03   3.6734758312503106E+00   3.0757938191806101E+06
   3.6300000000000000E+04   1.6048824531383207E+03   6.8542038319370613E+03   2.0955454365086944E+03   3.6753967126409441E+00   3.0769962883611675E+06
   3.6400000000000000E+04   1.6057941396287645E+03   6.8551357590458801E+03   2.0970128496719503E+03   3.6773099168619034E+00   3.0782080518214367E+06
   3.6500000000000000E+04   1.6051137771254255E+03   6.8561068727073607E+03   2.0957619632153223E+03   3.6792154162782600E+00   3.0794287517886376E+06
   3.6600000000000000E+04   1.6054769519620284E+03   6.8571167491387368E+03   2.0962867452511614E+03   3.6811131837837148E+00   3.0806580859631142E+06
   3.6700000000000000E+04   1.6029483940721682E+03   6.8581649603264941E+03   2.0918803955729022E+03   3.6830031926000970E+00   3.0818956995834694E+06
   3.6800000000000000E+04   1.6043156922282001E+03   6.8592510742847535E+03   2.0941083639170315E+03   3.6848854164231781E+00   3.0831412824633284E+06
   3.6900000000000000E+04   1.6036349871161549E+03   6.8603746552296589E+03   2.0928441422702890E+03   3.6867598293680008E+00   3.0843945151378009E+06
   3.7000000000000000E+04   1.6037666932646198E+03   6.8615352637642209E+03   2.0929604590108611E+03   3.6886264059506351E+00   3.0856550796813783E+06
   3.7100000000000000E+04   1.6024304887983428E+03   6.8627324570745068E+03   2.0905742278681319E+03   3.6904851211064202E+00   3.0869226597638889E+06
   3.7200000000000000E+04   1.6021032382980218E+03   6.8639657890993813E+03   2.0899029026533944E+03   3.6923359501534945E+00   3.0881969089968810E+06
   3.7300000000000000E+04   1.6021532624232818E+03   6.8652348107504722E+03   2.0898704016550355E+03   3.6941788688839567E+00   3.0894775567895235E+06
   3.7400000000000000E+04   1.6023931691624330E+03   6.8665390700284343E+03   2.0901577404589884E+03   3.6960138534180129E+00   3.0907642497559520E+06
   3.7500000000000000E+04   1.6017905433395172E+03   6.8678781122593346E+03   2.0890085987085031E+03   3.6978408803498275E+00   3.0920566996075264E+06
   3.7600000000000000E+04   1.6004108964378240E+03   6.8692514802189899E+03   2.0865358790993414E+03   3.6996599266381360E+00   3.0933545882964223E+06
   3.7700000000000000E+04   1.6004369319106609E+03   6.8706587143079896E+03   2.0864503254226270E+03   3.7014709696244870E+00   3.0946575997491013E+06
   3.7800000000000000E+04   1.5985513268102306E+03   6.8720993527478522E+03   2.0831143443229826E+03   3.7032739871061433E+00   3.0959654510224452E+06
   3.7900000000000000E+04   1.6008417938081082E+03   6.8735729316941142E+03   2.0868696950582030E+03   3.7050689572267168E+00   3.0972778194896718E+06
   3.8000000000000000E+04   1.5997276182446333E+03   6.8750789854176610E+03   2.0848381396971677E+03   3.7068558585308597E+00   3.0985944156433395E+06
   3.8100000000000000E+04   1.5994428887374568E+03   6.8766170464674415E+03   2.0842132370090890E+03   3.7086346699824824E+00   3.0999149415797475E+06
   3.8200000000000000E+04   1.5979367847978128E+03   6.8781866457806836E+03   2.0815127585557439E+03   3.7104053708736147E+00   3.1012390809437577E+06
   3.8300000000000000E+04   1.5976769748850475E+03   6.8797873128882766E+03   2.0809254405054708E+03   3.7121679409520083E+00   3.1025665605087522E+06
   3.8400000000000000E+04   1.5974314040395243E+03   6.8814185760020609E+03   2.0803597321308134E+03   3.7139223602935343E+00   3.1038970682091461E+06
   3.8500000000000000E+04   1.5969062413309607E+03   6.8830799621980086E+03   2.0793174669657292E+03   3.7156686093933304E+00   3.1052303247588328E+06
   3.8600000000000000E+04   1.5953188504372438E+03   6.8847709975301268E+03   2.0764730728001741E+03   3.7174066691111043E+00   3.1065660528707928E+06
   3.8700000000000000E+04   1.5939317663178606E+03   6.8864912071575236E+03   2.0739676552060741E+03   3.7191365206529170E+00   3.1079039471267369E+06
   3.8800000000000000E+04   1.5943088893973072E+03   6.8882401155198477E+03   2.0744475096855408E+03   3.7208581456623211E+00   3.1092437446765886E+06
   3.8900000000000000E+04   1.5940139130601681E+03   6.8900172464076768E+03   2.0737870920213954E+03   3.7225715260927581E+00   3.1105851346927052E+06
   3.9000000000000000E+04   1.5949087088092713E+03   6.8918221231322295E+03   2.0751381538587884E+03   3.7242766442987070E+00   3.1119278686994193E+06
   3.9100000000000000E+04   1.5954998775704646E+03   6.8936542686326429E+03   2.0759728255883160E+03   3.7259734829992217E+00   3.1132716505288356E+06
   3.9200000000000000E+04   1.5953283622738941E+03   6.8955132055887125E+03   2.0755139895139769E+03   3.7276620252596993E+00   3.1146162161988998E+06
   3.9300000000000000E+04   1.5941200177620838E+03   6.8973984565659175E+03   2.0732988239201409E+03   3.7293422545465806E+00   3.1159612842544941E+06
   3.9400000000000000E+04   1.5923415525647843E+03   6.8993095440876541E+03   2.0701193767526465E+03   3.7310141546361928E+00   3.1173066050870121E+06
   3.9500000000000000E+04   1.5923893478205769E+03   6.9012459907926668E+03   2.0700258721387136E+03   3.7326777097058974E+00   3.1186519018951440E+06
   3.9600000000000000E+04   1.5924770554960303E+03   6.9032073195015500E+03   2.0699976687098879E+03   3.7343329042429469E+00   3.1199968906764276E+06
   3.9700000000000000E+04   1.5918316602123882E+03   6.9051930533695322E+03   2.0687290227215276E+03   3.7359797231356211E+00   3.1213413482101797E+06
   3.9800000000000000E+04   1.5952370535881146E+03   6.9072027159474583E+03   2.0743028870088465E+03   3.7376181515821063E+00   3.1226849855881906E+06
   3.9900000000000000E+04   1.5968872894331446E+03   6.9092358313117929E+03   2.0769102011548480E+03   3.7392481751451521E+00   3.1240275551962573E+06
   4.0000000000000000E+04   1.5948762720070981E+03   6.9112919241564305E+03   2.0733246269589754E+03   3.7408697797338606E+00   3.1253688117121081E+06
   4.0100000000000000E+04   1.5932797407612084E+03   6.9133705198817752E+03   2.0704408340047589E+03   3.7424829515854521E+00   3.1267084930636040E+06
   4.0200000000000000E+04   1.5955067990228490E+03   6.9154711447182081E+03   2.0740141310856925E+03   3.7440876773199565E+00   3.1280463587872218E+06
   4.0300000000000000E+04   1.5956236350206943E+03   6.9175933257644028E+03   2.0740207196686652E+03   3.7456839438308309E+00   3.1293821518369382E+06
   4.0400000000000000E+04   1.5946774049171356E+03   6.9197365911337611E+03   2.0722300361321159E+03   3.7472717383943412E+00   3.1307156366429459E+06
   4.0500000000000000E+04   1.5932955420292508E+03   6.9219004700157884E+03   2.0697036673374851E+03   3.7488510486148732E+00   3.1320465799822751E+06
   4.0600000000000000E+04   1.5969050122666454E+03   6.9240844927532662E+03   2.0756021591420858E+03   3.7504218624067014E+00   3.1333747323377361E+06
   4.0700000000000000E+04   1.5947346348762833E+03   6.9262881909359803E+03   2.0717397946169158E+03   3.7519841680122190E+00   3.1346998561572460E+06
   4.0800000000000000E+04   1.5930913298362998E+03   6.9285110974924492E+03   2.0687689888997602E+03   3.7535379540201683E+00   3.1360217164375843E+06
   4.0900000000000000E+04   1.5933845323649646E+03   6.9307527467512346E+03   2.0690635872850785E+03   3.7550832093291850E+00   3.1373400899136220E+06
   4.1000000000000000E+04   1.5943515074648947E+03   6.9330126745283887E+03   2.0704927439677863E+03   3.7566199231660180E+00   3.1386547557135881E+06
   4.1100000000000000E+04   1.5936047014619426E+03   6.9352904182034554E+03   2.0690306398622974E+03   3.7581480850855380E+00   3.1399654771251860E+06
   4.1200000000000000E+04   1.5949745158569797E+03   6.9375855167644677E+03   2.0711356486441309E+03   3.7596676849160526E+00   3.1412720383050246E+06
   4.1300000000000000E+04   1.5945990792252176E+03   6.9398975109375997E+03   2.0702967892689453E+03   3.7611787128686696E+00   3.1425742168054804E+06
   4.1400000000000000E+04   1.5943245638276180E+03   6.9422259431700722E+03   2.0696270487692263E+03   3.7626811593732414E+00   3.1438717927202540E+06
   4.1500000000000000E+04   1.5931273677425629E+03   6.9445703577949726E+03   2.0674022155860771E+03   3.7641750152606623E+00   3.1451645577071458E+06
   4.1600000000000000E+04   1.5908876502369287E+03   6.9469303010196518E+03   2.0634237521117916E+03   3.7656602716170275E+00   3.1464522969155549E+06
   4.1700000000000000E+04   1.5913545338169727E+03   6.9493053210189037E+03   2.0639996462634658E+03   3.7671369198383191E+00   3.1477347980804970E+06
   4.1800000000000000E+04   1.5930176555628173E+03   6.9516949679873933E+03   2.0665869904901051E+03   3.7686049516121831E+00   3.1490118427008041E+06
   4.1900000000000000E+04   1.5967484752472139E+03   6.9540987942397933E+03   2.0726564411992599E+03   3.7700643589908438E+00   3.1502832677474287E+06
   4.2000000000000000E+04   1.5966728001632500E+03   6.9565163541702814E+03   2.0723143007207136E+03   3.7715151342088125E+00   3.1515488245092724E+06
   4.2100000000000000E+04   1.5949364416664607E+03   6.9589472044385175E+03   2.0691752837304266E+03   3.7729572699198646E+00   3.1528083460218627E+06
   4.2200000000000000E+04   1.5939500995496742E+03   6.9613909038953288E+03   2.0672998787959400E+03   3.7743907589600636E+00   3.1540616152834473E+06
   4.2300000000000000E+04   1.5937358932891545E+03   6.9638470137359818E+03   2.0667231445002312E+03   3.7758155945300493E+00   3.1553084612937667E+06
   4.2400000000000000E+04   1.5924531857905331E+03   6.9663150974919245E+03   2.0643497828006962E+03   3.7772317700856646E+00   3.1565486722947476E+06
   4.2500000000000000E+04   1.5923204362277461E+03   6.9687947211009277E+03   2.0639091088941727E+03   3.7786392793744183E+00   3.1577820735547105E+06
   4.2600000000000000E+04   1.5930958169563046E+03   6.9712854529454398E+03   2.0649933240691985E+03   3.7800381164172454E+00   3.1590084671480637E+06
   4.2700000000000000E+04   1.5950637432930760E+03   6.9737868639198878E+03   2.0680809051936922E+03   3.7814282755449820E+00   3.1602276916533168E+06
   4.2800000000000000E+04   1.5951230967857789E+03   6.9762985274249504E+03   2.0679598824835884E+03   3.7828097513071919E+00   3.1614395373601345E+06
   4.2900000000000000E+04   1.5969905555110875E+03   6.9788200194932460E+03   2.0708775211721136E+03   3.7841825386180363E+00   3.1626438561040154E+06
   4.3000000000000000E+04   1.5932559827354469E+03   6.9813509187187292E+03   2.0643806857486920E+03   3.7855466325557230E+00   3.1638404517629594E+06
   4.3100000000000000E+04   1.5951997395672752E+03   6.9838908064106108E+03   2.0674224328986543E+03   3.7869020285630408E+00   3.1650291559390910E+06
   4.3200000000000000E+04   1.5928662041675143E+03   6.9864392665606993E+03   2.0632821445892491E+03   3.7882487223197527E+00   3.1662098108253465E+06
   4.3300000000000000E+04   1.5939583981537398E+03   6.9889958858810824E+03   2.0648918033106902E+03   3.7895867097425984E+00   3.1673822363218428E+06
   4.3400000000000000E+04   1.5950660902221882E+03   6.9915602538717585E+03   2.0665269600058532E+03   3.7909159870399778E+00   3.1685462713176333E+06
   4.3500000000000000E+04   1.5970940313857050E+03   6.9941319628455540E+03   2.0697068566948465E+03   3.7922365506937221E+00   3.1697017490078625E+06
   4.3600000000000000E+04   1.5944568911346541E+03   6.9967106079409041E+03   2.0650554433236766E+03   3.7935483974226401E+00   3.1708485292113204E+06
   4.3700000000000000E+04   1.5916567105597139E+03   6.9992957871541757E+03   2.0601367715228794E+03   3.7948515241825160E+00   3.1719864178747754E+06
   4.3800000000000000E+04   1.5926755065274131E+03   7.0018871014235547E+03   2.0616191269777155E+03   3.7961459282572489E+00   3.1731153035815689E+06
   4.3900000000000000E+04   1.5920468744629304E+03   7.0044841545639574E+03   2.0603411233045308E+03   3.7974316070948015E+00   3.1742350053220242E+06
   4.4000000000000000E+04   1.5926932653437570E+03   7.0070865533801298E+03   2.0611985442410955E+03   3.7987085584530265E+00   3.1753453843945861E+06
   4.4100000000000000E+04   1.5951627934811897E+03   7.0096939076410845E+03   2.0651101045331679E+03   3.7999767803085218E+00   3.1764462886420256E+06
   4.4200000000000000E+04   1.5947042523971443E+03   7.0123058301274750E+03   2.0641152299535529E+03   3.8012362708930878E+00   3.1775375684192437E+06
   4.4300000000000000E+04   1.5947020296298581E+03   7.0149219366566467E+03   2.0638849423025968E+03   3.8024870286937325E+00   3.1786190996960355E+06
   4.4400000000000000E+04   1.5951317035396914E+03   7.0175418460742376E+03   2.0643778661783795E+03   3.8037290523979772E+00   3.1796907297336240E+06
   4.4500000000000000E+04   1.5873296093621475E+03   7.0201651803305067E+03   2.0511049723092515E+03   3.8049623409850071E+00   3.1807523160948572E+06
   4.4600000000000000E+04   1.5857348548927700E+03   7.0227915644590330E+03   2.0482194608740806E+03   3.8061868936527530E+00   3.1818037490564743E+06
   4.4700000000000000E+04   1.5860469275643827E+03   7.0254206265752764E+03   2.0485165050625883E+03   3.8074027097814342E+00   3.1828448604731048E+06
   4.4800000000000000E+04   1.5866305522052874E+03   7.0280519979717656E+03   2.0492663789431399E+03   3.8086097890611588E+00   3.1838755526422765E+06
   4.4900000000000000E+04   1.5848816364237896E+03   7.0306853130606232E+03   2.0461266519665812E+03   3.8098081313643282E+00   3.1848956774072223E+06
   4.5000000000000000E+04   1.5852374688459529E+03   7.0333202094342596E+03   2.0464965855461082E+03   3.8109977368185435E+00   3.1859051189233242E+06
   4.5100000000000000E+04   1.5878445461891010E+03   7.0359563278489386E+03   2.0506196146724315E+03   3.8121786057519218E+00   3.1869037487337636E+06
   4.5200000000000000E+04   1.5870522273345975E+03   7.0385933122508877E+03   2.0490747514345662E+03   3.8133507387113283E+00   3.1878914553519632E+06
   4.5300000000000000E+04   1.5866973924599438E+03   7.0412308098125877E+03   2.0482599905054253E+03   3.8145141364988358E+00   3.1888681148643759E+06
   4.5400000000000000E+04   1.5881666259023118E+03   7.0438684709022027E+03   2.0504853711874080E+03   3.8156688000987979E+00   3.1898336057377202E+06
   4.5500000000000000E+04   1.5873851318549839E+03   7.0465059491289639E+03   2.0489597408764648E+03   3.8168147307325477E+00   3.1907878302295897E+06
   4.5600000000000000E+04   1.5819446915907017E+03   7.0491429013436873E+03   2.0396835390295380E+03   3.8179519298401696E+00   3.1917306640517511E+06
   4.5700000000000000E+04   1.5817175441229108E+03   7.0517789876272236E+03   2.0390854211066567E+03   3.8190803990440254E+00   3.1926619924944933E+06
   4.5800000000000000E+04   1.5813481855795371E+03   7.0544138713445063E+03   2.0382515424202427E+03   3.8202001402216861E+00   3.1935817311644382E+06
   4.5900000000000000E+04   1.5825278790153798E+03   7.0570472190979235E+03   2.0399916913220795E+03   3.8213111554147829E+00   3.1944897555755721E+06
   4.6000000000000000E+04   1.5815690464117695E+03   7.0596787007798230E+03   2.0381792288263061E+03   3.8224134469019257E+00   3.1953859784212238E+06
   4.6100000000000000E+04   1.5837561349336584E+03   7.0623079895462770E+03   2.0415930892061951E+03   3.8235070171440038E+00   3.1962702867436116E+06
   4.6200000000000000E+04   1.5823258086572641E+03   7.0649347618345973E+03   2.0389979853755885E+03   3.8245918688024316E+00   3.1971425904601216E+06
   4.6300000000000000E+04   1.5781697692812998E+03   7.0675586973914524E+03   2.0318850831879872E+03   3.8256680047755944E+00   3.1980027879078328E+06
   4.6400000000000000E+04   1.5759192531889005E+03   7.0701794792215633E+03   2.0279403425439607E+03   3.8267354281077091E+00   3.1988507997662709E+06
   4.6500000000000000E+04   1.5767376729157329E+03   7.0727967936367031E+03   2.0290802759672069E+03   3.8277941420617401E+00   3.1996865151639581E+06
   4.6600000000000000E+04   1.5754259870498790E+03   7.0754103302591675E+03   2.0266940063373370E+03   3.8288441501193944E+00   3.2005098654624489E+06
   4.6700000000000000E+04   1.5790942722636767E+03   7.0780197819678951E+03   2.0325535374047452E+03   3.8298854558899902E+00   3.2013207441605199E+06
   4.6800000000000000E+04   1.5802234002700493E+03   7.0806248449795630E+03   2.0342095356207415E+03   3.8309180632380357E+00   3.2021190798890293E+06
   4.6900000000000000E+04   1.5808893103228402E+03   7.0832252187819086E+03   2.0350984049822264E+03   3.8319419761738791E+00   3.2029047835332993E+06
   4.7000000000000000E+04   1.5754720439745777E+03   7.0858206061797173E+03   2.0259176252886093E+03   3.8329571989266147E+00   3.2036777809850313E+06
   4.7100000000000000E+04   1.5750406247431574E+03   7.0884107132378094E+03   2.0249928190948790E+03   3.8339637358529353E+00   3.2044379872004380E+06
   4.7200000000000000E+04   1.5760749183393702E+03   7.0909952493372348E+03   2.0264916060032872E+03   3.8349615915282813E+00   3.2051853256178321E+06
   4.7300000000000000E+04   1.5759113709510170E+03   7.0935739271741577E+03   2.0260107787684965E+03   3.8359507707468405E+00   3.2059197341448921E+06
   4.7400000000000000E+04   1.5778393653962514E+03   7.0961464626777333E+03   2.0289880635577767E+03   3.8369312783939402E+00   3.2066411211988823E+06
   4.7500000000000000E+04   1.5745599620312080E+03   7.0987125750876248E+03   2.0233598500306816E+03   3.8379031195736601E+00   3.2073494284903775E+06
   4.7600000000000000E+04   1.5726272305197756E+03   7.1012719869280745E+03   2.0199622493425429E+03   3.8388662995723655E+00   3.2080445809462564E+06
   4.7700000000000000E+04   1.5759440708519651E+03   7.1038244239927080E+03   2.0252301544486138E+03   3.8398208238404830E+00   3.2087265176885216E+06
   4.7800000000000000E+04   1.5743858338183020E+03   7.1063696153402743E+03   2.0224512750090580E+03   3.8407666979924904E+00   3.2093951675199140E+06
   4.7900000000000000E+04   1.5723811305700726E+03   7.1089072932898289E+03   2.0189395585642590E+03   3.8417039278069391E+00   3.2100504791640770E+06
   4.8000000000000000E+04   1.5734125276931491E+03   7.1114371934154087E+03   2.0204359939526441E+03   3.8426325192264299E+00   3.2106923791964925E+06
   4.8100000000000000E+04   1.5735751878536732E+03   7.1139590545518231E+03   2.0205006954366709E+03   3.8435524783758557E+00   3.2113208198394352E+06
   4.8200000000000000E+04   1.5790628926864338E+03   7.1164726187535389E+03   2.0293527831602223E+03   3.8444638115077114E+00   3.2119357315312391E+06
   4.8300000000000000E+04   1.5736445154617957E+03   7.1189776313342945E+03   2.0202104853139713E+03   3.8453665250750078E+00   3.2125370699316552E+06
   4.8400000000000000E+04   1.5677861046053727E+03   7.1214738408133808E+03   2.0103664920061144E+03   3.8462606256583571E+00   3.2131247692921739E+06
   4.8500000000000000E+04   1.5677505769079944E+03   7.1239609989311011E+03   2.0101099702191659E+03   3.8471461200024346E+00   3.2136987942866446E+06
   4.8600000000000000E+04   1.5671781131436192E+03   7.1264388606289358E+03   2.0089719684556528E+03   3.8480230149977426E+00   3.2142590827663620E+06
   4.8700000000000000E+04   1.5680299296952799E+03   7.1289071840642982E+03   2.0101756106646703E+03   3.8488913177170736E+00   3.2148055913856635E+06
   4.8800000000000000E+04   1.5692560180360808E+03   7.1313657305547285E+03   2.0119952981692936E+03   3.8497510353425919E+00   3.2153382728241012E+06
   4.8900000000000000E+04   1.5697909688291288E+03   7.1338142646152128E+03   2.0126797841372513E+03   3.8506021752387549E+00   3.2158570869401009E+06
   4.9000000000000000E+04   1.5653004453781778E+03   7.1362525539014332E+03   2.0051113496134699E+03   3.8514447448793869E+00   3.2163619789053774E+06
   4.9100000000000000E+04   1.5611798803470110E+03   7.1386803692464473E+03   1.9981646235399674E+03   3.8522787519206014E+00   3.2168529173701294E+06
   4.9200000000000000E+04   1.5624690227431424E+03   7.1410974846266417E+03   2.0000872408611590E+03   3.8531042041643464E+00   3.2173298669660250E+06
   4.9300000000000000E+04   1.5632602684868561E+03   7.1435036771153600E+03   2.0011950480434029E+03   3.8539211095037160E+00   3.2177927780490420E+06
   4.9400000000000000E+04   1.5633766185916263E+03   7.1458987269421941E+03   2.0011978048083247E+03   3.8547294760323116E+00   3.2182416289923210E+06
   4.9500000000000000E+04   1.5620226503800970E+03   7.1482824173987719E+03   1.9987933810764637E+03   3.8555293119166616E+00   3.2186763632111703E+06
   4.9600000000000000E+04   1.5567343445151164E+03   7.1506545349211328E+03   1.9899585838507533E+03   3.8563206255420304E+00   3.2190969723534361E+06
   4.9700000000000000E+04   1.5583899078069574E+03   7.1530148689592334E+03   1.9924814012704228E+03   3.8571034253301475E+00   3.2195034083430343E+06
   4.9800000000000000E+04   1.5567503002498638E+03   7.1553632120824559E+03   1.9896202870650031E+03   3.8578777199214853E+00   3.2198956502489056E+06
   4.9900000000000000E+04   1.5590742787274471E+03   7.1576993598720001E+03   1.9932366974212503E+03   3.8586435180294321E+00   3.2202736634927089E+06
   5.0000000000000000E+04   1.5585674287456261E+03   7.1600231109786682E+03   1.9922283497186488E+03   3.8594008285496675E+00   3.2206374299163180E+06


