#Te   kappa_tot   kappa_e_ph  kappa_e_e mu Ce
#[K]  [W/(K*m)]   [W/(K*m)]   [W/(K*m)]   [eV]  [J/(m^3*K)]
   3.0000000000000000E+02   2.2796884564383245E+01   2.2857320815123831E+01   8.6219065161747676E+03   5.7874950541720793E-01   7.3133078368026356E+04
   4.0000000000000000E+02   3.1593700299387869E+01   3.1713292143234749E+01   8.3779981581613956E+03   5.8411932515582599E-01   1.0029389595872295E+05
   5.0000000000000000E+02   4.0855115186087261E+01   4.1059535091715262E+01   8.2061090406328331E+03   5.8736031191402727E-01   1.2735820051156133E+05
   6.0000000000000000E+02   5.0657443614354506E+01   5.0978311701596603E+01   8.0482636113019480E+03   5.8827539277414698E-01   1.5404905103255712E+05
   7.0000000000000000E+02   6.1258004133302720E+01   6.1737084527111051E+01   7.8940625164737412E+03   5.8709965730643787E-01   1.8098788591358584E+05
   8.0000000000000000E+02   7.3044995578986899E+01   7.3739812207634571E+01   7.7521522004812450E+03   5.8426797719996604E-01   2.0929268872467952E+05
   9.0000000000000000E+02   8.6418581658222010E+01   8.7408178986081012E+01   7.6330954426156259E+03   5.8024143829828545E-01   2.4005033395516890E+05
   1.0000000000000000E+03   1.0168087904586136E+02   1.0307023942435502E+02   7.5432355135234957E+03   5.7542986338749391E-01   2.7403669317811227E+05
   1.1000000000000000E+03   1.1896680155938263E+02   1.2088844895177402E+02   7.4840536168136323E+03   5.7016683881489783E-01   3.1160576997732907E+05
   1.2000000000000000E+03   1.3822524883637158E+02   1.4083713808263090E+02   7.4533208039945057E+03   5.6470595415968028E-01   3.5269154182436626E+05
   1.3000000000000000E+03   1.5924413381730383E+02   1.6272404264621210E+02   7.4464161265327275E+03   5.5922659353836945E-01   3.9689373946076608E+05
   1.4000000000000000E+03   1.8170199931173815E+02   1.8623961122069096E+02   7.4576914881312505E+03   5.5384514982033473E-01   4.4360645770452567E+05
   1.5000000000000000E+03   2.0522790806770459E+02   2.1101469704506778E+02   7.4836157004350889E+03   5.4862881775937211E-01   4.9214492307074199E+05
   1.6000000000000000E+03   2.2944478911247182E+02   2.3667151793349498E+02   7.5141945776638595E+03   5.4360936867026288E-01   5.4184154001023178E+05
   1.7000000000000000E+03   2.5401368844242981E+02   2.6286026620463309E+02   7.5475633129989319E+03   5.3879506495416241E-01   5.9210336119503703E+05
   1.8000000000000000E+03   2.7864640765163358E+02   2.8928030744296558E+02   7.5801841332986505E+03   5.3417989849592462E-01   6.4243705454226141E+05
   1.9000000000000000E+03   3.0311355707960382E+02   3.1568868826838008E+02   7.6094252850602043E+03   5.2975015571492712E-01   6.9245216785222501E+05
   2.0000000000000000E+03   3.2724281248055161E+02   3.4189990023786430E+02   7.6334594425033292E+03   5.2548874942346968E-01   7.4185246655685792E+05
   2.1000000000000000E+03   3.5068598571404146E+02   3.6778054117182859E+02   7.5448280550947957E+03   5.2137788212706393E-01   7.9042218920531461E+05
   2.2000000000000000E+03   3.7353765276220133E+02   3.9324160812946104E+02   7.4548761673093650E+03   5.1740055659027806E-01   8.3801125278564787E+05
   2.3000000000000000E+03   3.9575176915293503E+02   4.1823020494387936E+02   7.3632945396678651E+03   5.1354133685294912E-01   8.8452146644202387E+05
   2.4000000000000000E+03   4.1730905226162429E+02   4.4272168541983541E+02   7.2700757063628016E+03   5.0978664720964606E-01   9.2989460588959907E+05
   2.5000000000000000E+03   4.3821008573532316E+02   4.6671272665447196E+02   7.1754131324589498E+03   5.0612480199812804E-01   9.7410253111315984E+05
   2.6000000000000000E+03   4.5846960781329585E+02   4.9021550022290376E+02   7.0796216792813730E+03   5.0254588973013081E-01   1.0171392440458310E+06
   2.7000000000000000E+03   4.7811193962531041E+02   5.1325292619641527E+02   6.9830808980164493E+03   4.9904158767300555E-01   1.0590146390931392E+06
   2.8000000000000000E+03   4.9716741410032802E+02   5.3585490549358542E+02   6.8861946873002107E+03   4.9560495208274602E-01   1.0997496584981971E+06
   2.9000000000000000E+03   5.1566964890240547E+02   5.5805539224606332E+02   6.7893637220044420E+03   4.9223020949736590E-01   1.1393726004963350E+06
   3.0000000000000000E+03   5.3365416396160583E+02   5.7989016441497654E+02   6.6930702882167716E+03   4.8891256253488707E-01   1.1779163498476390E+06
   3.1000000000000000E+03   5.5098874942355224E+02   6.0139516230765412E+02   6.5738057804502068E+03   4.8564801637063670E-01   1.2154163205448582E+06
   3.2000000000000000E+03   5.6785459447499113E+02   6.2260528190314733E+02   6.4574398328244952E+03   4.8243322776795544E-01   1.2519089686864701E+06
   3.3000000000000000E+03   5.8428304938440363E+02   6.4355352815887068E+02   6.3440928038654456E+03   4.7926537625297749E-01   1.2874307322927613E+06
   3.4000000000000000E+03   6.0030304270490285E+02   6.6427045043842872E+02   6.2338554383555156E+03   4.7614205582075986E-01   1.3220173018188616E+06
   3.5000000000000000E+03   6.1594084488793465E+02   6.8478379694589159E+02   6.1267900031557356E+03   4.7306118500767269E-01   1.3557031402435228E+06
   3.6000000000000000E+03   6.3121998410853530E+02   7.0511833739248902E+02   6.0229323921913337E+03   4.7002093298741709E-01   1.3885211829274744E+06
   3.7000000000000000E+03   6.4616127399630307E+02   7.2529581322266733E+02   5.9222947562194931E+03   4.6701965943680718E-01   1.4205026741958589E+06
   3.8000000000000000E+03   6.6078292137423477E+02   7.4533498290408988E+02   5.8248683532320229E+03   4.6405586607527299E-01   1.4516771043285099E+06
   3.9000000000000000E+03   6.7510100155240286E+02   7.6525173636390412E+02   5.7306489485549628E+03   4.6112815804343338E-01   1.4820722069524063E+06
   4.0000000000000000E+03   6.8913053411329133E+02   7.8505925795526082E+02   5.6396904292872277E+03   4.5823521344883644E-01   1.5117140084623578E+06
   4.1000000000000000E+03   7.0277943816079676E+02   8.0476822160342579E+02   5.5454584272619340E+03   4.5537575967328359E-01   1.5406268998717049E+06
   4.2000000000000000E+03   7.1615086806761701E+02   8.2438700523583213E+02   5.4546058725817011E+03   4.5254855524822940E-01   1.5688337353815150E+06
   4.3000000000000000E+03   7.2925278090731604E+02   8.4392191441480020E+02   5.3670275873799219E+03   4.4975237624776915E-01   1.5963559296841517E+06
   4.4000000000000000E+03   7.4209178145017779E+02   8.6337740737258241E+02   5.2826150949731018E+03   4.4698600641504715E-01   1.6232135609977823E+06
   4.5000000000000000E+03   7.5467332915665384E+02   8.8275631554727556E+02   5.2012579208326688E+03   4.4424823019353099E-01   1.6494254746737466E+06
   4.6000000000000000E+03   7.6700219128214451E+02   9.0206005523055956E+02   5.1228563728373056E+03   4.4153782816504000E-01   1.6750093777544592E+06
   4.7000000000000000E+03   7.7908156507450758E+02   9.2128882721086836E+02   5.0472748761652529E+03   4.3885357436680955E-01   1.6999819295481266E+06
   4.8000000000000000E+03   7.9091481729431382E+02   9.4044180232084409E+02   4.9744155285853785E+03   4.3619423504866145E-01   1.7243588235659823E+06
   4.9000000000000000E+03   8.0250456010262792E+02   9.5951729161360959E+02   4.9041692008484570E+03   4.3355856859409497E-01   1.7481548664580442E+06
   5.0000000000000000E+03   8.1385303553532310E+02   9.7851290056743710E+02   4.8364286845611450E+03   4.3094532629951987E-01   1.7713840388621318E+06
   5.1000000000000000E+03   8.2489184510543498E+02   9.9742566724104802E+02   4.7687362907852630E+03   4.2835325376504330E-01   1.7940595626898694E+06
   5.2000000000000000E+03   8.3568811562537121E+02   1.0162521846930019E+03   4.7034267537921123E+03   4.2578109277351034E-01   1.8161939524684667E+06
   5.3000000000000000E+03   8.4624344040321512E+02   1.0349887082968332E+03   4.6403939821222175E+03   4.2322758347531797E-01   1.8377990651246519E+06
   5.4000000000000000E+03   8.5655936277912895E+02   1.0536312488025430E+03   4.5795355658759909E+03   4.2069146673598423E-01   1.8588861430026935E+06
   5.5000000000000000E+03   8.6663742027989929E+02   1.0721756521239411E+03   4.5207528200819588E+03   4.1817148665139731E-01   1.8794658541057534E+06
   5.6000000000000000E+03   8.7647917817206348E+02   1.0906176669638862E+03   4.4639507910683587E+03   4.1566639301374941E-01   1.8995483270415626E+06
   5.7000000000000000E+03   8.8608625386981487E+02   1.1089530013889130E+03   4.4090382331899264E+03   4.1317494380212644E-01   1.9191431858146249E+06
   5.8000000000000000E+03   8.9546033359531259E+02   1.1271773695056418E+03   4.3559275620511944E+03   4.1069590758925806E-01   1.9382595789296231E+06
   5.9000000000000000E+03   9.0460422200340861E+02   1.1452865293575189E+03   4.3045583252455426E+03   4.0822806584469934E-01   1.9569062027737126E+06
   6.0000000000000000E+03   9.1351772550646058E+02   1.1632763131234353E+03   4.2548027751092131E+03   4.0577021509005295E-01   1.9750913368747220E+06
   6.1000000000000000E+03   9.2214850054272449E+02   1.1811426506278458E+03   4.2054576284659433E+03   4.0332116894076403E-01   1.9928228629320888E+06
   6.2000000000000000E+03   9.3055049782659125E+02   1.1988815871235900E+03   4.1576243015887794E+03   4.0087975995556618E-01   2.0101082909739560E+06
   6.3000000000000000E+03   9.3872578942092696E+02   1.2164892962032518E+03   4.1112307665218905E+03   3.9844484137743119E-01   2.0269547772819081E+06
   6.4000000000000000E+03   9.4667652428678593E+02   1.2339620886529665E+03   4.0662082822187544E+03   3.9601528864271962E-01   2.0433691554289577E+06
   6.5000000000000000E+03   9.5440492031222993E+02   1.2512964179390701E+03   4.0224912723878306E+03   3.9359000077196532E-01   2.0593579517732498E+06
   6.6000000000000000E+03   9.6191325565667432E+02   1.2684888829683798E+03   3.9800172044981891E+03   3.9116790159297832E-01   2.0749274043003421E+06
   6.7000000000000000E+03   9.6920385982047640E+02   1.2855362286792590E+03   3.9387264707369022E+03   3.8874794078640007E-01   2.0900834909154358E+06
   6.8000000000000000E+03   9.7627910476353725E+02   1.3024353449376003E+03   3.8985622715342615E+03   3.8632909480303024E-01   2.1048319403618840E+06
   6.9000000000000000E+03   9.8314139633078514E+02   1.3191832641585061E+03   3.8594705020682181E+03   3.8391036762333364E-01   2.1191782604824295E+06
   7.0000000000000000E+03   9.8979316617530947E+02   1.3357771580024421E+03   3.8213996420519070E+03   3.8149079138378650E-01   2.1331277451003031E+06
   7.1000000000000000E+03   9.9619125777935312E+02   1.3522143334440486E+03   3.7836426616615381E+03   3.7906942686019995E-01   2.1466855093019283E+06
   7.2000000000000000E+03   1.0023814837467663E+03   1.3684922284505653E+03   3.7468205735398656E+03   3.7664536385733627E-01   2.1598564886814142E+06
   7.3000000000000000E+03   1.0083663209105250E+03   1.3846084074767944E+03   3.7108886421807506E+03   3.7421772146536753E-01   2.1726454671957213E+06
   7.4000000000000000E+03   1.0141482505657580E+03   1.4005605569337517E+03   3.6758043551363876E+03   3.7178564819796578E-01   2.1850570962894666E+06
   7.5000000000000000E+03   1.0197297540157103E+03   1.4163464807454129E+03   3.6415273261932593E+03   3.6934832207614621E-01   2.1970958967574127E+06
   7.6000000000000000E+03   1.0251133088895574E+03   1.4319640961028515E+03   3.6080192023752156E+03   3.6690495056908384E-01   2.2087662908533085E+06
   7.7000000000000000E+03   1.0303013861905827E+03   1.4474114294676717E+03   3.5752435746985220E+03   3.6445477049547687E-01   2.2200726047349162E+06
   7.8000000000000000E+03   1.0352964480291266E+03   1.4626866128799159E+03   3.5431658925118445E+03   3.6199704783613562E-01   2.2310190835545771E+06
   7.9000000000000000E+03   1.0401009459837344E+03   1.4777878805981140E+03   3.5117533812783313E+03   3.5953107746272966E-01   2.2416099097797805E+06
   8.0000000000000000E+03   1.0447173200280026E+03   1.4927135660764739E+03   3.4809749636878187E+03   3.5705618284187679E-01   2.2518492086686497E+06
   8.1000000000000000E+03   1.0491097410258053E+03   1.5074620992924504E+03   3.4503873364493315E+03   3.5457171563566131E-01   2.2617410647187429E+06
   8.2000000000000000E+03   1.0533173849038262E+03   1.5220320044003972E+03   3.4203814089197263E+03   3.5207705531201694E-01   2.2712895234745480E+06
   8.3000000000000000E+03   1.0573426764393555E+03   1.5364218977112580E+03   3.3909307048490273E+03   3.4957160865647247E-01   2.2804986102581625E+06
   8.4000000000000000E+03   1.0611880308844020E+03   1.5506304859641311E+03   3.3620101708617594E+03   3.4705480927896509E-01   2.2893723371340404E+06
   8.5000000000000000E+03   1.0648558546643264E+03   1.5646565648685928E+03   3.3335961106544919E+03   3.4452611709106357E-01   2.2979147028571866E+06
   8.6000000000000000E+03   1.0683485462760473E+03   1.5784990178941873E+03   3.3056661218334125E+03   3.4198501771907469E-01   2.3061297107055467E+06
   8.7000000000000000E+03   1.0716684973362239E+03   1.5921568152666398E+03   3.2781990353307774E+03   3.3943102194674463E-01   2.3140213620364247E+06
   8.8000000000000000E+03   1.0748180937330606E+03   1.6056290131541625E+03   3.2511748572221359E+03   3.3686366507904719E-01   2.3215936803003033E+06
   8.9000000000000000E+03   1.0777997168417846E+03   1.6189147530006626E+03   3.2245747129133342E+03   3.3428250634542916E-01   2.3288506919701253E+06
   9.0000000000000000E+03   1.0806157447660214E+03   1.6320132609879083E+03   3.1983807935413201E+03   3.3168712824880331E-01   2.3357964522947744E+06
   9.1000000000000000E+03   1.0832364015312944E+03   1.6449238475911409E+03   3.1723005417995169E+03   3.2907713593426996E-01   2.3424350334847681E+06
   9.2000000000000000E+03   1.0856952466209896E+03   1.6576459072096579E+03   3.1465970861646715E+03   3.2645215650358889E-01   2.3487705403219927E+06
   9.3000000000000000E+03   1.0879946783555822E+03   1.6701789178362690E+03   3.1212555257910362E+03   3.2381183840362721E-01   2.3548070962993158E+06
   9.4000000000000000E+03   1.0901370972587663E+03   1.6825224407580297E+03   3.0962618332284464E+03   3.2115585073589847E-01   2.3605488631559140E+06
   9.5000000000000000E+03   1.0921249069547009E+03   1.6946761202572270E+03   3.0716028103407666E+03   3.1848388260555688E-01   2.3660000254377266E+06
   9.6000000000000000E+03   1.0939605149605811E+03   1.7066396832994603E+03   3.0472660460389366E+03   3.1579564246052744E-01   2.3711648043363760E+06
   9.7000000000000000E+03   1.0956463333662830E+03   1.7184129391909457E+03   3.0232398757807246E+03   3.1309085745036386E-01   2.3760474492645967E+06
   9.8000000000000000E+03   1.0971847793910556E+03   1.7299957791952120E+03   2.9995133427377077E+03   3.1036927275058218E-01   2.3806522478892314E+06
   9.9000000000000000E+03   1.0985782758190730E+03   1.7413881760904430E+03   2.9760761606402493E+03   3.0763065096097564E-01   2.3849835039507505E+06
   1.0000000000000000E+04   1.0998292513026438E+03   1.7525901836674550E+03   2.9529186781449139E+03   3.0487477142994579E-01   2.3890455643954165E+06
   1.0100000000000000E+04   1.1009132083120953E+03   1.7636019361511378E+03   2.9298410915254808E+03   3.0210142965281855E-01   2.3928428000403228E+06
   1.0200000000000000E+04   1.1018589110037417E+03   1.7744236475445850E+03   2.9070279806797912E+03   2.9931043666522289E-01   2.3963796013878174E+06
   1.0300000000000000E+04   1.1026688256644750E+03   1.7850556108918117E+03   2.8844714124294042E+03   2.9650161840688133E-01   2.3996603950994061E+06
   1.0400000000000000E+04   1.1033454246197634E+03   1.7954981974513432E+03   2.8621639597953576E+03   2.9367481515937616E-01   2.4026896189187155E+06
   1.0500000000000000E+04   1.1038911858788526E+03   1.8057518557841424E+03   2.8400986733641626E+03   2.9082988093953205E-01   2.4054717418325529E+06
   1.0600000000000000E+04   1.1043085926775454E+03   1.8158171107507885E+03   2.8182690539856499E+03   2.8796668296184119E-01   2.4080112438893486E+06
   1.0700000000000000E+04   1.1046001329152871E+03   1.8256945624222619E+03   2.7966690266809796E+03   2.8508510105650414E-01   2.4103126227787603E+06
   1.0800000000000000E+04   1.1047682985014885E+03   1.8353848849024930E+03   2.7752929157786357E+03   2.8218502713678872E-01   2.4123803907727362E+06
   1.0900000000000000E+04   1.1048259847604086E+03   1.8448888250662335E+03   2.7542000515590971E+03   2.7926636468118371E-01   2.4142190610891744E+06
   1.1000000000000000E+04   1.1047553138937296E+03   1.8542072012153731E+03   2.7332578558489499E+03   2.7632902819582555E-01   2.4158331713498798E+06
   1.1100000000000000E+04   1.1045462937886073E+03   1.8633409016558319E+03   2.7123891836469261E+03   2.7337294274104029E-01   2.4172272491330528E+06
   1.1200000000000000E+04   1.1042235273913852E+03   1.8722908832002863E+03   2.6917270050786260E+03   2.7039804342829243E-01   2.4184058270110651E+06
   1.1300000000000000E+04   1.1037895287654940E+03   1.8810581696000936E+03   2.6712673090399371E+03   2.6740427495659086E-01   2.4193734414495961E+06
   1.1400000000000000E+04   1.1032468104147674E+03   1.8896438499114797E+03   2.6510063562407872E+03   2.6439159115875605E-01   2.4201346162416292E+06
   1.1500000000000000E+04   1.1025978821565948E+03   1.8980490768004418E+03   2.6309406616033352E+03   2.6135995453782535E-01   2.4206938787181387E+06
   1.1600000000000000E+04   1.1018452499687496E+03   1.9062750647920611E+03   2.6110669775912634E+03   2.5830933587250454E-01   2.4210557318013618E+06
   1.1700000000000000E+04   1.1009914148017804E+03   1.9143230884682268E+03   2.5913822783504575E+03   2.5523971376343552E-01   2.4212246819801559E+06
   1.1800000000000000E+04   1.1000388713810078E+03   1.9221944806205765E+03   2.5718837447237061E+03   2.5215107426823863E-01   2.4212052088267510E+06
   1.1900000000000000E+04   1.0989901069884877E+03   1.9298906303621509E+03   2.5525687500186814E+03   2.4904341049216797E-01   2.4210017751239189E+06
   1.2000000000000000E+04   1.0978476002408916E+03   1.9374129812040699E+03   2.5334348465515450E+03   2.4591672221822122E-01   2.4206188284616107E+06
   1.2100000000000000E+04   1.0965950987857955E+03   1.9447630291019777E+03   2.5143813268417771E+03   2.4277101554711461E-01   2.4200607886464000E+06
   1.2200000000000000E+04   1.0952535569934391E+03   1.9519423204777843E+03   2.4955057900539246E+03   2.3960630256191490E-01   2.4193320467504412E+06
   1.2300000000000000E+04   1.0938254304719019E+03   1.9589524502197983E+03   2.4768062472029478E+03   2.3642260096801412E-01   2.4184369718364305E+06
   1.2400000000000000E+04   1.0923131611297231E+03   1.9657950596696032E+03   2.4582808405649639E+03   2.3321993380708064E-01   2.4173798958077892E+06
   1.2500000000000000E+04   1.0907191759766774E+03   1.9724718345945271E+03   2.4399278335474428E+03   2.2999832909703469E-01   2.4161651254254230E+06
   1.2600000000000000E+04   1.0890458859601126E+03   1.9789845031578427E+03   2.4217456012070261E+03   2.2675781958545330E-01   2.4147969219949706E+06
   1.2700000000000000E+04   1.0872956848152642E+03   1.9853348338832100E+03   2.4037326212727507E+03   2.2349844243393205E-01   2.4132795189349842E+06
   1.2800000000000000E+04   1.0854709479488940E+03   1.9915246336224577E+03   2.3858874657241704E+03   2.2022023895176415E-01   2.4116171066018171E+06
   1.2900000000000000E+04   1.0835740313522256E+03   1.9975557455283592E+03   2.3682087928685228E+03   2.1692325432961995E-01   2.4098138349457802E+06
   1.3000000000000000E+04   1.0816072705477013E+03   2.0034300470367230E+03   2.3506953399024092E+03   2.1360753738802155E-01   2.4078738085218230E+06
   1.3100000000000000E+04   1.0795573759817678E+03   2.0091494478609800E+03   2.3332730253425061E+03   2.1027314033568195E-01   2.4058010895660585E+06
   1.3200000000000000E+04   1.0774421090590051E+03   2.0147158880024422E+03   2.3160145779081249E+03   2.0692011853770650E-01   2.4035996987538664E+06
   1.3300000000000000E+04   1.0752637446465910E+03   2.0201313357792153E+03   2.2989189227922052E+03   2.0354853029366060E-01   2.4012736023156941E+06
   1.3400000000000000E+04   1.0730245331106980E+03   2.0253977858761598E+03   2.2819850381585848E+03   2.0015843662056598E-01   2.3988267210016451E+06
   1.3500000000000000E+04   1.0707266994546753E+03   2.0305172574199873E+03   2.2652119498154498E+03   1.9674990106055906E-01   2.3962629228017349E+06
   1.3600000000000000E+04   1.0683724424945726E+03   2.0354917920780561E+03   2.2485987262240865E+03   1.9332298946388851E-01   2.3935860297276648E+06
   1.3700000000000000E+04   1.0659639340855736E+03   2.0403234521896040E+03   2.2321444738746613E+03   1.8987776983109586E-01   2.3907998107251064E+06
   1.3800000000000000E+04   1.0635033183869168E+03   2.0450143189249511E+03   2.2158483329613673E+03   1.8641431213053644E-01   2.3879079772320269E+06
   1.3900000000000000E+04   1.0609927111669144E+03   2.0495664904747782E+03   2.1997094733467352E+03   1.8293268810110450E-01   2.3849141875020536E+06
   1.4000000000000000E+04   1.0584341991630031E+03   2.0539820802794379E+03   2.1837270908534670E+03   1.7943297113386900E-01   2.3818220453965324E+06
   1.4100000000000000E+04   1.0558167877914773E+03   2.0582632152863985E+03   2.1678453798510373E+03   1.7591523607973064E-01   2.3786351082808473E+06
   1.4200000000000000E+04   1.0531554743966028E+03   2.0624120342502297E+03   2.1521193031899402E+03   1.7237955913105690E-01   2.3753568620486446E+06
   1.4300000000000000E+04   1.0504522592187800E+03   2.0664306860675151E+03   2.1365481050926087E+03   1.6882601767865849E-01   2.3719907439745548E+06
   1.4400000000000000E+04   1.0477091111508535E+03   2.0703213281486424E+03   2.1211310430842996E+03   1.6525469015890118E-01   2.3685401329128500E+06
   1.4500000000000000E+04   1.0449279673102840E+03   2.0740861248328329E+03   2.1058673855000284E+03   1.6166565594520510E-01   2.3650083546979646E+06
   1.4600000000000000E+04   1.0421107326520644E+03   2.0777272458430039E+03   2.0907564091896638E+03   1.5805899523954325E-01   2.3613986689962214E+06
   1.4700000000000000E+04   1.0392592796167057E+03   2.0812468647776027E+03   2.0757973973934718E+03   1.5443478893434956E-01   2.3577142778409314E+06
   1.4800000000000000E+04   1.0363754478237749E+03   2.0846471576472227E+03   2.0609896378154408E+03   1.5079311851388205E-01   2.3539583347569080E+06
   1.4900000000000000E+04   1.0334610438053314E+03   2.0879303014534921E+03   2.0463324208669219E+03   1.4713406596544845E-01   2.3501339252377981E+06
   1.5000000000000000E+04   1.0305178407725864E+03   2.0910984728064846E+03   2.0318250380519075E+03   1.4345771366597407E-01   2.3462440822702963E+06
   1.5100000000000000E+04   1.0275365917187924E+03   2.0941538465869221E+03   2.0174244287120248E+03   1.3976414429815964E-01   2.3422917697306219E+06
   1.5200000000000000E+04   1.0245299368129733E+03   2.0970985946506071E+03   2.0031727339483841E+03   1.3605344077157147E-01   2.3382799049763712E+06
   1.5300000000000000E+04   1.0214995505093615E+03   2.0999348845707841E+03   1.9890692310771503E+03   1.3232568611414089E-01   2.3342113457000982E+06
   1.5400000000000000E+04   1.0184470732664910E+03   2.1026648784310273E+03   1.9751131933987597E+03   1.2858096343764094E-01   2.3300888795369663E+06
   1.5500000000000000E+04   1.0153741114886242E+03   2.1052907316510391E+03   1.9613038892432567E+03   1.2481935583411694E-01   2.3259152439767350E+06
   1.5600000000000000E+04   1.0122822375030988E+03   2.1078145918570290E+03   1.9476405811355762E+03   1.2104094630190890E-01   2.3216931266594897E+06
   1.5700000000000000E+04   1.0091729895750217E+03   2.1102385977988015E+03   1.9341225250806315E+03   1.1724581771606034E-01   2.3174251448467486E+06
   1.5800000000000000E+04   1.0060478719390164E+03   2.1125648782983708E+03   1.9207489699032735E+03   1.1343405272968075E-01   2.3131138624627213E+06
   1.5900000000000000E+04   1.0029083548709798E+03   2.1147955512484132E+03   1.9075191567104362E+03   1.0960573374928659E-01   2.3087617903634068E+06
   1.6000000000000000E+04   9.9975587477788190E+02   2.1169327226438827E+03   1.8944323184064147E+03   1.0576094286082285E-01   2.3043713723779963E+06
   1.6100000000000000E+04   9.9658250415858663E+02   2.1189784856553879E+03   1.8814544245574123E+03   1.0189976177541327E-01   2.2999450138036986E+06
   1.6200000000000000E+04   9.9339890405876827E+02   2.1209349197468955E+03   1.8686182929338092E+03   9.8022271814563966E-02   2.2954850497549218E+06
   1.6300000000000000E+04   9.9020641113445868E+02   2.1228040898225809E+03   1.8559231215796885E+03   9.4128553831254180E-02   2.2909937594306590E+06
   1.6400000000000000E+04   9.8700632871284552E+02   2.1245880454188814E+03   1.8433680991358394E+03   9.0218688185276744E-02   2.2864733810952608E+06
   1.6500000000000000E+04   9.8379992700679543E+02   2.1262888199329550E+03   1.8309524046993120E+03   8.6292754713646655E-02   2.2819260795965269E+06
   1.6600000000000000E+04   9.8058844334482694E+02   2.1279084298838216E+03   1.8186752077199981E+03   8.2350832676351154E-02   2.2773539833071460E+06
   1.6700000000000000E+04   9.7737308242554434E+02   2.1294488742142867E+03   1.8065356679589599E+03   7.8393000736621740E-02   2.2727591626041308E+06
   1.6800000000000000E+04   9.7415501658708331E+02   2.1309121336257199E+03   1.7945329354809107E+03   7.4419336926411381E-02   2.2681436262992504E+06
   1.6900000000000000E+04   9.7093538609641087E+02   2.1323001699502247E+03   1.7826661506938422E+03   7.0429918631598809E-02   2.2635093408230147E+06
   1.7000000000000000E+04   9.6771529944740269E+02   2.1336149255502814E+03   1.7709344444048622E+03   6.6424822537738071E-02   2.2588582271914929E+06
   1.7100000000000000E+04   9.6448782499058689E+02   2.1348583227621270E+03   1.7593102904631039E+03   6.2404124644854141E-02   2.2541921384662250E+06
   1.7200000000000000E+04   9.6126198551153823E+02   2.1360322633596916E+03   1.7478196829723013E+03   5.8367900208260499E-02   2.2495128869194970E+06
   1.7300000000000000E+04   9.5803879649334851E+02   2.1371386280617630E+03   1.7364617179566940E+03   5.4316223753354750E-02   2.2448222409650232E+06
   1.7400000000000000E+04   9.5481924294687121E+02   2.1381792760587687E+03   1.7252354824612139E+03   5.0249169021368105E-02   2.2401219179704674E+06
   1.7500000000000000E+04   9.5160427978938458E+02   2.1391560445840664E+03   1.7141400547836101E+03   4.6166809003888476E-02   2.2354135727759032E+06
   1.7600000000000000E+04   9.4839483221477303E+02   2.1400707484966006E+03   1.7031745046764672E+03   4.2069215868882466E-02   2.2306988338350141E+06
   1.7700000000000000E+04   9.4519179609136688E+02   2.1409251799100334E+03   1.6923378936146480E+03   3.7956460995218370E-02   2.2259792762616049E+06
   1.7800000000000000E+04   9.4199603835807636E+02   2.1417211078398709E+03   1.6816292750508740E+03   3.3828614948006992E-02   2.2212564221773911E+06
   1.7900000000000000E+04   9.3880839742731666E+02   2.1424602778766202E+03   1.6710476946824738E+03   2.9685747449010348E-02   2.2165317533421079E+06
   1.8000000000000000E+04   9.3562968360402419E+02   2.1431444118945710E+03   1.6605921907531135E+03   2.5527927401301050E-02   2.2118067160461354E+06
   1.8100000000000000E+04   9.3245372242409860E+02   2.1437752077768050E+03   1.6502400037508842E+03   2.1355222859671060E-02   2.2070826971447146E+06
   1.8200000000000000E+04   9.2928819665102924E+02   2.1443543391700982E+03   1.6400121006555958E+03   1.7167701030631751E-02   2.2023610491959727E+06
   1.8300000000000000E+04   9.2613383475093849E+02   2.1448834552639637E+03   1.6299074937814335E+03   1.2965428272413853E-02   2.1976430787788872E+06
   1.8400000000000000E+04   9.2299133876227643E+02   2.1453641805903976E+03   1.6199251892854109E+03   8.7484700801719207E-03   2.1929300639112620E+06
   1.8500000000000000E+04   9.1986138473911546E+02   2.1457981148516242E+03   1.6100641875024437E+03   4.5168911007798579E-03   2.1882232168243523E+06
   1.8600000000000000E+04   9.1674462319075360E+02   2.1461868327626116E+03   1.6003234832673290E+03   2.7075510817165790E-04   2.1835237437258656E+06
   1.8700000000000000E+04   9.1364167953207198E+02   2.1465318839238616E+03   1.5907020662596804E+03  -3.9898749719993127E-03   2.1788327776165800E+06
   1.8800000000000000E+04   9.1055315452745731E+02   2.1468347927056743E+03   1.5811989213299755E+03  -8.2649370870196259E-03   2.1741514428678500E+06
   1.8900000000000000E+04   9.0747962474609778E+02   2.1470970581633287E+03   1.5718130288505702E+03  -1.2554370022592720E-02   2.1694807870501247E+06
   1.9000000000000000E+04   9.0442164300404522E+02   2.1473201539557026E+03   1.5625433650325242E+03  -1.6858113452157597E-02   2.1648218681039573E+06
   1.9100000000000000E+04   9.0137361944039469E+02   2.1475055283029337E+03   1.5533707282895687E+03  -2.1176107877706393E-02   2.1601756681963145E+06
   1.9200000000000000E+04   8.9834215079118565E+02   2.1476546039423388E+03   1.5443123545241128E+03  -2.5508294674171192E-02   2.1555431641910058E+06
   1.9300000000000000E+04   8.9532772111889062E+02   2.1477687781176046E+03   1.5353672053920170E+03  -2.9854616049969092E-02   2.1509252711680070E+06
   1.9400000000000000E+04   8.9233079252930838E+02   2.1478494225732361E+03   1.5265342398076054E+03  -3.4215015066729658E-02   2.1463228916725586E+06
   1.9500000000000000E+04   8.8935180562372818E+02   2.1478978835716862E+03   1.5178124142776544E+03  -3.8589435624499409E-02   2.1417368853828204E+06
   1.9600000000000000E+04   8.8639117994786591E+02   2.1479154819239911E+03   1.5092006832278430E+03  -4.2977822456809811E-02   2.1371680740198861E+06
   1.9700000000000000E+04   8.8344931444055089E+02   2.1479035130372195E+03   1.5006979993290061E+03  -4.7380121115881774E-02   2.1326172464116812E+06
   1.9800000000000000E+04   8.8052658787442647E+02   2.1478632469692184E+03   1.4923033138057708E+03  -5.1796277992353132E-02   2.1280851774920975E+06
   1.9900000000000000E+04   8.7762335930237691E+02   2.1477959285068810E+03   1.4840155767595463E+03  -5.6226240285687443E-02   2.1235726017088871E+06
   2.0000000000000000E+04   8.7473996849784623E+02   2.1477027772536549E+03   1.4758337374788025E+03  -6.0669955994310132E-02   2.1190802040802813E+06
   2.0100000000000000E+04   8.7187128734989074E+02   2.1475849877245214E+03   1.4677413022928395E+03  -6.5127373930404311E-02   2.1146086716792439E+06
   2.0200000000000000E+04   8.6902303792561793E+02   2.1474437294620666E+03   1.4597527135677137E+03  -6.9598443690319409E-02   2.1101586434544069E+06
   2.0300000000000000E+04   8.6619550449899316E+02   2.1472801471569933E+03   1.4518669168559086E+03  -7.4083115659503054E-02   2.1057307386492281E+06
   2.0400000000000000E+04   8.6338895378958580E+02   2.1470953607836714E+03   1.4440828581468847E+03  -7.8581340997705737E-02   2.1013255386481304E+06
   2.0500000000000000E+04   8.6060363538530589E+02   2.1468904657441399E+03   1.4363994841477388E+03  -8.3093071634048457E-02   2.0969436159479730E+06
   2.0600000000000000E+04   8.5783978216340154E+02   2.1466665330252413E+03   1.4288157425630925E+03  -8.7618260247295784E-02   2.0925854824409098E+06
   2.0700000000000000E+04   8.5509761070223954E+02   2.1464246093590091E+03   1.4213305823579553E+03  -9.2156860275719149E-02   2.0882516711225095E+06
   2.0800000000000000E+04   8.5237732169264223E+02   2.1461657173972967E+03   1.4139429540232773E+03  -9.6708825902301662E-02   2.0839426554585206E+06
   2.0900000000000000E+04   8.4967910034779220E+02   2.1458908558993508E+03   1.4066518098420297E+03  -1.0127411202021473E-01   2.0796588929354982E+06
   2.1000000000000000E+04   8.4700311679782988E+02   2.1456009999137282E+03   1.3994561041258635E+03  -1.0585267426240939E-01   2.0754008160565323E+06
   2.1100000000000000E+04   8.4434461835828665E+02   2.1452971009828352E+03   1.3923414468914525E+03  -1.1044446896216134E-01   2.0711688427338856E+06
   2.1200000000000000E+04   8.4170862483942801E+02   2.1449800873451950E+03   1.3853201666489274E+03  -1.1504945315800297E-01   2.0669633572667209E+06
   2.1300000000000000E+04   8.3909526325572790E+02   2.1446508641489163E+03   1.3783912230268065E+03  -1.1966758457892741E-01   2.0627847305201476E+06
   2.1400000000000000E+04   8.3650464709941264E+02   2.1443103136684008E+03   1.3715535786846935E+03  -1.2429882164438891E-01   2.0586333056892564E+06
   2.1500000000000000E+04   8.3393687672284238E+02   2.1439592955381931E+03   1.3648061995449229E+03  -1.2894312341498407E-01   2.0545093986859047E+06
   2.1600000000000000E+04   8.3139203969785524E+02   2.1435986469683812E+03   1.3581480549801795E+03  -1.3360044965163420E-01   2.0504133288204621E+06
   2.1700000000000000E+04   8.2887021119365329E+02   2.1432291829984724E+03   1.3515781180456283E+03  -1.3827076072681146E-01   2.0463453590132741E+06
   2.1800000000000000E+04   8.2637145432517366E+02   2.1428516967231267E+03   1.3450953656537836E+03  -1.4295401768372193E-01   2.0423057668183860E+06
   2.1900000000000000E+04   8.2389582051504783E+02   2.1424669595492342E+03   1.3386987787834714E+03  -1.4765018217712264E-01   2.0382947996467589E+06
   2.2000000000000000E+04   8.2144334983955991E+02   2.1420757214429459E+03   1.3323873426605121E+03  -1.5235921647825368E-01   2.0343126646926166E+06
   2.2100000000000000E+04   8.1900960495362801E+02   2.1416787111829231E+03   1.3261483366645159E+03  -1.5708108346990610E-01   2.0303595858235343E+06
   2.2200000000000000E+04   8.1659904168263199E+02   2.1412766366161386E+03   1.3199924692060026E+03  -1.6181574664642226E-01   2.0264357477142112E+06
   2.2300000000000000E+04   8.1421166792846054E+02   2.1408701849285867E+03   1.3139187377552189E+03  -1.6656317006437693E-01   2.0225413114769689E+06
   2.2400000000000000E+04   8.1184748158907644E+02   2.1404600229008543E+03   1.3079261447573319E+03  -1.7132331837216877E-01   2.0186764517159758E+06
   2.2500000000000000E+04   8.0950647088028393E+02   2.1400467971779249E+03   1.3020136977904904E+03  -1.7609615679029259E-01   2.0148413049784482E+06
   2.2600000000000000E+04   8.0718861465488590E+02   2.1396311345463178E+03   1.2961804097242618E+03  -1.8088165107188423E-01   2.0110359802887673E+06
   2.2700000000000000E+04   8.0489388270429288E+02   2.1392136421961163E+03   1.2904252988481469E+03  -1.8567976753724416E-01   2.0072606072104219E+06
   2.2800000000000000E+04   8.0262223606700059E+02   2.1387949080036478E+03   1.2847473890200881E+03  -1.9049047302945055E-01   2.0035152569445125E+06
   2.2900000000000000E+04   8.0037362732270458E+02   2.1383755008031758E+03   1.2791457097917305E+03  -1.9531373492422258E-01   1.9998000384014198E+06
   2.3000000000000000E+04   7.9814800088542938E+02   2.1379559706671785E+03   1.2736192965377309E+03  -2.0014952111019341E-01   1.9961149919589015E+06
   2.3100000000000000E+04   7.9594119313237150E+02   2.1375368491892477E+03   1.2681567821325534E+03  -2.0499779996425097E-01   1.9924601807319270E+06
   2.3200000000000000E+04   7.9375720518253524E+02   2.1371186497561853E+03   1.2627676143499295E+03  -2.0985854037619678E-01   1.9888356319556744E+06
   2.3300000000000000E+04   7.9159595855203850E+02   2.1367018678364875E+03   1.2574508457179595E+03  -2.1473171170929131E-01   1.9852413806010995E+06
   2.3400000000000000E+04   7.8945736770863641E+02   2.1362869812576087E+03   1.2522055350786491E+03  -2.1961728381011764E-01   1.9816774372963652E+06
   2.3500000000000000E+04   7.8734134033687644E+02   2.1358744504909073E+03   1.2470307476905177E+03  -2.2451522698885462E-01   1.9781438215270953E+06
   2.3600000000000000E+04   7.8524777759926769E+02   2.1354647189394354E+03   1.2419255553292403E+03  -2.2942551198968442E-01   1.9746404849687519E+06
   2.3700000000000000E+04   7.8317657438113224E+02   2.1350582132087825E+03   1.2368890363621049E+03  -2.3434811003024864E-01   1.9711674440807260E+06
   2.3800000000000000E+04   7.8112761954551638E+02   2.1346553434022453E+03   1.2319202758483073E+03  -2.3928299274246495E-01   1.9677246425320543E+06
   2.3900000000000000E+04   7.7910079617033205E+02   2.1342565033962883E+03   1.2270183656102220E+03  -2.4423013219225576E-01   1.9643120455551262E+06
   2.4000000000000000E+04   7.7709598178789145E+02   2.1338620711278777E+03   1.2221824043153367E+03  -2.4918950084995581E-01   1.9609295959430672E+06
   2.4100000000000000E+04   7.7510925758087490E+02   2.1334724088689345E+03   1.2174021456188605E+03  -2.5416107161004020E-01   1.9575772367562039E+06
   2.4200000000000000E+04   7.7314425523506043E+02   2.1330878635149770E+03   1.2126860389999217E+03  -2.5914481775166992E-01   1.9542548948454752E+06
   2.4300000000000000E+04   7.7120083698275744E+02   2.1327087668605427E+03   1.2080332034430048E+03  -2.6414071294855423E-01   1.9509624753457436E+06
   2.4400000000000000E+04   7.6927886041156580E+02   2.1323354358811193E+03   1.2034427650699283E+03  -2.6914873124922473E-01   1.9476999075445994E+06
   2.4500000000000000E+04   7.6737817867499859E+02   2.1319681730115185E+03   1.1989138571942253E+03  -2.7416884706717076E-01   1.9444670654174853E+06
   2.4600000000000000E+04   7.6549864069582418E+02   2.1316072664192311E+03   1.1944456203672623E+03  -2.7920103518577127E-01   1.9412638650951779E+06
   2.4700000000000000E+04   7.6364009136753396E+02   2.1312529902814676E+03   1.1900372024264534E+03  -2.8424527074349998E-01   1.9380901792884502E+06
   2.4800000000000000E+04   7.6180237175245338E+02   2.1309056050633776E+03   1.1856877585426159E+03  -2.8930152920926461E-01   1.9349458892285938E+06
   2.4900000000000000E+04   7.5998531926896715E+02   2.1305653577844923E+03   1.1813964512521295E+03  -2.9436978639720429E-01   1.9318308560906940E+06
   2.5000000000000000E+04   7.5818876787857903E+02   2.1302324822911446E+03   1.1771624504943384E+03  -2.9945001845189262E-01   1.9287449503530262E+06
   2.5100000000000000E+04   7.5640902319068971E+02   2.1299071995297600E+03   1.1729764567851903E+03  -3.0454220182367858E-01   1.9256880229734401E+06
   2.5200000000000000E+04   7.5464941328701229E+02   2.1295897178105888E+03   1.1688461133915780E+03  -3.0964631327361869E-01   1.9226599113279695E+06
   2.5300000000000000E+04   7.5290976286954992E+02   2.1292802330668210E+03   1.1647706123274968E+03  -3.1476232988827296E-01   1.9196604808848777E+06
   2.5400000000000000E+04   7.5118989389430112E+02   2.1289789291312172E+03   1.1607491531548455E+03  -3.1989022902052117E-01   1.9166895427540378E+06
   2.5500000000000000E+04   7.4948962572879452E+02   2.1286859779872475E+03   1.1567809429913730E+03  -3.2502998831915592E-01   1.9137469367218146E+06
   2.5600000000000000E+04   7.4780877531133990E+02   2.1284015400284279E+03   1.1528651965270785E+03  -3.3018158571901729E-01   1.9108324841608480E+06
   2.5700000000000000E+04   7.4614715730751789E+02   2.1281257643180629E+03   1.1490011360405201E+03  -3.3534499942126622E-01   1.9079460121326663E+06
   2.5800000000000000E+04   7.4450458425947579E+02   2.1278587888414409E+03   1.1451879914067254E+03  -3.4052020789338433E-01   1.9050873357005576E+06
   2.5900000000000000E+04   7.4288086673409998E+02   2.1276007407609563E+03   1.1414250001079697E+03  -3.4570718984944632E-01   1.9022562519691470E+06
   2.6000000000000000E+04   7.4127581346265390E+02   2.1273517366608462E+03   1.1377114072336228E+03  -3.5090592425998390E-01   1.8994525644457701E+06
   2.6100000000000000E+04   7.3968593964662227E+02   2.1271118827947193E+03   1.1340387279975780E+03  -3.5611639034212217E-01   1.8966760712502555E+06
   2.6200000000000000E+04   7.3811432014137290E+02   2.1268812753332722E+03   1.1304139407227676E+03  -3.6133856753985144E-01   1.8939265775992121E+06
   2.6300000000000000E+04   7.3656075907922252E+02   2.1266600006013855E+03   1.1268363132341167E+03  -3.6657243553389218E-01   1.8912038715914255E+06
   2.6400000000000000E+04   7.3502505929505242E+02   2.1264481353206397E+03   1.1233051209818834E+03  -3.7181797422196622E-01   1.8885077489151072E+06
   2.6500000000000000E+04   7.3350702245114371E+02   2.1262457468492426E+03   1.1198196470373987E+03  -3.7707516369907040E-01   1.8858379512025858E+06
   2.6600000000000000E+04   7.3200644914802069E+02   2.1260528934002532E+03   1.1163791820677729E+03  -3.8234398430679478E-01   1.8831943085847206E+06
   2.6700000000000000E+04   7.3052313905025710E+02   2.1258696242909386E+03   1.1129830243423253E+03  -3.8762441655934438E-01   1.8805765790279622E+06
   2.6800000000000000E+04   7.2905689099396795E+02   2.1256959801623202E+03   1.1096304797099285E+03  -3.9291644116819874E-01   1.8779845288355378E+06
   2.6900000000000000E+04   7.2760750309313050E+02   2.1255319931998833E+03   1.1063208615786027E+03  -3.9822003905197623E-01   1.8754179456441961E+06
   2.7000000000000000E+04   7.2617477285138739E+02   2.1253776873679371E+03   1.1030534909092082E+03  -4.0353519128711424E-01   1.8728765695360703E+06
   2.7100000000000000E+04   7.2475541372100929E+02   2.1252330786164725E+03   1.0998205953261149E+03  -4.0886187914732502E-01   1.8703601875403177E+06
   2.7200000000000000E+04   7.2335228563835165E+02   2.1250981751043396E+03   1.0966285927567276E+03  -4.1420008407400422E-01   1.8678685583305240E+06
   2.7300000000000000E+04   7.2196518499155320E+02   2.1249729774141101E+03   1.0934768267336704E+03  -4.1954978766636719E-01   1.8654014310939638E+06
   2.7400000000000000E+04   7.2059390794939259E+02   2.1248574787612811E+03   1.0903646482624556E+03  -4.2491097168144870E-01   1.8629585647995598E+06
   2.7500000000000000E+04   7.1923825054695169E+02   2.1247516651949586E+03   1.0872914157879195E+03  -4.3028361805383064E-01   1.8605397350032229E+06
   2.7600000000000000E+04   7.1789800878000585E+02   2.1246555158179276E+03   1.0842564951800393E+03  -4.3566770883645978E-01   1.8581446762575037E+06
   2.7700000000000000E+04   7.1657297868045589E+02   2.1245690029731491E+03   1.0812592596896131E+03  -4.4106322624996647E-01   1.8557731528094839E+06
   2.7800000000000000E+04   7.1526295640352328E+02   2.1244920924552375E+03   1.0782990899286069E+03  -4.4647015263334516E-01   1.8534248943285025E+06
   2.7900000000000000E+04   7.1396773829979873E+02   2.1244247436952141E+03   1.0753753738271389E+03  -4.5188847047847885E-01   1.8510996802343654E+06
   2.8000000000000000E+04   7.1268712099477091E+02   2.1243669099619551E+03   1.0724875066073062E+03  -4.5731816239561474E-01   1.8487972491420789E+06
   2.8100000000000000E+04   7.1141800694145286E+02   2.1243185385537518E+03   1.0696283474974205E+03  -4.6275921110350132E-01   1.8465173377076844E+06
   2.8200000000000000E+04   7.1016307018442012E+02   2.1242795709727234E+03   1.0668038320824821E+03  -4.6821159946884283E-01   1.8442596807550702E+06
   2.8300000000000000E+04   7.0892210874836189E+02   2.1242499431217784E+03   1.0640133774046578E+03  -4.7367531045698097E-01   1.8420240642498892E+06
   2.8400000000000000E+04   7.0769492121041492E+02   2.1242295854816966E+03   1.0612564076599274E+03  -4.7915032714175804E-01   1.8398101937306880E+06
   2.8500000000000000E+04   7.0648130676331516E+02   2.1242184232909472E+03   1.0585323541595012E+03  -4.8463663269565405E-01   1.8376178261128531E+06
   2.8600000000000000E+04   7.0528106527189561E+02   2.1242163767140114E+03   1.0558406552827414E+03  -4.9013421040951366E-01   1.8354467039606676E+06
   2.8700000000000000E+04   7.0409399733591545E+02   2.1242233610239678E+03   1.0531807564442672E+03  -4.9564304365309153E-01   1.8332965687634195E+06
   2.8800000000000000E+04   7.0291990434273509E+02   2.1242392867664666E+03   1.0505521100463066E+03  -5.0116311588984697E-01   1.8311671677586038E+06
   2.8900000000000000E+04   7.0175858851926569E+02   2.1242640599236270E+03   1.0479541754328038E+03  -5.0669441068187748E-01   1.8290582271985570E+06
   2.9000000000000000E+04   7.0060985298536127E+02   2.1242975820822835E+03   1.0453864188489508E+03  -5.1223691167018981E-01   1.8269695129528488E+06
   2.9100000000000000E+04   6.9947078111002156E+02   2.1243397505965345E+03   1.0428422658599354E+03  -5.1779060256483767E-01   1.8249007363301073E+06
   2.9200000000000000E+04   6.9834388305079005E+02   2.1243904587401948E+03   1.0403272286920014E+03  -5.2335546715971504E-01   1.8228516553437831E+06
   2.9300000000000000E+04   6.9722896505876372E+02   2.1244495958621851E+03   1.0378407942496435E+03  -5.2893148932762646E-01   1.8208220209656723E+06
   2.9400000000000000E+04   6.9612583446648466E+02   2.1245170475449690E+03   1.0353824561641661E+03  -5.3451865299562751E-01   1.8188115497309116E+06
   2.9500000000000000E+04   6.9503429972495292E+02   2.1245926957456377E+03   1.0329517147384533E+03  -5.4011694216968298E-01   1.8168200125568169E+06
   2.9600000000000000E+04   6.9395417044803366E+02   2.1246764189531932E+03   1.0305480769070775E+03  -5.4572634089521233E-01   1.8148471254693046E+06
   2.9700000000000000E+04   6.9288525744234323E+02   2.1247680923167472E+03   1.0281710561739501E+03  -5.5134683330640932E-01   1.8128926455686803E+06
   2.9800000000000000E+04   6.9182737275166960E+02   2.1248675878046906E+03   1.0258201725774366E+03  -5.5697840356212625E-01   1.8109563093699568E+06
   2.9900000000000000E+04   6.9078032968557216E+02   2.1249747743318453E+03   1.0234949526307180E+03  -5.6262103588039836E-01   1.8090378534146154E+06
   3.0000000000000000E+04   6.8974394284989012E+02   2.1250895178911910E+03   1.0211949292678636E+03  -5.6827471454830736E-01   1.8071370561978444E+06
   3.0100000000000000E+04   6.8871546904764011E+02   2.1252116817006777E+03   1.0189140404935625E+03  -5.7393942387266095E-01   1.8052536269440453E+06
   3.0200000000000000E+04   6.8769727130630633E+02   2.1253411263267576E+03   1.0166574204493722E+03  -5.7961514819972304E-01   1.8033873028512381E+06
   3.0300000000000000E+04   6.8668916848334516E+02   2.1254777098022591E+03   1.0144246213109670E+03  -5.8530187194480288E-01   1.8015378777415238E+06
   3.0400000000000000E+04   6.8569098085729797E+02   2.1256212877728617E+03   1.0122152014886329E+03  -5.9099957951827886E-01   1.7997050547232796E+06
   3.0500000000000000E+04   6.8470253014227205E+02   2.1257717135979260E+03   1.0100287255571336E+03  -5.9670825539464289E-01   1.7978886148162021E+06
   3.0600000000000000E+04   6.8372363951713362E+02   2.1259288384829706E+03   1.0078647642126833E+03  -6.0242788406811376E-01   1.7960882832361693E+06
   3.0700000000000000E+04   6.8275413364704605E+02   2.1260925115962737E+03   1.0057228942189528E+03  -6.0815845005263913E-01   1.7943037998475162E+06
   3.0800000000000000E+04   6.8179383870023662E+02   2.1262625801754775E+03   1.0036026983470426E+03  -6.1389993790655228E-01   1.7925349551478764E+06
   3.0900000000000000E+04   6.8084258237392112E+02   2.1264388896541946E+03   1.0015037653328762E+03  -6.1965233218325455E-01   1.7907814620874678E+06
   3.1000000000000000E+04   6.7990019390302155E+02   2.1266212837516991E+03   9.9942568980750002E+02  -6.2541561749533114E-01   1.7890431202534926E+06
   3.1100000000000000E+04   6.7896409630051664E+02   2.1268096046067590E+03   9.9736287670939316E+02  -6.3118977842577428E-01   1.7873196441996973E+06
   3.1200000000000000E+04   6.7803651836027950E+02   2.1270036928579889E+03   9.9532011754843802E+02  -6.3697479960689618E-01   1.7856107923547763E+06
   3.1300000000000000E+04   6.7711729422190467E+02   2.1272033877579233E+03   9.9329702463803187E+02  -6.4277066568087171E-01   1.7839163531984128E+06
   3.1400000000000000E+04   6.7620625963314160E+02   2.1274085272788211E+03   9.9129321598751596E+02  -6.4857736128001242E-01   1.7822360584804672E+06
   3.1500000000000000E+04   6.7530325195641876E+02   2.1276189481980118E+03   9.8930831523782047E+02  -6.5439487106622163E-01   1.7805696699272967E+06
   3.1600000000000000E+04   6.7440811018262298E+02   2.1278344861990968E+03   9.8734195161095647E+02  -6.6022317971126554E-01   1.7789169797030448E+06
   3.1700000000000000E+04   6.7352067494522339E+02   2.1280549759740097E+03   9.8539375986169352E+02  -6.6606227186718303E-01   1.7772777228655906E+06
   3.1800000000000000E+04   6.7264078852452224E+02   2.1282802513031338E+03   9.8346338021438726E+02  -6.7191213220080925E-01   1.7756516574730424E+06
   3.1900000000000000E+04   6.7176829485510689E+02   2.1285101451422929E+03   9.8155045830676636E+02  -6.7777274539870624E-01   1.7740385723053575E+06
   3.2000000000000000E+04   6.7090303954126239E+02   2.1287444897274563E+03   9.7965464514845451E+02  -6.8364409610798105E-01   1.7724382133629809E+06
   3.2100000000000000E+04   6.7004260464349147E+02   2.1289831166330782E+03   9.7777077337134619E+02  -6.8952616902012787E-01   1.7708503796905964E+06
   3.2200000000000000E+04   6.6918909483203402E+02   2.1292258568817765E+03   9.7590332031046091E+02  -6.9541894878225374E-01   1.7692748348907889E+06
   3.2300000000000000E+04   6.6834236090884940E+02   2.1294725410076621E+03   9.7405195302404798E+02  -7.0132242005132983E-01   1.7677113290133898E+06
   3.2400000000000000E+04   6.6750225536271842E+02   2.1297229991405457E+03   9.7221634371791333E+02  -7.0723656747446295E-01   1.7661596582032412E+06
   3.2500000000000000E+04   6.6666863237027769E+02   2.1299770610774153E+03   9.7039616968729717E+02  -7.1316137570369265E-01   1.7646195978692973E+06
   3.2600000000000000E+04   6.6584134780443367E+02   2.1302345563704030E+03   9.6859111327226003E+02  -7.1909682935160280E-01   1.7630909174249722E+06
   3.2700000000000000E+04   6.6502025922786720E+02   2.1304953143804901E+03   9.6680086178984050E+02  -7.2504291305050517E-01   1.7615734179306384E+06
   3.2800000000000000E+04   6.6420522590340317E+02   2.1307591643693358E+03   9.6502510749525834E+02  -7.3099961138339253E-01   1.7600668569075728E+06
   3.2900000000000000E+04   6.6339610878483973E+02   2.1310259355460680E+03   9.6326354751226688E+02  -7.3696690895298600E-01   1.7585710235732414E+06
   3.3000000000000000E+04   6.6259277052330310E+02   2.1312954571492114E+03   9.6151588379025065E+02  -7.4294479033241401E-01   1.7570857164595500E+06
   3.3100000000000000E+04   6.6179294507600036E+02   2.1315675585114018E+03   9.5977734224059020E+02  -7.4893324006521522E-01   1.7556107054286327E+06
   3.3200000000000000E+04   6.6099862108631623E+02   2.1318420691129895E+03   9.5805210945327678E+02  -7.5493224269492720E-01   1.7541457924288982E+06
   3.3300000000000000E+04   6.6020966644738985E+02   2.1321188186493323E+03   9.5633990180771218E+02  -7.6094178274536095E-01   1.7526907812695610E+06
   3.3400000000000000E+04   6.5942595074517021E+02   2.1323976370995047E+03   9.5464044030024434E+02  -7.6696184469100848E-01   1.7512454469017447E+06
   3.3500000000000000E+04   6.5864734524578273E+02   2.1326783547622163E+03   9.5295345047597993E+02  -7.7299241302608912E-01   1.7498095812551212E+06
   3.3600000000000000E+04   6.5787372290102678E+02   2.1329608023335327E+03   9.5127866239121772E+02  -7.7903347219550345E-01   1.7483830089095300E+06
   3.3700000000000000E+04   6.5710495834138271E+02   2.1332448109550014E+03   9.4961581055658326E+02  -7.8508500661456104E-01   1.7469654945731906E+06
   3.3800000000000000E+04   6.5634092786724921E+02   2.1335302122569883E+03   9.4796463387836354E+02  -7.9114700069857236E-01   1.7455568510032964E+06
   3.3900000000000000E+04   6.5558150945031309E+02   2.1338168384253499E+03   9.4632487561729022E+02  -7.9721943881352730E-01   1.7441568929120628E+06
   3.4000000000000000E+04   6.5482658272257027E+02   2.1341045222384832E+03   9.4469628332828688E+02  -8.0330230531555380E-01   1.7427654213704655E+06
   3.4100000000000000E+04   6.5407402634141317E+02   2.1343930971246532E+03   9.4307444549301613E+02  -8.0939558452132421E-01   1.7413822236132913E+06
   3.4200000000000000E+04   6.5332571961840335E+02   2.1346823971990743E+03   9.4146327782754747E+02  -8.1549926073764589E-01   1.7400071513161135E+06
   3.4300000000000000E+04   6.5258154729252533E+02   2.1349722573245162E+03   9.3986254074769624E+02  -8.2161331821214723E-01   1.7386399798121690E+06
   3.4400000000000000E+04   6.5184139573627374E+02   2.1352625131391537E+03   9.3827199875971462E+02  -8.2773774118258914E-01   1.7372805332811289E+06
   3.4500000000000000E+04   6.5110515295061907E+02   2.1355530011048772E+03   9.3669142041428745E+02  -8.3387251385714312E-01   1.7359286221067072E+06
   3.4600000000000000E+04   6.5037270855699717E+02   2.1358435585479388E+03   9.3512057825659031E+02  -8.4001762041438988E-01   1.7345840743953737E+06
   3.4700000000000000E+04   6.4964395379027883E+02   2.1361340237013528E+03   9.3355924877877032E+02  -8.4617304499345447E-01   1.7332467043867779E+06
   3.4800000000000000E+04   6.4891878149011541E+02   2.1364242357428034E+03   9.3200721237064056E+02  -8.5233877169400651E-01   1.7319163282017924E+06
   3.4900000000000000E+04   6.4819708608809879E+02   2.1367140348217749E+03   9.3046425326449116E+02  -8.5851478460585351E-01   1.7305927798196154E+06
   3.5000000000000000E+04   6.4747876360373823E+02   2.1370032621073806E+03   9.2893015949482822E+02  -8.6470106776948330E-01   1.7292758792539497E+06
   3.5100000000000000E+04   6.4676183019325697E+02   2.1372917598160489E+03   9.2740085439640779E+02  -8.7089760519579174E-01   1.7279654484095385E+06
   3.5200000000000000E+04   6.4604806155174674E+02   2.1375793712505388E+03   9.2588000012436510E+02  -8.7710438084635844E-01   1.7266613110870558E+06
   3.5300000000000000E+04   6.4533735853782662E+02   2.1378659408156504E+03   9.2436739606581693E+02  -8.8332137868276017E-01   1.7253633252537488E+06
   3.5400000000000000E+04   6.4462962356085745E+02   2.1381513140705679E+03   9.2286284522260280E+02  -8.8954858259752945E-01   1.7240713025771244E+06
   3.5500000000000000E+04   6.4392476056273733E+02   2.1384353377390084E+03   9.2136615415206745E+02  -8.9578597647333458E-01   1.7227850888928075E+06
   3.5600000000000000E+04   6.4322267501363319E+02   2.1387178597529323E+03   9.1987713293073989E+02  -9.0203354413366199E-01   1.7215045158458971E+06
   3.5700000000000000E+04   6.4252327389596155E+02   2.1389987292666870E+03   9.1839559509999503E+02  -9.0829126938226923E-01   1.7202294169861162E+06
   3.5800000000000000E+04   6.4182646569588371E+02   2.1392777966889844E+03   9.1692135762433952E+02  -9.1455913598346050E-01   1.7189596440970481E+06
   3.5900000000000000E+04   6.4113216039204769E+02   2.1395549137074809E+03   9.1545424084596368E+02  -9.2083712766208414E-01   1.7176950346539230E+06
   3.6000000000000000E+04   6.4044026944290204E+02   2.1398299333091095E+03   9.1399406843767508E+02  -9.2712522811339759E-01   1.7164354444403148E+06
   3.6100000000000000E+04   6.3974893933012538E+02   2.1401027098088662E+03   9.1253707332030126E+02  -9.3342342098333997E-01   1.7151806984023524E+06
   3.6200000000000000E+04   6.3905984716161311E+02   2.1403730988617408E+03   9.1108667953103611E+02  -9.3973168989812250E-01   1.7139306891770037E+06
   3.6300000000000000E+04   6.3837290890073280E+02   2.1406409574958138E+03   9.0964272070262496E+02  -9.4605001842477410E-01   1.7126852291318425E+06
   3.6400000000000000E+04   6.3768804194182326E+02   2.1409061441190238E+03   9.0820503361896363E+02  -9.5237839011059588E-01   1.7114441653460222E+06
   3.6500000000000000E+04   6.3700516510059765E+02   2.1411685185439851E+03   9.0677345817589639E+02  -9.5871678846343578E-01   1.7102073965993817E+06
   3.6600000000000000E+04   6.3632419860316077E+02   2.1414279420087114E+03   9.0534783734036910E+02  -9.6506519694182080E-01   1.7089747408069372E+06
   3.6700000000000000E+04   6.3564506407114300E+02   2.1416842771868910E+03   9.0392801710402296E+02  -9.7142359897468755E-01   1.7077460674979037E+06
   3.6800000000000000E+04   6.3496768450928118E+02   2.1419373882036111E+03   9.0251384644118627E+02  -9.7779197796138262E-01   1.7065212649556384E+06
   3.6900000000000000E+04   6.3429198429663722E+02   2.1421871406597347E+03   9.0110517727309002E+02  -9.8417031724206783E-01   1.7053001398382257E+06
   3.7000000000000000E+04   6.3361788916775163E+02   2.1424334016300063E+03   8.9970186441680687E+02  -9.9055860014704400E-01   1.7040826010019009E+06
   3.7100000000000000E+04   6.3294366882432553E+02   2.1426760396920899E+03   8.9830042717119090E+02  -9.9695680994742752E-01   1.7028685091073723E+06
   3.7200000000000000E+04   6.3227090636766525E+02   2.1429149249293678E+03   8.9690406555470531E+02  -1.0033649298847447E+00   1.7016577266686470E+06
   3.7300000000000000E+04   6.3159953165327488E+02   2.1431499289456501E+03   8.9551264305148811E+02  -1.0097829431610670E+00   1.7004501349598712E+06
   3.7400000000000000E+04   6.3092947584302613E+02   2.1433809248727466E+03   8.9412602588298284E+02  -1.0162108329488733E+00   1.6992456002920829E+06
   3.7500000000000000E+04   6.3026067139594682E+02   2.1436077873899926E+03   8.9274408297435991E+02  -1.0226485823614615E+00   1.6980439738163452E+06
   3.7600000000000000E+04   6.2959305204909799E+02   2.1438303927175916E+03   8.9136668590593058E+02  -1.0290961745022662E+00   1.6968451764737919E+06
   3.7700000000000000E+04   6.2892655281074985E+02   2.1440486186410344E+03   8.8999370888418025E+02  -1.0355535924155377E+00   1.6956490461324963E+06
   3.7800000000000000E+04   6.2826110994244300E+02   2.1442623445061781E+03   8.8862502869591151E+02  -1.0420208191258000E+00   1.6944554905977638E+06
   3.7900000000000000E+04   6.2759666094963620E+02   2.1444714512359114E+03   8.8726052467618513E+02  -1.0484978376082597E+00   1.6932643683378829E+06
   3.8000000000000000E+04   6.2693314456620203E+02   2.1446758213302255E+03   8.8590007866709811E+02  -1.0549846308085291E+00   1.6920755910036056E+06
   3.8100000000000000E+04   6.2626894672512731E+02   2.1448753388751852E+03   8.8454047492336031E+02  -1.0614811816327687E+00   1.6908890206761598E+06
   3.8200000000000000E+04   6.2560556078427931E+02   2.1450698895480659E+03   8.8318470250893915E+02  -1.0679874729476824E+00   1.6897045555669428E+06
   3.8300000000000000E+04   6.2494292919327927E+02   2.1452593606186920E+03   8.8183265075111478E+02  -1.0745034875903838E+00   1.6885220958038329E+06
   3.8400000000000000E+04   6.2428099557968653E+02   2.1454436409597074E+03   8.8048421134074806E+02  -1.0810292083486661E+00   1.6873414914129386E+06
   3.8500000000000000E+04   6.2361970473107760E+02   2.1456226210371628E+03   8.7913927828928331E+02  -1.0875646180004619E+00   1.6861626807240383E+06
   3.8600000000000000E+04   6.2295900258803181E+02   2.1457961929291664E+03   8.7779774790297972E+02  -1.0941096992645176E+00   1.6849855346079450E+06
   3.8700000000000000E+04   6.2229883622744603E+02   2.1459642503185114E+03   8.7645951874254331E+02  -1.1006644348299923E+00   1.6838099604072471E+06
   3.8800000000000000E+04   6.2163915384951633E+02   2.1461266884943079E+03   8.7512449158878678E+02  -1.1072288073564496E+00   1.6826358498348598E+06
   3.8900000000000000E+04   6.2097990476473365E+02   2.1462834043530765E+03   8.7379256940864866E+02  -1.1138027994738675E+00   1.6814631138342032E+06
   3.9000000000000000E+04   6.2032103938449029E+02   2.1464342964088796E+03   8.7246365732710115E+02  -1.1203863937530354E+00   1.6802916124976636E+06
   3.9100000000000000E+04   6.1966105304404766E+02   2.1465792647774783E+03   8.7113478471415829E+02  -1.1269795727548841E+00   1.6791212952953170E+06
   3.9200000000000000E+04   6.1900135340614372E+02   2.1467182111854709E+03   8.6980874193990576E+02  -1.1335823190008865E+00   1.6779520609038807E+06
   3.9300000000000000E+04   6.1834189419166432E+02   2.1468510389694034E+03   8.6848544054783122E+02  -1.1401946149730617E+00   1.6767837743112133E+06
   3.9400000000000000E+04   6.1768263016540368E+02   2.1469776530680533E+03   8.6716479409992780E+02  -1.1468164431337005E+00   1.6756164081123818E+06
   3.9500000000000000E+04   6.1702351712563609E+02   2.1470979600269916E+03   8.6584671814856495E+02  -1.1534477859056425E+00   1.6744498306521573E+06
   3.9600000000000000E+04   6.1636451189371428E+02   2.1472118680027088E+03   8.6453113020868102E+02  -1.1600886256525376E+00   1.6732839471558989E+06
   3.9700000000000000E+04   6.1570557229193309E+02   2.1473192867345128E+03   8.6321794971230975E+02  -1.1667389447577692E+00   1.6721186822935781E+06
   3.9800000000000000E+04   6.1504665714149451E+02   2.1474201275700784E+03   8.6190709799415845E+02  -1.1733987255356730E+00   1.6709539624772754E+06
   3.9900000000000000E+04   6.1438772624401656E+02   2.1475143034460834E+03   8.6059849825227036E+02  -1.1800679502808566E+00   1.6697896979555744E+06
   4.0000000000000000E+04   6.1372874037134375E+02   2.1476017288907087E+03   8.5929207552165883E+02  -1.1867466012484746E+00   1.6686257826203106E+06
   4.0100000000000000E+04   6.1306829762821974E+02   2.1476823200098875E+03   8.5798508587276660E+02  -1.1934346606838149E+00   1.6674621656874614E+06
   4.0200000000000000E+04   6.1240772388267965E+02   2.1477559944985837E+03   8.5668013259208340E+02  -1.2001321107729856E+00   1.6662987441948559E+06
   4.0300000000000000E+04   6.1174698282117890E+02   2.1478226716168097E+03   8.5537714617871256E+02  -1.2068389337020928E+00   1.6651354526589660E+06
   4.0400000000000000E+04   6.1108603905136329E+02   2.1478822722002164E+03   8.5407605885271607E+02  -1.2135551116079251E+00   1.6639722272689785E+06
   4.0500000000000000E+04   6.1042485808637070E+02   2.1479347186449590E+03   8.5277680452162201E+02  -1.2202806266075437E+00   1.6628089696358794E+06
   4.0600000000000000E+04   6.0976340633498614E+02   2.1479799349081140E+03   8.5147931875606980E+02  -1.2270154607785555E+00   1.6616456008813549E+06
   4.0700000000000000E+04   6.0910165108611147E+02   2.1480178464919363E+03   8.5018353875705793E+02  -1.2337595961887013E+00   1.6604820799907374E+06
   4.0800000000000000E+04   6.0843956050021495E+02   2.1480483804468377E+03   8.4888940333401308E+02  -1.2405130148662689E+00   1.6593183312669543E+06
   4.0900000000000000E+04   6.0777710359624677E+02   2.1480714653613895E+03   8.4759685287620050E+02  -1.2472756988099556E+00   1.6581542439469732E+06
   4.1000000000000000E+04   6.0711425023978359E+02   2.1480870313552368E+03   8.4630582932621473E+02  -1.2540476299888650E+00   1.6569897816197088E+06
   4.1100000000000000E+04   6.0644969489868674E+02   2.1480950100622363E+03   8.4501379834403303E+02  -1.2608287903721029E+00   1.6558249096113893E+06
   4.1200000000000000E+04   6.0578468542802455E+02   2.1480953346418246E+03   8.4372318717292148E+02  -1.2676191618695929E+00   1.6546595030895830E+06
   4.1300000000000000E+04   6.0511919423505174E+02   2.1480879397553308E+03   8.4243394237546761E+02  -1.2744187263813926E+00   1.6534935118399521E+06
   4.1400000000000000E+04   6.0445319452526076E+02   2.1480727615610340E+03   8.4114601196175113E+02  -1.2812274657878329E+00   1.6523269056284267E+06
   4.1500000000000000E+04   6.0378666029206431E+02   2.1480497377089919E+03   8.3985934536618879E+02  -1.2880453619396555E+00   1.6511596189383266E+06
   4.1600000000000000E+04   6.0311956630654754E+02   2.1480188073356262E+03   8.3857389342466877E+02  -1.2948723966481461E+00   1.6499915320789597E+06
   4.1700000000000000E+04   6.0245188810168747E+02   2.1479799110423351E+03   8.3728960834354575E+02  -1.3017085517245890E+00   1.6488226561412248E+06
   4.1800000000000000E+04   6.0178360196342896E+02   2.1479329908928371E+03   8.3600644367915459E+02  -1.3085538089605417E+00   1.6476529112128669E+06
   4.1900000000000000E+04   6.0111468492404572E+02   2.1478779904165972E+03   8.3472435432092209E+02  -1.3154081500883816E+00   1.6464822371822828E+06
   4.2000000000000000E+04   6.0044511474217506E+02   2.1478148545742611E+03   8.3344329645462562E+02  -1.3222715568602101E+00   1.6453105752659324E+06
   4.2100000000000000E+04   5.9977367609599946E+02   2.1477435297670281E+03   8.3216092942952423E+02  -1.3291440109886763E+00   1.6441378679857261E+06
   4.2200000000000000E+04   5.9910154251816391E+02   2.1476639638237771E+03   8.3087951498441487E+02  -1.3360254941568359E+00   1.6429640778866790E+06
   4.2300000000000000E+04   5.9842869396096648E+02   2.1475761059817582E+03   8.2959901318105995E+02  -1.3429159880477481E+00   1.6417891689459630E+06
   4.2400000000000000E+04   5.9775511106707722E+02   2.1474799068922857E+03   8.2831938529781269E+02  -1.3498154742951487E+00   1.6406130501344420E+06
   4.2500000000000000E+04   5.9708077515014054E+02   2.1473753185854189E+03   8.2704059379461353E+02  -1.3567239345623678E+00   1.6394357255944826E+06
   4.2600000000000000E+04   5.9640566819753064E+02   2.1472622944973123E+03   8.2576260231130107E+02  -1.3636413504239628E+00   1.6382570690213151E+06
   4.2700000000000000E+04   5.9572977284457022E+02   2.1471407894158247E+03   8.2448537562337992E+02  -1.3705677035038073E+00   1.6370771060395665E+06
   4.2800000000000000E+04   5.9505307237633838E+02   2.1470107595044319E+03   8.2320887963920381E+02  -1.3775029753665928E+00   1.6358957693407210E+06
   4.2900000000000000E+04   5.9437555071198585E+02   2.1468721622758349E+03   8.2193308137114184E+02  -1.3844471475671492E+00   1.6347130116620190E+06
   4.3000000000000000E+04   5.9369719239356345E+02   2.1467249565780066E+03   8.2065794891364999E+02  -1.3914002016603033E+00   1.6335287869279266E+06
   4.3100000000000000E+04   5.9301686642207062E+02   2.1465691025988945E+03   8.1938132052403455E+02  -1.3983621191515656E+00   1.6323430502448687E+06
   4.3200000000000000E+04   5.9233567561271366E+02   2.1464045618334926E+03   8.1810530250280817E+02  -1.4053328815661741E+00   1.6311557769713099E+06
   4.3300000000000000E+04   5.9165360637998356E+02   2.1462312970883336E+03   8.1682986616725532E+02  -1.4123124703997745E+00   1.6299669246446544E+06
   4.3400000000000000E+04   5.9097064572448846E+02   2.1460492724702412E+03   8.1555498384176542E+02  -1.4193008671184213E+00   1.6287764519354994E+06
   4.3500000000000000E+04   5.9028678122009876E+02   2.1458584533656549E+03   8.1428062883407176E+02  -1.4262980531881693E+00   1.6275842994621829E+06
   4.3600000000000000E+04   5.8960200100551276E+02   2.1456588064323591E+03   8.1300677541819584E+02  -1.4333040100652117E+00   1.6263904664915067E+06
   4.3700000000000000E+04   5.8891629377589550E+02   2.1454502995911221E+03   8.1173339881761319E+02  -1.4403187191860081E+00   1.6251948958889323E+06
   4.3800000000000000E+04   5.8822964877354150E+02   2.1452329020141456E+03   8.1046047518709042E+02  -1.4473421619672990E+00   1.6239975507818081E+06
   4.3900000000000000E+04   5.8754205577650237E+02   2.1450065841072410E+03   8.0918798159162441E+02  -1.4543743198258188E+00   1.6227984146906950E+06
   4.4000000000000000E+04   5.8685350509263935E+02   2.1447713175074778E+03   8.0791589599353449E+02  -1.4614151741487120E+00   1.6215974336255104E+06
   4.4100000000000000E+04   5.8616294443242555E+02   2.1445270750559525E+03   8.0664222181942239E+02  -1.4684647063428518E+00   1.6203946126993406E+06
   4.4200000000000000E+04   5.8547140942544388E+02   2.1442738308077205E+03   8.0536891956060038E+02  -1.4755228977657935E+00   1.6191898806268116E+06
   4.4300000000000000E+04   5.8477889195584169E+02   2.1440115599982814E+03   8.0409596982750304E+02  -1.4825897297948161E+00   1.6179832447276784E+06
   4.4400000000000000E+04   5.8408538440137909E+02   2.1437402390472066E+03   8.0282335405863239E+02  -1.4896651837776107E+00   1.6167746356292986E+06
   4.4500000000000000E+04   5.8339087962160613E+02   2.1434598455369651E+03   8.0155105449950099E+02  -1.4967492410618684E+00   1.6155640432866586E+06
   4.4600000000000000E+04   5.8269537095034639E+02   2.1431703582040886E+03   8.0027905418803971E+02  -1.5038418829854141E+00   1.6143514587888578E+06
   4.4700000000000000E+04   5.8199885218721954E+02   2.1428717569272176E+03   7.9900733693868210E+02  -1.5109430908762123E+00   1.6131368351399447E+06
   4.4800000000000000E+04   5.8130131758821938E+02   2.1425640227120443E+03   7.9773588732515532E+02  -1.5180528460622238E+00   1.6119201654489145E+06
   4.4900000000000000E+04   5.8060276186054216E+02   2.1422471376885519E+03   7.9646469066962436E+02  -1.5251711298418209E+00   1.6107014045871072E+06
   4.5000000000000000E+04   5.7990318015023490E+02   2.1419210850866839E+03   7.9519373302135421E+02  -1.5322979235232392E+00   1.6094805279342323E+06
   4.5100000000000000E+04   5.7920159356179158E+02   2.1415858492243428E+03   7.9392117023997321E+02  -1.5394332084245774E+00   1.6082575512879291E+06
   4.5200000000000000E+04   5.7849897397663949E+02   2.1412414155137767E+03   7.9264882618315335E+02  -1.5465769658146162E+00   1.6070323927827536E+06
   4.5300000000000000E+04   5.7779531785577149E+02   2.1408877704249753E+03   7.9137668905829878E+02  -1.5537291769917267E+00   1.6058050898863866E+06
   4.5400000000000000E+04   5.7709062206977171E+02   2.1405249014889828E+03   7.9010474774481588E+02  -1.5608898232345534E+00   1.6045755821902265E+06
   4.5500000000000000E+04   5.7766940815413147E+02   2.1401527972797257E+03   7.9124092349925968E+02  -1.5680588858217399E+00   1.6033438695131957E+06
   4.5600000000000000E+04   5.7705738110899210E+02   2.1397714474019895E+03   7.9014512906936318E+02  -1.5752363460319303E+00   1.6021099327883227E+06
   4.5700000000000000E+04   5.7636263616443011E+02   2.1393808424855038E+03   7.8889623751531053E+02  -1.5824221851240419E+00   1.6008737338813492E+06
   4.5800000000000000E+04   5.7565205631050605E+02   2.1389809741576719E+03   7.8761979141185975E+02  -1.5896163843865816E+00   1.5996353152592776E+06
   4.5900000000000000E+04   5.7493002209144356E+02   2.1385718350559687E+03   7.8632404312710844E+02  -1.5968189250587397E+00   1.5983946006152525E+06
   4.6000000000000000E+04   5.7422412251619835E+02   2.1381534187885391E+03   7.8506059937319230E+02  -1.6040297884191583E+00   1.5971515942249075E+06
   4.6100000000000000E+04   5.7351415229703844E+02   2.1377257199435521E+03   7.8379164268785303E+02  -1.6112489557168925E+00   1.5959062812501122E+06
   4.6200000000000000E+04   5.7279821129225695E+02   2.1372887340650950E+03   7.8251363371495222E+02  -1.6184764082108583E+00   1.5946586275665676E+06
   4.6300000000000000E+04   5.7207308413469957E+02   2.1368424576412813E+03   7.8122059119383516E+02  -1.6257121271698354E+00   1.5934086601288849E+06
   4.6400000000000000E+04   5.7099990184135152E+02   2.1363868881014623E+03   7.7928123467763760E+02  -1.6329560938428767E+00   1.5921563464361220E+06
   4.6500000000000000E+04   5.7022078384246083E+02   2.1359220237922609E+03   7.7789242261330025E+02  -1.6402082894987640E+00   1.5909016950516419E+06
   4.6600000000000000E+04   5.6957825265916824E+02   2.1354478639808763E+03   7.7675986187913225E+02  -1.6474686953766837E+00   1.5896446344818193E+06
   4.6700000000000000E+04   5.6879619732054778E+02   2.1349644088221535E+03   7.7536986655376711E+02  -1.6547372927552824E+00   1.5883852152315194E+06
   4.6800000000000000E+04   5.6805966638471762E+02   2.1344716593679768E+03   7.7406663391217148E+02  -1.6620140628836124E+00   1.5871234077305144E+06
   4.6900000000000000E+04   5.6774530694926398E+02   2.1339696175404811E+03   7.7354899125118845E+02  -1.6692989870304531E+00   1.5858592033548011E+06
   4.7000000000000000E+04   5.6701533822403564E+02   2.1334582861294298E+03   7.7226149430729890E+02  -1.6765920464547222E+00   1.5845925738475278E+06
   4.7100000000000000E+04   5.6629538873618174E+02   2.1329376687715790E+03   7.7099461803096210E+02  -1.6838932224350633E+00   1.5833235527354768E+06
   4.7200000000000000E+04   5.6553372261646541E+02   2.1324077699511204E+03   7.6965248504059537E+02  -1.6912024962303942E+00   1.5820520927917301E+06
   4.7300000000000000E+04   5.6480661011923803E+02   2.1318685949731553E+03   7.6837641777054364E+02  -1.6985198491292197E+00   1.5807782086192039E+06
   4.7400000000000000E+04   5.6407630214697645E+02   2.1313201499672109E+03   7.6709644804599748E+02  -1.7058452624003235E+00   1.5795018951500943E+06
   4.7500000000000000E+04   5.6334673461106570E+02   2.1307624418608511E+03   7.6581985130184785E+02  -1.7131787173420749E+00   1.5782231479870342E+06
   4.7600000000000000E+04   5.6261740189462034E+02   2.1301954783862429E+03   7.6454567944688972E+02  -1.7205201952232565E+00   1.5769419428548617E+06
   4.7700000000000000E+04   5.6188530416658443E+02   2.1296192680449562E+03   7.6326838465897652E+02  -1.7278696773619642E+00   1.5756582971884781E+06
   4.7800000000000000E+04   5.6115151730599166E+02   2.1290338201235577E+03   7.6198995065582994E+02  -1.7352271450368433E+00   1.5743722085790227E+06
   4.7900000000000000E+04   5.6041852825229944E+02   2.1284391446555919E+03   7.6071495517612448E+02  -1.7425925795758590E+00   1.5730836546102953E+06
   4.8000000000000000E+04   5.5968407809076075E+02   2.1278352524342554E+03   7.5943922440147605E+02  -1.7499659622773795E+00   1.5717926547401673E+06
   4.8100000000000000E+04   5.5894808649969866E+02   2.1272221549834753E+03   7.5816260498225461E+02  -1.7573472744693694E+00   1.5704991877421155E+06
   4.8200000000000000E+04   5.5820738595645821E+02   2.1265998645587674E+03   7.5687926814631953E+02  -1.7647364974699260E+00   1.5692032328715594E+06
   4.8300000000000000E+04   5.5747004089680468E+02   2.1259683941244371E+03   7.5560403693064256E+02  -1.7721336126267417E+00   1.5679048322223630E+06
   4.8400000000000000E+04   5.5673362968118477E+02   2.1253277573515816E+03   7.5433244058475077E+02  -1.7795386012875054E+00   1.5666039871057672E+06
   4.8500000000000000E+04   5.5599603096543285E+02   2.1246779686072500E+03   7.5306057224142205E+02  -1.7869514447999069E+00   1.5653006368706559E+06
   4.8600000000000000E+04   5.5526221663112585E+02   2.1240190429348481E+03   7.5179753940932881E+02  -1.7943721245412294E+00   1.5639948672324528E+06
   4.8700000000000000E+04   5.5451522328498299E+02   2.1233509960611150E+03   7.5051224106759071E+02  -1.8018006218591611E+00   1.5626866185921147E+06
   4.8800000000000000E+04   5.5376690724595528E+02   2.1226738443619611E+03   7.4922642132296892E+02  -1.8092369181507100E+00   1.5613758943704304E+06
   4.8900000000000000E+04   5.5299707594881716E+02   2.1219876048666474E+03   7.4790313839577368E+02  -1.8166809948128879E+00   1.5600627404877450E+06
   4.9000000000000000E+04   5.5227774024581072E+02   2.1212922952472850E+03   7.4667409010677966E+02  -1.8241328332427018E+00   1.5587470986332588E+06
   4.9100000000000000E+04   5.5155105899331534E+02   2.1205879337996448E+03   7.4543341801320571E+02  -1.8315924148667528E+00   1.5574290158360053E+06
   4.9200000000000000E+04   5.5079958548068544E+02   2.1198745394474518E+03   7.4414929296197681E+02  -1.8390597210919117E+00   1.5561084767018480E+06
   4.9300000000000000E+04   5.5004609283833020E+02   2.1191521317087572E+03   7.4286333829646003E+02  -1.8465347333842346E+00   1.5547855084342705E+06
   4.9400000000000000E+04   5.4928920512485513E+02   2.1184207307120300E+03   7.4157304236009963E+02  -1.8540174331801853E+00   1.5534600754734054E+06
   4.9500000000000000E+04   5.4853136953423893E+02   2.1176803571685377E+03   7.4028286396481849E+02  -1.8615078019458178E+00   1.5521322060027986E+06
   4.9600000000000000E+04   5.4777713694992894E+02   2.1169310323710406E+03   7.3900107785250987E+02  -1.8690058211471876E+00   1.5508019076301614E+06
   4.9700000000000000E+04   5.4701961380820626E+02   2.1161727781693376E+03   7.3771512058667190E+02  -1.8765114722996690E+00   1.5494691672315286E+06
   4.9800000000000000E+04   5.4626422357867534E+02   2.1154056169835908E+03   7.3643485014948942E+02  -1.8840247368890439E+00   1.5481340145436379E+06
   4.9900000000000000E+04   5.4551510877562248E+02   2.1146295717742169E+03   7.3516777014602883E+02  -1.8915455964405481E+00   1.5467964373287836E+06
   5.0000000000000000E+04   5.4476229273188414E+02   2.1138446660379918E+03   7.3389573826107176E+02  -1.8990740324991489E+00   1.5454564663251401E+06


