#Te   kappa_tot   kappa_e_ph  kappa_e_e mu Ce
#[K]  [W/(K*m)]   [W/(K*m)]   [W/(K*m)]   [eV]  [J/(m^3*K)]
   3.0000000000000000E+02   1.5056032644703939E+02   1.5184210590628504E+02   1.7835671237164857E+04   1.7601803338035908E+00   1.4439949795392237E+05
   4.0000000000000000E+02   2.0317729400379704E+02   2.0555025619893132E+02   1.7599582885020558E+04   1.7564793748617036E+00   1.9276854726283613E+05
   5.0000000000000000E+02   2.5389155692656638E+02   2.5764982371982421E+02   1.7405660237701570E+04   1.7510984483226244E+00   2.4139587041065813E+05
   6.0000000000000000E+02   3.0226654510841263E+02   3.0766194410945337E+02   1.7236151189071221E+04   1.7439328958505820E+00   2.9070939616226655E+05
   7.0000000000000000E+02   3.4805619712383822E+02   3.5530211695635387E+02   1.7066860594142567E+04   1.7354369661922184E+00   3.4037054914534412E+05
   8.0000000000000000E+02   3.9078558230056899E+02   3.9998274671659721E+02   1.6995182810195802E+04   1.7263690885054142E+00   3.8873018316828040E+05
   9.0000000000000000E+02   4.2979713774143153E+02   4.4101629681091430E+02   1.6894986593268295E+04   1.7175406796775123E+00   4.3360523008582101E+05
   1.0000000000000000E+03   4.6457487123158603E+02   4.7792419761214376E+02   1.6632417714162239E+04   1.7096202359772601E+00   4.7341826395074889E+05
   1.1000000000000000E+03   4.9514926618439176E+02   5.1058663988211714E+02   1.6376917797775135E+04   1.7030185752186393E+00   5.0778683528671326E+05
   1.2000000000000000E+03   5.2160389802446412E+02   5.3921805413716208E+02   1.5967738512340795E+04   1.6978852397900712E+00   5.3731256257013907E+05
   1.3000000000000000E+03   5.4450190884286792E+02   5.6424296675317862E+02   1.5563065254360174E+04   1.6941837287497763E+00   5.6303059860757575E+05
   1.4000000000000000E+03   5.6417103677030138E+02   5.8616389959769219E+02   1.5036546062638570E+04   1.6917806569922358E+00   5.8599131354151596E+05
   1.5000000000000000E+03   5.8126417784042007E+02   6.0547323179482692E+02   1.4537532154144250E+04   1.6905100423415926E+00   6.0708186559300125E+05
   1.6000000000000000E+03   5.9619689874472203E+02   6.2261248124636870E+02   1.4052297745684866E+04   1.6902079853881842E+00   6.2699717423902499E+05
   1.7000000000000000E+03   6.0922028303070977E+02   6.3796198338682336E+02   1.3522490850096212E+04   1.6907271647334920E+00   6.4626742517589522E+05
   1.8000000000000000E+03   6.2092410762380541E+02   6.5184491887436559E+02   1.3089767318244116E+04   1.6919407152184178E+00   6.6529593873809825E+05
   1.9000000000000000E+03   6.3132666610630463E+02   6.6453623185098195E+02   1.2633090326649874E+04   1.6937414677767035E+00   6.8439210284365562E+05
   2.0000000000000000E+03   6.4098293063938968E+02   6.7627208125828656E+02   1.2283629754534653E+04   1.6960395685550906E+00   7.0379675534567633E+05
   2.1000000000000000E+03   6.4898035178396287E+02   6.8725820340357609E+02   1.1652092574148855E+04   1.6987598000403552E+00   7.2370105837577826E+05
   2.2000000000000000E+03   6.5673981633533890E+02   6.9767677317397090E+02   1.1192627670929174E+04   1.7018391052200743E+00   7.4426036219439469E+05
   2.3000000000000000E+03   6.6378321353025308E+02   7.0769180935760335E+02   1.0698450600686807E+04   1.7052244587069469E+00   7.6560430306677381E+05
   2.4000000000000000E+03   6.7057114041238196E+02   7.1745331102735486E+02   1.0261971206909138E+04   1.7088710888664289E+00   7.8784403779282433E+05
   2.5000000000000000E+03   6.7719099668194065E+02   7.2710033540459585E+02   9.8656045826731115E+03   1.7127410092133932E+00   8.1107725240954955E+05
   2.6000000000000000E+03   6.8395646627554015E+02   7.3676321335349814E+02   9.5426056663393501E+03   1.7168018085669150E+00   8.3539148108992213E+05
   2.7000000000000000E+03   6.9040148804284706E+02   7.4656507525082122E+02   9.1772919875175885E+03   1.7210256538222626E+00   8.6086608981552976E+05
   2.8000000000000000E+03   6.9737463048570885E+02   7.5662283630377726E+02   8.9057476694675315E+03   1.7253884670744455E+00   8.8757326136759284E+05
   2.9000000000000000E+03   7.0425322821433815E+02   7.6704776869679608E+02   8.6025928870397856E+03   1.7298692461632645E+00   9.1557825925077742E+05
   3.0000000000000000E+03   7.1171665265582590E+02   7.7794576814894026E+02   8.3600234418394502E+03   1.7344495041442025E+00   9.4493918257987569E+05
   3.1000000000000000E+03   7.1955254389065840E+02   7.8941740459319249E+02   8.1303719202289767E+03   1.7391128079209446E+00   9.7570640700653964E+05
   3.2000000000000000E+03   7.2781847885529919E+02   8.0155783042602877E+02   7.9114962150928332E+03   1.7438444000845836E+00   1.0079218250235982E+06
   3.3000000000000000E+03   7.3634435873425321E+02   8.1445660518048635E+02   7.6776760872100431E+03   1.7486308908864314E+00   1.0416180563528450E+06
   3.4000000000000000E+03   7.4644319638304125E+02   8.2819748260168944E+02   7.5617121100689355E+03   1.7534600092991073E+00   1.0768176727664659E+06
   3.5000000000000000E+03   7.5619493279639653E+02   8.4285819479017096E+02   7.3545015650580017E+03   1.7583204040592741E+00   1.1135325359287662E+06
   3.6000000000000000E+03   7.6748838359707099E+02   8.5851025858829848E+02   7.2388824195166217E+03   1.7632014865599952E+00   1.1517632677754073E+06
   3.7000000000000000E+03   7.7910943952200250E+02   8.7521882121542467E+02   7.0949498710897096E+03   1.7680933091059288E+00   1.1914989285408563E+06
   3.8000000000000000E+03   7.9164302634241324E+02   8.9304255578709353E+02   6.9721320738628719E+03   1.7729864723275426E+00   1.2327168522583900E+06
   3.9000000000000000E+03   8.0518206823821890E+02   9.1203361198860773E+02   6.8726485760397636E+03   1.7778720568866575E+00   1.2753827267890039E+06
   4.0000000000000000E+03   8.1970140378619180E+02   9.3223762324596169E+02   6.7903159720963686E+03   1.7827415749042754E+00   1.3194508526006502E+06
   4.1000000000000000E+03   8.3476685667550362E+02   9.5369376869907478E+02   6.6941278133090036E+03   1.7875869372333175E+00   1.3648645883953508E+06
   4.2000000000000000E+03   8.5115745742401100E+02   9.7643488610072689E+02   6.6340748191622679E+03   1.7924004333485863E+00   1.4115569967283751E+06
   4.3000000000000000E+03   8.6846704193218147E+02   1.0004876304094968E+03   6.5814775020546995E+03   1.7971747207939861E+00   1.4594516078334062E+06
   4.4000000000000000E+03   8.8676728888230605E+02   1.0258726719184565E+03   6.5397205209460735E+03   1.8019028217976600E+00   1.5084633531687392E+06
   4.5000000000000000E+03   9.0570732966872697E+02   1.0526049273937861E+03   6.4899087034106033E+03   1.8065781249067840E+00   1.5584995738410007E+06
   4.6000000000000000E+03   9.2561528980572712E+02   1.0806938176393182E+03   6.4503238145184514E+03   1.8111943898500240E+00   1.6094611269955453E+06
   4.7000000000000000E+03   9.4635456442675058E+02   1.1101435451297382E+03   6.4142862761173446E+03   1.8157457540766992E+00   1.6612435217379690E+06
   4.8000000000000000E+03   9.6793818290461866E+02   1.1409533857038120E+03   6.3830942545481894E+03   1.8202267398618388E+00   1.7137381110744469E+06
   4.9000000000000000E+03   9.9024691739529601E+02   1.1731179888919814E+03   6.3524343283694816E+03   1.8246322608977450E+00   1.7668332647788955E+06
   5.0000000000000000E+03   1.0135243096083898E+03   1.2066276820136316E+03   6.3331182316215245E+03   1.8289576276542214E+00   1.8204155200792789E+06
   5.1000000000000000E+03   1.0378746943700876E+03   1.2414687738260297E+03   6.3287155876432444E+03   1.8331985509573021E+00   1.8743707007173172E+06
   5.2000000000000000E+03   1.0625640273453628E+03   1.2776238541631490E+03   6.3124627597804156E+03   1.8373511433830090E+00   1.9285849671515748E+06
   5.3000000000000000E+03   1.0884845388920676E+03   1.3150720866338893E+03   6.3173623091615109E+03   1.8414119182251383E+00   1.9829458009590632E+06
   5.4000000000000000E+03   1.1147587949384210E+03   1.3537894920446793E+03   6.3136189661913977E+03   1.8453777859479643E+00   2.0373428944198224E+06
   5.5000000000000000E+03   1.1411466776518803E+03   1.3937492207729238E+03   6.2963431528192805E+03   1.8492460481343704E+00   2.0916689611533857E+06
   5.6000000000000000E+03   1.1690959462655630E+03   1.4349218128420916E+03   6.3107525847894440E+03   1.8530143889817883E+00   2.1458204276558105E+06
   5.7000000000000000E+03   1.1970667994604319E+03   1.4772754448700680E+03   6.3110022395164979E+03   1.8566808645555444E+00   2.1996980499940570E+06
   5.8000000000000000E+03   1.2263968881109859E+03   1.5207761635017125E+03   6.3356197611274411E+03   1.8602438899305902E+00   2.2532073857157538E+06
   5.9000000000000000E+03   1.2556255715971913E+03   1.5653881051699486E+03   6.3453165612225139E+03   1.8637022246512946E+00   2.3062592323171757E+06
   6.0000000000000000E+03   1.2856772940327191E+03   1.6110737024763855E+03   6.3655308557153512E+03   1.8670549565092835E+00   2.3587698978753225E+06
   6.1000000000000000E+03   1.3149719474532271E+03   1.6577938774813872E+03   6.3588477066466303E+03   1.8703014842209353E+00   2.4106614355905293E+06
   6.2000000000000000E+03   1.3450913917930620E+03   1.7055082225762692E+03   6.3650313550410156E+03   1.8734414990359771E+00   2.4618617683334816E+06
   6.3000000000000000E+03   1.3750899871948795E+03   1.7541751695439239E+03   6.3630783363216078E+03   1.8764749657644768E+00   2.5123047558357520E+06
   6.4000000000000000E+03   1.4069436942457626E+03   1.8037521476618228E+03   6.3954728995507376E+03   1.8794021032903341E+00   2.5619301683982699E+06
   6.5000000000000000E+03   1.4362975889857223E+03   1.8541957315689970E+03   6.3727894129835204E+03   1.8822233650219025E+00   2.6106836324094604E+06
   6.6000000000000000E+03   1.4691139833966954E+03   1.9054617798051574E+03   6.4153882947979173E+03   1.8849394193111719E+00   2.6585165035083625E+06
   6.7000000000000000E+03   1.4998366438990729E+03   1.9575055647809431E+03   6.4149835016929410E+03   1.8875511301506480E+00   2.7053857074832963E+06
   6.8000000000000000E+03   1.5308668544894249E+03   2.0102818949489956E+03   6.4192268941072889E+03   1.8900595383208618E+00   2.7512535393998739E+06
   6.9000000000000000E+03   1.5634168032768887E+03   2.0637452299371289E+03   6.4487520561314395E+03   1.8924658430565962E+00   2.7960874370629573E+06
   7.0000000000000000E+03   1.5945542708035375E+03   2.1178497892792766E+03   6.4533830449232237E+03   1.8947713844047660E+00   2.8398597357586836E+06
   7.1000000000000000E+03   1.6248018199966220E+03   2.1725496553032494E+03   6.4445031206626172E+03   1.8969776264258871E+00   2.8825474127015653E+06
   7.2000000000000000E+03   1.6569626906102515E+03   2.2277988707820409E+03   6.4666181634783452E+03   1.8990861411500652E+00   2.9241318016323210E+06
   7.3000000000000000E+03   1.6892412205193059E+03   2.2835515317035788E+03   6.4906654048235614E+03   1.9010985935075726E+00   2.9645983266423554E+06
   7.4000000000000000E+03   1.7206301706400054E+03   2.3397618755873373E+03   6.5024369501337187E+03   1.9030167271658944E+00   3.0039362155666715E+06
   7.5000000000000000E+03   1.7480920504176397E+03   2.3963843656240128E+03   6.4617462848667628E+03   1.9048423513413664E+00   3.0421382290198365E+06
   7.6000000000000000E+03   1.7775863102089149E+03   2.4533737708964154E+03   6.4533361192207085E+03   1.9065773285591943E+00   3.0792003883188083E+06
   7.7000000000000000E+03   1.8044609914543705E+03   2.5106852428909106E+03   6.4150070935703170E+03   1.9082235633147098E+00   3.1151217020492880E+06
   7.8000000000000000E+03   1.8336580346580997E+03   2.5682743883387298E+03   6.4106073105898795E+03   1.9097829917668512E+00   3.1499039244025955E+06
   7.9000000000000000E+03   1.8626729539614391E+03   2.6260973386073670E+03   6.4073935617903262E+03   1.9112575722280731E+00   3.1835512974864650E+06
   8.0000000000000000E+03   1.8925509900787697E+03   2.6841108156001305E+03   6.4174765036860481E+03   1.9126492765712191E+00   3.2160703251205687E+06
   8.1000000000000000E+03   1.9201892633470725E+03   2.7422721942192497E+03   6.4052924915111325E+03   1.9139600824642540E+00   3.2474695479732193E+06
   8.2000000000000000E+03   1.9472975028569269E+03   2.8005395613983783E+03   6.3914848547027614E+03   1.9151919663857340E+00   3.2777593358143740E+06
   8.3000000000000000E+03   1.9757936392493016E+03   2.8588717717006020E+03   6.3964223032857562E+03   1.9163468973633295E+00   3.3069516901963409E+06
   8.4000000000000000E+03   2.0005957147094864E+03   2.9172284994263896E+03   6.3669933391955838E+03   1.9174268314354654E+00   3.3350600615726961E+06
   8.5000000000000000E+03   2.0251983402942333E+03   2.9755702872354691E+03   6.3408016477476249E+03   1.9184337067416892E+00   3.3620991788606881E+06
   8.6000000000000000E+03   2.0512950013957152E+03   3.0338585912168983E+03   6.3337773021258163E+03   1.9193694392470699E+00   3.3880848900497626E+06
   8.7000000000000000E+03   2.0756347763500034E+03   3.0920558224504152E+03   6.3142913265292300E+03   1.9202359189591276E+00   3.4130340149467806E+06
   8.8000000000000000E+03   2.1005986626987556E+03   3.1501253849439431E+03   6.3048886995378189E+03   1.9210350067263575E+00   3.4369642091944218E+06
   8.9000000000000000E+03   2.1228757414090619E+03   3.2080317099919548E+03   6.2758284449252697E+03   1.9217685314978650E+00   3.4598938450635378E+06
   9.0000000000000000E+03   2.1444437665787927E+03   3.2657402869889747E+03   6.2456239489059499E+03   1.9224382879602531E+00   3.4818418895214251E+06
   9.1000000000000000E+03   2.1660379372914854E+03   3.3232176906485561E+03   6.2204817971800649E+03   1.9230460345989255E+00   3.5028278039224385E+06
   9.2000000000000000E+03   2.1869465696634179E+03   3.3804316046416056E+03   6.1943158775240718E+03   1.9235934921628470E+00   3.5228714510884751E+06
   9.3000000000000000E+03   2.2075869138106832E+03   3.4373508418123661E+03   6.1704938352613090E+03   1.9240823423441449E+00   3.5419930032852301E+06
   9.4000000000000000E+03   2.2274702602173643E+03   3.4939453608561862E+03   6.1451341429499380E+03   1.9245142268663871E+00   3.5602128695098734E+06
   9.5000000000000000E+03   2.2456306711739489E+03   3.5501862797251083E+03   6.1112053375676351E+03   1.9248907466933913E+00   3.5775516191716110E+06
   9.6000000000000000E+03   2.2632581087538365E+03   3.6060458856259852E+03   6.0779616345573104E+03   1.9252134616152872E+00   3.5940299220266086E+06
   9.7000000000000000E+03   2.2813002446288542E+03   3.6614976419037243E+03   6.0520150832594436E+03   1.9254838899288915E+00   3.6096684888600777E+06
   9.8000000000000000E+03   2.2986624708044346E+03   3.7165161917894866E+03   6.0253157048304374E+03   1.9257035083538747E+00   3.6244880191415218E+06
   9.9000000000000000E+03   2.3147495433784734E+03   3.7710773591869347E+03   5.9939111925682837E+03   1.9258737520903930E+00   3.6385091555349105E+06
   1.0000000000000000E+04   2.3309252646280484E+03   3.8251581466157495E+03   5.9670469527372106E+03   1.9259960150077282E+00   3.6517524424107610E+06
   1.0100000000000000E+04   2.3462568733580820E+03   3.8787367304001391E+03   5.9384224019839930E+03   1.9260716500058184E+00   3.6642382888574209E+06
   1.0200000000000000E+04   2.3605515089028081E+03   3.9317924533445907E+03   5.9069225768760725E+03   1.9261019694029982E+00   3.6759869360397919E+06
   1.0300000000000000E+04   2.3739115360826104E+03   3.9843058149135773E+03   5.8733377668048424E+03   1.9260882455018946E+00   3.6870184285532255E+06
   1.0400000000000000E+04   2.3852036953659426E+03   4.0362584592055850E+03   5.8309989487933499E+03   1.9260317111395904E+00   3.6973525891323015E+06
   1.0500000000000000E+04   2.3967168746542288E+03   4.0876331607351376E+03   5.7938405670198472E+03   1.9259335603897514E+00   3.7070089964857837E+06
   1.0600000000000000E+04   2.4071619537716833E+03   4.1384138082708505E+03   5.7541207781780677E+03   1.9257949492857005E+00   3.7160069663552684E+06
   1.0700000000000000E+04   2.4175334659955247E+03   4.1885853868726554E+03   5.7175316141660223E+03   1.9256169965697014E+00   3.7243655340885809E+06
   1.0800000000000000E+04   2.4256262111460983E+03   4.2381339582558148E+03   5.6717709658823223E+03   1.9254007844946395E+00   3.7321034421355757E+06
   1.0900000000000000E+04   2.4379721878550090E+03   4.2870466396292304E+03   5.6523956974391904E+03   1.9251473596780859E+00   3.7392391255533146E+06
   1.1000000000000000E+04   2.4483211674787594E+03   4.3353115812089500E+03   5.6249544431481927E+03   1.9248577339354200E+00   3.7457907044479214E+06
   1.1100000000000000E+04   2.4572838155402037E+03   4.3829179424899721E+03   5.5930008583620856E+03   1.9245328851705781E+00   3.7517759745278358E+06
   1.1200000000000000E+04   2.4645649639093162E+03   4.4298558674750448E+03   5.5552425070195068E+03   1.9241737582458467E+00   3.7572123987532496E+06
   1.1300000000000000E+04   2.4725121768032650E+03   4.4761164589716673E+03   5.5236717889320016E+03   1.9237812658621327E+00   3.7621171063077971E+06
   1.1400000000000000E+04   2.4765091800910409E+03   4.5216917520732122E+03   5.4753112445595743E+03   1.9233562894706806E+00   3.7665068839779664E+06
   1.1500000000000000E+04   2.4835609340671658E+03   4.5665746869961285E+03   5.4446911256232861E+03   1.9228996801533358E+00   3.7703981755682938E+06
   1.1600000000000000E+04   2.4901145953345917E+03   4.6107590813737106E+03   5.4140703732687780E+03   1.9224122594975857E+00   3.7738070798479836E+06
   1.1700000000000000E+04   2.4945819132453985E+03   4.6542396021172790E+03   5.3760287989977833E+03   1.9218948204715842E+00   3.7767493508411832E+06
   1.1800000000000000E+04   2.4984953936774868E+03   4.6970117369428854E+03   5.3379008187724066E+03   1.9213481283149110E+00   3.7792403950097151E+06
   1.1900000000000000E+04   2.5003207522622365E+03   4.7390717657282212E+03   5.2927723588009203E+03   1.9207729213559634E+00   3.7812952744519347E+06
   1.2000000000000000E+04   2.5071027051789060E+03   4.7804167317006986E+03   5.2720370261677244E+03   1.9201699118922266E+00   3.7829287075316170E+06
   1.2100000000000000E+04   2.5085096726336037E+03   4.8210444126520988E+03   5.2296021037233195E+03   1.9195397869814745E+00   3.7841550703939139E+06
   1.2200000000000000E+04   2.5108240910485147E+03   4.8609532921731234E+03   5.1933309137256801E+03   1.9188832092748866E+00   3.7849883995859753E+06
   1.2300000000000000E+04   2.5109638611045266E+03   4.9001425310531959E+03   5.1499207507993497E+03   1.9182008177925183E+00   3.7854423958842773E+06
   1.2400000000000000E+04   2.5124914986133058E+03   4.9386119388642401E+03   5.1144289069437928E+03   1.9174932287197453E+00   3.7855304266122011E+06
   1.2500000000000000E+04   2.5147390262010599E+03   4.9763619458488511E+03   5.0837402811956626E+03   1.9167610361408174E+00   3.7852655287632961E+06
   1.2600000000000000E+04   2.5148675281828332E+03   5.0133935751112076E+03   5.0461834182387684E+03   1.9160048128038638E+00   3.7846604147025575E+06
   1.2700000000000000E+04   2.5171313490481289E+03   5.0497084152442440E+03   5.0189111815084043E+03   1.9152251107915714E+00   3.7837274768927763E+06
   1.2800000000000000E+04   2.5167650991729020E+03   5.0853085933270040E+03   4.9827955864241212E+03   1.9144224622809465E+00   3.7824787904403508E+06
   1.2900000000000000E+04   2.5173245344634843E+03   5.1201967484626275E+03   4.9519130546872766E+03   1.9135973801877990E+00   3.7809261170844100E+06
   1.3000000000000000E+04   2.5156517619914875E+03   5.1543760058129965E+03   4.9139712538553586E+03   1.9127503588269463E+00   3.7790809137519537E+06
   1.3100000000000000E+04   2.5159819080433849E+03   5.1878499511779137E+03   4.8851726238301317E+03   1.9118818745671784E+00   3.7769543336691079E+06
   1.3200000000000000E+04   2.5155458283780249E+03   5.2206226061690541E+03   4.8548401754455117E+03   1.9109923864443026E+00   3.7745572344188732E+06
   1.3300000000000000E+04   2.5114700498785301E+03   5.2526984039875042E+03   4.8124391763587255E+03   1.9100823367584767E+00   3.7719001827303967E+06
   1.3400000000000000E+04   2.5129412461539314E+03   5.2840821658120258E+03   4.7917404446446417E+03   1.9091521516820091E+00   3.7689934572262554E+06
   1.3500000000000000E+04   2.5131577532133770E+03   5.3147790778580666E+03   4.7675530338951876E+03   1.9082022417990545E+00   3.7658470580056091E+06
   1.3600000000000000E+04   2.5055703048752221E+03   5.3447946690666204E+03   4.7166962137149176E+03   1.9072330026767388E+00   3.7624707031953353E+06
   1.3700000000000000E+04   2.5042266766031048E+03   5.3741347894917508E+03   4.6893667581433920E+03   1.9062448153577001E+00   3.7588738534648982E+06
   1.3800000000000000E+04   2.4995418588178591E+03   5.4028055893104820E+03   4.6515025774958467E+03   1.9052380469364461E+00   3.7550656893838905E+06
   1.3900000000000000E+04   2.4963492035905128E+03   5.4308134985817578E+03   4.6199938350497559E+03   1.9042130509785409E+00   3.7510551460548290E+06
   1.4000000000000000E+04   2.4903402759864025E+03   5.4581652076169576E+03   4.5800170032429178E+03   1.9031701680602915E+00   3.7468508961052261E+06
   1.4100000000000000E+04   2.4827545515639067E+03   5.4848676480717895E+03   4.5359983718854864E+03   1.9021097262088846E+00   3.7424613687179205E+06
   1.4200000000000000E+04   2.4762000898914125E+03   5.5109279747067212E+03   4.4966668723856201E+03   1.9010320413425246E+00   3.7378947449651374E+06
   1.4300000000000000E+04   2.4755207304682267E+03   5.5363535478106232E+03   4.4776565061486599E+03   1.8999374177158062E+00   3.7331589753992725E+06
   1.4400000000000000E+04   2.4671837830487561E+03   5.5611519162984532E+03   4.4345588681131903E+03   1.8988261483336537E+00   3.7282617699513333E+06
   1.4500000000000000E+04   2.4647507175952464E+03   5.5853308014719296E+03   4.4115029035988628E+03   1.8976985153390609E+00   3.7232106195107787E+06
   1.4600000000000000E+04   2.4586436408962554E+03   5.6088980814106399E+03   4.3775135820596615E+03   1.8965547904322657E+00   3.7180127877692925E+06
   1.4700000000000000E+04   2.4580651644267446E+03   5.6318617760289299E+03   4.3618054137170520E+03   1.8953952352113350E+00   3.7126753228845894E+06
   1.4800000000000000E+04   2.4510855723171280E+03   5.6542300327356097E+03   4.3266864254975926E+03   1.8942201015599021E+00   3.7072050644062697E+06
   1.4900000000000000E+04   2.4479137032168564E+03   5.6760111127210585E+03   4.3042026369876648E+03   1.8930296319929858E+00   3.7016086377181699E+06
   1.5000000000000000E+04   2.4406115710943118E+03   5.6972133778526704E+03   4.2696914508013933E+03   1.8918240599713785E+00   3.6958924771090052E+06
   1.5100000000000000E+04   2.4335958891552323E+03   5.7178452781424503E+03   4.2368660584585332E+03   1.8906036102474619E+00   3.6900628116675140E+06
   1.5200000000000000E+04   2.4286532225234405E+03   5.7379153397962518E+03   4.2110313679374322E+03   1.8893684991795936E+00   3.6841256828960036E+06
   1.5300000000000000E+04   2.4199100330374922E+03   5.7574321538251570E+03   4.1744945289788975E+03   1.8881189350255305E+00   3.6780869426446920E+06
   1.5400000000000000E+04   2.4158631100507628E+03   5.7764043651936299E+03   4.1526055343766975E+03   1.8868551182463305E+00   3.6719522563426308E+06
   1.5500000000000000E+04   2.4060754101238531E+03   5.7948406625120824E+03   4.1144259295712345E+03   1.8855772417473822E+00   3.6657271245660386E+06
   1.5600000000000000E+04   2.3967724345430302E+03   5.8127497682102521E+03   4.0784340914774734E+03   1.8842854912137452E+00   3.6594168574887058E+06
   1.5700000000000000E+04   2.3892979153165479E+03   5.8301404292429252E+03   4.0484103289276250E+03   1.8829800453197383E+00   3.6530266101207617E+06
   1.5800000000000000E+04   2.3816606229695894E+03   5.8470214082573648E+03   4.0185197191669417E+03   1.8816610759909262E+00   3.6465613637338923E+06
   1.5900000000000000E+04   2.3789402823145674E+03   5.8634014752218245E+03   4.0031101477556676E+03   1.8803287486765856E+00   3.6400259412054918E+06
   1.6000000000000000E+04   2.3718282809586108E+03   5.8792893995256009E+03   3.9757147401913976E+03   1.8789832225278535E+00   3.6334250149525143E+06
   1.6100000000000000E+04   2.3648068913775351E+03   5.8946939424813827E+03   3.9490818419762759E+03   1.8776246506911514E+00   3.6267630931153386E+06
   1.6200000000000000E+04   2.3554099878656484E+03   5.9096238502754459E+03   3.9163616991888598E+03   1.8762531804758571E+00   3.6200445418151752E+06
   1.6300000000000000E+04   2.3527990524207712E+03   5.9240878473094817E+03   3.9028454639556799E+03   1.8748689535534171E+00   3.6132735932800216E+06
   1.6400000000000000E+04   2.3455650074830296E+03   5.9380946299139496E+03   3.8769859789282427E+03   1.8734721062298043E+00   3.6064543153835032E+06
   1.6500000000000000E+04   2.3372020718558670E+03   5.9516528604642253E+03   3.8485004250949050E+03   1.8720627695712786E+00   3.5995906622645082E+06
   1.6600000000000000E+04   2.3301136840859963E+03   5.9647711618367457E+03   3.8239077524406116E+03   1.8706410696034901E+00   3.5926864417830934E+06
   1.6700000000000000E+04   2.3224872941204512E+03   5.9774581122037789E+03   3.7982712332599513E+03   1.8692071275420334E+00   3.5857453331500934E+06
   1.6800000000000000E+04   2.3110554869445832E+03   5.9897222401807358E+03   3.7629340674216451E+03   1.8677610598867542E+00   3.5787708981673559E+06
   1.6900000000000000E+04   2.3131648562821852E+03   6.0015720202618177E+03   3.7638538432772580E+03   1.8663029786732643E+00   3.5717665628660657E+06
   1.7000000000000000E+04   2.3073995863478585E+03   6.0130158685827237E+03   3.7441627171130594E+03   1.8648329915724884E+00   3.5647356450181729E+06
   1.7100000000000000E+04   2.2978346091236317E+03   6.0240621389587486E+03   3.7148291025114240E+03   1.8633512020740604E+00   3.5576813428969439E+06
   1.7200000000000000E+04   2.2795261067021765E+03   6.0347191192046139E+03   3.6632736940662794E+03   1.8618577096382705E+00   3.5506067384686484E+06
   1.7300000000000000E+04   2.2698335954944855E+03   6.0449950277199259E+03   3.6345817377211501E+03   1.8603526098375407E+00   3.5435148104021391E+06
   1.7400000000000000E+04   2.2642326872468716E+03   6.0548980103280865E+03   3.6166996620495820E+03   1.8588359944874173E+00   3.5364084237038316E+06
   1.7500000000000000E+04   2.2583503400605546E+03   6.0644361373540441E+03   3.5983480516408708E+03   1.8573079517985196E+00   3.5292903486748515E+06
   1.7600000000000000E+04   2.2509291466476366E+03   6.0736174009354700E+03   3.5763529547608564E+03   1.8557685664970580E+00   3.5221632481562137E+06
   1.7700000000000000E+04   2.2401478174260437E+03   6.0824497125513171E+03   3.5462040256290829E+03   1.8542179199663016E+00   3.5150296822325028E+06
   1.7800000000000000E+04   2.2343441087050801E+03   6.0909409007633485E+03   3.5288257113412501E+03   1.8526560903304199E+00   3.5078921318532801E+06
   1.7900000000000000E+04   2.2209849676026633E+03   6.0990987091517181E+03   3.4929368893497240E+03   1.8510831526011864E+00   3.5007529729802245E+06
   1.8000000000000000E+04   2.2155796072652538E+03   6.1069307944420125E+03   3.4770419528653356E+03   1.8494991788089801E+00   3.4936144915292477E+06
   1.8100000000000000E+04   2.2046067189462615E+03   6.1144447248151646E+03   3.4476993427141538E+03   1.8479042380604160E+00   3.4864788947524205E+06
   1.8200000000000000E+04   2.1957069539187937E+03   6.1216479783840314E+03   3.4237256626674930E+03   1.8462983966850610E+00   3.4793483012602227E+06
   1.8300000000000000E+04   2.1851106472186266E+03   6.1285479418350351E+03   3.3959092941520139E+03   1.8446817183192652E+00   3.4722247478217413E+06
   1.8400000000000000E+04   2.1818400870319033E+03   6.1351519092230028E+03   3.3860016557343051E+03   1.8430542640162029E+00   3.4651101829875703E+06
   1.8500000000000000E+04   2.1719741201641882E+03   6.1414670809122172E+03   3.3604058985578749E+03   1.8414160923139817E+00   3.4580064962100349E+06
   1.8600000000000000E+04   2.1723649287692706E+03   6.1475005626557177E+03   3.3595368439909003E+03   1.8397672593666388E+00   3.4509154870168050E+06
   1.8700000000000000E+04   2.1606331120931272E+03   6.1532593648054099E+03   3.3298723921038527E+03   1.8381078189912989E+00   3.4438388827070785E+06
   1.8800000000000000E+04   2.1525801791867129E+03   6.1587504016468829E+03   3.3091963913111267E+03   1.8364378227939251E+00   3.4367783453495223E+06
   1.8900000000000000E+04   2.1443209501742081E+03   6.1639804908489323E+03   3.2882268682819390E+03   1.8347573201902796E+00   3.4297354789853492E+06
   1.9000000000000000E+04   2.1356533542512184E+03   6.1689563530287214E+03   3.2664920864037317E+03   1.8330663585788360E+00   3.4227117872577971E+06
   1.9100000000000000E+04   2.1270746516743816E+03   6.1736846114135205E+03   3.2451578420017631E+03   1.8313649833040964E+00   3.4157087481107651E+06
   1.9200000000000000E+04   2.1221966362519129E+03   6.1781717916102007E+03   3.2325876989213034E+03   1.8296532378347461E+00   3.4087277548969397E+06
   1.9300000000000000E+04   2.1135194320102814E+03   6.1824243214592316E+03   3.2113490718891380E+03   1.8279311637636508E+00   3.4017701417113743E+06
   1.9400000000000000E+04   2.1055337423841443E+03   6.1864485309806678E+03   3.1918765282482996E+03   1.8261988009021743E+00   3.3948371903625554E+06
   1.9500000000000000E+04   2.0995367067736697E+03   6.1902506524018654E+03   3.1771125142438982E+03   1.8244561873535314E+00   3.3879301176648396E+06
   1.9600000000000000E+04   2.0917410315645925E+03   6.1938368202597921E+03   3.1583617953187786E+03   1.8227033595547082E+00   3.3810500970059927E+06
   1.9700000000000000E+04   2.0841647830316151E+03   6.1972130715806834E+03   3.1402532454312454E+03   1.8209403523707761E+00   3.3741982379016764E+06
   1.9800000000000000E+04   2.0753509669990017E+03   6.2003853461209073E+03   3.1194832675740431E+03   1.8191671991158491E+00   3.3673756000563828E+06
   1.9900000000000000E+04   2.0660632541944310E+03   6.2033594866778030E+03   3.0978040652144537E+03   1.8173839316369231E+00   3.3605831951760771E+06
   2.0000000000000000E+04   2.0602190355529888E+03   6.2061412394573672E+03   3.0839966815632474E+03   1.8155905803662686E+00   3.3538219835326853E+06
   2.0100000000000000E+04   2.0512479785363439E+03   6.2087362544978068E+03   3.0633057379719685E+03   1.8137871743738301E+00   3.3470928780894182E+06
   2.0200000000000000E+04   2.0447897762555626E+03   6.2111500861421991E+03   3.0483432181308376E+03   1.8119737413986652E+00   3.3403967487169188E+06
   2.0300000000000000E+04   2.0375337071718243E+03   6.2133881935653963E+03   3.0317119337811505E+03   1.8101503079222991E+00   3.3337344291953295E+06
   2.0400000000000000E+04   2.0284326727967916E+03   6.2154559413464713E+03   3.0111210516685792E+03   1.8083168992368399E+00   3.3271066840122184E+06
   2.0500000000000000E+04   2.0191148529594705E+03   6.2173586000702226E+03   2.9901934836957712E+03   1.8064735394292657E+00   3.3205142603171635E+06
   2.0600000000000000E+04   2.0161981477417805E+03   6.2191013469860682E+03   2.9833998124597097E+03   1.8046202514862077E+00   3.3139578574895579E+06
   2.0700000000000000E+04   2.0155386802713313E+03   6.2206892666887888E+03   2.9815911647629323E+03   1.8027570573044418E+00   3.3074381392332623E+06
   2.0800000000000000E+04   2.0152168115988006E+03   6.2221273518382086E+03   2.9805567585517319E+03   1.8008839777380381E+00   3.3009557266771789E+06
   2.0900000000000000E+04   1.9992711328584828E+03   6.2234205039141989E+03   2.9455172789038043E+03   1.7990010326664778E+00   3.2945111994726970E+06
   2.1000000000000000E+04   1.9911761566189805E+03   6.2245735339854436E+03   2.9277247801631211E+03   1.7971082409841779E+00   3.2881051166770020E+06
   2.1100000000000000E+04   1.9805922284728783E+03   6.2255911635198190E+03   2.9046785793788263E+03   1.7952056206738445E+00   3.2817379900130490E+06
   2.1200000000000000E+04   1.9763807461463077E+03   6.2264780252111123E+03   2.8954375576170646E+03   1.7932931888379113E+00   3.2754103133224864E+06
   2.1300000000000000E+04   1.9684669044276695E+03   6.2272386638286334E+03   2.8783212410151009E+03   1.7913709617352165E+00   3.2691225236758096E+06
   2.1400000000000000E+04   1.9622838625620791E+03   6.2278775370819112E+03   2.8649853974674170E+03   1.7894389547967253E+00   3.2628750541808843E+06
   2.1500000000000000E+04   1.9544126920057465E+03   6.2283990165113255E+03   2.8481284600633389E+03   1.7874971826779211E+00   3.2566682889514663E+06
   2.1600000000000000E+04   1.9537452323720497E+03   6.2288073883906482E+03   2.8466259189470097E+03   1.7855456592902532E+00   3.2505025871871691E+06
   2.1700000000000000E+04   1.9481464462400879E+03   6.2291068546390106E+03   2.8346939061399362E+03   1.7835843978116055E+00   3.2443782963530379E+06
   2.1800000000000000E+04   1.9394773592396930E+03   6.2293015337582628E+03   2.8163367068434954E+03   1.7816134107491810E+00   3.2382957115261382E+06
   2.1900000000000000E+04   1.9337511654268003E+03   6.2293954617641075E+03   2.8042593620616826E+03   1.7796327099290195E+00   3.2322551179776387E+06
   2.2000000000000000E+04   1.9277397334937896E+03   6.2293925931466647E+03   2.7916356826407850E+03   1.7776423065641132E+00   3.2262567774232184E+06
   2.2100000000000000E+04   1.9232827444118957E+03   6.2292968018213833E+03   2.7823176815105207E+03   1.7756422112491670E+00   3.2203009135377137E+06
   2.2200000000000000E+04   1.9132821884035852E+03   6.2291118820993142E+03   2.7614733804262087E+03   1.7736324340025189E+00   3.2143877372286501E+06
   2.2300000000000000E+04   1.9062470166341011E+03   6.2288415496583466E+03   2.7468943779965116E+03   1.7716129842870973E+00   3.2085174353653500E+06
   2.2400000000000000E+04   1.9010283926323311E+03   6.2284894425179864E+03   2.7361390748393392E+03   1.7695838710261376E+00   3.2026901747182328E+06
   2.2500000000000000E+04   1.8956173961701343E+03   6.2280591220287170E+03   2.7250262007284286E+03   1.7675451026555820E+00   3.1969060901098698E+06
   2.2600000000000000E+04   1.8862895398287424E+03   6.2275540738451627E+03   2.7058867332703226E+03   1.7654966871083617E+00   3.1911653136560465E+06
   2.2700000000000000E+04   1.8831443377473722E+03   6.2269777089177114E+03   2.6995275398117146E+03   1.7634386318563116E+00   3.1854679438900473E+06
   2.2800000000000000E+04   1.8778328666985035E+03   6.2263333644796658E+03   2.6887460256259096E+03   1.7613709439311314E+00   3.1798140622572899E+06
   2.2900000000000000E+04   1.8663697832249359E+03   6.2256243050382809E+03   2.6654367223781260E+03   1.7592936299558206E+00   3.1742037339132484E+06
   2.3000000000000000E+04   1.8633567015094961E+03   6.2248537233490270E+03   2.6594361622254723E+03   1.7572066961237256E+00   3.1686370117875384E+06
   2.3100000000000000E+04   1.8526187209385835E+03   6.2240247414150244E+03   2.6377656757387322E+03   1.7551101482614089E+00   3.1631139308204097E+06
   2.3200000000000000E+04   1.8458394964844454E+03   6.2231404114688694E+03   2.6242012113756127E+03   1.7530039918391351E+00   3.1576344918436017E+06
   2.3300000000000000E+04   1.8413934499470445E+03   6.2222037169413134E+03   2.6153894988182278E+03   1.7508882319499079E+00   3.1521987087757331E+06
   2.3400000000000000E+04   1.8364792995701912E+03   6.2212175734654575E+03   2.6056600367259480E+03   1.7487628734037877E+00   3.1468065525781838E+06
   2.3500000000000000E+04   1.8314085938722842E+03   6.2201848298160839E+03   2.5956438287971687E+03   1.7466279206388120E+00   3.1414580089611630E+06
   2.3600000000000000E+04   1.8274253302178945E+03   6.2191082689159039E+03   2.5878361759316404E+03   1.7444833778415176E+00   3.1361530146288453E+06
   2.3700000000000000E+04   1.8215971547461161E+03   6.2179906087824074E+03   2.5763558515894838E+03   1.7423292489050097E+00   3.1308915189920841E+06
   2.3800000000000000E+04   1.8160095613433698E+03   6.2168345034853091E+03   2.5653896821725825E+03   1.7401655374342140E+00   3.1256734612045768E+06
   2.3900000000000000E+04   1.8129887703987936E+03   6.2156425441196961E+03   2.5595676408999329E+03   1.7379922468087483E+00   3.1204987427027426E+06
   2.4000000000000000E+04   1.8090502475138685E+03   6.2144172597378574E+03   2.5519310991997827E+03   1.7358093801462438E+00   3.1153672798834830E+06
   2.4100000000000000E+04   1.8059711135142970E+03   6.2131611183113137E+03   2.5460190032803494E+03   1.7336169403652220E+00   3.1102789485936719E+06
   2.4200000000000000E+04   1.7989015850904502E+03   6.2118765276458462E+03   2.5322043921458326E+03   1.7314149301379371E+00   3.1052336445299587E+06
   2.4300000000000000E+04   1.7897488118444221E+03   6.2105658363329194E+03   2.5143209422345376E+03   1.7292033519584946E+00   3.1002312450923668E+06
   2.4400000000000000E+04   1.7859838756027295E+03   6.2092313346649580E+03   2.5071143195659984E+03   1.7269822081323698E+00   3.0952715950577576E+06
   2.4500000000000000E+04   1.7770535440314395E+03   6.2078752555512365E+03   2.4897699438234581E+03   1.7247515007868885E+00   3.0903545501281731E+06
   2.4600000000000000E+04   1.7741670259269863E+03   6.2064997754220731E+03   2.4843277502645656E+03   1.7225112318712237E+00   3.0854799633354447E+06
   2.4700000000000000E+04   1.7715222783237139E+03   6.2051070151380272E+03   2.4793673673187232E+03   1.7202614031878372E+00   3.0806476560735432E+06
   2.4800000000000000E+04   1.7606210766403233E+03   6.2036990408875517E+03   2.4582875593024874E+03   1.7180020164134400E+00   3.0758574550118041E+06
   2.4900000000000000E+04   1.7594439508285927E+03   6.2022778650508453E+03   2.4562161182953214E+03   1.7157330730570692E+00   3.0711091779397512E+06
   2.5000000000000000E+04   1.7539597703126210E+03   6.2008454471026298E+03   2.4457641249718554E+03   1.7134545745334475E+00   3.0664026265950170E+06
   2.5100000000000000E+04   1.7519920522191069E+03   6.1994036944594818E+03   2.4421634143403503E+03   1.7111665221210670E+00   3.0617376171250283E+06
   2.5200000000000000E+04   1.7488390700750629E+03   6.1979544633533478E+03   2.4362651812615009E+03   1.7088689170041034E+00   3.0571139314988977E+06
   2.5300000000000000E+04   1.7422868409949670E+03   6.1964995596793242E+03   2.4237907627925852E+03   1.7065617602724168E+00   3.0525313592671375E+06
   2.5400000000000000E+04   1.7379713725054785E+03   6.1950407398345624E+03   2.4156688106000197E+03   1.7042450529215536E+00   3.0479896751610884E+06
   2.5500000000000000E+04   1.7320325637398680E+03   6.1935797115575997E+03   2.4044308826330466E+03   1.7019187958737034E+00   3.0434886469385722E+06
   2.5600000000000000E+04   1.7272649604203593E+03   6.1921181347405027E+03   2.3954715345257287E+03   1.6995829899567423E+00   3.0390280709071234E+06
   2.5700000000000000E+04   1.7294370029314200E+03   6.1906576222645763E+03   2.3998706358584295E+03   1.6972376359566277E+00   3.0346076905956268E+06
   2.5800000000000000E+04   1.7208545602508721E+03   6.1891997407996923E+03   2.3835921729194838E+03   1.6948827346069189E+00   3.0302272510649818E+06
   2.5900000000000000E+04   1.7158433548189612E+03   6.1877460115894419E+03   2.3742025911988003E+03   1.6925182865678212E+00   3.0258865233288403E+06
   2.6000000000000000E+04   1.7127286390898935E+03   6.1862979112606399E+03   2.3684554676442444E+03   1.6901442924785786E+00   3.0215852494444158E+06
   2.6100000000000000E+04   1.7004547454846575E+03   6.1848568725808609E+03   2.3452556039914434E+03   1.6877607529155614E+00   3.0173231662414121E+06
   2.6200000000000000E+04   1.6976534894044048E+03   6.1834242852502784E+03   2.3401355735884440E+03   1.6853676684446584E+00   3.0131000218094336E+06
   2.6300000000000000E+04   1.6972638953672574E+03   6.1820014966507406E+03   2.3395990745074619E+03   1.6829650396003193E+00   3.0089155435593901E+06
   2.6400000000000000E+04   1.6927969501066116E+03   6.1805898126052234E+03   2.3313205188380844E+03   1.6805528669065184E+00   3.0047694543947331E+06
   2.6500000000000000E+04   1.6891610536300982E+03   6.1791904981134994E+03   2.3246279476404175E+03   1.6781311508662657E+00   3.0006614894591877E+06
   2.6600000000000000E+04   1.6841969700789664E+03   6.1778047780885308E+03   2.3154312822873571E+03   1.6756998919720976E+00   2.9965913719075695E+06
   2.6700000000000000E+04   1.6812752888556365E+03   6.1764338380841109E+03   2.3101044093327691E+03   1.6732590907165437E+00   2.9925588212346416E+06
   2.6800000000000000E+04   1.6741523083479331E+03   6.1750788250135383E+03   2.2968654188972437E+03   1.6708087476026185E+00   2.9885635450749751E+06
   2.6900000000000000E+04   1.6691094851539137E+03   6.1737408478438565E+03   2.2875677449141854E+03   1.6683488631228567E+00   2.9846052729616747E+06
   2.7000000000000000E+04   1.6680192747919755E+03   6.1724209783174038E+03   2.2857013742592490E+03   1.6658794378117077E+00   2.9806836892522047E+06
   2.7100000000000000E+04   1.6627024101639840E+03   6.1711202516019039E+03   2.2759062883305614E+03   1.6634004721721849E+00   2.9767985346646220E+06
   2.7200000000000000E+04   1.6605231187354527E+03   6.1698396670261582E+03   2.2719987156083548E+03   1.6609119667911347E+00   2.9729494964198382E+06
   2.7300000000000000E+04   1.6548995218138623E+03   6.1685801886909694E+03   2.2616532178378607E+03   1.6584139222239693E+00   2.9691362760975379E+06
   2.7400000000000000E+04   1.6485691095857346E+03   6.1673427461716410E+03   2.2500110776179467E+03   1.6559063390784956E+00   2.9653585903002359E+06
   2.7500000000000000E+04   1.6462802751118006E+03   6.1661282351644240E+03   2.2459107866192348E+03   1.6533892180044376E+00   2.9616161275947411E+06
   2.7600000000000000E+04   1.6445496387522173E+03   6.1649375181184214E+03   2.2428486313376161E+03   1.6508625596724791E+00   2.9579085830937396E+06
   2.7700000000000000E+04   1.6393016408661460E+03   6.1637714248860784E+03   2.2332518710650093E+03   1.6483263648057009E+00   2.9542356588550881E+06
   2.7800000000000000E+04   1.6353299104676398E+03   6.1626307533322397E+03   2.2260359423596933E+03   1.6457806341481422E+00   2.9505970553777292E+06
   2.7900000000000000E+04   1.6306058194531224E+03   6.1615162699788525E+03   2.2174360751969489E+03   1.6432253685172002E+00   2.9469924628183409E+06
   2.8000000000000000E+04   1.6251335334044068E+03   6.1604287105914564E+03   2.2074680669272216E+03   1.6406605687617069E+00   2.9434215788458665E+06
   2.8100000000000000E+04   1.6248868096121771E+03   6.1593687808017949E+03   2.2071489424923680E+03   1.6380862358038542E+00   2.9398840819267081E+06
   2.8200000000000000E+04   1.6231866841866299E+03   6.1583371566714986E+03   2.2041453596938577E+03   1.6355023705867902E+00   2.9363796763602630E+06
   2.8300000000000000E+04   1.6214812413012821E+03   6.1573344853153567E+03   2.2011299368056352E+03   1.6329089741479788E+00   2.9329080474994187E+06
   2.8400000000000000E+04   1.6181351084598114E+03   6.1563613854484493E+03   2.1950920668439294E+03   1.6303060475668010E+00   2.9294688797310856E+06
   2.8500000000000000E+04   1.6110927775728205E+03   6.1554184479647947E+03   2.1822710174729154E+03   1.6276935919855156E+00   2.9260618658172488E+06
   2.8600000000000000E+04   1.6094990941789804E+03   6.1545062364966107E+03   2.1794624084372708E+03   1.6250716086092574E+00   2.9226867072525360E+06
   2.8700000000000000E+04   1.6031135366087090E+03   6.1536252879773283E+03   2.1678792490552560E+03   1.6224400987269954E+00   2.9193430773304310E+06
   2.8800000000000000E+04   1.6037608959026177E+03   6.1527761131674770E+03   2.1691687673611873E+03   1.6197990636800985E+00   2.9160306767336205E+06
   2.8900000000000000E+04   1.5989565137534355E+03   6.1519591972078078E+03   2.1604896624523058E+03   1.6171485048937693E+00   2.9127491778578348E+06
   2.9000000000000000E+04   1.5967706451849187E+03   6.1511750001412847E+03   2.1565971986945024E+03   1.6144884238665644E+00   2.9094982809832818E+06
   2.9100000000000000E+04   1.5893818735744160E+03   6.1504239574271733E+03   2.1432322204041629E+03   1.6118188221599214E+00   2.9062776770282332E+06
   2.9200000000000000E+04   1.5870919957733774E+03   6.1497064804714610E+03   2.1391572670110809E+03   1.6091397014295901E+00   2.9030870474049882E+06
   2.9300000000000000E+04   1.5808019565151792E+03   6.1490229571260288E+03   2.1278277736523250E+03   1.6064510634151561E+00   2.8999260734755169E+06
   2.9400000000000000E+04   1.5801712503465374E+03   6.1483737521617259E+03   2.1267628647571446E+03   1.6037529098981227E+00   2.8967944656148632E+06
   2.9500000000000000E+04   1.5754467595174874E+03   6.1477592078132539E+03   2.1182864101628143E+03   1.6010452427962265E+00   2.8936918863497539E+06
   2.9600000000000000E+04   1.5777198853202690E+03   6.1471796442071609E+03   2.1224670037720498E+03   1.5983280640691215E+00   2.8906180468039638E+06
   2.9700000000000000E+04   1.5723716404543757E+03   6.1466353598740852E+03   2.1128635594508664E+03   1.5956013757812548E+00   2.8875726393392626E+06
   2.9800000000000000E+04   1.5706447320609382E+03   6.1461266322112306E+03   2.1098064921084961E+03   1.5928651800913907E+00   2.8845553371437336E+06
   2.9900000000000000E+04   1.5695889193360788E+03   6.1456537179250281E+03   2.1079574705118107E+03   1.5901194792211670E+00   2.8815658433377817E+06
   3.0000000000000000E+04   1.5666761697621532E+03   6.1452168535166384E+03   2.1027583825094471E+03   1.5873642755074988E+00   2.8786038420073022E+06
   3.0100000000000000E+04   1.5699289693569008E+03   6.1448162556981397E+03   2.1086694485342891E+03   1.5845995713501755E+00   2.8756690377861648E+06
   3.0200000000000000E+04   1.5699231687217398E+03   6.1444521218708878E+03   2.1087018672350837E+03   1.5818253692747404E+00   2.8727611162121925E+06
   3.0300000000000000E+04   1.5624865953681508E+03   6.1441246305150944E+03   2.0953450058267708E+03   1.5790416718591342E+00   2.8698797836863664E+06
   3.0400000000000000E+04   1.5725321318650419E+03   6.1438339416613799E+03   2.1134846676281936E+03   1.5762484818070492E+00   2.8670247274398827E+06
   3.0500000000000000E+04   1.5635677221788701E+03   6.1435801972859344E+03   2.0973531725738435E+03   1.5734458019060151E+00   2.8641956456810972E+06
   3.0600000000000000E+04   1.5688356601076107E+03   6.1433635217243636E+03   2.1068683058537922E+03   1.5706336350273953E+00   2.8613922376582944E+06
   3.0700000000000000E+04   1.5656399057521735E+03   6.1431840220921003E+03   2.1011297343993319E+03   1.5678119841473515E+00   2.8586142037023688E+06
   3.0800000000000000E+04   1.5655519035231359E+03   6.1430417886790883E+03   2.1009878791596857E+03   1.5649808523363544E+00   2.8558612452852828E+06
   3.0900000000000000E+04   1.5618044412557167E+03   6.1429368953511812E+03   2.0942564358592440E+03   1.5621402427696733E+00   2.8531330546727479E+06
   3.1000000000000000E+04   1.5492719878338764E+03   6.1428693999190173E+03   2.0717913723084521E+03   1.5592901586959313E+00   2.8504293564888313E+06
   3.1100000000000000E+04   1.5530087981618271E+03   6.1428393445598731E+03   2.0784827351159429E+03   1.5564306034999862E+00   2.8477498245772282E+06
   3.1200000000000000E+04   1.5432899982050617E+03   6.1428467561479156E+03   2.0611103326202874E+03   1.5535615806295708E+00   2.8450941862060935E+06
   3.1300000000000000E+04   1.5376445086005804E+03   6.1428916466507708E+03   2.0510481466582241E+03   1.5506830936372114E+00   2.8424621492224699E+06
   3.1400000000000000E+04   1.5413807125996309E+03   6.1429740135006432E+03   2.0576919869377916E+03   1.5477951461907107E+00   2.8398534122339329E+06
   3.1500000000000000E+04   1.5369777815006687E+03   6.1430938399328334E+03   2.0498395224683504E+03   1.5448977420417054E+00   2.8372676857765294E+06
   3.1600000000000000E+04   1.5345985304020644E+03   6.1432510953517185E+03   2.0455922788617947E+03   1.5419908850466257E+00   2.8347047033310314E+06
   3.1700000000000000E+04   1.5298965379011547E+03   6.1434457356777812E+03   2.0372246959730185E+03   1.5390745791666967E+00   2.8321641463570260E+06
   3.1800000000000000E+04   1.5267894885250103E+03   6.1436777036821350E+03   2.0316936650258765E+03   1.5361488284574600E+00   2.8296457405990702E+06
   3.1900000000000000E+04   1.5194732308403559E+03   6.1439469293289840E+03   2.0187298057009700E+03   1.5332136370792495E+00   2.8271492135708877E+06
   3.2000000000000000E+04   1.5146087196569365E+03   6.1442533300921577E+03   2.0101196641665986E+03   1.5302690092762352E+00   2.8246742617918979E+06
   3.2100000000000000E+04   1.5152654643519452E+03   6.1445968113071594E+03   2.0112397758403313E+03   1.5273149494183411E+00   2.8222206269428311E+06
   3.2200000000000000E+04   1.5122556616916211E+03   6.1449772664631819E+03   2.0059000852984504E+03   1.5243514619593248E+00   2.8197880196687765E+06
   3.2300000000000000E+04   1.5113387434952313E+03   6.1453945775308102E+03   2.0042427738725671E+03   1.5213785514577396E+00   2.8173761521028918E+06
   3.2400000000000000E+04   1.5075226224376399E+03   6.1458486152638843E+03   1.9974891449882671E+03   1.5183962225664538E+00   2.8149847824027399E+06
   3.2500000000000000E+04   1.5035037692010944E+03   6.1463392395170304E+03   1.9903880446518617E+03   1.5154044800536082E+00   2.8126135928201955E+06
   3.2600000000000000E+04   1.5068056043094680E+03   6.1468662995232553E+03   1.9961231538666104E+03   1.5124033287711816E+00   2.8102623451484013E+06
   3.2700000000000000E+04   1.5041867935549258E+03   6.1474296342083371E+03   1.9914707861334084E+03   1.5093927736864232E+00   2.8079307584590861E+06
   3.2800000000000000E+04   1.5026287120904619E+03   6.1480290724653096E+03   1.9886778943436029E+03   1.5063728198608985E+00   2.8056185534268692E+06
   3.2900000000000000E+04   1.4993578058223488E+03   6.1486644334379616E+03   1.9828866435478417E+03   1.5033434724504904E+00   2.8033254750876511E+06
   3.3000000000000000E+04   1.5008402475652001E+03   6.1493355268065470E+03   1.9854102671951207E+03   1.5003047367158708E+00   2.8010512590986635E+06
   3.3100000000000000E+04   1.4982955259209079E+03   6.1500421530617486E+03   1.9808861876514277E+03   1.4972566180225120E+00   2.7987956429659529E+06
   3.3200000000000000E+04   1.4958050224789038E+03   6.1507841037595999E+03   1.9764586680066818E+03   1.4941991218197170E+00   2.7965583545513209E+06
   3.3300000000000000E+04   1.4958065723095904E+03   6.1515611618145131E+03   1.9763811513065664E+03   1.4911322536825440E+00   2.7943391465458702E+06
   3.3400000000000000E+04   1.4914476517295313E+03   6.1523731017234795E+03   1.9686953832615648E+03   1.4880560192594079E+00   2.7921377505005188E+06
   3.3500000000000000E+04   1.4916718853732300E+03   6.1532196898428128E+03   1.9689993969519960E+03   1.4849704243035151E+00   2.7899539230203293E+06
   3.3600000000000000E+04   1.4889569964784093E+03   6.1541006846463379E+03   1.9641820025130362E+03   1.4818754746833493E+00   2.7877873994072061E+06
   3.3700000000000000E+04   1.4875970294632943E+03   6.1550158369429446E+03   1.9617230964281275E+03   1.4787711763407481E+00   2.7856379284686935E+06
   3.3800000000000000E+04   1.4857742951655973E+03   6.1559648901475812E+03   1.9584584846602966E+03   1.4756575353328227E+00   2.7835052727781003E+06
   3.3900000000000000E+04   1.4840144450630571E+03   6.1569475805119127E+03   1.9553027792463952E+03   1.4725345578214808E+00   2.7813891614862508E+06
   3.4000000000000000E+04   1.4805347402266009E+03   6.1579636373285821E+03   1.9491646574821993E+03   1.4694022500315020E+00   2.7792893729624576E+06
   3.4100000000000000E+04   1.4833597993719270E+03   6.1590127832043572E+03   1.9539585161717325E+03   1.4662606183134257E+00   2.7772056640292797E+06
   3.4200000000000000E+04   1.4760071973006172E+03   6.1600947342635063E+03   1.9411132033885824E+03   1.4631096691121017E+00   2.7751377694906187E+06
   3.4300000000000000E+04   1.4728258629349959E+03   6.1612092003689049E+03   1.9355047580693454E+03   1.4599494089666945E+00   2.7730854619230740E+06
   3.4400000000000000E+04   1.4715020855111700E+03   6.1623558853317372E+03   1.9331064074677720E+03   1.4567798445002063E+00   2.7710485039959829E+06
   3.4500000000000000E+04   1.4639886324271733E+03   6.1635344871394009E+03   1.9200460435335974E+03   1.4536009824404326E+00   2.7690266482401206E+06
   3.4600000000000000E+04   1.4615194674364152E+03   6.1647446981573903E+03   1.9156842264922304E+03   1.4504128296094836E+00   2.7670196734118746E+06
   3.4700000000000000E+04   1.4569461318428268E+03   6.1659862053421439E+03   1.9077157150191260E+03   1.4472153929342630E+00   2.7650273359838785E+06
   3.4800000000000000E+04   1.4559342441348499E+03   6.1672586904127511E+03   1.9058596414229060E+03   1.4440086794045544E+00   2.7630494188564019E+06
   3.4900000000000000E+04   1.4525945777225961E+03   6.1685618300860706E+03   1.9000173214177764E+03   1.4407926961254105E+00   2.7610856948105996E+06
   3.5000000000000000E+04   1.4523359940273892E+03   6.1698952962635312E+03   1.8994485165022454E+03   1.4375674503066815E+00   2.7591359138679211E+06
   3.5100000000000000E+04   1.4522356539419745E+03   6.1712587561915034E+03   1.8991477263950489E+03   1.4343329492210937E+00   2.7571998650331958E+06
   3.5200000000000000E+04   1.4506277131684401E+03   6.1726518726857967E+03   1.8962672717825119E+03   1.4310892002566469E+00   2.7552773270524512E+06
   3.5300000000000000E+04   1.4493881399608122E+03   6.1740743042848371E+03   1.8940157632983342E+03   1.4278362108746963E+00   2.7533680807143627E+06
   3.5400000000000000E+04   1.4457411388937001E+03   6.1755257054521953E+03   1.8876571313192303E+03   1.4245739886413920E+00   2.7514718962583728E+06
   3.5500000000000000E+04   1.4473282288032233E+03   6.1770057267378497E+03   1.8902250230995417E+03   1.4213025412067193E+00   2.7495885710558612E+06
   3.5600000000000000E+04   1.4434735035842377E+03   6.1785140149511326E+03   1.8835153048207519E+03   1.4180218763045005E+00   2.7477178920261255E+06
   3.5700000000000000E+04   1.4437563443099511E+03   6.1800502133456848E+03   1.8838541168241395E+03   1.4147320017733489E+00   2.7458596226607035E+06
   3.5800000000000000E+04   1.4475329064157024E+03   6.1816139617551789E+03   1.8901428851343783E+03   1.4114329255147580E+00   2.7440135792531786E+06
   3.5900000000000000E+04   1.4334814187436907E+03   6.1832048967947485E+03   1.8661105996589963E+03   1.4081246555454934E+00   2.7421795291855466E+06
   3.6000000000000000E+04   1.4357412213541213E+03   6.1848226519979326E+03   1.8697941818686297E+03   1.4048071999661553E+00   2.7403572672688994E+06
   3.6100000000000000E+04   1.4321683877903245E+03   6.1864668579501595E+03   1.8635898275378761E+03   1.4014805669297414E+00   2.7385466162179913E+06
   3.6200000000000000E+04   1.4310259475286648E+03   6.1881371424963954E+03   1.8615046936775036E+03   1.3981447647150047E+00   2.7367473492493099E+06
   3.6300000000000000E+04   1.4327350322245361E+03   6.1898331308531315E+03   1.8642438281342136E+03   1.3947998016740522E+00   2.7349592672928805E+06
   3.6400000000000000E+04   1.4306324927817377E+03   6.1915544457558135E+03   1.8605301784861504E+03   1.3914456862323479E+00   2.7331821602314841E+06
   3.6500000000000000E+04   1.4278831216160163E+03   6.1933007076189133E+03   1.8557260487467802E+03   1.3880824269096683E+00   2.7314158591726674E+06
   3.6600000000000000E+04   1.4228234374009576E+03   6.1950715346697880E+03   1.8470315868423208E+03   1.3847100323096289E+00   2.7296601449349350E+06
   3.6700000000000000E+04   1.4212170937981332E+03   6.1968665430795445E+03   1.8441664851124258E+03   1.3813285111091991E+00   2.7279148396503287E+06
   3.6800000000000000E+04   1.4179887018050883E+03   6.1986853471224040E+03   1.8385742581834352E+03   1.3779378720901434E+00   2.7261797145739086E+06
   3.6900000000000000E+04   1.4177396819798191E+03   6.2005275592616763E+03   1.8379936964653098E+03   1.3745381240761438E+00   2.7244546356494287E+06
   3.7000000000000000E+04   1.4148056963164452E+03   6.2023927903428630E+03   1.8329025620271489E+03   1.3711292760166345E+00   2.7227393780208672E+06
   3.7100000000000000E+04   1.4164642501401042E+03   6.2042806496583062E+03   1.8355218756845734E+03   1.3677113369029692E+00   2.7210337719330550E+06
   3.7200000000000000E+04   1.4144936570090647E+03   6.2061907451272036E+03   1.8320476611384565E+03   1.3642843158417737E+00   2.7193376094302176E+06
   3.7300000000000000E+04   1.4156919896827237E+03   6.2081226833625688E+03   1.8338897556503991E+03   1.3608482219815932E+00   2.7176507247134168E+06
   3.7400000000000000E+04   1.4135395312079522E+03   6.2100760698382592E+03   1.8301096939066756E+03   1.3574030645757662E+00   2.7159729406078458E+06
   3.7500000000000000E+04   1.4108214122001571E+03   6.2120505089743701E+03   1.8253854784014011E+03   1.3539488529405084E+00   2.7143040683187293E+06
   3.7600000000000000E+04   1.4114583585848413E+03   6.2140456042755841E+03   1.8262794947977411E+03   1.3504855964863485E+00   2.7126439345001960E+06
   3.7700000000000000E+04   1.4143551949468745E+03   6.2160609584113599E+03   1.8309572767932843E+03   1.3470133046762141E+00   2.7109923677846249E+06
   3.7800000000000000E+04   1.4098941857717759E+03   6.2180961733493632E+03   1.8233130937562403E+03   1.3435319870568687E+00   2.7093491987717710E+06
   3.7900000000000000E+04   1.4069877784520418E+03   6.2201508504707281E+03   1.8182796002940850E+03   1.3400416532693897E+00   2.7077142462285701E+06
   3.8000000000000000E+04   1.4089330012736868E+03   6.2222245906347753E+03   1.8213518554452826E+03   1.3365423129967717E+00   2.7060873445312805E+06
   3.8100000000000000E+04   1.4090864079939645E+03   6.2243169943295807E+03   1.8214289676270876E+03   1.3330339760268062E+00   2.7044683161150455E+06
   3.8200000000000000E+04   1.4063482843173140E+03   6.2264276617239166E+03   1.8166766922005877E+03   1.3295166521891988E+00   2.7028570130617791E+06
   3.8300000000000000E+04   1.4037431705286797E+03   6.2285561928053257E+03   1.8121517201881043E+03   1.3259903514079723E+00   2.7012532755886717E+06
   3.8400000000000000E+04   1.3996913968494180E+03   6.2307021874597249E+03   1.8052247502880211E+03   1.3224550836805058E+00   2.6996569037012374E+06
   3.8500000000000000E+04   1.3984180643030161E+03   6.2328652455486717E+03   1.8029261723148852E+03   1.3189108590565739E+00   2.6980677551296977E+06
   3.8600000000000000E+04   1.3948475448403299E+03   6.2350449670167454E+03   1.7968145523084363E+03   1.3153576876593089E+00   2.6964857038545590E+06
   3.8700000000000000E+04   1.3970017780033784E+03   6.2372409519969724E+03   1.8002078795180603E+03   1.3117955797061567E+00   2.6949105410079560E+06
   3.8800000000000000E+04   1.3979487870889709E+03   6.2394528008492243E+03   1.8015962498958243E+03   1.3082245454460011E+00   2.6933421442827033E+06
   3.8900000000000000E+04   1.3947829098187574E+03   6.2416801143020130E+03   1.7961570845635854E+03   1.3046445952325227E+00   2.6917803364991448E+06
   3.9000000000000000E+04   1.3944142939410165E+03   6.2439224934703752E+03   1.7953603575719071E+03   1.3010557394403579E+00   2.6902249993196148E+06
   3.9100000000000000E+04   1.3907855823997577E+03   6.2461795400183473E+03   1.7891640771408388E+03   1.2974579885698998E+00   2.6886759591370467E+06
   3.9200000000000000E+04   1.3878392767980836E+03   6.2484508561481862E+03   1.7841058425953363E+03   1.2938513531320170E+00   2.6871330726843653E+06
   3.9300000000000000E+04   1.3895657396894512E+03   6.2507360447509809E+03   1.7867731658329487E+03   1.2902358437423760E+00   2.6855961840779050E+06
   3.9400000000000000E+04   1.3892986911253472E+03   6.2530347094326971E+03   1.7861440063105088E+03   1.2866114710585579E+00   2.6840651536215716E+06
   3.9500000000000000E+04   1.3866841666185765E+03   6.2553464546120640E+03   1.7816372079689004E+03   1.2829782458115015E+00   2.6825398434573812E+06
   3.9600000000000000E+04   1.3842038551627093E+03   6.2576708855838042E+03   1.7773572920664881E+03   1.2793361787950221E+00   2.6810201029414278E+06
   3.9700000000000000E+04   1.3844905176524314E+03   6.2600076085717810E+03   1.7776414302068276E+03   1.2756852808448531E+00   2.6795058123992737E+06
   3.9800000000000000E+04   1.3843558832306369E+03   6.2623562308463024E+03   1.7772302323216572E+03   1.2720255629015225E+00   2.6779967952958159E+06
   3.9900000000000000E+04   1.3830373681518299E+03   6.2647163607325356E+03   1.7748682043480337E+03   1.2683570359369936E+00   2.6764929501585043E+06
   4.0000000000000000E+04   1.3764760595748417E+03   6.2670876076995819E+03   1.7638890290856143E+03   1.2646797109861099E+00   2.6749941036227928E+06
   4.0100000000000000E+04   1.3729492907792198E+03   6.2694695824148666E+03   1.7579144584455619E+03   1.2609935991361101E+00   2.6735001727077556E+06
   4.0200000000000000E+04   1.3702899458467969E+03   6.2718618968217197E+03   1.7533700178052111E+03   1.2572987115475900E+00   2.6720110022404995E+06
   4.0300000000000000E+04   1.3730935862175083E+03   6.2742641641905102E+03   1.7577743408488654E+03   1.2535950594440222E+00   2.6705264533957867E+06
   4.0400000000000000E+04   1.3712220442531031E+03   6.2766759991597683E+03   1.7545198821147640E+03   1.2498826540907950E+00   2.6690464039197429E+06
   4.0500000000000000E+04   1.3685165886472878E+03   6.2790970178172847E+03   1.7499048339711430E+03   1.2461615068266541E+00   2.6675707032067487E+06
   4.0600000000000000E+04   1.3667529182044473E+03   6.2815268377214279E+03   1.7468341935612511E+03   1.2424316290217838E+00   2.6660992624086682E+06
   4.0700000000000000E+04   1.3656231001318708E+03   6.2839650780042357E+03   1.7448009734892116E+03   1.2386930321406835E+00   2.6646319342063884E+06
   4.0800000000000000E+04   1.3639855710982679E+03   6.2864113593478742E+03   1.7419408147517913E+03   1.2349457276478513E+00   2.6631686030069306E+06
   4.0900000000000000E+04   1.3631939873633867E+03   6.2888653041266170E+03   1.7404619225704032E+03   1.2311897271230605E+00   2.6617091549333301E+06
   4.1000000000000000E+04   1.3602373965086083E+03   6.2913265363719174E+03   1.7354579050780007E+03   1.2274250421565627E+00   2.6602534625238017E+06
   4.1100000000000000E+04   1.3610198924539052E+03   6.2937946818697619E+03   1.7365438575110243E+03   1.2236516844119656E+00   2.6588014151539551E+06
   4.1200000000000000E+04   1.3562638105976109E+03   6.2962693681813917E+03   1.7286219997726960E+03   1.2198696655947960E+00   2.6573528731200271E+06
   4.1300000000000000E+04   1.3584160791025095E+03   6.2987502247128805E+03   1.7319321591036635E+03   1.2160789974839337E+00   2.6559077288757968E+06
   4.1400000000000000E+04   1.3579438459349738E+03   6.3012368827078017E+03   1.7309768575317350E+03   1.2122796918687422E+00   2.6544658920103279E+06
   4.1500000000000000E+04   1.3575407579213172E+03   6.3037289753393388E+03   1.7301341224293124E+03   1.2084717606119373E+00   2.6530272429121272E+06
   4.1600000000000000E+04   1.3550197525926078E+03   6.3062261377592513E+03   1.7258543304879777E+03   1.2046552156600727E+00   2.6515916322875782E+06
   4.1700000000000000E+04   1.3539947489463273E+03   6.3087280070526967E+03   1.7240049361092363E+03   1.2008300689387417E+00   2.6501590212308723E+06
   4.1800000000000000E+04   1.3562796484696232E+03   6.3112342223772675E+03   1.7275231094166725E+03   1.1969963324783330E+00   2.6487292478973195E+06
   4.1900000000000000E+04   1.3529310023069104E+03   6.3137444249405999E+03   1.7219072449230684E+03   1.1931540183406724E+00   2.6473021984442631E+06
   4.2000000000000000E+04   1.3532033256712725E+03   6.3162582580357375E+03   1.7221614100693837E+03   1.1893031386190247E+00   2.6458778077160763E+06
   4.2100000000000000E+04   1.3502897362045364E+03   6.3187753671091905E+03   1.7172591725974394E+03   1.1854437054800109E+00   2.6444559493124271E+06
   4.2200000000000000E+04   1.3479624881317875E+03   6.3212953997516488E+03   1.7133116215399154E+03   1.1815757311112103E+00   2.6430365297427541E+06
   4.2300000000000000E+04   1.3444927175735040E+03   6.3238180057722338E+03   1.7075259726798613E+03   1.1776992277735607E+00   2.6416194252938516E+06
   4.2400000000000000E+04   1.3453874559325036E+03   6.3263428371783684E+03   1.7087850911323176E+03   1.1738142077384739E+00   2.6402045612837267E+06
   4.2500000000000000E+04   1.3447018445149529E+03   6.3288695482478161E+03   1.7074952251003729E+03   1.1699206833402440E+00   2.6387918327830750E+06
   4.2600000000000000E+04   1.3406167472946181E+03   6.3313977955487762E+03   1.7007313757966049E+03   1.1660186669655592E+00   2.6373811522669648E+06
   4.2700000000000000E+04   1.3416101595195482E+03   6.3339272379503655E+03   1.7021477199045985E+03   1.1621081710325463E+00   2.6359724015683183E+06
   4.2800000000000000E+04   1.3401222260244469E+03   6.3364575366575200E+03   1.6995711959249802E+03   1.1581892080012504E+00   2.6345654959381516E+06
   4.2900000000000000E+04   1.3406119137403850E+03   6.3389883552449119E+03   1.7001767292951101E+03   1.1542617903841135E+00   2.6331603521462646E+06
   4.3000000000000000E+04   1.3434561360135497E+03   6.3415193596472218E+03   1.7045708935976456E+03   1.1503259307040568E+00   2.6317568722363100E+06
   4.3100000000000000E+04   1.3451186981448561E+03   6.3440502182422288E+03   1.7070649070146408E+03   1.1463816415678389E+00   2.6303549595662863E+06
   4.3200000000000000E+04   1.3427077352927488E+03   6.3465806018134981E+03   1.7030014738641955E+03   1.1424289355926942E+00   2.6289545351121891E+06
   4.3300000000000000E+04   1.3441518917239482E+03   6.3491101836059815E+03   1.7051427736970468E+03   1.1384678254482574E+00   2.6275554722277126E+06
   4.3400000000000000E+04   1.3411657558301454E+03   6.3516386393208650E+03   1.7001589340066330E+03   1.1344983238251201E+00   2.6261577600569581E+06
   4.3500000000000000E+04   1.3391615569344883E+03   6.3541656471694014E+03   1.6967592065681499E+03   1.1305204434767520E+00   2.6247612582802083E+06
   4.3600000000000000E+04   1.3253425140131533E+03   6.3566908878487839E+03   1.6744602154597776E+03   1.1265341971671015E+00   2.6233659098000289E+06
   4.3700000000000000E+04   1.3281329239235874E+03   6.3592140446113663E+03   1.6787408790123095E+03   1.1225395977334724E+00   2.6219715929422732E+06
   4.3800000000000000E+04   1.3315896224719336E+03   6.3617348032216078E+03   1.6840905660750534E+03   1.1185366580131697E+00   2.6205782698830706E+06
   4.3900000000000000E+04   1.3301984221773848E+03   6.3642528520149936E+03   1.6816900214488458E+03   1.1145253908958941E+00   2.6191858213740978E+06
   4.4000000000000000E+04   1.3258644522716545E+03   6.3667678819047560E+03   1.6745949071071211E+03   1.1105058093132671E+00   2.6177941957719238E+06
   4.4100000000000000E+04   1.3310200525639530E+03   6.3692795863705169E+03   1.6826522716745149E+03   1.1064779262073858E+00   2.6164033095468269E+06
   4.4200000000000000E+04   1.3259361501071430E+03   6.3717876615148843E+03   1.6743623117145935E+03   1.1024417545832252E+00   2.6150130803691288E+06
   4.4300000000000000E+04   1.3247322997640936E+03   6.3742918060333268E+03   1.6722706669938418E+03   1.0983973074562419E+00   2.6136234271037960E+06
   4.4400000000000000E+04   1.3227351416977515E+03   6.3767917212520351E+03   1.6689180993955601E+03   1.0943445978838060E+00   2.6122343035450014E+06
   4.4500000000000000E+04   1.3245230475023413E+03   6.3792871111478917E+03   1.6715939060578298E+03   1.0902836389756898E+00   2.6108455973501718E+06
   4.4600000000000000E+04   1.3189016629624346E+03   6.3817776823073582E+03   1.6624813970737482E+03   1.0862144438311818E+00   2.6094572478708010E+06
   4.4700000000000000E+04   1.3159171896224079E+03   6.3842631439880097E+03   1.6575746189958302E+03   1.0821370256019700E+00   2.6080692298155506E+06
   4.4800000000000000E+04   1.3123880187962843E+03   6.3867432081363631E+03   1.6518128811902845E+03   1.0780513975026187E+00   2.6066813831409714E+06
   4.4900000000000000E+04   1.3112912741232981E+03   6.3892175893100703E+03   1.6499107614619315E+03   1.0739575727057735E+00   2.6052937361390558E+06
   4.5000000000000000E+04   1.3112302670317463E+03   6.3916860048064609E+03   1.6496496730697613E+03   1.0698555644888750E+00   2.6039061307108575E+06
   4.5100000000000000E+04   1.3170347872813957E+03   6.3941481745661295E+03   1.6586818017549124E+03   1.0657453861084063E+00   2.6025185636889744E+06
   4.5200000000000000E+04   1.3159450829650020E+03   6.3966038212311732E+03   1.6567889677032106E+03   1.0616270508627645E+00   2.6011309647987480E+06
   4.5300000000000000E+04   1.3138917283844191E+03   6.3990526701510225E+03   1.6533719323909554E+03   1.0575005720922694E+00   2.5997432302904874E+06
   4.5400000000000000E+04   1.3104103312716493E+03   6.4014944493617404E+03   1.6477010136632159E+03   1.0533659631477157E+00   2.5983553264541645E+06
   4.5500000000000000E+04   1.3106693450881844E+03   6.4039288896165308E+03   1.6479492573202967E+03   1.0492232374218189E+00   2.5969671862822650E+06
   4.5600000000000000E+04   1.3095481078534619E+03   6.4063557243551431E+03   1.6460168105822611E+03   1.0450724083072931E+00   2.5955787438307819E+06
   4.5700000000000000E+04   1.3071577653318323E+03   6.4087746897591933E+03   1.6420832308809927E+03   1.0409134892597292E+00   2.5941899342177184E+06
   4.5800000000000000E+04   1.3085761131046731E+03   6.4111855246857631E+03   1.6441635166597382E+03   1.0367464937137589E+00   2.5928007286350080E+06
   4.5900000000000000E+04   1.3082312082285741E+03   6.4135879707562608E+03   1.6434612369593845E+03   1.0325714351878501E+00   2.5914110119052432E+06
   4.6000000000000000E+04   1.3051003625364706E+03   6.4159817722715698E+03   1.6383671358661045E+03   1.0283883271795116E+00   2.5900207749423007E+06
   4.6100000000000000E+04   1.3024034804629348E+03   6.4183666762565435E+03   1.6339646666959870E+03   1.0241971832176897E+00   2.5886299396436317E+06
   4.6200000000000000E+04   1.3038477279132501E+03   6.4207424324693457E+03   1.6360841712527708E+03   1.0199980168732505E+00   2.5872384287449573E+06
   4.6300000000000000E+04   1.2998062070350757E+03   6.4231087933582994E+03   1.6295732171580109E+03   1.0157908417065782E+00   2.5858462722217757E+06
   4.6400000000000000E+04   1.3034701040308998E+03   6.4254655141222274E+03   1.6351834649517036E+03   1.0115756713409352E+00   2.5844533063601311E+06
   4.6500000000000000E+04   1.3034179775943742E+03   6.4278123526489499E+03   1.6349495303933552E+03   1.0073525193891031E+00   2.5830595634387769E+06
   4.6600000000000000E+04   1.3012379725816404E+03   6.4301490695573493E+03   1.6313704762015209E+03   1.0031213995057824E+00   2.5816649346502991E+06
   4.6700000000000000E+04   1.2979033946636739E+03   6.4324754281695959E+03   1.6259839456593259E+03   9.9888232535615373E-01   2.5802694191102139E+06
   4.6800000000000000E+04   1.2928608405953821E+03   6.4347911945176056E+03   1.6179312009650046E+03   9.9463531062635469E-01   2.5788729276390788E+06
   4.6900000000000000E+04   1.2858051543478821E+03   6.4370961373403925E+03   1.6067528353090420E+03   9.9038036902348225E-01   2.5774754256639993E+06
   4.7000000000000000E+04   1.2876744483256784E+03   6.4393900280896569E+03   1.6095294613205544E+03   9.8611751428607308E-01   2.5760768616882605E+06
   4.7100000000000000E+04   1.2838456028212197E+03   6.4416726409002440E+03   1.6034103186821178E+03   9.8184676015266159E-01   2.5746771670561801E+06
   4.7200000000000000E+04   1.2886573235707763E+03   6.4439437526035754E+03   1.6107805887768484E+03   9.7756812038274343E-01   2.5732763464185903E+06
   4.7300000000000000E+04   1.2822027901640172E+03   6.4462031427320298E+03   1.6005691501288886E+03   9.7328160876725078E-01   2.5718743149631140E+06
   4.7400000000000000E+04   1.2859502117157092E+03   6.4484505934968402E+03   1.6062732770364598E+03   9.6898723910759543E-01   2.5704710431177788E+06
   4.7500000000000000E+04   1.2830080929917581E+03   6.4506858897743268E+03   1.6015476442979996E+03   9.6468502520519095E-01   2.5690665023863260E+06
   4.7600000000000000E+04   1.2827479619795663E+03   6.4529088191525498E+03   1.6010054358606499E+03   9.6037498092432505E-01   2.5676606287166779E+06
   4.7700000000000000E+04   1.2880193262474231E+03   6.4551191718472937E+03   1.6090879787526790E+03   9.5605712009784849E-01   2.5662533587614312E+06
   4.7800000000000000E+04   1.2854203726371775E+03   6.4573167407566980E+03   1.6048980683960874E+03   9.5173145660052938E-01   2.5648446666872525E+06
   4.7900000000000000E+04   1.2787128445126416E+03   6.4595013214199789E+03   1.5943224367609794E+03   9.4739800430713639E-01   2.5634345461501041E+06
   4.8000000000000000E+04   1.2758699384958848E+03   6.4616727120366231E+03   1.5897739126815520E+03   9.4305677712387592E-01   2.5620228995610792E+06
   4.8100000000000000E+04   1.2730315722240925E+03   6.4638307134331508E+03   1.5852396426565515E+03   9.3870778895695417E-01   2.5606097408736842E+06
   4.8200000000000000E+04   1.2729316306631033E+03   6.4659751290729655E+03   1.5849557715813892E+03   9.3435105373353677E-01   2.5591950110915946E+06
   4.8300000000000000E+04   1.2753269440864251E+03   6.4681057650311814E+03   1.5885424439942196E+03   9.2998658538078938E-01   2.5577786891278308E+06
   4.8400000000000000E+04   1.2730605150401582E+03   6.4702224300299313E+03   1.5849005349325346E+03   9.2561439787827415E-01   2.5563606988965175E+06
   4.8500000000000000E+04   1.2669775155562820E+03   6.4723249353691490E+03   1.5753588579456969E+03   9.2123450518459493E-01   2.5549410022036550E+06
   4.8600000000000000E+04   1.2707918041639280E+03   6.4744130949352466E+03   1.5811356434426000E+03   9.1684692125835621E-01   2.5535196366921165E+06
   4.8700000000000000E+04   1.2701000503598514E+03   6.4764867252269041E+03   1.5799414506752225E+03   9.1245166010007817E-01   2.5520965099122231E+06
   4.8800000000000000E+04   1.2720280845526399E+03   6.4785456453284341E+03   1.5828030755140767E+03   9.0804873573124123E-01   2.5506715673740343E+06
   4.8900000000000000E+04   1.2672048867359097E+03   6.4805896768481916E+03   1.5752213270364509E+03   9.0363816213140924E-01   2.5492448496353044E+06
   4.9000000000000000E+04   1.2632004597868511E+03   6.4826186440130232E+03   1.5689194777471423E+03   8.9921995336397909E-01   2.5478162472896311E+06
   4.9100000000000000E+04   1.2612917135638970E+03   6.4846323735366996E+03   1.5658586354374618E+03   8.9479412342947229E-01   2.5463857648506183E+06
   4.9200000000000000E+04   1.2625295451928273E+03   6.4866306947051835E+03   1.5676501404618523E+03   8.9036068638080768E-01   2.5449534079479128E+06
   4.9300000000000000E+04   1.2625355741912533E+03   6.4886134393227640E+03   1.5675436734263621E+03   8.8591965627090397E-01   2.5435191070688022E+06
   4.9400000000000000E+04   1.2692997986244625E+03   6.4905804417273930E+03   1.5778681535770581E+03   8.8147104718411773E-01   2.5420827931082938E+06
   4.9500000000000000E+04   1.2636140577543636E+03   6.4925315387190076E+03   1.5689775469980070E+03   8.7701487316288840E-01   2.5406445122408392E+06
   4.9600000000000000E+04   1.2622718473040311E+03   6.4944665696265465E+03   1.5667961054893358E+03   8.7255114830205227E-01   2.5392041969266725E+06
   4.9700000000000000E+04   1.2671697640950774E+03   6.4963853762531990E+03   1.5742366992016384E+03   8.6807988669644565E-01   2.5377618184721791E+06
   4.9800000000000000E+04   1.2641409751994865E+03   6.4982878028562345E+03   1.5694538481082759E+03   8.6360110243042509E-01   2.5363173681856305E+06
   4.9900000000000000E+04   1.2624730812982857E+03   6.5001736961613024E+03   1.5667742237652596E+03   8.5911480960930686E-01   2.5348708189395675E+06
   5.0000000000000000E+04   1.2617031357324995E+03   6.5020429053331909E+03   1.5654801564424606E+03   8.5462102233840642E-01   2.5334221443116260E+06


