#Te   kappa_tot   kappa_e_ph  kappa_e_e mu Ce
#[K]  [W/(K*m)]   [W/(K*m)]   [W/(K*m)]   [eV]  [J/(m^3*K)]
   3.0000000000000000E+02   2.4915377009549591E+01   2.5041490631152492E+01   4.9472703426187381E+03   6.9083057610329703E+00   2.6916850383072608E+04
   4.0000000000000000E+02   3.3775164528704927E+01   3.3996920398869413E+01   5.1779985760438458E+03   6.9166352805444360E+00   3.3970678664368403E+04
   5.0000000000000000E+02   4.1983049500704226E+01   4.2328201842929850E+01   5.1486453251006888E+03   6.9254082163027153E+00   4.0132397001911500E+04
   6.0000000000000000E+02   4.9617878924649240E+01   5.0103924859458957E+01   5.1148467650482598E+03   6.9344008997629336E+00   4.5837509093587032E+04
   7.0000000000000000E+02   5.6997728223085417E+01   5.7650380673146969E+01   5.0347481714893756E+03   6.9435043646127088E+00   5.1476331802014676E+04
   8.0000000000000000E+02   6.4477170190740495E+01   6.5327149284084669E+01   4.9555450898134131E+03   6.9526426847462615E+00   5.7363979306364068E+04
   9.0000000000000000E+02   7.2287312525194565E+01   7.3376174867181447E+01   4.8712920632819842E+03   6.9617458096226903E+00   6.3690521901286942E+04
   1.0000000000000000E+03   8.0510504948150015E+01   8.1884119154192490E+01   4.7994056492268155E+03   6.9707397594545180E+00   7.0520580414639437E+04
   1.1000000000000000E+03   8.9107409960793902E+01   9.0814531702829285E+01   4.7402874133588384E+03   6.9795437163804079E+00   7.7824808628352970E+04
   1.2000000000000000E+03   9.7964804811372147E+01   1.0006246358221210E+02   4.6731145456280337E+03   6.9880708790302446E+00   8.5517456599172699E+04
   1.3000000000000000E+03   1.0698337044734104E+02   1.0950231052053356E+02   4.6507363854871337E+03   6.9962320656102790E+00   9.3487738959250593E+04
   1.4000000000000000E+03   1.1602975930515306E+02   1.1901868138522447E+02   4.6202974129102859E+03   7.0039412309678397E+00   1.0162231156787895E+05
   1.5000000000000000E+03   1.2501150535637919E+02   1.2852120820710596E+02   4.5777749261205881E+03   7.0111217366007086E+00   1.0981977584824542E+05
   1.6000000000000000E+03   1.3387280003501928E+02   1.3794818307026682E+02   4.5314782359440942E+03   7.0177120425066102E+00   1.1799873172344317E+05
   1.7000000000000000E+03   1.4258850914593981E+02   1.4726395487111893E+02   4.4911542150782425E+03   7.0236697046574283E+00   1.2610075879410435E+05
   1.8000000000000000E+03   1.5115711994596802E+02   1.5645368121004688E+02   4.4649890141067208E+03   7.0289730727026276E+00   1.3408963792671976E+05
   1.9000000000000000E+03   1.5953863433516906E+02   1.6551760495357271E+02   4.4165550122357599E+03   7.0336206874581819E+00   1.4194816229438951E+05
   2.0000000000000000E+03   1.6778554616064292E+02   1.7446595430145592E+02   4.3818977541310951E+03   7.0376288527790427E+00   1.4967380888844156E+05
   2.1000000000000000E+03   1.7579914305035990E+02   1.8331488648514244E+02   4.2878792007878674E+03   7.0410280950437425E+00   1.5727429161507433E+05
   2.2000000000000000E+03   1.8357853085893009E+02   1.9208351570991275E+02   4.1460872928150893E+03   7.0438592259201860E+00   1.6476365837921904E+05
   2.3000000000000000E+03   1.9125414834075033E+02   2.0079188391835902E+02   4.0263520035820488E+03   7.0461695689887325E+00   1.7215922801924442E+05
   2.4000000000000000E+03   1.9892501567016436E+02   2.0945967018036754E+02   3.9552097444241240E+03   7.0480097002359203E+00   1.7947940605041329E+05
   2.5000000000000000E+03   2.0641062525345424E+02   2.1810543671098674E+02   3.8495087950901725E+03   7.0494308581775105E+00   1.8674226321241976E+05
   2.6000000000000000E+03   2.1384265801356554E+02   2.2674624137222287E+02   3.7577173411360754E+03   7.0504830341501634E+00   1.9396469629875990E+05
   2.7000000000000000E+03   2.2121582997738614E+02   2.3539748661536882E+02   3.6719017887332566E+03   7.0512136731017838E+00   2.0116200631076659E+05
   2.8000000000000000E+03   2.2862959996065464E+02   2.4407291231612751E+02   3.6133629249746195E+03   7.0516668729429144E+00   2.0834774514524374E+05
   2.9000000000000000E+03   2.3586296269160562E+02   2.5278467014941856E+02   3.5234352900323724E+03   7.0518829673042172E+00   2.1553372601615323E+05
   3.0000000000000000E+03   2.4319589628649928E+02   2.6154343950319588E+02   3.4667470427294379E+03   7.0518983865295439E+00   2.2273012487933692E+05
   3.1000000000000000E+03   2.5029875725649075E+02   2.7035856045961560E+02   3.3734334784577650E+03   7.0517457093736748E+00   2.2994562589912169E+05
   3.2000000000000000E+03   2.5750455409363741E+02   2.7923816964462509E+02   3.3084739256370467E+03   7.0514538368440896E+00   2.3718757715359060E+05
   3.3000000000000000E+03   2.6461288889426811E+02   2.8818933110697418E+02   3.2345258357779358E+03   7.0510482394846070E+00   2.4446215047684990E+05
   3.4000000000000000E+03   2.7170543996266076E+02   2.9721815844984593E+02   3.1653149995391586E+03   7.0505512411579749E+00   2.5177448647618090E+05
   3.5000000000000000E+03   2.7883650058874406E+02   3.0632992673479595E+02   3.1067777563475056E+03   7.0499823142552467E+00   2.5912882741782939E+05
   3.6000000000000000E+03   2.8605492265389245E+02   3.1552917372703610E+02   3.0622889504994350E+03   7.0493583730191673E+00   2.6652863791674614E+05
   3.7000000000000000E+03   2.9321245350506973E+02   3.2481979112169631E+02   3.0132625865867426E+03   7.0486940512251328E+00   2.7397670938198449E+05
   3.8000000000000000E+03   3.0020941783204120E+02   3.3420510622533664E+02   2.9513013302060672E+03   7.0480019620009262E+00   2.8147525611480221E+05
   3.9000000000000000E+03   3.0752405907409013E+02   3.4368795496398883E+02   2.9225920594169456E+03   7.0472929356804892E+00   2.8902599926550873E+05
   4.0000000000000000E+03   3.1457560910916447E+02   3.5327074707883628E+02   2.8719463548592425E+03   7.0465762340276177E+00   2.9663024274207378E+05
   4.1000000000000000E+03   3.2179008223667154E+02   3.6295552409369878E+02   2.8372217733508373E+03   7.0458597431593342E+00   3.0428894422730949E+05
   4.2000000000000000E+03   3.2880582814936469E+02   3.7274401077869209E+02   2.7893826238957413E+03   7.0451501453907861E+00   3.1200277854548697E+05
   4.3000000000000000E+03   3.3607055979000489E+02   3.8263766074955242E+02   2.7614614222291393E+03   7.0444530710001692E+00   3.1977219934849930E+05
   4.4000000000000000E+03   3.4308212187561583E+02   3.9263769661258948E+02   2.7183011154080300E+03   7.0437732329089524E+00   3.2759749303519784E+05
   4.5000000000000000E+03   3.5019452982762283E+02   4.0274514519162926E+02   2.6838724110801259E+03   7.0431145451650394E+00   3.3547883557957772E+05
   4.6000000000000000E+03   3.5769896212717617E+02   4.1296086822718706E+02   2.6730108385453109E+03   7.0424802272256413E+00   3.4341634135666455E+05
   4.7000000000000000E+03   3.6477847763097026E+02   4.2328558890542195E+02   2.6390889818460901E+03   7.0418728958149890E+00   3.5141011247982824E+05
   4.8000000000000000E+03   3.7184988691611954E+02   4.3371991459663064E+02   2.6067339427880784E+03   7.0412946454662393E+00   3.5946028527299914E+05
   4.9000000000000000E+03   3.7923552062189248E+02   4.4426435608383736E+02   2.5908633174247680E+03   7.0407471194671203E+00   3.6756707551241259E+05
   5.0000000000000000E+03   3.8655711350187318E+02   4.5491934362887304E+02   2.5723606152498883E+03   7.0402315719304562E+00   3.7573081709831458E+05
   5.1000000000000000E+03   3.9388989658225927E+02   4.6568524006891550E+02   2.5548831183560183E+03   7.0397489228754973E+00   3.8395200231536233E+05
   5.2000000000000000E+03   4.0089694122290854E+02   4.7656235132164153E+02   2.5249633709451386E+03   7.0392998062091570E+00   3.9223132094253553E+05
   5.3000000000000000E+03   4.0819944967265553E+02   4.8755093446871734E+02   2.5080567005016715E+03   7.0388846122157318E+00   4.0056968960820534E+05
   5.4000000000000000E+03   4.1537935984117922E+02   4.9865120369447612E+02   2.4873883919221562E+03   7.0385035249434518E+00   4.0896828265432682E+05
   5.5000000000000000E+03   4.2302240537276549E+02   5.0986333428641450E+02   2.4836631387912066E+03   7.0381565553198309E+00   4.1742856221005833E+05
   5.6000000000000000E+03   4.3064155902583337E+02   5.2118746500239297E+02   2.4787976888922681E+03   7.0378435698294783E+00   4.2595229717901070E+05
   5.7000000000000000E+03   4.3793648295542710E+02   5.3262369884505028E+02   2.4634302235986906E+03   7.0375643166402790E+00   4.3454158606473828E+05
   5.8000000000000000E+03   4.4522203440908504E+02   5.4417210265010795E+02   2.4484814908910457E+03   7.0373184478467232E+00   4.4319886882183340E+05
   5.9000000000000000E+03   4.5288305904567824E+02   5.5583270542660875E+02   2.4451489130890859E+03   7.0371055402155562E+00   4.5192694713138958E+05
   6.0000000000000000E+03   4.6009810106305798E+02   5.6760549598297587E+02   2.4291743935313070E+03   7.0369251118821134E+00   4.6072898147290346E+05
   6.1000000000000000E+03   4.6777347771145168E+02   5.7949041953248161E+02   2.4264023381469769E+03   7.0367766389912285E+00   4.6960850608561432E+05
   6.2000000000000000E+03   4.7491916080327729E+02   5.9148737388323082E+02   2.4098223675924819E+03   7.0366595689544713E+00   4.7856942292700667E+05
   6.3000000000000000E+03   4.8275230117730376E+02   6.0359620505472060E+02   2.4112714636200049E+03   7.0365733328753324E+00   4.8761600299791555E+05
   6.4000000000000000E+03   4.8997788985423182E+02   6.1581670258807242E+02   2.3978020923424665E+03   7.0365173562548744E+00   4.9675287673095171E+05
   6.5000000000000000E+03   4.9778098962872508E+02   6.2814859458548062E+02   2.3984518941678270E+03   7.0364910687543780E+00   5.0598502854018781E+05
   6.6000000000000000E+03   5.0485492065275110E+02   6.4059154272846672E+02   2.3825979129980406E+03   7.0364939121275114E+00   5.1531777944931109E+05
   6.7000000000000000E+03   5.1264320812117046E+02   6.5314513718263413E+02   2.3831019312736512E+03   7.0365253478196559E+00   5.2475677489125030E+05
   6.8000000000000000E+03   5.1991168011902823E+02   6.6580889159604396E+02   2.3726417795340844E+03   7.0365848634578549E+00   5.3430796567927813E+05
   6.9000000000000000E+03   5.2742914840836261E+02   6.7858223828523057E+02   2.3678249141673168E+03   7.0366719782313742E+00   5.4397758702713973E+05
   7.0000000000000000E+03   5.3566753264604301E+02   6.9146452359302657E+02   2.3774213674729481E+03   7.0367862478284904E+00   5.5377213486829202E+05
   7.1000000000000000E+03   5.4347358854663241E+02   7.0445500356908337E+02   2.3782415423912548E+03   7.0369272683748409E+00   5.6369833965726639E+05
   7.2000000000000000E+03   5.5097530094145327E+02   7.1755283988407120E+02   2.3733925618429903E+03   7.0370946803717738E+00   5.7376314439289668E+05
   7.3000000000000000E+03   5.5890035621271272E+02   7.3075709622952149E+02   2.3765166344229547E+03   7.0372881713034001E+00   5.8397367228849023E+05
   7.4000000000000000E+03   5.6662231646318230E+02   7.4406673506426375E+02   2.3759824081766901E+03   7.0375074781327376E+00   5.9433719676614820E+05
   7.5000000000000000E+03   5.7386111000276446E+02   7.5748061480924741E+02   2.3673338345952438E+03   7.0377523892431597E+00   6.0486111509500851E+05
   7.6000000000000000E+03   5.8139134799868737E+02   7.7099748744886790E+02   2.3641179016214151E+03   7.0380227462688794E+00   6.1555291531222779E+05
   7.7000000000000000E+03   5.8882018223217585E+02   7.8461599671199031E+02   2.3595894293943857E+03   7.0383184448715301E+00   6.2642014181164280E+05
   7.8000000000000000E+03   5.9669999238733203E+02   7.9833467664596492E+02   2.3625215930914178E+03   7.0386394357386077E+00   6.3747036775397719E+05
   7.9000000000000000E+03   6.0422001558878503E+02   8.1215195074541805E+02   2.3599956590131551E+03   7.0389857248608321E+00   6.4871116103935824E+05
   8.0000000000000000E+03   6.1215628970955368E+02   8.2606613152439024E+02   2.3639939791382781E+03   7.0393573738094890E+00   6.6015005273768248E+05
   8.1000000000000000E+03   6.2008229077389524E+02   8.4007542061518348E+02   2.3678734495650669E+03   7.0397544995145571E+00   6.7179450522431743E+05
   8.2000000000000000E+03   6.2753696037813665E+02   8.5417790932672960E+02   2.3650986784503366E+03   7.0401772739318824E+00   6.8365188354908105E+05
   8.3000000000000000E+03   6.3540590292237641E+02   8.6837157975191508E+02   2.3684537362477035E+03   7.0406259230447299E+00   6.9572941786729894E+05
   8.4000000000000000E+03   6.4303452129762627E+02   8.8265430616361664E+02   2.3686574526916979E+03   7.0411007266419023E+00   7.0803418606250524E+05
   8.5000000000000000E+03   6.5181401258702704E+02   8.9702385710259944E+02   2.3844585882733822E+03   7.0416020164872473E+00   7.2057307295286038E+05
   8.6000000000000000E+03   6.5992109245582776E+02   9.1147789768757332E+02   2.3911239031565547E+03   7.0421301754876069E+00   7.3335274707382487E+05
   8.7000000000000000E+03   6.6788911591383385E+02   9.2601399240992271E+02   2.3960289109286005E+03   7.0426856362506101E+00   7.4637963962948823E+05
   8.8000000000000000E+03   6.7550492461919248E+02   9.4062960838952222E+02   2.3966079795881024E+03   7.0432688790877629E+00   7.5965990885164356E+05
   8.9000000000000000E+03   6.8426929800494247E+02   9.5532211883775517E+02   2.4116981834655394E+03   7.0438804307386604E+00   7.7319942638034234E+05
   9.0000000000000000E+03   6.9276746205329141E+02   9.7008880699838687E+02   2.4233474019954374E+03   7.0445208622076487E+00   7.8700374724970479E+05
   9.1000000000000000E+03   7.0033481248879104E+02   9.8492687035213805E+02   2.4237449921896559E+03   7.0451907867669323E+00   8.0107809394099552E+05
   9.2000000000000000E+03   7.0802355866389507E+02   9.9983342510023692E+02   2.4259139293530711E+03   7.0458908579042099E+00   8.1542733222907991E+05
   9.3000000000000000E+03   7.1706304380330675E+02   1.0148055109126350E+03   2.4439897189949293E+03   7.0466217671593245E+00   8.3005595684242772E+05
   9.4000000000000000E+03   7.2450305653472765E+02   1.0298400959269725E+03   2.4436023180359011E+03   7.0473842417945747E+00   8.4496807645788323E+05
   9.5000000000000000E+03   7.3300542237104492E+02   1.0449340819631514E+03   2.4555048872421153E+03   7.0481790423540289E+00   8.6016739723677398E+05
   9.6000000000000000E+03   7.4107138391581020E+02   1.0600843098408279E+03   2.4625903301041471E+03   7.0490069605556878E+00   8.7565720985853113E+05
   9.7000000000000000E+03   7.4927174605827770E+02   1.0752875649915834E+03   2.4712990736833503E+03   7.0498688164070646E+00   8.9144037702217407E+05
   9.8000000000000000E+03   7.5722153820912183E+02   1.0905405830810496E+03   2.4774486501885831E+03   7.0507654558754567E+00   9.0751932223118446E+05
   9.9000000000000000E+03   7.6514870353567778E+02   1.1058400556776139E+03   2.4835737085778428E+03   7.0516977487801054E+00   9.2389604193377821E+05
   1.0000000000000000E+04   7.7420996178839619E+02   1.1211826362455972E+03   2.5017265907854321E+03   7.0526665854085309E+00   9.4057206007395161E+05
   1.0100000000000000E+04   7.8181898251075609E+02   1.1365649458724415E+03   2.5048573946235838E+03   7.0536728746860655E+00   9.5754846495477727E+05
   1.0200000000000000E+04   7.9088549290563344E+02   1.1519835792176134E+03   2.5231014380994548E+03   7.0547175413468812E+00   9.7482588092728483E+05
   1.0300000000000000E+04   7.9888087605663941E+02   1.1674351104174914E+03   2.5305409538083195E+03   7.0558015233269122E+00   9.9240447706264828E+05
   1.0400000000000000E+04   8.0787983787871156E+02   1.1829160989460545E+03   2.5481644455415890E+03   7.0569257692677425E+00   1.0102839665052975E+06
   1.0500000000000000E+04   8.1553193345834495E+02   1.1984230954102543E+03   2.5525590591297414E+03   7.0580912361313946E+00   1.0284635996008166E+06
   1.0600000000000000E+04   8.2447319558680022E+02   1.2139526473298688E+03   2.5697669388098216E+03   7.0592988865932611E+00   1.0469421906486982E+06
   1.0700000000000000E+04   8.3246299178763286E+02   1.2295013048151304E+03   2.5778729685019503E+03   7.0605496865459765E+00   1.0657180924950091E+06
   1.0800000000000000E+04   8.4150317954196294E+02   1.2450656261125782E+03   2.5961946955557673E+03   7.0618446027696891E+00   1.0847892245918068E+06
   1.0900000000000000E+04   8.4966514581176239E+02   1.2606421830139934E+03   2.6062860629363377E+03   7.0631846007132761E+00   1.1041530736989419E+06
   1.1000000000000000E+04   8.5792769572263387E+02   1.2762275661840308E+03   2.6175264502622299E+03   7.0645706420536740E+00   1.1238067099391215E+06
   1.1100000000000000E+04   8.6611781029795702E+02   1.2918183903231104E+03   2.6282954922522622E+03   7.0660036823661718E+00   1.1437467768317873E+06
   1.1200000000000000E+04   8.7522951208667450E+02   1.3074112991169479E+03   2.6476936043178903E+03   7.0674846690720168E+00   1.1639695224588886E+06
   1.1300000000000000E+04   8.8355282151166796E+02   1.3230029699960944E+03   2.6600127705948230E+03   7.0690145394969770E+00   1.1844708057336793E+06
   1.1400000000000000E+04   8.9190377929908698E+02   1.3385901187906250E+03   2.6727783689126886E+03   7.0705942185971073E+00   1.2052461045893715E+06
   1.1500000000000000E+04   9.0136373841594923E+02   1.3541695041050705E+03   2.6956354780761208E+03   7.0722246171282261E+00   1.2262905440721207E+06
   1.1600000000000000E+04   9.0995998419526200E+02   1.3697379315121896E+03   2.7108884055531435E+03   7.0739066297599624E+00   1.2475988864428445E+06
   1.1700000000000000E+04   9.1814458445702439E+02   1.3852922574874397E+03   2.7226906126952431E+03   7.0756411334671458E+00   1.2691655756548606E+06
   1.1800000000000000E+04   9.2620905711950502E+02   1.4008293932221188E+03   2.7336815824955161E+03   7.0774289855328689E+00   1.2909847307735649E+06
   1.1900000000000000E+04   9.3560653332007189E+02   1.4163463080955100E+03   2.7564660317880289E+03   7.0792710221617767E+00   1.3130501716407966E+06
   1.2000000000000000E+04   9.4322732039850052E+02   1.4318400329459676E+03   2.7640513699973048E+03   7.0811680570378481E+00   1.3353554331685128E+06
   1.2100000000000000E+04   9.5149544983671535E+02   1.4473076631269023E+03   2.7774762683650765E+03   7.0831208798821716E+00   1.3578938020592628E+06
   1.2200000000000000E+04   9.6100488059489226E+02   1.4627463613703815E+03   2.8016547289984951E+03   7.0851302548998154E+00   1.3806582995066172E+06
   1.2300000000000000E+04   9.6867859176203115E+02   1.4781533602899533E+03   2.8104542244382264E+03   7.0871969198923006E+00   1.4036417246259409E+06
   1.2400000000000000E+04   9.7872326475364230E+02   1.4935259647392359E+03   2.8394346188254722E+03   7.0893215850372773E+00   1.4268366621802854E+06
   1.2500000000000000E+04   9.8690922670232987E+02   1.5088615539077939E+03   2.8529605325082425E+03   7.0915049318900643E+00   1.4502355143368824E+06
   1.2600000000000000E+04   9.9544038206164828E+02   1.5241575832283115E+03   2.8696021306344660E+03   7.0937476122742638E+00   1.4738305033083160E+06
   1.2700000000000000E+04   1.0037693630954219E+03   1.5394115859664198E+03   2.8847878699797161E+03   7.0960502476715845E+00   1.4976136939146416E+06
   1.2800000000000000E+04   1.0143226142234670E+03   1.5546211746406793E+03   2.9185482426068966E+03   7.0984134284452809E+00   1.5215770173015858E+06
   1.2900000000000000E+04   1.0225694073709629E+03   1.5697840422170907E+03   2.9334250868522513E+03   7.1008377131745037E+00   1.5457122853567197E+06
   1.3000000000000000E+04   1.0313529176663033E+03   1.5848979630831150E+03   2.9529469226814758E+03   7.1033236280996181E+00   1.5700112093425919E+06
   1.3100000000000000E+04   1.0396511017165535E+03   1.5999607938067766E+03   2.9687171674279371E+03   7.1058716666784347E+00   1.5944654184007763E+06
   1.3200000000000000E+04   1.0481094193504982E+03   1.6149704737340048E+03   2.9860329130114901E+03   7.1084822890315156E+00   1.6190664546328245E+06
   1.3300000000000000E+04   1.0574148359602564E+03   1.6299250252302190E+03   3.0104388279605319E+03   7.1111559222195329E+00   1.6438058532940934E+06
   1.3400000000000000E+04   1.0652120891685865E+03   1.6448225540092958E+03   3.0228661753879255E+03   7.1138929593002658E+00   1.6686750681651928E+06
   1.3500000000000000E+04   1.0753881640014840E+03   1.6596612490029040E+03   3.0547018324920873E+03   7.1166937597723736E+00   1.6936655764057010E+06
   1.3600000000000000E+04   1.0820885184510657E+03   1.6744393822485818E+03   3.0588148698857076E+03   7.1195586491871055E+00   1.7187688152620434E+06
   1.3700000000000000E+04   1.0915219262040200E+03   1.6891553084987959E+03   3.0850854564227516E+03   7.1224879193701751E+00   1.7439762742068758E+06
   1.3800000000000000E+04   1.0997615511466763E+03   1.7038074647343735E+03   3.1020521753757707E+03   7.1254818284217611E+00   1.7692794238442266E+06
   1.3900000000000000E+04   1.1078343483995097E+03   1.7183943694626257E+03   3.1179511283301354E+03   7.1285406011047971E+00   1.7946698262394490E+06
   1.4000000000000000E+04   1.1161577732784804E+03   1.7329146220037273E+03   3.1360918484734175E+03   7.1316644286785564E+00   1.8201390428109050E+06
   1.4100000000000000E+04   1.1240052732629183E+03   1.7473669014860948E+03   3.1507387087552424E+03   7.1348534695643044E+00   1.8456787490111103E+06
   1.4200000000000000E+04   1.1327060485481895E+03   1.7617499658233132E+03   3.1723458211977995E+03   7.1381078495671488E+00   1.8712806734278062E+06
   1.4300000000000000E+04   1.1401783329754567E+03   1.7760626505872644E+03   3.1845857746766910E+03   7.1414276620979518E+00   1.8969366224177228E+06
   1.4400000000000000E+04   1.1484167203422533E+03   1.7903038676516719E+03   3.2030784612571333E+03   7.1448129690608084E+00   1.9226385242597226E+06
   1.4500000000000000E+04   1.1567683036288611E+03   1.8044726039060295E+03   3.2227000995236585E+03   7.1482638009640231E+00   1.9483784077093790E+06
   1.4600000000000000E+04   1.1631738022709517E+03   1.8185679197774170E+03   3.2275397435415734E+03   7.1517801575857183E+00   1.9741484011452382E+06
   1.4700000000000000E+04   1.1729335555934151E+03   1.8325889476594211E+03   3.2585272494888918E+03   7.1553620087504060E+00   1.9999407863684900E+06
   1.4800000000000000E+04   1.1799704577389389E+03   1.8465348903534359E+03   3.2687862015904957E+03   7.1590092947173067E+00   2.0257479819870065E+06
   1.4900000000000000E+04   1.1878021898685736E+03   1.8604050193861426E+03   3.2854354146180767E+03   7.1627219269014173E+00   2.0515625211940152E+06
   1.5000000000000000E+04   1.1962787275256135E+03   1.8741986732662067E+03   3.3072695648978856E+03   7.1664997886501141E+00   2.0773770858623136E+06
   1.5100000000000000E+04   1.2049772945126913E+03   1.8879152557188991E+03   3.3310419779381805E+03   7.1703427359087737E+00   2.1031845238833772E+06
   1.5200000000000000E+04   1.2121505179249373E+03   1.9015542338722994E+03   3.3434254793408395E+03   7.1742505979418798E+00   2.1289778349084915E+06
   1.5300000000000000E+04   1.2207824264945566E+03   1.9151151363706290E+03   3.3671737913834922E+03   7.1782231782760082E+00   2.1547501968238382E+06
   1.5400000000000000E+04   1.2288384418060034E+03   1.9285975515563318E+03   3.3867866485810250E+03   7.1822602551435883E+00   2.1804949493413116E+06
   1.5500000000000000E+04   1.2373171662963375E+03   1.9420011255071856E+03   3.4098567139909692E+03   7.1863615825922853E+00   2.2062055613682424E+06
   1.5600000000000000E+04   1.2443829494422782E+03   1.9553255601227152E+03   3.4224616038931890E+03   7.1905268912615963E+00   2.2318757501441548E+06
   1.5700000000000000E+04   1.2514646033554136E+03   1.9685706112310588E+03   3.4354703657546524E+03   7.1947558889929724E+00   2.2574993445876022E+06
   1.5800000000000000E+04   1.2610280904258575E+03   1.9817360866104032E+03   3.4674582303183211E+03   7.1990482618838048E+00   2.2830703680847725E+06
   1.5900000000000000E+04   1.2677320599346149E+03   1.9948218440619487E+03   3.4781118656624390E+03   7.2034036750639387E+00   2.3085830685500968E+06
   1.6000000000000000E+04   1.2760006313012625E+03   2.0078277894868204E+03   3.5008123137728621E+03   7.2078217734722907E+00   2.3340317911620741E+06
   1.6100000000000000E+04   1.2831565992099377E+03   2.0207538749518060E+03   3.5153921459586545E+03   7.2123021827443381E+00   2.3594111331793419E+06
   1.6200000000000000E+04   1.2915116849657568E+03   2.0336000967585203E+03   3.5392255771332270E+03   7.2168445101551137E+00   2.3847158264990118E+06
   1.6300000000000000E+04   1.2985779790492936E+03   2.0463664935856016E+03   3.5536336998735160E+03   7.2214483452293736E+00   2.4099408180304198E+06
   1.6400000000000000E+04   1.3051494526302120E+03   2.0590531445827355E+03   3.5646092641205805E+03   7.2261132607400373E+00   2.4350812289047358E+06
   1.6500000000000000E+04   1.3133704016492206E+03   2.0716601674977223E+03   3.5881496346223585E+03   7.2308388136511956E+00   2.4601323525162200E+06
   1.6600000000000000E+04   1.3192828644285487E+03   2.0841877169286367E+03   3.5947387864114671E+03   7.2356245454508832E+00   2.4850896370410379E+06
   1.6700000000000000E+04   1.3275996591854725E+03   2.0966359824284305E+03   3.6194561057535466E+03   7.2404699835378912E+00   2.5099487279552752E+06
   1.6800000000000000E+04   1.3343693455068917E+03   2.1090051867950410E+03   3.6329223627125134E+03   7.2453746416654488E+00   2.5347054524584175E+06
   1.6900000000000000E+04   1.3421432445324697E+03   2.1212955843019754E+03   3.6540768638000859E+03   7.2503380209397221E+00   2.5593558177391612E+06
   1.7000000000000000E+04   1.3494840190524933E+03   2.1335074590329777E+03   3.6722552843138988E+03   7.2553596103744962E+00   2.5838959923619339E+06
   1.7100000000000000E+04   1.3561758279178503E+03   2.1456411231981683E+03   3.6858702264228687E+03   7.2604388877786965E+00   2.6083223022538726E+06
   1.7200000000000000E+04   1.3629090064394225E+03   2.1576969155127899E+03   3.7000368598303385E+03   7.2655753204774820E+00   2.6326312613646057E+06
   1.7300000000000000E+04   1.3701887892120544E+03   2.1696751996129583E+03   3.7184680015390804E+03   7.2707683660333640E+00   2.6568194994351803E+06
   1.7400000000000000E+04   1.3773228586776022E+03   2.1815763625015575E+03   3.7360545869400939E+03   7.2760174730227600E+00   2.6808838626732090E+06
   1.7500000000000000E+04   1.3842712409275662E+03   2.1934008130817524E+03   3.7525036407860089E+03   7.2813220814797859E+00   2.7048213048479115E+06
   1.7600000000000000E+04   1.3909125878219143E+03   2.2051489806254185E+03   3.7669275191863617E+03   7.2866816240610808E+00   2.7286290105110952E+06
   1.7700000000000000E+04   1.3963587911269101E+03   2.2168213134268385E+03   3.7728450053803754E+03   7.2920955262122353E+00   2.7523042256130977E+06
   1.7800000000000000E+04   1.4020216622225118E+03   2.2284182774149299E+03   3.7806189425169023E+03   7.2975632068889009E+00   2.7758443623590367E+06
   1.7900000000000000E+04   1.4099702970135991E+03   2.2399403547703087E+03   3.8052569942637861E+03   7.3030840795552265E+00   2.7992470169136478E+06
   1.8000000000000000E+04   1.4157315652962545E+03   2.2513880426983578E+03   3.8142002173997571E+03   7.3086575523502821E+00   2.8225099081811989E+06
   1.8100000000000000E+04   1.4230361068283014E+03   2.2627618521584632E+03   3.8345755559860163E+03   7.3142830288646241E+00   2.8456308924511964E+06
   1.8200000000000000E+04   1.4266589213092952E+03   2.2740623066581293E+03   3.8285323536576288E+03   7.3199599087504748E+00   2.8686079380052709E+06
   1.8300000000000000E+04   1.4323876915764051E+03   2.2852899411303124E+03   3.8379793054485672E+03   7.3256875879990480E+00   2.8914391190125798E+06
   1.8400000000000000E+04   1.4400414261870296E+03   2.2964453007591114E+03   3.8614682444285359E+03   7.3314654599390243E+00   2.9141227618284188E+06
   1.8500000000000000E+04   1.4461941590990452E+03   2.3075289399726480E+03   3.8743760835430203E+03   7.3372929152365378E+00   2.9366571409310759E+06
   1.8600000000000000E+04   1.4508597479937739E+03   2.3185414213704294E+03   3.8768577527191683E+03   7.3431693427272275E+00   2.9590407528092088E+06
   1.8700000000000000E+04   1.4574987399043894E+03   2.3294833147527452E+03   3.8936686425569824E+03   7.3490941297490489E+00   2.9812722059161151E+06
   1.8800000000000000E+04   1.4633436286859794E+03   2.3403551961744138E+03   3.9050156145507372E+03   7.3550666625860419E+00   3.0033502159607322E+06
   1.8900000000000000E+04   1.4697755100052857E+03   2.3511576470304944E+03   3.9207442318158028E+03   7.3610863269675431E+00   3.0252735773967891E+06
   1.9000000000000000E+04   1.4749870351800855E+03   2.3618912532047148E+03   3.9279991076617630E+03   7.3671525083455469E+00   3.0470411567894542E+06
   1.9100000000000000E+04   1.4803355711805464E+03   2.3725566042173518E+03   3.9364460215738795E+03   7.3732645925048512E+00   3.0686520329446215E+06
   1.9200000000000000E+04   1.4874848402389077E+03   2.3831542924586065E+03   3.9578282738093535E+03   7.3794219657295059E+00   3.0901053027296606E+06
   1.9300000000000000E+04   1.4925225172460387E+03   2.3936849124204282E+03   3.9644670595561633E+03   7.3856240153019863E+00   3.1114001209412511E+06
   1.9400000000000000E+04   1.4997734145147592E+03   2.4041490599925314E+03   3.9869260773852488E+03   7.3918701297251213E+00   3.1325358474771725E+06
   1.9500000000000000E+04   1.5048063120942027E+03   2.4145473317634583E+03   3.9939125389870087E+03   7.3981596992212824E+00   3.1535117917124960E+06
   1.9600000000000000E+04   1.5101106081207499E+03   2.4248803243886509E+03   4.0030156619331883E+03   7.4044921158988251E+00   3.1743274887106959E+06
   1.9700000000000000E+04   1.5148334996790750E+03   2.4351486339731478E+03   4.0082408622670200E+03   7.4108667740848713E+00   3.1949824647133802E+06
   1.9800000000000000E+04   1.5206363316571033E+03   2.4453528555010930E+03   4.0212241264369973E+03   7.4172830704917505E+00   3.2154763081846405E+06
   1.9900000000000000E+04   1.5266917919503885E+03   2.4554935822548391E+03   4.0361484402248088E+03   7.4237404048271483E+00   3.2358087200262374E+06
   2.0000000000000000E+04   1.5330651636732748E+03   2.4655714053350998E+03   4.0534652329319010E+03   7.4302381796277013E+00   3.2559795129158557E+06
   2.0100000000000000E+04   1.5381497531550262E+03   2.4755869131482027E+03   4.0619505625320403E+03   7.4367758007582205E+00   3.2759884968953202E+06
   2.0200000000000000E+04   1.5436271576097113E+03   2.4855406909608118E+03   4.0733549057957525E+03   7.4433526774671694E+00   3.2958355283694239E+06
   2.0300000000000000E+04   1.5501251447080404E+03   2.4954333204484624E+03   4.0920347842539350E+03   7.4499682228304120E+00   3.3155206219329457E+06
   2.0400000000000000E+04   1.5538393144941699E+03   2.5052653793201589E+03   4.0915211213398725E+03   7.4566218535848119E+00   3.3350437765100002E+06
   2.0500000000000000E+04   1.5588827910679629E+03   2.5150374409010419E+03   4.1004335294470320E+03   7.4633129907938578E+00   3.3544051162975091E+06
   2.0600000000000000E+04   1.5636628938557640E+03   2.5247500738260710E+03   4.1077002055353578E+03   7.4700410594039184E+00   3.3736047104559569E+06
   2.0700000000000000E+04   1.5692227700241608E+03   2.5344038416593517E+03   4.1205161742663813E+03   7.4768054890762778E+00   3.3926427774479175E+06
   2.0800000000000000E+04   1.5733477956642002E+03   2.5439993026278221E+03   4.1236176591139383E+03   7.4836057137988456E+00   3.4115195642441465E+06
   2.0900000000000000E+04   1.5783140962339796E+03   2.5535370093184774E+03   4.1326792090182471E+03   7.4904411722744646E+00   3.4302353733378109E+06
   2.1000000000000000E+04   1.5835417091780125E+03   2.5630175084209291E+03   4.1436910734039266E+03   7.4973113079763518E+00   3.4487904965988514E+06
   2.1100000000000000E+04   1.5879542847428231E+03   2.5724413404856846E+03   4.1492869053432796E+03   7.5042155692590535E+00   3.4671853058792274E+06
   2.1200000000000000E+04   1.5943621197010075E+03   2.5818090396951270E+03   4.1686681580981176E+03   7.5111534095803298E+00   3.4854202199845389E+06
   2.1300000000000000E+04   1.5986057523101583E+03   2.5911211336702063E+03   4.1734175882912377E+03   7.5181242874456666E+00   3.5034957355740787E+06
   2.1400000000000000E+04   1.6018794455405548E+03   2.6003781432868354E+03   4.1717553640941751E+03   7.5251276664637672E+00   3.5214122931231381E+06
   2.1500000000000000E+04   1.6065949542270157E+03   2.6095805824915215E+03   4.1800588944969668E+03   7.5321630157348105E+00   3.5391704380532200E+06
   2.1600000000000000E+04   1.6104273822974005E+03   2.6187289581733503E+03   4.1825510561101755E+03   7.5392298095176757E+00   3.5567707542826259E+06
   2.1700000000000000E+04   1.6163497551135733E+03   2.6278237700171203E+03   4.1992994823043809E+03   7.5463275275072377E+00   3.5742137928202213E+06
   2.1800000000000000E+04   1.6190303222561088E+03   2.6368655103817764E+03   4.1943580520939222E+03   7.5534556549453606E+00   3.5915002410519812E+06
   2.1900000000000000E+04   1.6251110352771591E+03   2.6458546642057909E+03   4.2124265982962170E+03   7.5606136824544432E+00   3.6086306433551172E+06
   2.2000000000000000E+04   1.6289136746626148E+03   2.6547917089050957E+03   4.2153417596173049E+03   7.5678011063147910E+00   3.6256057475814312E+06
   2.2100000000000000E+04   1.6342556694762375E+03   2.6636771143021324E+03   4.2287145343456541E+03   7.5750174283536813E+00   3.6424262233832320E+06
   2.2200000000000000E+04   1.6378157568231750E+03   2.6725113425572063E+03   4.2303081674245977E+03   7.5822621560562808E+00   3.6590928375836886E+06
   2.2300000000000000E+04   1.6419091609122625E+03   2.6812948481183907E+03   4.2356197785118802E+03   7.5895348025101992E+00   3.6756063824314624E+06
   2.2400000000000000E+04   1.6477333187092049E+03   2.6900280776816030E+03   4.2525867598425002E+03   7.5968348863499946E+00   3.6919674496392258E+06
   2.2500000000000000E+04   1.6497326841126276E+03   2.6987114701485780E+03   4.2442731698304960E+03   7.6041619320900287E+00   3.7081769836062980E+06
   2.2600000000000000E+04   1.6558343627897129E+03   2.7073454566162332E+03   4.2633079815583606E+03   7.6115154698470704E+00   3.7242357631868329E+06
   2.2700000000000000E+04   1.6595479570819666E+03   2.7159304603661712E+03   4.2666523092391308E+03   7.6188950352848739E+00   3.7401445446948060E+06
   2.2800000000000000E+04   1.6642437658980311E+03   2.7244668968531746E+03   4.2766252839613653E+03   7.6263001699469566E+00   3.7559042920224550E+06
   2.2900000000000000E+04   1.6689312354341937E+03   2.7329551737210991E+03   4.2866650742915508E+03   7.6337304209237997E+00   3.7715157524109115E+06
   2.3000000000000000E+04   1.6705234961457259E+03   2.7413956908150353E+03   4.2764822324603829E+03   7.6411853409083363E+00   3.7869798008974907E+06
   2.3100000000000000E+04   1.6758526524018150E+03   2.7497888401980044E+03   4.2909820655613148E+03   7.6486644884732566E+00   3.8022973644669452E+06
   2.3200000000000000E+04   1.6797953528925675E+03   2.7581350061907083E+03   4.2965148799628696E+03   7.6561674275718179E+00   3.8174693014228474E+06
   2.3300000000000000E+04   1.6822359035422164E+03   2.7664345653999208E+03   4.2923826734318018E+03   7.6636937279261161E+00   3.8324965596289835E+06
   2.3400000000000000E+04   1.6869840447430174E+03   2.7746878867667601E+03   4.3034271032896377E+03   7.6712429646942706E+00   3.8473800142274820E+06
   2.3500000000000000E+04   1.6896623769659896E+03   2.7828953316112493E+03   4.3011450769736530E+03   7.6788147187477618E+00   3.8621205458109397E+06
   2.3600000000000000E+04   1.6954351761638461E+03   2.7910572536904574E+03   4.3190592300556536E+03   7.6864085763941157E+00   3.8767191655160403E+06
   2.3700000000000000E+04   1.6982316086428486E+03   2.7991739992567068E+03   4.3177970111391933E+03   7.6940241294878087E+00   3.8911768075464438E+06
   2.3800000000000000E+04   1.7004353480495979E+03   2.8072459071232183E+03   4.3128791390780016E+03   7.7016609753193341E+00   3.9054944099165713E+06
   2.3900000000000000E+04   1.7045916754100804E+03   2.8152733087333550E+03   4.3206723709946373E+03   7.7093187165597481E+00   3.9196728270811765E+06
   2.4000000000000000E+04   1.7071015202178437E+03   2.8232565282339256E+03   4.3180252533917264E+03   7.7169969613716001E+00   3.9337131736613363E+06
   2.4100000000000000E+04   1.7106335797128170E+03   2.8311958825533934E+03   4.3220611073238433E+03   7.7246953231315834E+00   3.9476163076102748E+06
   2.4200000000000000E+04   1.7165022891968313E+03   2.8390916814829961E+03   4.3411307856568137E+03   7.7324134206524082E+00   3.9613832167788288E+06
   2.4300000000000000E+04   1.7192329082537624E+03   2.8469442277610369E+03   4.3402598871388700E+03   7.7401508778500050E+00   3.9750148450094396E+06
   2.4400000000000000E+04   1.7226289464791014E+03   2.8547538171621577E+03   4.3437625017001947E+03   7.7479073240763086E+00   3.9885122696329486E+06
   2.4500000000000000E+04   1.7268871472421949E+03   2.8625207385852209E+03   4.3528566871036755E+03   7.7556823935646060E+00   4.0018763427611808E+06
   2.4600000000000000E+04   1.7292252954906514E+03   2.8702452741495581E+03   4.3498806551621574E+03   7.7634757258732368E+00   4.0151080476639289E+06
   2.4700000000000000E+04   1.7358880477736263E+03   2.8779276992902323E+03   4.3744193022722948E+03   7.7712869656637764E+00   4.0282084575227844E+06
   2.4800000000000000E+04   1.7359463925810915E+03   2.8855682828518470E+03   4.3572516264311289E+03   7.7791157623681704E+00   4.0411784589846223E+06
   2.4900000000000000E+04   1.7408055746552795E+03   2.8931672871943783E+03   4.3705389437670883E+03   7.7869617706325167E+00   4.0540191195666101E+06
   2.5000000000000000E+04   1.7450840040611929E+03   2.9007249682894967E+03   4.3802607375753096E+03   7.7948246498732985E+00   4.0667313158510197E+06
   2.5100000000000000E+04   1.7489878724477055E+03   2.9082415758278785E+03   4.3877187810053265E+03   7.8027040644992640E+00   4.0793161070291894E+06
   2.5200000000000000E+04   1.7488329673731428E+03   2.9157173533171567E+03   4.3698439129407116E+03   7.8105996835231446E+00   4.0917744052334665E+06
   2.5300000000000000E+04   1.7535299941393600E+03   2.9231525381962665E+03   4.3824699508548138E+03   7.8185111809499324E+00   4.1041073084364627E+06
   2.5400000000000000E+04   1.7567289953031516E+03   2.9305473619324794E+03   4.3858382771767065E+03   7.8264382352776725E+00   4.1163156191748851E+06
   2.5500000000000000E+04   1.7585698391582132E+03   2.9379020501360897E+03   4.3808740977967982E+03   7.8343805297747773E+00   4.1284004231489780E+06
   2.5600000000000000E+04   1.7617192931761310E+03   2.9452168226645949E+03   4.3841623406833633E+03   7.8423377522581879E+00   4.1403627033318891E+06
   2.5700000000000000E+04   1.7659492483949707E+03   2.9524918937326242E+03   4.3942380504542598E+03   7.8503095950933428E+00   4.1522033357578288E+06
   2.5800000000000000E+04   1.7676565984849792E+03   2.9597274720191881E+03   4.3888177387649648E+03   7.8582957550832617E+00   4.1639233368944190E+06
   2.5900000000000000E+04   1.7716385713414218E+03   2.9669237607804162E+03   4.3975417910891883E+03   7.8662959335239853E+00   4.1755237166388920E+06
   2.6000000000000000E+04   1.7738210032838917E+03   2.9740809579555525E+03   4.3952872443631431E+03   7.8743098360382060E+00   4.1870054269069876E+06
   2.6100000000000000E+04   1.7788247464684832E+03   2.9811992562760765E+03   4.4104652651576316E+03   7.8823371725197742E+00   4.1983693593803952E+06
   2.6200000000000000E+04   1.7807667736230944E+03   2.9882788433769770E+03   4.4069353904604823E+03   7.8903776571336834E+00   4.2096164985161228E+06
   2.6300000000000000E+04   1.7827020523501935E+03   2.9953199019083927E+03   4.4035001946597949E+03   7.8984310083161082E+00   4.2207477684768736E+06
   2.6400000000000000E+04   1.7877190254684051E+03   3.0023226096404333E+03   4.4189802498458339E+03   7.9064969486079724E+00   4.2317642408349169E+06
   2.6500000000000000E+04   1.7899724859656865E+03   3.0092871395714742E+03   4.4176793629717386E+03   7.9145752045994726E+00   4.2426666641764631E+06
   2.6600000000000000E+04   1.7931810890100569E+03   3.0162136600385584E+03   4.4223002916812020E+03   7.9226655069301000E+00   4.2534560912198350E+06
   2.6700000000000000E+04   1.7951040290397198E+03   3.0231023348251515E+03   4.4192106421295302E+03   7.9307675902331569E+00   4.2641334609048236E+06
   2.6800000000000000E+04   1.7978950255925863E+03   3.0299533232683175E+03   4.4214937052561345E+03   7.9388811930802765E+00   4.2746996483994750E+06
   2.6900000000000000E+04   1.7986626232784013E+03   3.0367667803651534E+03   4.4116796411608912E+03   7.9470060579259796E+00   4.2851556800482804E+06
   2.7000000000000000E+04   1.8016028832587938E+03   3.0435428568698444E+03   4.4150729526124896E+03   7.9551419308857847E+00   4.2955023016343219E+06
   2.7100000000000000E+04   1.8052229334635358E+03   3.0502816994180789E+03   4.4226333952133164E+03   7.9632885620690095E+00   4.3057405187157486E+06
   2.7200000000000000E+04   1.8064588709022498E+03   3.0569834506113166E+03   4.4159986634112738E+03   7.9714457051350402E+00   4.3158712734885123E+06
   2.7300000000000000E+04   1.8088276215438900E+03   3.0636482491311440E+03   4.4162579526432382E+03   7.9796131174597189E+00   4.3258954426993057E+06
   2.7400000000000000E+04   1.8103053472436297E+03   3.0702762298384882E+03   4.4113221608303129E+03   7.9877905600244228E+00   4.3358139477098705E+06
   2.7500000000000000E+04   1.8125313629736349E+03   3.0768675238679962E+03   4.4109462809169290E+03   7.9959777972496440E+00   4.3456275306355171E+06
   2.7600000000000000E+04   1.8133618976458981E+03   3.0834222587473873E+03   4.4024367735691912E+03   8.0041745972723319E+00   4.3553373158477554E+06
   2.7700000000000000E+04   1.8178847263576881E+03   3.0899405584700930E+03   4.4158091215760169E+03   8.0123807314466813E+00   4.3649439663680550E+06
   2.7800000000000000E+04   1.8194306510993395E+03   3.0964225436195043E+03   4.4117164076101180E+03   8.0205959747324105E+00   4.3744485305624725E+06
   2.7900000000000000E+04   1.8250613962969026E+03   3.1028683314415234E+03   4.4317533844541085E+03   8.0288201052510075E+00   4.3838517613513907E+06
   2.8000000000000000E+04   1.8272899897365473E+03   3.1092780359568910E+03   4.4318296470567966E+03   8.0370529045076058E+00   4.3931545139210345E+06
   2.8100000000000000E+04   1.8274787227941847E+03   3.1156517680519200E+03   4.4200484823929564E+03   8.0452941572800594E+00   4.4023576905976254E+06
   2.8200000000000000E+04   1.8290829779990518E+03   3.1219896355712604E+03   4.4166978849313655E+03   8.0535436515634373E+00   4.4114621248704046E+06
   2.8300000000000000E+04   1.8343164364761965E+03   3.1282917434014666E+03   4.4346108710909757E+03   8.0618011784036483E+00   4.4204686978009278E+06
   2.8400000000000000E+04   1.8345392242334090E+03   3.1345581935762480E+03   4.4233738832785766E+03   8.0700665320638496E+00   4.4293782801120374E+06
   2.8500000000000000E+04   1.8372798936347720E+03   3.1407890853495392E+03   4.4269029120302139E+03   8.0783395097470887E+00   4.4381915527921403E+06
   2.8600000000000000E+04   1.8377048436487548E+03   3.1469845152984999E+03   4.4171072169512727E+03   8.0866199117626891E+00   4.4469094226083094E+06
   2.8700000000000000E+04   1.8411622062787005E+03   3.1531445774057479E+03   4.4249456049207156E+03   8.0949075414153526E+00   4.4555327265599910E+06
   2.8800000000000000E+04   1.8429095369811123E+03   3.1592693631311072E+03   4.4229909812996193E+03   8.1032022047832690E+00   4.4640622909205649E+06
   2.8900000000000000E+04   1.8464773674016737E+03   3.1653589615241249E+03   4.4316060730571608E+03   8.1115037110509078E+00   4.4724988699262841E+06
   2.9000000000000000E+04   1.8475359981386430E+03   3.1714134592717191E+03   4.4258631958059495E+03   8.1198118720098265E+00   4.4808433284665206E+06
   2.9100000000000000E+04   1.8504885754373438E+03   3.1774329408038170E+03   4.4310850625239818E+03   8.1281265023359897E+00   4.4890963981657261E+06
   2.9200000000000000E+04   1.8502634371320175E+03   3.1834174883680753E+03   4.4182148180046570E+03   8.1364474194788645E+00   4.4972587982458277E+06
   2.9300000000000000E+04   1.8532494024227817E+03   3.1893671821072617E+03   4.4237812820235840E+03   8.1447744436059111E+00   4.5053315474756276E+06
   2.9400000000000000E+04   1.8548023350452665E+03   3.1952821001303992E+03   4.4212653221765077E+03   8.1531073974916666E+00   4.5133151567659071E+06
   2.9500000000000000E+04   1.8571250635355736E+03   3.2011623185962544E+03   4.4232098120244073E+03   8.1614461065732087E+00   4.5212106249791272E+06
   2.9600000000000000E+04   1.8573287592877662E+03   3.2070079117816040E+03   4.4132474112898999E+03   8.1697903988392238E+00   4.5290185011744974E+06
   2.9700000000000000E+04   1.8598737837479814E+03   3.2128189521573113E+03   4.4166148640535221E+03   8.1781401048299944E+00   4.5367396376511306E+06
   2.9800000000000000E+04   1.8613737416895635E+03   3.2185955104682175E+03   4.4141711444082475E+03   8.1864950576928894E+00   4.5443748138382835E+06
   2.9900000000000000E+04   1.8632046423243835E+03   3.2243376557771285E+03   4.4136765689239783E+03   8.1948550928495170E+00   4.5519247346745310E+06
   3.0000000000000000E+04   1.8661203893089182E+03   3.2300454555662641E+03   4.4193437250676052E+03   8.2032200483285589E+00   4.5593901582169905E+06
   3.0100000000000000E+04   1.8633450078939304E+03   3.2357189757832957E+03   4.3933074668751797E+03   8.2115897644884281E+00   4.5667718323079981E+06
   3.0200000000000000E+04   1.8652733258010173E+03   3.2413582809051213E+03   4.3936379932873906E+03   8.2199640839617967E+00   4.5740703639432266E+06
   3.0300000000000000E+04   1.8675659775474626E+03   3.2469634340263865E+03   4.3960632312656480E+03   8.2283428518774571E+00   4.5812866096890448E+06
   3.0400000000000000E+04   1.8698634191007657E+03   3.2525344968898289E+03   4.3985842857309171E+03   8.2367259154720411E+00   4.5884211546657430E+06
   3.0500000000000000E+04   1.8719195835216440E+03   3.2580715299720187E+03   4.3998408090013008E+03   8.2451131243119402E+00   4.5954747698478401E+06
   3.0600000000000000E+04   1.8728112139795955E+03   3.2635745925422175E+03   4.3947512486911146E+03   8.2535043302377673E+00   4.6024482171207285E+06
   3.0700000000000000E+04   1.8749703855745051E+03   3.2690437427087281E+03   4.3967271703165952E+03   8.2618993871979871E+00   4.6093421155348495E+06
   3.0800000000000000E+04   1.8745627509188419E+03   3.2744790374796767E+03   4.3847024934638766E+03   8.2702981512489302E+00   4.6161571397436224E+06
   3.0900000000000000E+04   1.8783000739295499E+03   3.2798805328282551E+03   4.3954664237628622E+03   8.2787004806102047E+00   4.6228940214754427E+06
   3.1000000000000000E+04   1.8806663115468548E+03   3.2852482837458174E+03   4.3987861830770298E+03   8.2871062356093059E+00   4.6295532800300578E+06
   3.1100000000000000E+04   1.8814232302713033E+03   3.2905823442992191E+03   4.3933846803069455E+03   8.2955152786815454E+00   4.6361358984585460E+06
   3.1200000000000000E+04   1.8827845622869238E+03   3.2958827676524415E+03   4.3913700905439855E+03   8.3039274740372804E+00   4.6426421717351098E+06
   3.1300000000000000E+04   1.8849954615932759E+03   3.3011496061781595E+03   4.3940499340983133E+03   8.3123426882165816E+00   4.6490730652576489E+06
   3.1400000000000000E+04   1.8857132990568034E+03   3.3063829114423561E+03   4.3886982402696240E+03   8.3207607894236162E+00   4.6554289882798055E+06
   3.1500000000000000E+04   1.8857975591740724E+03   3.3115827343023420E+03   4.3800249478597179E+03   8.3291816479703886E+00   4.6617107518549198E+06
   3.1600000000000000E+04   1.8892892465237242E+03   3.3167491249226537E+03   4.3898245757784525E+03   8.3376051359439458E+00   4.6679188123736754E+06
   3.1700000000000000E+04   1.8895226174447178E+03   3.3218821328541653E+03   4.3821200997287306E+03   8.3460311274836911E+00   4.6740540329093533E+06
   3.1800000000000000E+04   1.8936743299411032E+03   3.3269818070347897E+03   4.3955816493316452E+03   8.3544594983376683E+00   4.6801168499388192E+06
   3.1900000000000000E+04   1.8932730922356434E+03   3.3320481958784226E+03   4.3846165917916896E+03   8.3628901262508037E+00   4.6861079692357536E+06
   3.2000000000000000E+04   1.8946850884010044E+03   3.3370813472971017E+03   4.3834821592950375E+03   8.3713228907430750E+00   4.6920280179595491E+06
   3.2100000000000000E+04   1.8927399097663849E+03   3.3420813087333645E+03   4.3645276946015319E+03   8.3797576729985366E+00   4.6978775432070326E+06
   3.2200000000000000E+04   1.8967510161634848E+03   3.3470481272160032E+03   4.3773905967707251E+03   8.3881943559762817E+00   4.7036571532803653E+06
   3.2300000000000000E+04   1.8946895727771503E+03   3.3519818493964690E+03   4.3580585446613104E+03   8.3966328243549366E+00   4.7093674475105656E+06
   3.2400000000000000E+04   1.8945756325399723E+03   3.3568825215903171E+03   4.3492018497119961E+03   8.4050729645327067E+00   4.7150090882521775E+06
   3.2500000000000000E+04   1.8989766752794071E+03   3.3617501898048522E+03   4.3642335161001338E+03   8.4135146645164234E+00   4.7205825856720433E+06
   3.2600000000000000E+04   1.8983623692597655E+03   3.3665848997781100E+03   4.3528810884005652E+03   8.4219578139215230E+00   4.7260885124099124E+06
   3.2700000000000000E+04   1.8980187753926753E+03   3.3713866970298213E+03   4.3430803373005710E+03   8.4304023040830014E+00   4.7315274322516490E+06
   3.2800000000000000E+04   1.9002518027542801E+03   3.3761556268728023E+03   4.3468589968426350E+03   8.4388480278335383E+00   4.7368999733065227E+06
   3.2900000000000000E+04   1.9016143749337123E+03   3.3808917344617162E+03   4.3461439336828180E+03   8.4472948796144305E+00   4.7422067560167322E+06
   3.3000000000000000E+04   1.8983447533579429E+03   3.3855950648083926E+03   4.3214155537849974E+03   8.4557427553091884E+00   4.7474481722661750E+06
   3.3100000000000000E+04   1.9007744650093794E+03   3.3902656628419822E+03   4.3263971018460252E+03   8.4641915524654063E+00   4.7526248987146923E+06
   3.3200000000000000E+04   1.8985581234862725E+03   3.3949035734090139E+03   4.3074423476751608E+03   8.4726411700174200E+00   4.7577373829357643E+06
   3.3300000000000000E+04   1.9045233242917550E+03   3.3995088413183880E+03   4.3307736467600616E+03   8.4810915083972578E+00   4.7627862117989250E+06
   3.3400000000000000E+04   1.9032661749039939E+03   3.4040815113656840E+03   4.3169023128940771E+03   8.4895424694791348E+00   4.7677718898773780E+06
   3.3500000000000000E+04   1.9058952543140481E+03   3.4086216283767735E+03   4.3231262173910218E+03   8.4979939566904346E+00   4.7726950633171909E+06
   3.3600000000000000E+04   1.9052624313609244E+03   3.4131292371962704E+03   4.3126534013772298E+03   8.5064458746788656E+00   4.7775561459864136E+06
   3.3700000000000000E+04   1.9085217974450809E+03   3.4176043827494523E+03   4.3222104098468635E+03   8.5148981295898167E+00   4.7823556177716404E+06
   3.3800000000000000E+04   1.9079811641767967E+03   3.4220471100560594E+03   4.3123626462128132E+03   8.5233506289554253E+00   4.7870941019135052E+06
   3.3900000000000000E+04   1.9089600095474191E+03   3.4264574642497746E+03   4.3103665534325610E+03   8.5318032816390801E+00   4.7917721392865172E+06
   3.4000000000000000E+04   1.9080312743959662E+03   3.4308354905896831E+03   4.2987413245512080E+03   8.5402559977245200E+00   4.7963901106762132E+06
   3.4100000000000000E+04   1.9092958336014003E+03   3.4351812345126673E+03   4.2983419428508951E+03   8.5487086887376904E+00   4.8009484641540591E+06
   3.4200000000000000E+04   1.9105009338343630E+03   3.4394947416435093E+03   4.2977008031470968E+03   8.5571612675357986E+00   4.8054479474263685E+06
   3.4300000000000000E+04   1.9114526101437370E+03   3.4437760577896206E+03   4.2958389395694385E+03   8.5656136480854617E+00   4.8098887636515489E+06
   3.4400000000000000E+04   1.9127394792858618E+03   3.4480252290054650E+03   4.2957306040891317E+03   8.5740657457954921E+00   4.8142715696232030E+06
   3.4500000000000000E+04   1.9119226113808188E+03   3.4522423015715312E+03   4.2850975407077658E+03   8.5825174771840924E+00   4.8185968616853673E+06
   3.4600000000000000E+04   1.9125686759415405E+03   3.4564273220289460E+03   4.2819040742715779E+03   8.5909687599898135E+00   4.8228649730997635E+06
   3.4700000000000000E+04   1.9131548212524528E+03   3.4605803372065234E+03   4.2784779546407635E+03   8.5994195132269908E+00   4.8270764629323417E+06
   3.4800000000000000E+04   1.9119142960907193E+03   3.4647013942328140E+03   4.2660144041929607E+03   8.6078696571303102E+00   4.8312318058537077E+06
   3.4900000000000000E+04   1.9149312026926477E+03   3.4687905405253991E+03   4.2748369044277952E+03   8.6163191129328904E+00   4.8353313908034479E+06
   3.5000000000000000E+04   1.9155488253897042E+03   3.4728478238592720E+03   4.2717612843060069E+03   8.6247678032546062E+00   4.8393758360961275E+06
   3.5100000000000000E+04   1.9155848054562521E+03   3.4768732923256393E+03   4.2658648323414081E+03   8.6332156516583112E+00   4.8433654379700385E+06
   3.5200000000000000E+04   1.9148362142560486E+03   3.4808669943845202E+03   4.2561680539314111E+03   8.6416625829271752E+00   4.8473006430273373E+06
   3.5300000000000000E+04   1.9156245168480361E+03   3.4848289788583697E+03   4.2541453268437353E+03   8.6501085228983232E+00   4.8511818911796659E+06
   3.5400000000000000E+04   1.9174798859199545E+03   3.4887592949691561E+03   4.2574387065681749E+03   8.6585533986291878E+00   4.8550097759224605E+06
   3.5500000000000000E+04   1.9171768968066813E+03   3.4926579923081931E+03   4.2501577647740496E+03   8.6669971380647155E+00   4.8587844842908084E+06
   3.5600000000000000E+04   1.9153719212656438E+03   3.4965251209017206E+03   4.2356085672890849E+03   8.6754396704256749E+00   4.8625067581307553E+06
   3.5700000000000000E+04   1.9182973005898718E+03   3.5003607311643477E+03   4.2442878154671189E+03   8.6838809257648517E+00   4.8661766897036731E+06
   3.5800000000000000E+04   1.9172396352747089E+03   3.5041648739637299E+03   4.2335477570769235E+03   8.6923208353553818E+00   4.8697949287439380E+06
   3.5900000000000000E+04   1.9182724695406462E+03   3.5079376005874492E+03   4.2330802837967349E+03   8.7007593313579150E+00   4.8733617146045640E+06
   3.6000000000000000E+04   1.9187458446954856E+03   3.5116789627843332E+03   4.2299449620528076E+03   8.7091963470424787E+00   4.8768776864407128E+06
   3.6100000000000000E+04   1.9203467534792092E+03   3.5153890127525406E+03   4.2323429605754345E+03   8.7176318166221041E+00   4.8803430706224721E+06
   3.6200000000000000E+04   1.9195071503791589E+03   3.5190678031419520E+03   4.2229569720491063E+03   8.7260656751973187E+00   4.8837582494779741E+06
   3.6300000000000000E+04   1.9204995758524883E+03   3.5227153871095729E+03   4.2225107000316748E+03   8.7344978590889912E+00   4.8871238462602142E+06
   3.6400000000000000E+04   1.9212798188907782E+03   3.5263318182522898E+03   4.2210907558232784E+03   8.7429283052836286E+00   4.8904399851741651E+06
   3.6500000000000000E+04   1.9235097379306849E+03   3.5299171506842385E+03   4.2267173069073278E+03   8.7513569519325944E+00   4.8937071956705758E+06
   3.6600000000000000E+04   1.9206498282422017E+03   3.5334714389912142E+03   4.2078809380818302E+03   8.7597837379638275E+00   4.8969257536994889E+06
   3.6700000000000000E+04   1.9208981112504302E+03   3.5369947382767336E+03   4.2040843342146918E+03   8.7682086033591826E+00   4.9000962615937833E+06
   3.6800000000000000E+04   1.9202446156216588E+03   3.5404871041383335E+03   4.1960393870572079E+03   8.7766314889325745E+00   4.9032189841523841E+06
   3.6900000000000000E+04   1.9192276821603864E+03   3.5439485926662819E+03   4.1863462205829655E+03   8.7850523362744877E+00   4.9062941792194070E+06
   3.7000000000000000E+04   1.9194645944389254E+03   3.5473792605042950E+03   4.1826939922116962E+03   8.7934710881402580E+00   4.9093224340657545E+06
   3.7100000000000000E+04   1.9211978543852381E+03   3.5507791647696345E+03   4.1861975645401035E+03   8.8018876878399350E+00   4.9123038269978864E+06
   3.7200000000000000E+04   1.9203768347144271E+03   3.5541483631442916E+03   4.1776368757508917E+03   8.8103020798484053E+00   4.9152391041041380E+06
   3.7300000000000000E+04   1.9229327933758689E+03   3.5574869137938390E+03   4.1851219014947210E+03   8.8187142091952868E+00   4.9181282472194610E+06
   3.7400000000000000E+04   1.9208908934554433E+03   3.5607948754503900E+03   4.1709139832654801E+03   8.8271240220195608E+00   4.9209719089005934E+06
   3.7500000000000000E+04   1.9208475418306718E+03   3.5640723073459785E+03   4.1662222199562648E+03   8.8355314650703711E+00   4.9237702281171894E+06
   3.7600000000000000E+04   1.9246021254631421E+03   3.5673192692556045E+03   4.1794597893855998E+03   8.8439364859844130E+00   4.9265235928414864E+06
   3.7700000000000000E+04   1.9240724459809749E+03   3.5705358215007259E+03   4.1725614390717301E+03   8.8523390332858654E+00   4.9292324720445406E+06
   3.7800000000000000E+04   1.9239024587083695E+03   3.5737220249285151E+03   4.1674209297035250E+03   8.8607390562200052E+00   4.9318972450111965E+06
   3.7900000000000000E+04   1.9263356593556639E+03   3.5768779409144031E+03   4.1745477251506973E+03   8.8691365047532447E+00   4.9345179415839324E+06
   3.8000000000000000E+04   1.9240348384926781E+03   3.5800036313962992E+03   4.1595299007169569E+03   8.8775313297949552E+00   4.9370951883595865E+06
   3.8100000000000000E+04   1.9264951491486818E+03   3.5830991588287361E+03   4.1668516483522508E+03   8.8859234828646763E+00   4.9396292635069620E+06
   3.8200000000000000E+04   1.9261878592096264E+03   3.5861645862164501E+03   4.1612792364583820E+03   8.8943129163140071E+00   4.9421204397903383E+06
   3.8300000000000000E+04   1.9275514499390295E+03   3.5891999770997359E+03   4.1635565565729385E+03   8.9026995832156377E+00   4.9445689845383372E+06
   3.8400000000000000E+04   1.9231505303039482E+03   3.5922053955554711E+03   4.1390800597691177E+03   8.9110834373633736E+00   4.9469753345066477E+06
   3.8500000000000000E+04   1.9230100751108075E+03   3.5951809062139919E+03   4.1344873238426280E+03   8.9194644333830464E+00   4.9493397477639746E+06
   3.8600000000000000E+04   1.9234924603658897E+03   3.5981265742192718E+03   4.1328247643466220E+03   8.9278425264552066E+00   4.9516625649769427E+06
   3.8700000000000000E+04   1.9246611261433407E+03   3.6010424652775064E+03   4.1343734177395936E+03   8.9362176726479117E+00   4.9539441224464634E+06
   3.8800000000000000E+04   1.9273928938040565E+03   3.6039286456004506E+03   4.1431782494733006E+03   8.9445898285284304E+00   4.9561846639910927E+06
   3.8900000000000000E+04   1.9267287533834619E+03   3.6067851819698753E+03   4.1363472078291106E+03   8.9529589516070391E+00   4.9583846052214690E+06
   3.9000000000000000E+04   1.9241975763544294E+03   3.6096121416558667E+03   4.1210080163935900E+03   8.9613249997822848E+00   4.9605440923563447E+06
   3.9100000000000000E+04   1.9273620103789531E+03   3.6124095924971748E+03   4.1318839232749278E+03   8.9696879318957041E+00   4.9626636213294510E+06
   3.9200000000000000E+04   1.9196019426299654E+03   3.6151776028351514E+03   4.0928294220234948E+03   8.9780477072880629E+00   4.9647432400649441E+06
   3.9300000000000000E+04   1.9241736393477549E+03   3.6179162415449655E+03   4.1101280987548589E+03   8.9864042860212230E+00   4.9667834364956347E+06
   3.9400000000000000E+04   1.9234875499276486E+03   3.6206255780259667E+03   4.1035131538983424E+03   8.9947576288226934E+00   4.9687844275640538E+06
   3.9500000000000000E+04   1.9233444894984291E+03   3.6233056821917921E+03   4.0994259442891671E+03   9.0031076970301402E+00   4.9707466048678327E+06
   3.9600000000000000E+04   1.9238811051853834E+03   3.6259566244766015E+03   4.0984723409671205E+03   9.0114544526468645E+00   4.9726700869019590E+06
   3.9700000000000000E+04   1.9244804472792639E+03   3.6285784758165469E+03   4.0978442620001879E+03   9.0197978582308771E+00   4.9745551669167960E+06
   3.9800000000000000E+04   1.9241492482233964E+03   3.6311713076802880E+03   4.0930434982582251E+03   9.0281378771167482E+00   4.9764024055289850E+06
   3.9900000000000000E+04   1.9239136349811711E+03   3.6337351920089982E+03   4.0887264832298856E+03   9.0364744730273436E+00   4.9782116369236568E+06
   4.0000000000000000E+04   1.9240060531548115E+03   3.6362702012794184E+03   4.0859384259320091E+03   9.0448076105175623E+00   4.9799835957049355E+06
   4.0100000000000000E+04   1.9237800125591029E+03   3.6387764084352048E+03   4.0817609538725628E+03   9.0531372545306130E+00   4.9817181062602168E+06
   4.0200000000000000E+04   1.9204024281278564E+03   3.6412538869498057E+03   4.0634958758819362E+03   9.0614633708417252E+00   4.9834158064498808E+06
   4.0300000000000000E+04   1.9203361008764348E+03   3.6437027107490735E+03   4.0601540126333757E+03   9.0697859255589588E+00   4.9850767848831331E+06
   4.0400000000000000E+04   1.9191801653082061E+03   3.6461229542656897E+03   4.0519969155005683E+03   9.0781048855114772E+00   4.9867013081340669E+06
   4.0500000000000000E+04   1.9215297466076595E+03   3.6485146924109358E+03   4.0595197598215263E+03   9.0864202180831324E+00   4.9882897310048360E+06
   4.0600000000000000E+04   1.9215503093780028E+03   3.6508780005627973E+03   4.0566896530040790E+03   9.0947318911570179E+00   4.9898421291888459E+06
   4.0700000000000000E+04   1.9230730489458247E+03   3.6532129545870630E+03   4.0605938006049978E+03   9.1030398732818600E+00   4.9913589423606750E+06
   4.0800000000000000E+04   1.9216276422125109E+03   3.6555196308086065E+03   4.0513178533686828E+03   9.1113441335055914E+00   4.9928403306899099E+06
   4.0900000000000000E+04   1.9225985713025455E+03   3.6577981059990657E+03   4.0528350037489581E+03   9.1196446413199226E+00   4.9942866354522444E+06
   4.1000000000000000E+04   1.9225438462848267E+03   3.6600484574059305E+03   4.0498330731621845E+03   9.1279413668821991E+00   4.9956979164350675E+06
   4.1100000000000000E+04   1.9219635730355876E+03   3.6622707627317382E+03   4.0445451482577569E+03   9.1362342809044534E+00   4.9970746939880950E+06
   4.1200000000000000E+04   1.9174823581126557E+03   3.6644651000964641E+03   4.0221045191181529E+03   9.1445233544315396E+00   4.9984169273996018E+06
   4.1300000000000000E+04   1.9193054907275894E+03   3.6666315480996341E+03   4.0275173789411483E+03   9.1528085592848871E+00   4.9997251313824048E+06
   4.1400000000000000E+04   1.9177211610021830E+03   3.6687701857409006E+03   4.0179790060983933E+03   9.1610898675632697E+00   5.0009993509542597E+06
   4.1500000000000000E+04   1.9177903879373478E+03   3.6708810924653503E+03   4.0157536950071408E+03   9.1693672519756326E+00   5.0022398140636785E+06
   4.1600000000000000E+04   1.9160624236965473E+03   3.6729643481505013E+03   4.0057039457427641E+03   9.1776406857856170E+00   5.0034468394653695E+06
   4.1700000000000000E+04   1.9157371324312405E+03   3.6750200330764746E+03   4.0018420785032140E+03   9.1859101426451435E+00   5.0046207434075791E+06
   4.1800000000000000E+04   1.9180642828113059E+03   3.6770482279378039E+03   4.0095959327672549E+03   9.1941755967053762E+00   5.0057615560831772E+06
   4.1900000000000000E+04   1.9182009821201407E+03   3.6790490138551868E+03   4.0078162933182884E+03   9.2024370227276346E+00   5.0068696817628779E+06
   4.2000000000000000E+04   1.9170918389832739E+03   3.6810224723287174E+03   4.0006437937026421E+03   9.2106943958060388E+00   5.0079452383282874E+06
   4.2100000000000000E+04   1.9160648907562193E+03   3.6829686852578602E+03   3.9938829796715481E+03   9.2189476915339608E+00   5.0089884347969126E+06
   4.2200000000000000E+04   1.9173500443953658E+03   3.6848877349279351E+03   3.9972101868035561E+03   9.2271968859485280E+00   5.0099995723564280E+06
   4.2300000000000000E+04   1.9160882655642727E+03   3.6867797040299965E+03   3.9895123312582414E+03   9.2354419556970200E+00   5.0109788543555327E+06
   4.2400000000000000E+04   1.9102967941158611E+03   3.6886446756137898E+03   3.9623327762632530E+03   9.2436828777595483E+00   5.0119264810441909E+06
   4.2500000000000000E+04   1.9107329081175312E+03   3.6904827330824055E+03   3.9620887756397183E+03   9.2519196294490271E+00   5.0128426495896820E+06
   4.2600000000000000E+04   1.9103577413106332E+03   3.6922939602454931E+03   3.9583921552286060E+03   9.2601521887994878E+00   5.0137276502230605E+06
   4.2700000000000000E+04   1.9096268397414910E+03   3.6940784412385628E+03   3.9532096771811184E+03   9.2683805340668322E+00   5.0145815783633972E+06
   4.2800000000000000E+04   1.9106380430017248E+03   3.6958362605593752E+03   3.9555301426363535E+03   9.2766046440061984E+00   5.0154047186215362E+06
   4.2900000000000000E+04   1.9102852957885877E+03   3.6975675030540970E+03   3.9520389128008928E+03   9.2848244978164747E+00   5.0161973533971542E+06
   4.3000000000000000E+04   1.9090124893644640E+03   3.6992722539034103E+03   3.9446548898336764E+03   9.2930400750848339E+00   5.0169594724313440E+06
   4.3100000000000000E+04   1.9061633699258430E+03   3.7009505986253466E+03   3.9306143659805880E+03   9.3012513558422132E+00   5.0176914491122644E+06
   4.3200000000000000E+04   1.9064634228428661E+03   3.7026026230697144E+03   3.9300275108482356E+03   9.3094583205633068E+00   5.0183934610530054E+06
   4.3300000000000000E+04   1.9063136991361359E+03   3.7042284134041183E+03   3.9275619211318540E+03   9.3176609501110832E+00   5.0190657803883366E+06
   4.3400000000000000E+04   1.9070674670527853E+03   3.7058280560999819E+03   3.9289631801546575E+03   9.3258592256813468E+00   5.0197083844696647E+06
   4.3500000000000000E+04   1.9064779104981303E+03   3.7074016379436448E+03   3.9246966544828229E+03   9.3340531289136539E+00   5.0203216373808971E+06
   4.3600000000000000E+04   1.9049926510941696E+03   3.7089492460390697E+03   3.9166801888609166E+03   9.3422426419467683E+00   5.0209057060090275E+06
   4.3700000000000000E+04   1.9042473761277327E+03   3.7104709677603332E+03   3.9118382891728679E+03   9.3504277471413584E+00   5.0214608526368588E+06
   4.3800000000000000E+04   1.9022617409803693E+03   3.7119668907877845E+03   3.9018138401622437E+03   9.3586084273573160E+00   5.0219871409334932E+06
   4.3900000000000000E+04   1.9001648518637523E+03   3.7134371030772509E+03   3.8913862262834245E+03   9.3667846657873373E+00   5.0224848281226549E+06
   4.4000000000000000E+04   1.8991872890693132E+03   3.7148816928543388E+03   3.8857067999756750E+03   9.3749564459569417E+00   5.0229540707438169E+06
   4.4100000000000000E+04   1.8991617330605732E+03   3.7163007486421884E+03   3.8840485564647793E+03   9.3831237519463464E+00   5.0233952204567911E+06
   4.4200000000000000E+04   1.8972002213057115E+03   3.7176943591888662E+03   3.8743385184428480E+03   9.3912865679467075E+00   5.0238081325539807E+06
   4.4300000000000000E+04   1.8971679495536837E+03   3.7190626135285543E+03   3.8727191710283487E+03   9.3994448787038731E+00   5.0241932527758395E+06
   4.4400000000000000E+04   1.8958164583073308E+03   3.7204056009340466E+03   3.8656407653920396E+03   9.4075986692410556E+00   5.0245507283447897E+06
   4.4500000000000000E+04   1.8967407794817748E+03   3.7217234109277556E+03   3.8680612307337606E+03   9.4157479249697342E+00   5.0248806042852029E+06
   4.4600000000000000E+04   1.8939985220595859E+03   3.7230161332676776E+03   3.8552865816067429E+03   9.4238926316342155E+00   5.0251832216111328E+06
   4.4700000000000000E+04   1.8949267148150698E+03   3.7242838579416980E+03   3.8577732087384711E+03   9.4320327753116189E+00   5.0254587203997010E+06
   4.4800000000000000E+04   1.8941264679443616E+03   3.7255266751619306E+03   3.8531275985700745E+03   9.4401683424118925E+00   5.0257071381601514E+06
   4.4900000000000000E+04   1.8929742702052952E+03   3.7267446753757185E+03   3.8470638211958676E+03   9.4482993197887293E+00   5.0259288099944750E+06
   4.5000000000000000E+04   1.8904329473113796E+03   3.7279379492266239E+03   3.8353183895580455E+03   9.4564256945177103E+00   5.0261238690909380E+06
   4.5100000000000000E+04   1.8910822344703415E+03   3.7291065875738059E+03   3.8367539615565565E+03   9.4645474540627035E+00   5.0262925468100337E+06
   4.5200000000000000E+04   1.8887538365003761E+03   3.7302506814614094E+03   3.8259773862753832E+03   9.4726645861094365E+00   5.0264348711981159E+06
   4.5300000000000000E+04   1.8909597946963288E+03   3.7313703221546039E+03   3.8338572579575798E+03   9.4807770788428893E+00   5.0265511701355707E+06
   4.5400000000000000E+04   1.8893941071890579E+03   3.7324656010840304E+03   3.8262750714410950E+03   9.4888849206144386E+00   5.0266414671007162E+06
   4.5500000000000000E+04   1.8875722835415295E+03   3.7335366098735471E+03   3.8176903658740430E+03   9.4969881001637493E+00   5.0267059851362491E+06
   4.5600000000000000E+04   1.8919737816342838E+03   3.7345834403180384E+03   3.8346341674202504E+03   9.5050866065078434E+00   5.0267448441868396E+06
   4.5700000000000000E+04   1.8920908220140284E+03   3.7356061843945176E+03   3.8340370361898290E+03   9.5131804290520012E+00   5.0267583651251011E+06
   4.5800000000000000E+04   1.8945416905307566E+03   3.7366049342234155E+03   3.8430568837246310E+03   9.5212695573679547E+00   5.0267464607164161E+06
   4.5900000000000000E+04   1.9001005155897517E+03   3.7375797821046167E+03   3.8649564109121684E+03   9.5293539814711590E+00   5.0267095499269404E+06
   4.6000000000000000E+04   1.8935126167403087E+03   3.7385308204705357E+03   3.8367942724474706E+03   9.5374336915434892E+00   5.0266475408395082E+06
   4.6100000000000000E+04   1.8931923956818998E+03   3.7394581419221558E+03   3.8345041783256529E+03   9.5455086782105862E+00   5.0265608494392112E+06
   4.6200000000000000E+04   1.8921407406811938E+03   3.7403618391739324E+03   3.8292447946633170E+03   9.5535789322090121E+00   5.0264494816647265E+06
   4.6300000000000000E+04   1.8914678363710284E+03   3.7412420050981318E+03   3.8255691101973412E+03   9.5616444447191054E+00   5.0263135432147030E+06
   4.6400000000000000E+04   1.8907617646664578E+03   3.7420987326781205E+03   3.8217878892968920E+03   9.5697052070875941E+00   5.0261533431954263E+06
   4.6500000000000000E+04   1.8899478979242390E+03   3.7429321150361566E+03   3.8175968351804113E+03   9.5777612110495181E+00   5.0259688810275728E+06
   4.6600000000000000E+04   1.8878061081780509E+03   3.7437422454033167E+03   3.8080294556270997E+03   9.5858124485617697E+00   5.0257604626726052E+06
   4.6700000000000000E+04   1.8876282695975422E+03   3.7445292171143155E+03   3.8064923258353201E+03   9.5938589118031263E+00   5.0255281867130632E+06
   4.6800000000000000E+04   1.8823173177733011E+03   3.7452931236188074E+03   3.7841769520594466E+03   9.6019005932852028E+00   5.0252720462339707E+06
   4.6900000000000000E+04   1.8807435039380216E+03   3.7460340584761889E+03   3.7770679768193268E+03   9.6099374858524076E+00   5.0249925495355632E+06
   4.7000000000000000E+04   1.8773531233807842E+03   3.7467521153093421E+03   3.7626942223569836E+03   9.6179695824046352E+00   5.0246893753954321E+06
   4.7100000000000000E+04   1.8795095895124105E+03   3.7474473878571780E+03   3.7706626569215105E+03   9.6259968762855248E+00   5.0243629253773205E+06
   4.7200000000000000E+04   1.8710188710164757E+03   3.7481199699448498E+03   3.7359752219015199E+03   9.6340193611160725E+00   5.0240134968712674E+06
   4.7300000000000000E+04   1.8709292004975450E+03   3.7487699554459391E+03   3.7349722851150045E+03   9.6420370305727356E+00   5.0236408653496262E+06
   4.7400000000000000E+04   1.8703865987024571E+03   3.7493974383431500E+03   3.7321885398103145E+03   9.6500498788312097E+00   5.0232455331173455E+06
   4.7500000000000000E+04   1.8754503571005544E+03   3.7500025126495684E+03   3.7517993461306610E+03   9.6580579000671740E+00   5.0228273757456569E+06
   4.7600000000000000E+04   1.8736770950782607E+03   3.7505852724775054E+03   3.7441286701177460E+03   9.6660610889555567E+00   5.0223867890917268E+06
   4.7700000000000000E+04   1.8749347439763553E+03   3.7511458119599829E+03   3.7485940321862231E+03   9.6740594401712645E+00   5.0219236446863851E+06
   4.7800000000000000E+04   1.8657527181362273E+03   3.7516842253032019E+03   3.7115425530289531E+03   9.6820529487775051E+00   5.0214381258614045E+06
   4.7900000000000000E+04   1.8723229477431194E+03   3.7522006067572111E+03   3.7371215445220214E+03   9.6900416100593585E+00   5.0209306250204677E+06
   4.8000000000000000E+04   1.8638254936453156E+03   3.7526950506112030E+03   3.7029389771313240E+03   9.6980254195237805E+00   5.0204010079364767E+06
   4.8100000000000000E+04   1.8615373247453679E+03   3.7531676511807018E+03   3.6934603823283660E+03   9.7060043728441485E+00   5.0198495591115877E+06
   4.8200000000000000E+04   1.8619969505551078E+03   3.7536185028192176E+03   3.6948332489821246E+03   9.7139784659711790E+00   5.0192762455720995E+06
   4.8300000000000000E+04   1.8652645602093276E+03   3.7540476999136067E+03   3.7073033874500379E+03   9.7219476951329291E+00   5.0186814549772497E+06
   4.8400000000000000E+04   1.8625666974469423E+03   3.7544553368632769E+03   3.6962659068827970E+03   9.7299120567238759E+00   5.0180651512299515E+06
   4.8500000000000000E+04   1.8628523516715727E+03   3.7548415080757036E+03   3.6970166080480335E+03   9.7378715473049056E+00   5.0174274019124862E+06
   4.8600000000000000E+04   1.8622037124949611E+03   3.7552063079862783E+03   3.6941096354395454E+03   9.7458261637697223E+00   5.0167684852494793E+06
   4.8700000000000000E+04   1.8626493462512919E+03   3.7555498310214721E+03   3.6955310085493484E+03   9.7537759031229587E+00   5.0160884661038537E+06
   4.8800000000000000E+04   1.8598250875737092E+03   3.7558721716268160E+03   3.6841201620264446E+03   9.7617207627020761E+00   5.0153875140989153E+06
   4.8900000000000000E+04   1.8604533765770432E+03   3.7561734242221714E+03   3.6862961589628435E+03   9.7696607399000026E+00   5.0146656910155108E+06
   4.9000000000000000E+04   1.8577481132204805E+03   3.7564536832297567E+03   3.6754222732838516E+03   9.7775958323870107E+00   5.0139231636461923E+06
   4.9100000000000000E+04   1.8584039083203759E+03   3.7567130430618140E+03   3.6777414562750505E+03   9.7855260380552540E+00   5.0131600977346180E+06
   4.9200000000000000E+04   1.8574212911079128E+03   3.7569515981163800E+03   3.6736670440353014E+03   9.7934513550187727E+00   5.0123765506993504E+06
   4.9300000000000000E+04   1.8562113868308722E+03   3.7571694427650950E+03   3.6687293968125778E+03   9.8013717815580002E+00   5.0115726855250616E+06
   4.9400000000000000E+04   1.8550901961799636E+03   3.7573666713411103E+03   3.6641645767436457E+03   9.8092873160643226E+00   5.0107486640960770E+06
   4.9500000000000000E+04   1.8540368419451831E+03   3.7575433781750926E+03   3.6598896435322463E+03   9.8171979573174024E+00   5.0099045396369835E+06
   4.9600000000000000E+04   1.8500020752564831E+03   3.7576996575271123E+03   3.6440535592341839E+03   9.8251037040414406E+00   5.0090403636636036E+06
   4.9700000000000000E+04   1.8508413755426450E+03   3.7578356036547066E+03   3.6471833607053227E+03   9.8330045554043988E+00   5.0081565096299639E+06
   4.9800000000000000E+04   1.8499052380559701E+03   3.7579513107369908E+03   3.6434412741006395E+03   9.8409005105187521E+00   5.0072528110653358E+06
   4.9900000000000000E+04   1.8484196861466601E+03   3.7580468729426193E+03   3.6375936986234633E+03   9.8487915689407561E+00   5.0063296394298207E+06
   5.0000000000000000E+04   1.8476512215663433E+03   3.7581223843462340E+03   3.6345481415848703E+03   9.8566777301157043E+00   5.0053868248523911E+06


