# Te	Ce
# K	J/(m^2K)
400	5.9416916707525E-10
500	5.45120865534884E-8
600	1.7153683934552E-7
700	2.16858231206947E-7
800	2.58088463691019E-7
900	2.96752250917179E-7
1000	3.35416038143338E-7
1100	3.74079825369497E-7
1200	4.12743612595656E-7
1300	4.51407399821815E-7
1400	4.90071187047974E-7
1500	5.28734974274133E-7
1600	5.64256817880974E-7
1700	6.08773760418488E-7
1800	6.5938375934473E-7
1900	7.19919179886734E-7
2000	7.73043837935241E-7
2100	8.25640582756294E-7
2200	8.7876861922011E-7
2300	9.3596268571744E-7
2400	1.00001875859433E-6
2500	1.06263901185775E-6
2600	1.12395062588583E-6
2700	1.18526223991391E-6
2800	1.246573853942E-6
2900	1.30788546797008E-6
3000	1.36919708199816E-6
3100	1.4274203012136E-6
3200	1.48334130883515E-6
3300	1.55833655119522E-6
3400	1.61750246694972E-6
3500	1.67804972293352E-6
3600	1.75552163359767E-6
3700	1.82186337013802E-6
3800	1.88213378113039E-6
3900	1.95040161943063E-6
4000	2.01754157780748E-6
4100	2.08270842975481E-6
4200	2.15260367639667E-6
4300	2.21764663372789E-6
4400	2.27439821162302E-6
4500	2.34783409582821E-6
4600	2.41213219697151E-6
4700	2.47643029811481E-6
4800	2.5345975718129E-6
4900	2.59920913066508E-6
5000	2.66462543275291E-6
5100	2.72765669919318E-6
5200	2.78790093516546E-6
5300	2.84463399123268E-6
5400	2.90263652850784E-6
5500	2.96173950059423E-6
5600	3.01396999102563E-6
5700	3.06829124056869E-6
5800	3.12097644454295E-6
5900	3.17127370152266E-6
6000	3.21452732344755E-6
6100	3.26830223796013E-6
6200	3.31298171958178E-6
6300	3.36110448809626E-6
6400	3.40947236637167E-6
6500	3.45599824050109E-6
6600	3.50252411463052E-6
6700	3.5394810942538E-6
6800	3.59068731520487E-6
6900	3.62870899854745E-6
7000	3.67169163143987E-6
7100	3.71037614396532E-6
7200	3.75011049994763E-6
7300	3.78461991311203E-6
7400	3.8206388387297E-6
7500	3.86013757237358E-6
7600	3.89561232864962E-6
7700	3.92926162856637E-6
7800	3.96591161086002E-6
7900	3.99869574450836E-6
8000	4.03367283298869E-6
8100	4.06666003690658E-6
8200	4.10252657006409E-6
8300	4.13593578491509E-6
8400	4.16986995176418E-6
8500	4.20047845280598E-6
8600	4.23633045580876E-6
8700	4.26949966873664E-6
8800	4.29996128345165E-6
8900	4.33335225442733E-6
9000	4.36880296100031E-6
9100	4.40217885131531E-6
9200	4.43236181765826E-6
9300	4.46747605783618E-6
9400	4.50229618996633E-6
9500	4.53571393011623E-6
9600	4.56787601242762E-6
9700	4.61029206071519E-6
9800	4.64806997266073E-6
9900	4.68428697893588E-6
10000	4.72779188842658E-6
10100	4.76889696400327E-6
10200	4.81000203957996E-6
10300	4.85102699646364E-6
10400	4.89333931845057E-6
10500	4.94667653325323E-6
10600	5.00292603438568E-6
10700	5.05358807031425E-6
10800	5.10647691164434E-6
10900	5.15863587207157E-6
11000	5.21079483249881E-6
11100	5.26295379292604E-6
11200	5.31169381813929E-6
11300	5.37467372296932E-6
11400	5.4453600600477E-6
11500	5.50887152580568E-6
11600	5.5712959512025E-6
11700	5.63230843663386E-6
11800	5.71314634250788E-6
11900	5.78419612803949E-6
12000	5.85342988113407E-6
12100	5.92814148060206E-6
12200	6.02880031212485E-6
12300	6.1149177443337E-6
12400	6.20103517654256E-6
12500	6.28715260875141E-6
12600	6.37327004096026E-6
12700	6.45788587551149E-6
12800	6.54816003077925E-6
12900	6.63220746052146E-6
13000	6.73930730169657E-6
13100	6.85114791314687E-6
13200	6.97080903292574E-6
13300	7.08238102983972E-6
13400	7.1939530267537E-6
13500	7.29275243822346E-6
13600	7.43123644029767E-6
13700	7.5435334772175E-6
13800	7.68731771668411E-6
13900	7.81500245222653E-6
14000	7.95358681342296E-6
14100	8.08443186652888E-6
14200	8.23043174356169E-6
14300	8.36956826328536E-6
14400	8.512591572236E-6
14500	8.65106150338834E-6
14600	8.80160896196467E-6
14700	8.95785848371096E-6
14800	9.13207198220741E-6
14900	9.2934880292339E-6
15000	9.46686788489441E-6
15100	9.63582905477224E-6
15200	9.80479022465006E-6
15300	9.9640062365942E-6
15400	1.01522448870294E-5
15500	1.03379605509639E-5
15600	1.05193547390024E-5
15700	1.06987325935946E-5
15800	1.09002064659035E-5
15900	1.10828612536539E-5
16000	1.13162084936042E-5
16100	1.15269281476852E-5
16200	1.17327033159019E-5
16300	1.19625171127046E-5
16400	1.21828136289217E-5
16500	1.24112338601782E-5
16600	1.26245803323614E-5
16700	1.28735050943355E-5
16800	1.31054380045867E-5
16900	1.33212090367722E-5
17000	1.35721299097009E-5
17100	1.37952529682062E-5
17200	1.40296454257718E-5
17300	1.42897120896834E-5
17400	1.45358273037213E-5
17500	1.47979035181238E-5
17600	1.50560662031034E-5
17700	1.53142288880829E-5
17800	1.55680237839164E-5
17900	1.58336181132389E-5
18000	1.61016260317084E-5
18100	1.6366728105013E-5
18200	1.66318301783177E-5
18300	1.68814427883439E-5
18400	1.71733028687814E-5
18500	1.74514184030657E-5
18600	1.77263295148029E-5
18700	1.79706553661888E-5
18800	1.82750010223893E-5
18900	1.85817781411679E-5
19000	1.8906036469932E-5
19100	1.92080699088213E-5
19200	1.95101033477107E-5
19300	1.98121367866E-5
19400	2.01138337074949E-5
19500	2.04197965487783E-5
19600	2.07253695964612E-5
19700	2.1027900341339E-5
19800	2.1313817048276E-5
19900	2.1639592225211E-5
20000	2.1960415552019E-5
20100	2.22762667905176E-5
20200	2.25739383737368E-5
20300	2.29168940488358E-5
20400	2.32797901987041E-5
20500	2.3620392503186E-5
20600	2.39588017844522E-5
20700	2.4306589530315E-5
20800	2.46518505189764E-5
20900	2.49728184829483E-5
21000	2.53584484793142E-5
21100	2.57116075899632E-5
21200	2.60769308206844E-5
21300	2.64196957215893E-5
21400	2.68098981919534E-5
21500	2.71771106402655E-5
21600	2.75242440641009E-5
21700	2.78944048514471E-5
21800	2.82832624334131E-5
21900	2.86419285372339E-5
22000	2.89986522202521E-5
22100	2.93512817911381E-5
22200	2.96898488192664E-5
22300	3.00512224896101E-5
22400	3.04000835177894E-5
22500	3.07014415164262E-5
22600	3.10911471294576E-5
22700	3.14086738374342E-5
22800	3.17696794117185E-5
22900	3.20953324814567E-5
23000	3.24458253761998E-5
23100	3.27922437562198E-5
23200	3.31354482477667E-5
23300	3.34786527393136E-5
23400	3.38218572308605E-5
23500	3.41650617224074E-5
23600	3.44706965516087E-5
23700	3.48453357583296E-5
23800	3.51952630996758E-5
23900	3.55339573771469E-5
24000	3.58907015087088E-5
24100	3.62406477223381E-5
24200	3.65597452273324E-5
24300	3.69179883179287E-5
24400	3.72121723859752E-5
24500	3.75481754216905E-5
24600	3.78612748559088E-5
24700	3.81743742901271E-5
24800	3.84874737243454E-5
24900	3.88005731585636E-5
25000	3.91052801935557E-5
