# Te	G
# K	W/(m^3K)
400	501561940544843
500	642130455194422
600	782698969844000
700	923267484493579
800	1.06383599914316E15
900	1.20440451379274E15
1000	1.34497302844231E15
1100	1.48554154309189E15
1200	1.62611005774147E15
1300	1.76667857239105E15
1400	1.90724708704063E15
1500	2.04781560169021E15
1600	2.18838411633979E15
1700	2.32895263098937E15
1800	2.46952114563894E15
1900	2.61008966028852E15
2000	1.75128518157966E15
2100	1.05103125838982E15
2200	1.92910568081607E15
2300	1.28637647467528E15
2400	4.52555838810144E15
2500	7.43695421606999E15
2600	1.1980930622697E16
2700	1.78281284190107E16
2800	2.30733976038208E16
2900	2.90121814035678E16
3000	3.71941359875852E16
3100	4.59389180724396E16
3200	5.46284410616829E16
3300	6.42580522554464E16
3400	7.61172371449953E16
3500	8.756399044653E16
3600	9.93510065035306E16
3700	1.12380953753203E17
3800	1.26130878774553E17
3900	1.40949638339531E17
4000	1.56286397101571E17
4100	1.72288981617416E17
4200	1.89708950425406E17
4300	2.08355693422988E17
4400	2.26190895228023E17
4500	2.44181568893606E17
4600	2.63190700690725E17
4700	2.8296983891743E17
4800	3.03804028063127E17
4900	3.24212450050086E17
5000	3.44935763164435E17
5100	3.66686189573686E17
5200	3.88112360211462E17
5300	4.10935231692974E17
5400	4.33692040045806E17
5500	4.55044144373836E17
5600	4.77526324821775E17
5700	5.01183218614489E17
5800	5.25005411090956E17
5900	5.48642307904748E17
6000	5.71033827485336E17
6100	5.9402560803842E17
6200	6.17637616631475E17
6300	6.41355093092145E17
6400	6.64886020405738E17
6500	6.88829971847777E17
6600	7.12351147085094E17
6700	7.36519315689758E17
6800	7.62346721436766E17
6900	7.85848906881792E17
7000	8.08989942737559E17
7100	8.33189762929232E17
7200	8.55889086710442E17
7300	8.79417998593727E17
7400	9.05414596570086E17
7500	9.29513428221626E17
7600	9.5410265046538E17
7700	9.77898756073143E17
7800	9.99273290327316E17
7900	1.02115943616655E18
8000	1.04249919735746E18
8100	1.06545832049524E18
8200	1.08829653422492E18
8300	1.10829750359805E18
8400	1.12834523602651E18
8500	1.15059296887451E18
8600	1.17183803704549E18
8700	1.19173346738202E18
8800	1.21194486397973E18
8900	1.23355762773268E18
9000	1.25485883691617E18
9100	1.27634128993423E18
9200	1.29695382661315E18
9300	1.31513130565433E18
9400	1.33498907126378E18
9500	1.35517886510575E18
9600	1.37292750324328E18
9700	1.39235178752383E18
9800	1.41154181539031E18
9900	1.43165926423683E18
10000	1.45108141230517E18
10100	1.4691503359046E18
10200	1.48764536013203E18
10300	1.50539460900462E18
10400	1.52329653875915E18
10500	1.54084740105635E18
10600	1.55769072902844E18
10700	1.57468138865507E18
10800	1.59089711751132E18
10900	1.6063712114821E18
11000	1.62292520630053E18
11100	1.63858961698002E18
11200	1.6542734910022E18
11300	1.6697786838259E18
11400	1.68347364760258E18
11500	1.69985556132295E18
11600	1.71443578360685E18
11700	1.73091122710586E18
11800	1.74583107484177E18
11900	1.76228691244385E18
12000	1.77800793154776E18
12100	1.79478365661597E18
12200	1.81083514118459E18
12300	1.82206542637562E18
12400	1.83933649420464E18
12500	1.85680173090085E18
12600	1.87209289588008E18
12700	1.8882171029467E18
12800	1.90338736122409E18
12900	1.91578882056612E18
13000	1.92940691799208E18
13100	1.94568375663173E18
13200	1.96019607094176E18
13300	1.97529178923819E18
13400	1.99076330437631E18
13500	2.00451035930297E18
13600	2.01554661660188E18
13700	2.0306567271581E18
13800	2.04546776067076E18
13900	2.06104498676828E18
14000	2.07468496526055E18
14100	2.09121482552312E18
14200	2.10300127123711E18
14300	2.11535758130227E18
14400	2.12959075849131E18
14500	2.14262673089551E18
14600	2.15257606874587E18
14700	2.1660824839367E18
14800	2.17884656930231E18
14900	2.19169976661214E18
15000	2.20480635616204E18
15100	2.21844813903022E18
15200	2.23166549275763E18
15300	2.24460216283373E18
15400	2.25565437202397E18
15500	2.2686558928023E18
15600	2.28117103841072E18
15700	2.29463667935963E18
15800	2.30527033093475E18
15900	2.32093522915315E18
16000	2.33229566296679E18
16100	2.34653813911247E18
16200	2.35947858255847E18
16300	2.36939112811098E18
16400	2.38304968903188E18
16500	2.39494117744054E18
16600	2.40891121361575E18
16700	2.42103407285044E18
16800	2.43182699903742E18
16900	2.44270580970423E18
17000	2.45516287193079E18
17100	2.46680723158687E18
17200	2.48000094796965E18
17300	2.48956239810745E18
17400	2.50317469195368E18
17500	2.51510442287201E18
17600	2.52801236983299E18
17700	2.53854237348798E18
17800	2.55122945136963E18
17900	2.56245825531829E18
18000	2.57524130481997E18
18100	2.58494812792033E18
18200	2.59648267429044E18
18300	2.60950112222183E18
18400	2.6237958699387E18
18500	2.63684903922662E18
18600	2.64824315811372E18
18700	2.66271422000632E18
18800	2.67604116908672E18
18900	2.68953309481653E18
19000	2.70047669206498E18
19100	2.71505864100234E18
19200	2.72561388710082E18
19300	2.73889395729891E18
19400	2.74794928120251E18
19500	2.76115276888042E18
19600	2.77439657932765E18
19700	2.78531206962584E18
19800	2.79961853787679E18
19900	2.8133881299937E18
20000	2.82868163534919E18
20100	2.84120093027229E18
20200	2.85606921600275E18
20300	2.87001109997145E18
20400	2.88087940872105E18
20500	2.89470022623091E18
20600	2.90889992684113E18
20700	2.92339513932824E18
20800	2.93288783760791E18
20900	2.94466390224732E18
21000	2.95930106783014E18
21100	2.97217978074479E18
21200	2.98204242394867E18
21300	2.99414873718119E18
21400	3.00883655342752E18
21500	3.02380100672957E18
21600	3.03458933084447E18
21700	3.04660146495634E18
21800	3.06155642542367E18
21900	3.07595371986942E18
22000	3.08848900612561E18
22100	3.09886821653348E18
22200	3.11452628220511E18
22300	3.12857195903141E18
22400	3.14365855285767E18
22500	3.1551567659294E18
22600	3.16715466246005E18
22700	3.18270541617652E18
22800	3.19634452012892E18
22900	3.20671950313638E18
23000	3.21976590970229E18
23100	3.23341513273444E18
23200	3.24857669055513E18
23300	3.26056008254657E18
23400	3.27544233036308E18
23500	3.28719449160044E18
23600	3.30354534888668E18
23700	3.31534591853636E18
23800	3.33317176461896E18
23900	3.34999641692813E18
24000	3.36293505264805E18
24100	3.37702912947214E18
24200	3.39224238543183E18
24300	3.40924090768888E18
24400	3.4278399592149E18
24500	3.44568217466325E18
24600	3.45786946095708E18
24700	3.47523322171331E18
24800	3.49298459797337E18
24900	3.50932319075704E18
25000	3.52779663932707E18
25100	3.54318656665322E18
25200	3.56084787068034E18
25300	3.57922422488267E18
25400	3.59992203841616E18
25500	3.62004613029394E18
25600	3.6373085494458E18
25700	3.65493287042364E18
25800	3.67290904977608E18
25900	3.69206152047613E18
26000	3.71208383246055E18
26100	3.72890209023788E18
26200	3.74796684935397E18
26300	3.76796528131078E18
26400	3.78624128530538E18
26500	3.80495914348306E18
26600	3.82454303842871E18
26700	3.84229122236282E18
26800	3.86490631441309E18
26900	3.88234316679134E18
27000	3.90196240490704E18
27100	3.92304667785466E18
27200	3.94440313784132E18
27300	3.96193868742127E18
27400	3.98249772615157E18
27500	4.00697537908547E18
27600	4.03154732991281E18
27700	4.05024964710076E18
27800	4.07055569193182E18
27900	4.09204659242226E18
28000	4.11335885430088E18
28100	4.13486810099466E18
28200	4.15734757676126E18
28300	4.17885350292076E18
28400	4.2018070536542E18
28500	4.22436694234066E18
28600	4.24393716109627E18
28700	4.26979588940312E18
28800	4.2951543505484E18
28900	4.31612731150509E18
29000	4.34301625791979E18
29100	4.37017527452447E18
29200	4.39575385294758E18
29300	4.42184608107307E18
29400	4.4484972177095E18
29500	4.4768784577243E18
29600	4.50573633749059E18
29700	4.53450591354747E18
29800	4.5658483634083E18
29900	4.59702857797111E18
30000	4.62553833571012E18
