# Te	G
# K	W/(m^3K)
400	22.1287879638882
500	22.1518813426209
600	22.1749747213536
700	22.1980681000863
800	22.221161478819
900	22.2442548575517
1000	22.2673492223002
1100	22.2776373959742
1200	22.3383429547607
1300	233428646356895
1400	549061908572769
1500	849023842665480
1600	1.19552345127279E15
1700	1.55433678786248E15
1800	1.91359359320162E15
1900	2.34555637498246E15
2000	2.83653315369706E15
2100	3.32897124282484E15
2200	3.82189466531768E15
2300	4.374953085648E15
2400	4.96367211879119E15
2500	5.58398965282585E15
2600	6.23312447041019E15
2700	6.92236712585741E15
2800	7.65522327897267E15
2900	8.38827177962617E15
3000	9.1589769927715E15
3100	9.98606916806396E15
3200	1.0861092367322E16
3300	1.17398600268174E16
3400	1.26443554256416E16
3500	1.36057713039438E16
3600	1.45374008403664E16
3700	1.55229642655044E16
3800	1.65446764989001E16
3900	1.75904773485672E16
4000	1.870327189721E16
4100	1.97236380324089E16
4200	2.08944027468499E16
4300	2.21706339300318E16
4400	2.32330265682336E16
4500	2.4429603793427E16
4600	2.56369563449401E16
4700	2.68713575686849E16
4800	2.81731776711474E16
4900	2.95044169430218E16
5000	3.0862181704634E16
5100	3.22388841945391E16
5200	3.36291205154264E16
5300	3.51122249408527E16
5400	3.66078426238453E16
5500	3.80694206619727E16
5600	3.96095249295197E16
5700	4.11891668179725E16
5800	4.28964508619608E16
5900	4.46412714395404E16
6000	4.6312920712763E16
6100	4.79559682004586E16
6200	4.95427606658395E16
6300	5.10340309563021E16
6400	5.25054324620386E16
6500	5.40893248411679E16
6600	5.57881756694032E16
6700	5.75445103320641E16
6800	5.92765980872983E16
6900	6.08869543719289E16
7000	6.2670514552748E16
7100	6.45504538259534E16
7200	6.62840173571109E16
7300	6.81263299514319E16
7400	7.00232967411239E16
7500	7.17899291398896E16
7600	7.36009113615498E16
7700	7.54331709788998E16
7800	7.73431864958173E16
7900	7.9160998107657E16
8000	8.09530247033831E16
8100	8.27841420405231E16
8200	8.46966541243878E16
8300	8.65807433577166E16
8400	8.84521557698375E16
8500	9.0414648427141E16
8600	9.23296733296409E16
8700	9.4049955277886E16
8800	9.59264204564224E16
8900	9.78404735446797E16
9000	9.98371521516555E16
9100	1.01807178845632E17
9200	1.03558109425764E17
9300	1.05403407400178E17
9400	1.07365755421414E17
9500	1.09099929246121E17
9600	1.10938192828195E17
9700	1.1300902963706E17
9800	1.14759201010992E17
9900	1.16581731945244E17
10000	1.18583680189276E17
10100	1.20369509240114E17
10200	1.22124029053232E17
10300	1.24089392027638E17
10400	1.25872139536358E17
10500	1.27588823062545E17
10600	1.29469100248931E17
10700	1.31310439092423E17
10800	1.3319638405211E17
10900	1.35045137476426E17
11000	1.36904619657255E17
11100	1.38613386142665E17
11200	1.40233486129835E17
11300	1.42025859216054E17
11400	1.437892840901E17
11500	1.45495875965729E17
11600	1.47244672049915E17
11700	1.49141423930279E17
11800	1.50817546833148E17
11900	1.52463298534998E17
12000	1.54242577089744E17
12100	1.55913912983911E17
12200	1.57595587991486E17
12300	1.59177655902593E17
12400	1.60936610477021E17
12500	1.62556354123969E17
12600	1.64085354229616E17
12700	1.65775337468788E17
12800	1.67273362613319E17
12900	1.68817956203167E17
13000	1.7039652087277E17
13100	1.7188305314437E17
13200	1.73434448285948E17
13300	1.7517060592904E17
13400	1.7675127331896E17
13500	1.78465876458266E17
13600	1.8000090600373E17
13700	1.81464460142876E17
13800	1.83091630556181E17
13900	1.84442990030942E17
14000	1.85921176191899E17
14100	1.87522760800971E17
14200	1.88760623682423E17
14300	1.90289864621582E17
14400	1.91805586578829E17
14500	1.93363544776221E17
14600	1.94815217874731E17
14700	1.96115965965642E17
14800	1.97537747980042E17
14900	1.99063817860348E17
15000	2.00505016888963E17
15100	2.01981666413292E17
15200	2.0336253576433E17
15300	2.04810853706237E17
15400	2.06165740952275E17
15500	2.0746443392004E17
15600	2.08992220350499E17
15700	2.10318396082662E17
15800	2.11645312967123E17
15900	2.12997923583746E17
16000	2.14366695319589E17
16100	2.15601096000956E17
16200	2.16897434446398E17
16300	2.18255899567368E17
16400	2.19528938658589E17
16500	2.2084017476767E17
16600	2.22022364688645E17
16700	2.23355043791399E17
16800	2.24676685084697E17
16900	2.25895691839888E17
17000	2.27030524863037E17
17100	2.28326032545293E17
17200	2.29495144254417E17
17300	2.30799162788568E17
17400	2.32141729474729E17
17500	2.33374474927812E17
17600	2.34550857331648E17
17700	2.35754826225644E17
17800	2.36971860476117E17
17900	2.38321294327673E17
18000	2.39535965765018E17
18100	2.40837656357164E17
18200	2.4206635392016E17
18300	2.43165078880053E17
18400	2.44454581699225E17
18500	2.45850880743354E17
18600	2.46940626531547E17
18700	2.48127067785874E17
18800	2.49413597045742E17
18900	2.50646482279456E17
19000	2.51905555815632E17
19100	2.52986483089167E17
19200	2.54252182588009E17
19300	2.55502743371353E17
19400	2.56688767362382E17
19500	2.57942230832816E17
19600	2.59218558254542E17
19700	2.60424911243771E17
19800	2.61444554998635E17
19900	2.62776066380063E17
20000	2.64006133964938E17
20100	2.65211959760617E17
20200	2.66489127989911E17
20300	2.67701769096403E17
20400	2.69033979071992E17
20500	2.70077255200742E17
20600	2.71345419664213E17
20700	2.72554501100849E17
20800	2.73624339588483E17
20900	2.75008921604004E17
21000	2.76277644892872E17
21100	2.77524400695967E17
21200	2.78786375611035E17
21300	2.80175108221068E17
21400	2.81404543444253E17
21500	2.82801838428841E17
21600	2.84094820503153E17
21700	2.8546031094757E17
21800	2.86887731958466E17
21900	2.88141735876521E17
22000	2.89497597355652E17
22100	2.9085164794489E17
22200	2.92209573167918E17
22300	2.93597681434729E17
22400	2.95090867629708E17
22500	2.96533518324242E17
22600	2.98001581877115E17
22700	2.99388308977977E17
22800	3.00867213756894E17
22900	3.0243272212331E17
23000	3.04115959619834E17
23100	3.05620928904432E17
23200	3.07352522293752E17
23300	3.09255123310165E17
23400	3.11069588011756E17
23500	3.12945935297634E17
23600	3.14730874603535E17
23700	3.16554419829368E17
23800	3.18448371605735E17
23900	3.2040040329219E17
24000	3.22399408733507E17
24100	3.24650073194567E17
24200	3.27037413616775E17
24300	3.29110103203716E17
24400	3.31599050048144E17
24500	3.33958631865982E17
24600	3.36698132665834E17
24700	3.39560331164516E17
24800	3.42499138838098E17
24900	3.45656200880367E17
25000	3.49040257114434E17
